6 0.7311581920903955 0.6493146417445483 0.17977401129943504 0.10058411214953271
6 0.693093220338983 0.7503971962616822 0.20634180790960452 0.1308644859813084
6 0.06026836158192091 0.36429906542056073 0.0836864406779661 0.049789719626168225
6 0.14490112994350282 0.48818535825545173 0.15320621468926554 0.07617601246105919
5 0.37382768361581925 0.36243769470404985 0.14700564971751412 0.0825233644859813
6 0.5509463276836158 0.3744003115264798 0.16471751412429378 0.08105919003115265
2 0.7249576271186441 0.37857476635514015 0.15320621468926554 0.08647196261682243
5 0.5314689265536723 0.46034267912772586 0.14700564971751412 0.09375389408099688
6 0.7057485875706215 0.46309190031152647 0.1806638418079096 0.08692367601246107
5 0.5111016949152543 0.5447897196261682 0.15940677966101696 0.09228971962616822
6 0.6944067796610169 0.5567834890965732 0.16295197740112996 0.100101246105919
5 0.5261440677966102 0.6461448598130841 0.17535310734463277 0.10791277258566978
6 0.5203954802259887 0.7464953271028038 0.18686440677966104 0.10547507788161994