6 0.6513723544973545 0.6020907738095238 0.24674272486772486 0.17241567460317458
6 0.3379596560846561 0.7377232142857143 0.23908068783068784 0.12873511904761903
5 0.6276157407407408 0.35209077380952386 0.21455687830687833 0.12298859126984127
2 0.8651653439153439 0.6072619047619048 0.19003637566137566 0.13678323412698412
2 0.874239417989418 0.7497916666666666 0.2053637566137566 0.15976934523809525
6 0.6506051587301588 0.7865749007936508 0.23294973544973546 0.19195188492063492
2 0.8000297619047619 0.22622767857142856 0.20382936507936508 0.1310342261904762
6 0.32416666666666666 0.2256547619047619 0.19923280423280423 0.13448412698412698
5 0.6544378306878307 0.4566319444444445 0.20076388888888888 0.1345982142857143
5 0.3256977513227513 0.6066889880952381 0.2482771164021164 0.15402281746031746
5 0.3448578042328042 0.44743551587301583 0.1977017195767196 0.19206845238095238
2 0.8230191798941798 0.34864087301587304 0.19157076719576718 0.118390376984127
2 0.8345138888888889 0.4664583333333333 0.19616732804232806 0.14023065476190474
5 0.34562169312169316 0.34864087301587304 0.20229828042328044 0.12298859126984127
2 0.60692791005291 0.2296279761904762 0.20383267195767196 0.11734126984126984