6 0.7006920903954802 0.5617628705148205 0.16233050847457628 0.09903276131045241
5 0.5329661016949152 0.6527067082683308 0.17330508474576273 0.10742589703588143
6 0.738545197740113 0.6562792511700468 0.17949152542372881 0.10010140405616226
5 0.518728813559322 0.556786271450858 0.15915254237288137 0.09141185647425897
5 0.3837994350282486 0.3715990639625585 0.14668079096045197 0.08269110764430578
6 0.6929943502824859 0.7562246489859594 0.21574858757062146 0.1298907956318253
6 0.5250141242937852 0.752566302652106 0.18744350282485878 0.10694227769110765
5 0.36394067796610174 0.45556162246489856 0.18944915254237288 0.08522620904836194
6 0.3471186440677966 0.5627145085803432 0.17111581920903957 0.10041341653666146
6 0.5571045197740113 0.381591263650546 0.16268361581920904 0.08203588143525742
2 0.7317372881355932 0.385990639625585 0.1547316384180791 0.08594383775351015
5 0.5378248587570621 0.46712948517940717 0.148545197740113 0.09258970358814353
6 0.7187429378531074 0.47298751950078005 0.17718926553672318 0.0867238689547582
3 0.18305084745762712 0.2619266770670827 0.36610169491525424 0.28282371294851794
3 0.14420903954802258 0.5277457098283932 0.28841807909604517 0.1646021840873635