6 0.7009180790960452 0.5623478939157566 0.1655225988700565 0.10137285491419658
5 0.532725988700565 0.6525897035881435 0.17507062146892655 0.10840873634945397
6 0.69 0.7571996879875195 0.22282485875706212 0.1298907956318253
6 0.5579519774011299 0.38123244929797195 0.16176553672316385 0.08012480499219969
6 0.5255367231638418 0.7523166926677067 0.18745762711864405 0.10546801872074883
5 0.3828531073446328 0.3714040561622465 0.14768361581920905 0.08297191887675508
6 0.7396327683615819 0.6566926677067083 0.1814406779661017 0.1002028081123245
2 0.7324435028248588 0.3847581903276131 0.15546610169491523 0.08585803432137284
5 0.36350282485875707 0.4554134165366615 0.18673728813559323 0.08437597503900156
5 0.5194774011299436 0.556201248049922 0.15915254237288137 0.09375195007800312
6 0.34918079096045196 0.5632293291731669 0.1687005649717514 0.10078783151326054
6 0.7118785310734463 0.4698673946957878 0.18887005649717514 0.08789391575663028
5 0.5375141242937853 0.46801092043681747 0.1506638418079096 0.09317472698907957