5 0.6530753968253967 0.34594246031746034 0.1207688492063492 0.2039153439153439
6 0.7730505952380953 0.32926256613756616 0.13817212301587303 0.19969907407407406
6 0.21203373015873014 0.6575694444444444 0.19038194444444445 0.2334490740740741
6 0.3947668650793651 0.6515906084656085 0.16875992063492065 0.24681216931216932
5 0.5303025793650793 0.6505357142857143 0.12973214285714288 0.1996957671957672
5 0.6492261904761905 0.6294411375661376 0.11971478174603174 0.21657407407407406
2 0.7697296626984127 0.6118551587301587 0.11707837301587301 0.2039318783068783
2 0.24575892857142856 0.873561507936508 0.16032242063492064 0.21094907407407407
2 0.3966641865079365 0.865218253968254 0.135359623015873 0.18868386243386245
2 0.5251438492063493 0.8377182539682541 0.135359623015873 0.1998148148148148
2 0.6527678571428571 0.8280489417989418 0.12041666666666666 0.19102513227513226
2 0.7738392857142857 0.8037334656084656 0.1349107142857143 0.20333002645502646
6 0.23592261904761905 0.339103835978836 0.18088789682539683 0.24048280423280424
5 0.39176339285714284 0.3306646825396825 0.15188244047619048 0.24329695767195766
5 0.5272966269841269 0.3440310846560846 0.13816964285714287 0.19408068783068783