2 0.10052910052910052 0.24739583333333334 0.20105820105820105 0.16220238095238096
6 0.32030753968253967 0.20509920634920636 0.2320436507936508 0.19178571428571428
6 0.6386838624338624 0.2264012896825397 0.23673280423280424 0.18223710317460318
2 0.11101190476190476 0.3892385912698413 0.19219907407407408 0.13640625
6 0.32948743386243384 0.39004464285714285 0.24958002645502647 0.17395833333333333
5 0.6379794973544973 0.3828224206349206 0.22064484126984127 0.15395337301587303
6 0.8229001322751323 0.3627604166666667 0.1835681216931217 0.17531498015873015
6 0.8305654761904763 0.7607415674603174 0.18009920634920634 0.12970734126984126
2 0.14066137566137565 0.5333035714285714 0.20183201058201058 0.14307291666666666
5 0.32556878306878306 0.534766865079365 0.1914186507936508 0.13819196428571429
5 0.6390608465608466 0.5193849206349206 0.19076719576719575 0.1386780753968254
6 0.8220105820105821 0.49960813492063494 0.21159722222222221 0.14698164682539683
2 0.15699074074074074 0.6543353174603175 0.1969642857142857 0.12363839285714286
5 0.35655753968253967 0.6440823412698413 0.2195436507936508 0.12305307539682539
5 0.632744708994709 0.6443675595238095 0.19688822751322752 0.12128472222222222
6 0.8143948412698413 0.6336507936507937 0.18985449735449736 0.13383928571428572
2 0.1799537037037037 0.7782291666666667 0.20943121693121694 0.1395734126984127
2 0.3769212962962963 0.7713392857142857 0.20647486772486773 0.11981646825396826
6 0.661957671957672 0.7682316468253969 0.2008234126984127 0.14129216269841272