6 0.18164021164021163 0.37099950396825393 0.18390542328042328 0.13115079365079363
6 0.36708002645502646 0.7762301587301588 0.23908068783068784 0.18735863095238095
5 0.3563525132275132 0.4796775793650794 0.18697420634920633 0.13908234126984126
6 0.3371924603174603 0.2365749007936508 0.20076388888888888 0.13563244047619047
5 0.6666964285714285 0.4670337301587301 0.19157076719576718 0.13908234126984126
2 0.8865310846560847 0.6084796626984127 0.19616732804232806 0.13218501984126985
6 0.6636309523809524 0.6095039682539682 0.24980820105820103 0.17597718253968253
2 0.6161210317460317 0.2348487103174603 0.20689814814814814 0.12298859126984127
2 0.8360449735449735 0.34921874999999997 0.2023015873015873 0.12183779761904762
6 0.6735945767195768 0.7928373015873016 0.23601521164021166 0.19092013888888887
2 0.8490740740740741 0.47048115079365077 0.20076388888888888 0.13907986111111112
6 0.17474206349206348 0.49691964285714285 0.20689814814814814 0.13448164682539682
6 0.16938161375661376 0.7854464285714285 0.23294312169312167 0.1712624007936508
5 0.3632473544973545 0.3595064484126984 0.18850529100529098 0.12425347222222223
2 0.8956349206349207 0.756688988095238 0.2080687830687831 0.16206845238095238
2 0.1663128306878307 0.24806795634920636 0.17164682539682538 0.12873511904761903
6 0.17091269841269843 0.6296775793650794 0.19003637566137566 0.16321924603174603
5 0.35788359788359786 0.6158829365079365 0.22068783068783068 0.15172371031746032
2 0.8107572751322751 0.2273784722222222 0.20996031746031746 0.14252976190476188
5 0.6360449735449736 0.3595634920634921 0.21609126984126986 0.12183779761904762