6 0.31487103174603176 0.21941716269841272 0.20625992063492063 0.1420386904761905
2 0.5965112433862434 0.22047371031746033 0.20625992063492063 0.11882688492063492
2 0.7905291005291005 0.2205233134920635 0.20300925925925925 0.1308779761904762
2 0.814265873015873 0.3397222222222222 0.18990079365079365 0.12038194444444444
2 0.8248908730158729 0.46112103174603175 0.19758597883597884 0.1359796626984127
2 0.8547354497354497 0.6006622023809524 0.18583333333333335 0.13428571428571429
2 0.8676190476190475 0.7430853174603175 0.20798280423280424 0.15870039682539683
5 0.3340972222222222 0.34073908730158725 0.2061739417989418 0.1264856150793651
5 0.3320403439153439 0.4648759920634921 0.19622685185185185 0.1393700396825397
5 0.31709656084656085 0.6018824404761904 0.24505952380952378 0.1502232142857143
5 0.6388392857142857 0.4633258928571429 0.2007506613756614 0.13021577380952382
5 0.6153273809523809 0.3436235119047619 0.21793320105820105 0.12275545634920634
6 0.6447156084656084 0.7829290674603174 0.2305919312169312 0.18888144841269844
6 0.6386111111111111 0.598797123015873 0.24550925925925923 0.17124503968253968