2 0.349280753968254 0.17085978835978835 0.1108705357142857 0.18106150793650794
2 0.46573908730158725 0.16168981481481481 0.13407738095238095 0.18793650793650796
2 0.6000843253968254 0.13533068783068783 0.1254811507936508 0.1787665343915344
2 0.7368998015873015 0.12387566137566139 0.153844246031746 0.19939484126984128
6 0.7691294642857143 0.3381679894179894 0.18392361111111113 0.2246064814814815
6 0.594657738095238 0.341603835978836 0.1667361111111111 0.23377314814814812
5 0.4593328373015873 0.33304232804232803 0.12533978174603175 0.18462632275132274
5 0.3570089285714286 0.3479828042328042 0.11459573412698414 0.2069080687830688
2 0.23113839285714285 0.37632275132275134 0.11101438492063492 0.1949702380952381
5 0.4446453373015873 0.631464947089947 0.18442708333333332 0.18621693121693123
5 0.35034226190476186 0.622797619047619 0.11638640873015872 0.19417328042328041
6 0.23342757936507935 0.6441964285714286 0.1319047619047619 0.18940145502645503
2 0.23489087301587303 0.19125992063492064 0.12995039682539683 0.19306878306878308