6 0.2640128968253968 0.338260582010582 0.12656994047619047 0.23289021164021165
6 0.3921626984126984 0.329401455026455 0.15251488095238097 0.24554563492063491
5 0.5266418650793651 0.3403703703703704 0.13796130952380953 0.19491732804232803
5 0.6513144841269841 0.34712301587301586 0.1227703373015873 0.2033564814814815
6 0.770922619047619 0.3256051587301587 0.1404935515873016 0.2008234126984127
6 0.2124330357142857 0.6529960317460318 0.19048859126984125 0.2312003968253968
6 0.3956423611111111 0.6479398148148148 0.16960317460317462 0.24468915343915346
5 0.5304389880952382 0.6479365079365079 0.12910218253968253 0.2008234126984127
5 0.6490997023809524 0.6255720899470899 0.11960813492063492 0.21685515873015873
2 0.7690228174603174 0.6061541005291006 0.11517857142857142 0.20000661375661377
2 0.7734548611111112 0.7981316137566138 0.13416418650793652 0.20250992063492063
2 0.653529265873016 0.8230224867724868 0.11960813492063492 0.1915410052910053
2 0.5323363095238095 0.8335714285714285 0.13542906746031744 0.19745039682539683
2 0.39247767857142857 0.8618353174603175 0.13416418650793652 0.1864781746031746
2 0.250719246031746 0.8775793650793652 0.1594766865079365 0.20952380952380953