5 0.35273809523809524 0.35830357142857144 0.11578621031746032 0.2071362433862434
5 0.4562921626984127 0.3324834656084656 0.13309771825396824 0.18144179894179893
6 0.5929687499999999 0.34123677248677253 0.1629389880952381 0.23237103174603177
6 0.7693377976190475 0.33726190476190476 0.18024801587301587 0.22441468253968253
5 0.44345982142857143 0.6313062169312169 0.18144097222222225 0.18223544973544975
5 0.34915426587301585 0.6228869047619048 0.11817708333333334 0.19258267195767195
6 0.23426339285714284 0.6444378306878307 0.1307093253968254 0.1909887566137566
2 0.23489087301587303 0.191901455026455 0.12995039682539683 0.19636904761904764
2 0.34998759920634925 0.17044973544973546 0.11262152777777777 0.18317129629629628
2 0.46012896825396826 0.16220238095238096 0.13490079365079363 0.18976851851851853
2 0.5993700396825397 0.134973544973545 0.12871279761904764 0.17821759259259257
2 0.7361284722222222 0.12177248677248678 0.15470238095238095 0.20131944444444444
2 0.23754464285714286 0.37490079365079365 0.11220734126984128 0.19258267195767195