2 0.4631547619047619 0.17213624338624336 0.13620535714285714 0.19999999999999998
6 0.599751984126984 0.3612169312169312 0.16818204365079364 0.24482804232804234
2 0.7437574404761904 0.12960978835978837 0.15948412698412698 0.2114914021164021
5 0.4687152777777778 0.6686871693121693 0.13887896825396825 0.20229828042328044
5 0.6036284722222222 0.6824801587301588 0.1500843253968254 0.2459755291005291
6 0.21957837301587302 0.6847817460317461 0.14232886904761904 0.20459656084656086
2 0.6015178571428572 0.14397486772486773 0.13707093253968253 0.18735780423280424
2 0.22086805555555555 0.4014484126984127 0.12077628968253969 0.20574735449735448
5 0.34630208333333334 0.381332671957672 0.12681051587301587 0.22068783068783068
2 0.21660218253968255 0.20604497354497356 0.1379315476190476 0.2034457671957672
6 0.7738814484126985 0.35259920634920633 0.19146329365079365 0.23678240740740739
2 0.3398784722222222 0.1859292328042328 0.1224156746031746 0.19310515873015874
5 0.45313988095238095 0.35151785714285716 0.1285342261904762 0.18965608465608466
5 0.34198908730158734 0.6646660052910053 0.12508680555555557 0.2080456349206349