6 0.16956679894179894 0.24578125 0.17839616402116404 0.12743551587301588
6 0.3365707671957672 0.23895089285714285 0.19727513227513227 0.13916666666666666
2 0.6168584656084657 0.23601934523809523 0.2044378306878307 0.11670386904761905
2 0.8112070105820106 0.22894097222222223 0.20508928571428572 0.13672619047619047
6 0.18424603174603174 0.36957341269841265 0.19272156084656084 0.13086805555555556
5 0.36228835978835977 0.3585863095238095 0.19271825396825396 0.12256448412698413
5 0.6357407407407407 0.3590749007936508 0.2187632275132275 0.12158978174603174
2 0.8372519841269841 0.35101190476190475 0.19206679894179893 0.12109126984126985
6 0.17458333333333334 0.49921875 0.20834325396825396 0.14112103174603174
5 0.35688492063492067 0.4826165674603175 0.19011574074074072 0.13721230158730158
5 0.66942791005291 0.471609623015873 0.18816137566137567 0.12256448412698413
2 0.8500760582010582 0.471875 0.2024867724867725 0.13526041666666666
6 0.17555886243386243 0.6305729166666666 0.1881580687830688 0.16553571428571429
5 0.3594907407407407 0.6173883928571429 0.2200628306878307 0.15088789682539683
6 0.6648445767195768 0.6090873015873016 0.2500132275132275 0.17432539682539683
2 0.8823048941798942 0.6122619047619048 0.1888128306878307 0.13574900793650793
6 0.1657936507936508 0.7858556547619048 0.2337367724867725 0.1635813492063492
6 0.3652876984126984 0.7761954365079364 0.24413690476190475 0.18816468253968252
6 0.6724636243386243 0.794109623015873 0.2298313492063492 0.18995287698412697
2 0.8958002645502646 0.7555332341269841 0.20773478835978837 0.1596750992063492