2 0.35072668650793654 0.1619246031746032 0.12120287698412699 0.19319444444444445
2 0.22861359126984127 0.1886574074074074 0.13760664682539683 0.20534722222222224
5 0.4701066468253968 0.33689484126984126 0.13942956349206348 0.19805555555555554
2 0.23635912698412698 0.3818518518518519 0.12029017857142857 0.20534722222222224
5 0.35892857142857143 0.3624107142857143 0.11937996031746032 0.21992724867724867
2 0.47056051587301584 0.14916666666666667 0.13851934523809523 0.20169973544973546
2 0.6136359126984127 0.11635912698412698 0.13487103174603174 0.18955026455026455
2 0.7562003968253969 0.10367063492063493 0.16121031746031747 0.20734126984126985
6 0.6127256944444445 0.3344609788359788 0.16950148809523807 0.2515178571428571
6 0.7849454365079366 0.8286044973544973 0.16552579365079365 0.2348776455026455
6 0.6307589285714286 0.824702380952381 0.16480406746031745 0.18703373015873018
5 0.5000124007936508 0.8234788359788359 0.13990079365079366 0.21192460317460318
6 0.37091021825396825 0.8143253968253968 0.12909970238095236 0.18815145502645503
6 0.24484871031746033 0.830109126984127 0.12758184523809524 0.1771957671957672
6 0.7764409722222223 0.6331679894179895 0.18377728174603175 0.24301256613756614
5 0.616202876984127 0.6392427248677248 0.15036458333333333 0.21871031746031747
5 0.45672619047619045 0.6412665343915344 0.18985367063492065 0.19036044973544972
6 0.23801339285714285 0.6610119047619047 0.13973214285714286 0.19542328042328044
5 0.3587599206349206 0.636712962962963 0.12302579365079365 0.19542328042328044
6 0.7954414682539682 0.3271726190476191 0.18863839285714287 0.2296494708994709