6 0.3870362103174603 0.66489417989418 0.17086805555555556 0.25144841269841267
6 0.21465773809523808 0.1704728835978836 0.16701388888888888 0.23672949735449736
6 0.36718005952380955 0.17530092592592594 0.16297123015873016 0.18409060846560849
6 0.47495287698412697 0.18026785714285715 0.13880208333333333 0.20950396825396825
6 0.6283506944444445 0.18458664021164023 0.1291989087301587 0.1865079365079365
6 0.7533506944444445 0.16898148148148148 0.12538442460317462 0.17632275132275133
6 0.2231051587301587 0.3589384920634921 0.18494543650793652 0.242526455026455
5 0.38272073412698415 0.35842923280423283 0.1495436507936508 0.2185185185185185
5 0.516547619047619 0.3568022486772487 0.13580853174603175 0.18840608465608466
5 0.6399975198412698 0.36270502645502645 0.12146577380952381 0.19369378306878307
6 0.761158234126984 0.33604828042328044 0.13916914682539683 0.19898478835978836
6 0.20497767857142857 0.6724966931216931 0.1908060515873016 0.23145833333333332
5 0.5228819444444445 0.6616335978835979 0.12818204365079366 0.20006944444444444
5 0.6405059523809524 0.6365410052910053 0.11876984126984128 0.21770502645502646
2 0.7627108134920635 0.6167030423280424 0.11953373015873016 0.20379960317460316
2 0.24440724206349207 0.8959623015873015 0.15900545634920635 0.20741732804232804
2 0.38784970238095234 0.8807572751322751 0.1345907738095238 0.18921957671957673
2 0.5277777777777778 0.8494312169312169 0.13672619047619047 0.1998148148148148
2 0.6489409722222222 0.8357936507936509 0.12085565476190477 0.19125330687830688
2 0.7639384920634921 0.8035416666666666 0.13062251984126982 0.20346230158730158