2 0.6208177570093458 0.7187429378531074 0.08598130841121496 0.16403954802259887
6 0.6350545171339563 0.062104519774011296 0.053045171339563865 0.08201977401129944
6 0.5027336448598131 0.1355084745762712 0.07872274143302181 0.17213276836158192
5 0.6353426791277258 0.3724435028248588 0.08151869158878505 0.14783898305084747
6 0.25347352024922115 0.5218502824858757 0.10552180685358256 0.18429378531073445
5 0.3522352024922118 0.522725988700565 0.10775700934579441 0.1731497175141243
5 0.4485747663551402 0.5116666666666666 0.09100467289719626 0.1589689265536723
5 0.5376323987538941 0.5309039548022598 0.09268691588785047 0.1468220338983051
6 0.6236137071651091 0.5521892655367231 0.08039719626168225 0.1589689265536723
6 0.5312149532710281 0.710635593220339 0.08765576323987538 0.19238700564971753
6 0.44187694704049846 0.6964689265536723 0.09993769470404984 0.15593220338983052
6 0.3494704049844237 0.7309039548022599 0.10049844236760123 0.18024011299435028
6 0.24757788161993768 0.7045621468926554 0.12673676012461058 0.17820621468926554
3 0.6673909657320872 0.13337570621468928 0.20252336448598132 0.2034180790960452
3 0.47530373831775696 0.1230225988700565 0.11741433021806853 0.23919491525423728