6 0.16833802816901408 0.4012090483619345 0.18130985915492956 0.05655226209048362
5 0.42201408450704225 0.37253510140405616 0.11883098591549296 0.11390795631825273
6 0.5842816901408451 0.3986895475819033 0.15692957746478872 0.08016380655226209
5 0.5728591549295775 0.48475819032761314 0.1493098591549296 0.09028861154446177
5 0.562943661971831 0.5750468018720749 0.1630281690140845 0.09028861154446177
2 0.7559154929577465 0.39898595943837756 0.15540845070422535 0.08606084243369734
6 0.7564507042253522 0.4826443057722309 0.1752112676056338 0.08775351014040561
6 0.7434929577464788 0.5758814352574103 0.16759154929577463 0.10041341653666146
6 0.7892253521126761 0.6682761310452419 0.17676056338028168 0.09957098283931358
6 0.7569154929577464 0.7696021840873635 0.21371830985915494 0.12657566302652107
3 0.08028169014084507 0.0015600624024961 0.2323943661971831 0.00234009360374415 0.2633802816901408 0.0039001560062402497 0.271830985915493 0.0070202808112324495 0.2915492957746479 0.0405616224648986 0.32535211267605635 0.0811232449297972 0.38873239436619716 0.17238689547581904 0.4112676056338028 0.18330733229329174 0.4183098591549296 0.20358814352574103 0.44366197183098594 0.22776911076443057 0.523943661971831 0.2839313572542902 0.5535211267605634 0.3377535101404056 0.5507042253521127 0.3455538221528861 0.528169014084507 0.35725429017160687 0.4887323943661972 0.36349453978159124 0.4591549295774648 0.358814352574103 0.44366197183098594 0.37285491419656785 0.4295774647887324 0.37597503900156004 0.4056338028169014 0.3736349453978159 0.3873239436619718 0.31513260530421217 0.35070422535211265 0.2800312012480499 0.30985915492957744 0.22152886115444617 0.3028169014084507 0.20202808112324494 0.2633802816901408 0.16770670826833073 0.1 0.057722308892355696 0.06619718309859154 0.030421216848673948 0.04366197183098591 0.0062402496099844
3 0.01267605633802817 0.38533541341653665 0.2 0.4282371294851794 0.24788732394366197 0.4251170046801872 0.2774647887323944 0.4110764430577223 0.31408450704225355 0.40249609984399376 0.3676056338028169 0.40093603744149764 0.3957746478873239 0.4040561622464899 0.43661971830985913 0.3954758190327613 0.4507042253521127 0.3954758190327613 0.4647887323943662 0.40093603744149764 0.45774647887323944 0.4141965678627145 0.43661971830985913 0.42589703588143524 0.4098591549295775 0.43369734789391573 0.4084507042253521 0.4407176287051482 0.4323943661971831 0.4453978159126365 0.49295774647887325 0.4407176287051482 0.5014084507042254 0.44617784711388453 0.5014084507042254 0.4578783151326053 0.4098591549295775 0.5015600624024961 0.39154929577464787 0.5046801872074883 0.2577464788732394 0.5023400936037441 0.17887323943661973 0.49453978159126366 0.11549295774647887 0.4836193447737909 0.011267605633802818 0.48049921996879874 0.007042253521126761 0.4789391575663027 0.007042253521126761 0.39001560062402496