2 0.10003306878306878 0.24404761904761904 0.20006613756613756 0.16046626984126985
6 0.3238921957671958 0.20428571428571426 0.23491402116402116 0.19271825396825396
6 0.6386706349206349 0.22508184523809524 0.2363425925925926 0.18116319444444445
2 0.10973214285714285 0.3891914682539683 0.19501322751322753 0.13689732142857144
6 0.3274867724867725 0.38986359126984127 0.24959325396825396 0.17497767857142857
5 0.638095238095238 0.3833506944444445 0.22191137566137564 0.15218998015873017
6 0.8247387566137567 0.3642261904761905 0.18610119047619048 0.1757911706349206
2 0.14137896825396826 0.5333010912698413 0.20183531746031746 0.1428298611111111
6 0.8307076719576719 0.7609771825396826 0.17741732804232804 0.1285887896825397
6 0.6619675925925926 0.7685044642857143 0.20128968253968255 0.14038690476190474
2 0.17989748677248676 0.7778670634920635 0.2061739417989418 0.1403968253968254
2 0.37711970899470904 0.7715550595238095 0.20563161375661376 0.12044890873015872
5 0.3247718253968254 0.5347271825396825 0.19099867724867725 0.13916666666666666
5 0.6391798941798942 0.5190600198412698 0.19152777777777777 0.1355059523809524
6 0.8225661375661376 0.5017658730158729 0.21214285714285713 0.14486607142857144
2 0.15440145502645503 0.6541592261904763 0.19424272486772487 0.12167162698412698
5 0.35623015873015873 0.6458159722222222 0.22136574074074072 0.12207589285714285
5 0.6342989417989418 0.6456125992063493 0.1969510582010582 0.12492559523809524
6 0.8130720899470899 0.6342212301587301 0.19207010582010584 0.13143601190476192