5 0.5005605158730159 0.8231878306878307 0.13770089285714288 0.21094907407407407
2 0.22906746031746034 0.18926587301587303 0.1385168650793651 0.20413029100529098
2 0.35320684523809526 0.16374669312169313 0.12120287698412699 0.19441137566137565
2 0.4701066468253968 0.14916997354497355 0.13760664682539683 0.19926587301587304
2 0.6118154761904763 0.11591931216931217 0.1366939484126984 0.18955026455026455
2 0.7555803571428571 0.10300925925925926 0.15947420634920634 0.20601851851851852
2 0.23787202380952382 0.38128968253968254 0.12029265873015872 0.20291666666666666
5 0.3596577380952381 0.36228835978835977 0.12029017857142857 0.21992724867724867
5 0.4704265873015873 0.337989417989418 0.14216517857142857 0.20048611111111111
6 0.612998511904762 0.33312830687830686 0.17132440476190475 0.24909060846560846
6 0.7940178571428571 0.32479166666666665 0.18590525793650794 0.2332936507936508
6 0.2375421626984127 0.6605853174603175 0.1385168650793651 0.1919808201058201
5 0.36011160714285717 0.6368948412698413 0.11937996031746032 0.19319444444444445
5 0.4567088293650794 0.6429695767195767 0.18863839285714287 0.19319444444444445
5 0.6171006944444445 0.6405390211640212 0.15036458333333333 0.2175
6 0.7765773809523809 0.6338558201058201 0.1868154761904762 0.2454431216931217
6 0.24313740079365082 0.8306944444444444 0.1284920634920635 0.1798313492063492
6 0.37013640873015874 0.8167228835978836 0.13031498015873014 0.19319444444444445
6 0.6290079365079365 0.825380291005291 0.16590029761904762 0.18799272486772486
6 0.7812251984126984 0.8297685185185184 0.17297867063492064 0.2390707671957672