6 0.24206976744186046 0.7003380281690141 0.12907751937984496 0.2272112676056338
6 0.34071317829457365 0.7489436619718309 0.09763565891472868 0.18105633802816903
6 0.43567441860465117 0.7082394366197183 0.09763565891472868 0.16038028169014085
6 0.5259612403100775 0.7270704225352113 0.0855968992248062 0.18590140845070424
2 0.6135658914728682 0.7404366197183099 0.08827906976744186 0.15916901408450704
6 0.6042015503875968 0.20519718309859156 0.08827131782945737 0.1968450704225352
5 0.5416744186046512 0.3704366197183098 0.0835968992248062 0.18956338028169015
5 0.6272790697674419 0.39171830985915496 0.0835968992248062 0.14945070422535212
6 0.2484263565891473 0.5369014084507042 0.10967441860465116 0.1846901408450704
5 0.3464031007751938 0.5417605633802817 0.10766666666666666 0.1725492957746479
5 0.44169767441860464 0.5296056338028169 0.09362790697674418 0.15795774647887326
5 0.5303100775193799 0.548450704225352 0.09295348837209302 0.14701408450704226
6 0.6152403100775193 0.5684929577464789 0.08226356589147288 0.16038028169014085
3 0.5504418604651163 0.12988732394366198 0.11086046511627906 0.25977464788732396
3 0.7456744186046511 0.1500845070422535 0.2682325581395349 0.3001549295774648