6 0.43650546021840875 0.3490819209039548 0.09998439937597504 0.16646892655367232
5 0.5425273010920436 0.36487288135593215 0.08522620904836194 0.18590395480225988
5 0.6284165366614665 0.3837005649717514 0.08119344773790951 0.14580508474576273
6 0.24533541341653664 0.525550847457627 0.10513260530421217 0.1863135593220339
5 0.34542121684867394 0.5335593220338983 0.1075663026521061 0.1743785310734463
5 0.44207488299531983 0.5194915254237288 0.09125585023400935 0.15892655367231637
5 0.5313884555382216 0.5370762711864406 0.09358814352574103 0.15048022598870056
6 0.6172152886115444 0.5585169491525424 0.08039001560062403 0.16101694915254236
2 0.6135413416536661 0.7318361581920904 0.08461778471138846 0.151864406779661
6 0.5252184087363495 0.7177824858757063 0.08659126365054602 0.18282485875706214
6 0.4348829953198128 0.7009180790960452 0.09941497659906397 0.16173728813559324
6 0.3409204368174727 0.738177966101695 0.09781591263650546 0.18
6 0.24134165366614663 0.6959887005649718 0.1277613104524181 0.21516949152542372