5 0.5315674603174604 0.3671626984126984 0.13448164682539682 0.1828207671957672
5 0.6502256944444444 0.3738392857142857 0.11760416666666666 0.19196097883597885
6 0.7644022817460318 0.3552050264550265 0.13395089285714287 0.18845238095238095
2 0.7617683531746031 0.6227612433862434 0.11180307539682541 0.19196428571428573
5 0.6473263888888889 0.6393187830687831 0.11391369047619047 0.2081382275132275
5 0.5344692460317461 0.6593253968253968 0.12235119047619047 0.19477513227513227
6 0.4057886904761905 0.6579199735449736 0.16243055555555555 0.2369675925925926
6 0.2301760912698413 0.6617890211640212 0.18141617063492063 0.22360780423280424
2 0.7632936507936507 0.8073578042328041 0.12340525793650793 0.19537367724867724
2 0.6491195436507936 0.8302645502645501 0.11233134920634921 0.18352513227513229
2 0.5307242063492064 0.8383498677248677 0.12656746031746033 0.18985449735449736
2 0.399672619047619 0.8647189153439153 0.1292063492063492 0.17930555555555555
2 0.26255456349206346 0.8763194444444443 0.1524107142857143 0.19688822751322752