2 0.384188767550702 0.26651129943502827 0.08673166926677067 0.14824858757062145
6 0.47269890795631825 0.28173728813559323 0.08640405616224649 0.18809322033898304
6 0.562176287051482 0.2978531073446328 0.09967238689547582 0.1617231638418079
6 0.6568954758190327 0.2589124293785311 0.09669266770670826 0.1778954802259887
6 0.7576677067082683 0.30283898305084744 0.12970358814352576 0.21939265536723165
6 0.7518564742589704 0.4719632768361582 0.10797971918876756 0.1905649717514124
5 0.6524336973478939 0.46545197740113 0.10795631825273011 0.17860169491525424
5 0.5564118564742591 0.4752824858757062 0.09281591263650546 0.1581638418079096
5 0.46719188767550707 0.4596610169491525 0.09553042121684867 0.1532909604519774
6 0.3752028081123245 0.43577683615819207 0.08193447737909516 0.16101694915254236
5 0.3699219968798752 0.615409604519774 0.08349453978159127 0.14696327683615817
5 0.4551560062402496 0.6343926553672317 0.08387675507020281 0.18915254237288134
6 0.5623400936037442 0.6484604519774011 0.10096723868954759 0.17227401129943504