6 0.23614087301587303 0.6572123015873016 0.1366939484126984 0.19684193121693122
2 0.3497247023809524 0.15781746031746033 0.12138640873015873 0.19538359788359788
2 0.6134176587301587 0.1111574074074074 0.13669642857142855 0.1924669312169312
2 0.22847966269841272 0.18479166666666666 0.13887400793650795 0.208505291005291
2 0.7555803571428571 0.10152116402116403 0.16071428571428573 0.20304232804232805
2 0.2357390873015873 0.3765310846560847 0.11810515873015873 0.2070469576719577
5 0.3591641865079365 0.35903439153439154 0.12029265873015872 0.21871362433862435
5 0.47016121031746033 0.3313293650793651 0.14107142857142857 0.2012169312169312
6 0.6110838293650793 0.3269543650793651 0.17168898809523808 0.2566203703703704
6 0.7971354166666668 0.3203935185185185 0.19137400793650794 0.23766534391534394
5 0.3586185515873016 0.6338756613756613 0.12575892857142856 0.19393849206349206
5 0.45703869047619045 0.6389847883597883 0.19137400793650794 0.1924669312169312
5 0.6194320436507937 0.6354794973544974 0.15091269841269842 0.2175330687830688
6 0.24576636904761903 0.827228835978836 0.12788938492063492 0.1769642857142857
6 0.370577876984127 0.8137533068783068 0.13140376984126986 0.18985449735449736
5 0.5035218253968254 0.819318783068783 0.13887648809523812 0.21270502645502645
6 0.6363045634920634 0.8196130952380953 0.16392609126984128 0.1875099206349206
2 0.47070684523809525 0.1439649470899471 0.13997767857142857 0.20558862433862435