2 0.23089037698412698 0.19229828042328043 0.13669642857142855 0.20048611111111111
2 0.35209325396825397 0.16634589947089945 0.12029265873015872 0.19076719576719575
2 0.4713467261904762 0.15358796296296295 0.13942956349206348 0.19683862433862434
2 0.6121428571428571 0.12442791005291004 0.13487103174603174 0.18955026455026455
2 0.7539756944444445 0.11088955026455026 0.16220982142857143 0.21020833333333333
6 0.7922519841269842 0.33689484126984126 0.19319444444444445 0.23207671957671955
6 0.6086235119047618 0.34296957671957673 0.17223462301587303 0.24422619047619046
5 0.4655505952380952 0.3375 0.13942956349206348 0.18955026455026455
5 0.3552827380952381 0.3660548941798942 0.11937996031746032 0.21506613756613757
2 0.23656001984126981 0.3836772486772487 0.11755952380952381 0.20414021164021165
6 0.7676463293650794 0.6552414021164021 0.18226190476190476 0.2369378306878307
5 0.6121428571428571 0.6625297619047619 0.14945436507936508 0.23936838624338624
5 0.45096974206349205 0.6522023809523809 0.19410714285714287 0.1919808201058201
5 0.3530059523809524 0.6449140211640212 0.12029017857142857 0.20169973544973546
6 0.2322594246031746 0.6633101851851851 0.13760664682539683 0.20048611111111111