2 0.27337570621468926 0.6176090342679128 0.15762711864406778 0.0894392523364486
5 0.46466101694915257 0.53702492211838 0.1484322033898305 0.09366822429906542
6 0.8516666666666667 0.5015031152647975 0.15149717514124295 0.07003115264797508
6 0.9365960451977401 0.6327180685358256 0.09180790960451977 0.05400311526479751
6 0.3132909604519774 0.24707165109034268 0.22586158192090394 0.1275778816199377
6 0.4794774011299435 0.2530373831775701 0.19097457627118644 0.10732866043613708
6 0.26802259887005647 0.34886292834890964 0.1866949152542373 0.10041277258566979
5 0.47230225988700564 0.3518146417445483 0.17597457627118646 0.10800623052959502
6 0.30322033898305084 0.44210280373831773 0.16221751412429378 0.0978816199376947
5 0.48532485875706216 0.4475856697819315 0.16221751412429378 0.09197819314641745
5 0.6245621468926553 0.6353271028037383 0.14690677966101695 0.08268691588785047
6 0.4462994350282486 0.6243613707165109 0.16067796610169494 0.07931464174454829
6 0.28714689265536725 0.5319704049844236 0.18210451977401132 0.09028816199376948