6 0.2521267605633803 0.4234165366614665 0.16611267605633803 0.09786271450858033
5 0.4346338028169014 0.4237051482059283 0.1608169014084507 0.09141185647425897
6 0.203943661971831 0.3323166926677067 0.1735211267605634 0.09726989079563182
6 0.24207042253521127 0.5151170046801872 0.1756338028169014 0.08789391575663028
5 0.42459154929577464 0.5131279251170047 0.14494366197183098 0.08965678627145085
6 0.8308732394366196 0.5978003120124805 0.17670422535211266 0.05508580343213729
5 0.5758873239436619 0.6218096723868954 0.11956338028169014 0.1136817472698908
6 0.4156197183098591 0.6001404056162246 0.15870422535211268 0.07969578783151327
6 0.2415492957746479 0.22887675507020283 0.21688732394366197 0.12364274570982839
2 0.2383661971830986 0.6019032761310452 0.15340845070422535 0.0867238689547582
3 0.7468028169014085 0.5537285491419657 0.5063943661971831 0.10186427457098284
3 0.4928450704225352 0.660647425897036 0.019633802816901406 0.0036973478939157567