5 0.6453645833333334 0.3644179894179894 0.12593749999999998 0.19660714285714284
6 0.2049032738095238 0.6787334656084656 0.19365079365079363 0.23288690476190477
6 0.38943948412698415 0.6717460317460318 0.17238839285714286 0.2551653439153439
5 0.531453373015873 0.6687070105820107 0.14352926587301587 0.20250992063492063
5 0.6457440476190476 0.6413723544973545 0.12302579365079365 0.22073743386243386
2 0.7721875 0.6216170634920635 0.12074900793650795 0.2075595238095238
2 0.24431795634920636 0.8988293650793651 0.16216765873015873 0.20167989417989418
2 0.38978422619047615 0.8896924603174603 0.1357986111111111 0.19395502645502644
2 0.5321750992063492 0.8577579365079365 0.13931547619047618 0.2039153439153439
2 0.6558110119047619 0.8445701058201058 0.12217509920634921 0.1951190476190476
2 0.7787227182539682 0.8190839947089946 0.1410739087301587 0.20860449735449738
5 0.501547619047619 0.17650462962962962 0.14216517857142857 0.21020502645502645
6 0.6336830357142857 0.18160714285714283 0.13396081349206349 0.19441137566137565
6 0.7599007936507937 0.16946759259259261 0.1294047619047619 0.1798478835978836
6 0.3612053571428572 0.17650462962962962 0.17314732142857142 0.18590608465608463
6 0.2272470238095238 0.3599801587301587 0.1822594246031746 0.2369378306878307
5 0.7575570436507936 0.3360548941798942 0.14099950396825398 0.20166997354497354
5 0.38298611111111114 0.3652050264550265 0.1540079365079365 0.21506613756613757
5 0.5183159722222223 0.36034391534391536 0.14033978174603176 0.19076719576719575