6 0.5438169014084507 0.741046511627907 0.18585915492957747 0.10919379844961241
6 0.7303098591549295 0.46988372093023256 0.17750704225352112 0.08850387596899224
6 0.7459718309859155 0.6566666666666667 0.19212676056338027 0.09885271317829457
6 0.5712816901408451 0.38293023255813957 0.16707042253521126 0.0816124031007752
6 0.7125633802816902 0.5635658914728682 0.16707042253521126 0.10114728682170541
6 0.20612676056338028 0.3974728682170543 0.19422535211267605 0.09770542635658916
5 0.5413098591549296 0.6532170542635659 0.18378873239436622 0.10574418604651163
5 0.5486197183098591 0.46758914728682177 0.16080281690140846 0.10229457364341085
2 0.7418028169014084 0.3836744186046512 0.16290140845070422 0.0862093023255814
5 0.37319718309859157 0.4543643410852713 0.19422535211267605 0.08735658914728682
5 0.5308732394366198 0.5549457364341085 0.16707042253521126 0.0908062015503876
5 0.39304225352112676 0.3721627906976744 0.1503661971830986 0.07704651162790697
6 0.7125633802816902 0.7538062015503876 0.22971830985915492 0.11610852713178295
3 0.17332394366197185 0.2956434108527132 0.2573380281690141 0.16556589147286824
3 0.12971830985915492 0.4458294573643411 0.25943661971830984 0.10768992248062015