2 0.10416666666666667 0.24441964285714285 0.20833333333333334 0.16294642857142858
6 0.32733796296296297 0.2057762896825397 0.2320436507936508 0.19219990079365082
6 0.6332142857142857 0.22306051587301587 0.24376322751322752 0.18575148809523812
6 0.8300992063492063 0.21485863095238095 0.23907738095238096 0.16934523809523808
2 0.11755952380952381 0.3871329365079365 0.19375992063492062 0.13535714285714284
6 0.33554232804232803 0.38830357142857147 0.24845238095238098 0.17051835317460318
5 0.6401686507936507 0.38251488095238095 0.2187632275132275 0.15039930555555556
6 0.8257242063492063 0.36786210317460316 0.1849074074074074 0.16504712301587302
2 0.14962301587301588 0.5279513888888888 0.19984457671957673 0.13630704365079366
5 0.33138227513227514 0.5266021825396826 0.18808862433862433 0.12546626984126985
5 0.6426818783068783 0.5165997023809523 0.18854166666666666 0.1359796626984127
6 0.8200033068783069 0.49738343253968254 0.21069775132275131 0.1393625992063492
2 0.16296296296296298 0.6483407738095238 0.19215939153439154 0.1200421626984127
5 0.3623544973544974 0.6402008928571429 0.21747685185185184 0.12139880952380953
2 0.18873677248677248 0.7699082341269842 0.20391203703703703 0.13665674603174602
2 0.3824768518518518 0.7639756944444445 0.20255621693121692 0.11800843253968255
5 0.6366534391534392 0.6409275793650793 0.19467261904761907 0.12207589285714285
6 0.8148974867724867 0.6294469246031745 0.18807539682539684 0.13046130952380952
6 0.6631613756613757 0.7617361111111112 0.19894179894179895 0.1390327380952381
6 0.8302281746031747 0.7546155753968254 0.17588293650793652 0.12682291666666667