6 0.708460451977401 0.4664641744548287 0.18703389830508474 0.08788940809968847
6 0.6951977401129943 0.5558255451713395 0.16259887005649717 0.09902647975077881
5 0.5240536723163841 0.6472352024922118 0.17322033898305084 0.1083644859813084
6 0.7318361581920904 0.6507554517133957 0.17853107344632768 0.10020249221183801
6 0.5192937853107344 0.7453894080996885 0.18703389830508474 0.10781931464174455
6 0.6887853107344634 0.7509501557632399 0.21360169491525421 0.12832554517133957
6 0.06286723163841808 0.36391744548286603 0.083954802259887 0.05156542056074766
6 0.14576271186440679 0.4934267912772585 0.14983050847457627 0.0644626168224299
5 0.3742372881355932 0.3618613707165109 0.14771186440677966 0.08144859813084113
6 0.5474435028248588 0.37240654205607476 0.16258474576271187 0.0802803738317757
2 0.7217231638418079 0.3782788161993769 0.1540819209039548 0.08496884735202492
5 0.5315112994350283 0.4609034267912772 0.14772598870056497 0.09551401869158879
5 0.5107909604519774 0.5499688473520249 0.16152542372881357 0.0931619937694704