6 0.32044312169312167 0.20511408730158728 0.23589947089947091 0.19711309523809523
6 0.6381349206349206 0.22680059523809526 0.23907738095238096 0.18352430555555557
6 0.32733796296296297 0.3888764880952381 0.2493915343915344 0.17297867063492064
2 0.11125661375661376 0.3885267857142857 0.19500992063492065 0.13430555555555554
2 0.10085978835978836 0.2452876984126984 0.20171957671957672 0.16294642857142858
5 0.6316269841269841 0.38320684523809523 0.22032407407407406 0.15118055555555554
6 0.8240079365079366 0.36504216269841266 0.1875099206349206 0.1757911706349206
2 0.14115410052910055 0.5322693452380952 0.20469907407407406 0.1435639880952381
5 0.3251521164021164 0.5355580357142857 0.1914186507936508 0.1382886904761905
5 0.6383564814814815 0.5182043650793651 0.19297949735449738 0.13653273809523808
5 0.8216600529100528 0.5003993055555556 0.21250992063492063 0.1418030753968254
2 0.15402447089947088 0.6544866071428571 0.1960548941798942 0.12183283730158731
5 0.35737103174603174 0.6452480158730158 0.22190806878306876 0.12207589285714285
5 0.6335383597883598 0.6440079365079365 0.19369708994708995 0.12288938492063492
6 0.8152943121693121 0.6340575396825396 0.18935515873015873 0.1371329365079365
2 0.1799537037037037 0.7746502976190476 0.2078042328042328 0.13184275793650793
2 0.37636243386243384 0.7705803571428571 0.20454695767195766 0.12044890873015872
6 0.6617493386243387 0.7677306547619047 0.20129298941798943 0.1424231150793651
6 0.8307605820105819 0.7591865079365079 0.17904761904761907 0.12614583333333335