2 0.46041170634920636 0.17475529100529102 0.13579613095238094 0.19710317460317459
2 0.2158953373015873 0.21027777777777779 0.138375496031746 0.20168650793650794
2 0.34008680555555554 0.18392195767195765 0.1186061507936508 0.18793650793650796
2 0.6013616071428571 0.14438822751322752 0.13579613095238094 0.18678902116402119
2 0.7419320436507936 0.13012896825396825 0.15985863095238095 0.20970568783068783
6 0.7818477182539683 0.35523809523809524 0.19080109126984127 0.23262896825396825
6 0.5992137896825397 0.3603968253968254 0.16931547619047618 0.24294312169312168
5 0.45439484126984125 0.36040013227513223 0.13923115079365078 0.2016898148148148
5 0.343953373015873 0.38388888888888895 0.12290178571428571 0.21887566137566136
2 0.2222420634920635 0.4022222222222222 0.1186061507936508 0.2028339947089947
5 0.602219742063492 0.6818386243386244 0.14954613095238095 0.24637896825396824
5 0.34137648809523813 0.6652215608465609 0.12634176587301588 0.20856150793650796
5 0.4427430555555556 0.6692294973544973 0.19595734126984127 0.1982473544973545
6 0.21761160714285713 0.6869940476190476 0.1400917658730159 0.2039781746031746