6 0.6260416666666667 0.23125496031746032 0.2430191798941799 0.16160218253968256
2 0.10069444444444445 0.24156746031746032 0.2013888888888889 0.15997023809523808
6 0.321031746031746 0.2041170634920635 0.23356150793650793 0.19238343253968254
6 0.8195105820105819 0.36740823412698415 0.18563492063492065 0.16200892857142857
5 0.6344047619047619 0.38095982142857143 0.21713624338624338 0.15019593253968255
6 0.3289517195767196 0.39066468253968256 0.24976521164021162 0.18141617063492063
2 0.11125 0.38644593253968257 0.1946362433862434 0.13585317460317461
2 0.14637566137566138 0.5289087301587302 0.20248346560846558 0.13819196428571429
5 0.3266732804232804 0.5264682539682539 0.18946428571428572 0.1284250992063492
5 0.6391699735449735 0.5162921626984127 0.19032076719576718 0.1357093253968254
6 0.8196461640211641 0.4966021825396825 0.2137632275132275 0.14133680555555556
2 0.15726521164021165 0.6495411706349206 0.19594907407407405 0.12094494047619048
5 0.35883928571428575 0.6396974206349207 0.22032407407407406 0.12094246031746031
5 0.6335449735449735 0.6393452380952381 0.19594907407407405 0.1216468253968254
6 0.8126124338624339 0.6295014880952381 0.19219907407407408 0.13149305555555554
6 0.8278736772486772 0.7536755952380952 0.17644179894179893 0.12549603174603174
6 0.660869708994709 0.7612450396825398 0.19922949735449735 0.1396577380952381
2 0.3779794973544974 0.7644196428571428 0.2024867724867725 0.11865823412698413
2 0.18298280423280425 0.7717063492063492 0.20574074074074072 0.13714285714285715