6 0.2706308411214953 0.5137110481586402 0.10439252336448597 0.1847875354107649
5 0.3694548286604361 0.5175070821529745 0.10717289719626169 0.1771954674220963
5 0.4650311526479751 0.503172804532578 0.0923208722741433 0.1636968838526912
5 0.5548052959501558 0.5192067988668555 0.09372274143302181 0.15188385269121812
6 0.5503971962616823 0.6993626062322946 0.08768691588785046 0.1864730878186969
2 0.639018691588785 0.7136968838526913 0.08583333333333333 0.15441926345609064
6 0.6419470404984423 0.5391784702549576 0.08026479750778816 0.16032577903682718
6 0.2664563862928349 0.6829036827195467 0.1238785046728972 0.21601983002832859
6 0.3655140186915888 0.7242351274787535 0.09742990654205608 0.18395184135977338
6 0.46016355140186915 0.6837535410764872 0.09743769470404984 0.16706798866855524
3 0.5094387925489611 0.013823166452784233 0.49767202622064055 0.14032354082164467 0.5817699483003959 0.21018195651788102 0.6416421526326076 0.028298343272318144
3 0.6367969837352974 0.12207226223352577 0.82575781029635 0.017599297030959152 0.992223160043852 0.035221258935502195 0.717780167960247 0.2592716540341552 0.6053035443265405 0.24416713172145546
6 0.6274527701708802 0.010047035874609294 0.5700031819720754 0.1617216333043626 0.6378352296868992 0.22276906804832744 0.7063594624926257 0.14409967139981955 0.6281449552617827 0.002494774718259415 0.6291832012133847 0.011935101163696773