6 0.5342112676056339 0.7502635658914729 0.1905774647887324 0.1084031007751938
5 0.528887323943662 0.5565968992248062 0.1586338028169014 0.09258139534883722
6 0.7088169014084507 0.5627519379844962 0.16501408450704225 0.09668217054263566
5 0.5422112676056339 0.6524031007751938 0.17246478873239438 0.1084031007751938
6 0.7514225352112676 0.6556279069767442 0.1777887323943662 0.10079069767441862
6 0.7050985915492958 0.7555348837209303 0.215056338028169 0.12832558139534883
6 0.7237323943661972 0.47280620155038755 0.18843661971830986 0.08555038759689923
6 0.20757746478873237 0.39401550387596895 0.18764788732394364 0.08809302325581396
5 0.39063380281690147 0.37072868217054267 0.1490281690140845 0.08403875968992248
5 0.37315492957746477 0.4562868217054264 0.18764788732394364 0.08505426356589148
6 0.5695774647887324 0.3823720930232558 0.15943661971830986 0.0810077519379845
2 0.7379577464788734 0.3885581395348837 0.15352112676056337 0.08495348837209303
5 0.5485915492957747 0.4684108527131783 0.149056338028169 0.092
3 0.0297431799619259 0.2369893338110672 0.1916876136381991 0.40813186075608443 0.3325088603132196 0.37390337901774456 0.035610588655938705 0.10330443193227803 0.02856952632218735 0.24473918319534474
3 0.022702117628174825 0.4991925910213467 0.18699342883158526 0.5159839116450621 0.2761803616432118 0.4029653142087856 0.012140524127547967 0.3939237838426894