2 0.8390046296296296 0.4673809523809524 0.1907638888888889 0.1284250992063492
6 0.6589847883597884 0.5936086309523809 0.23569113756613758 0.16504960317460318
2 0.8653736772486772 0.599469246031746 0.17969907407407407 0.1308655753968254
2 0.8744907407407407 0.7379241071428572 0.19792989417989418 0.15332837301587302
6 0.6593617724867725 0.7690749007936507 0.22407738095238094 0.18067460317460318
6 0.3564781746031746 0.23401785714285714 0.19297949735449738 0.13418650793650794
5 0.3748412698412698 0.34886904761904763 0.19532407407407407 0.11660714285714287
5 0.36781084656084656 0.46811259920634923 0.1828207671957672 0.13360119047619046
2 0.6241501322751323 0.2361656746031746 0.19402116402116404 0.1132862103174603
2 0.8087334656084656 0.23787698412698413 0.19272156084656084 0.12354166666666667
2 0.8305456349206349 0.34994295634920636 0.18034722222222221 0.11524305555555556
5 0.6404265873015873 0.352140376984127 0.20769510582010584 0.11572916666666667
5 0.6599603174603175 0.4654290674603174 0.19336970899470898 0.12158978174603174