6 0.21230406746031746 0.6509424603174603 0.19232886904761906 0.23218253968253968
5 0.5316443452380952 0.6543915343915344 0.12508680555555557 0.1908068783068783
6 0.2635391865079365 0.3365046296296296 0.12509424603174604 0.23677910052910053
5 0.39199156746031744 0.32731150793650793 0.15267113095238097 0.2459755291005291
5 0.527765376984127 0.3411011904761905 0.13801835317460318 0.19540013227513228
5 0.6527703373015873 0.34455026455026455 0.1207688492063492 0.20459656084656086
2 0.6549206349206349 0.8209292328042327 0.11301835317460317 0.19666666666666668
2 0.7700520833333333 0.6043220899470899 0.11896577380952382 0.19999999999999998
6 0.4071205357142857 0.6479993386243386 0.18965525793650795 0.2505753968253968
6 0.7708680555555555 0.32508267195767193 0.13629216269841268 0.20574735449735448
2 0.3950074404761905 0.8605820105820106 0.13112103174603174 0.18862103174603173
5 0.6480679563492064 0.6250099206349207 0.11982638888888889 0.22069113756613756
2 0.24974950396825396 0.8745039682539683 0.16129464285714287 0.2034490740740741
2 0.7743179563492064 0.7973677248677248 0.13456845238095239 0.20241402116402119
2 0.5342311507936508 0.8324272486772487 0.1354315476190476 0.19436838624338623