6 0.16821126760563382 0.4013572542901716 0.17522535211267606 0.056957878315132604
5 0.4215070422535211 0.37358814352574105 0.11807042253521126 0.11390795631825273
6 0.5827605633802817 0.3974882995319813 0.16123943661971832 0.07735569422776911
2 0.7642394366197184 0.3971528861154446 0.1523661971830986 0.08369734789391575
5 0.5715492957746479 0.4849375975039002 0.14707042253521127 0.09141185647425897
6 0.752112676056338 0.4822152886115445 0.1788169014084507 0.08673946957878316
5 0.5614929577464789 0.5746021840873635 0.1608169014084507 0.09025741029641185
6 0.7434788732394366 0.5748829953198128 0.16504225352112678 0.09551482059282372
6 0.7889859154929577 0.6674726989079564 0.1777887323943662 0.10254290171606865
6 0.7556478873239436 0.770015600624025 0.21690140845070421 0.12012480499219969
3 0.4181750470818009 0.3642135606557146 0.08020405506175173 0.0347391721482327 0.3008240798113402 0.021092303985200962 0.576598949591199 0.34536790540530726
3 0.014487401654685234 0.47923716374412545 0.4181750470818006 0.5104300052596269 0.5331791368251239 0.45194342741806187 0.42521610941555177 0.3856586391976217 0.2374545188075812 0.416851480713123 0.01683449405799242 0.3791601702123079