6 0.48495750708215296 0.2706386292834891 0.1939518413597734 0.10371495327102803
6 0.30859773371104815 0.26800623052959505 0.20567988668555243 0.13125389408099689
6 0.2728895184135977 0.3670327102803738 0.18330028328611897 0.10313084112149531
5 0.47801699716713886 0.36818535825545173 0.17584985835694053 0.10781152647975079
6 0.30856940509915015 0.4575545171339564 0.1651841359773371 0.10019470404984424
5 0.4945467422096317 0.4651791277258567 0.16412181303116147 0.09199376947040498
5 0.4801841359773371 0.5542445482866043 0.15025495750708215 0.0943380062305296
2 0.28354107648725213 0.6373442367601246 0.15985835694050993 0.08824766355140187
6 0.2851416430594901 0.5510280373831775 0.19076487252124646 0.08907320872274144
6 0.45831444759206796 0.6421417445482867 0.15985835694050993 0.0838006230529595
3 0.8894556710132459 0.5029854596218216 0.797014416002472 0.5845760677158597 0.9917406795527388 0.6293459336098467 0.9858400277499785 0.508013148252748
3 0.6967009583259571 0.6384297141178409 0.9480748621817571 0.9894513766701774 0.9905605924109063 0.8181579767279659 0.8560224466852674 0.6098807745255046
6 0.7875732866806154 0.5878203004985509 0.782852505926088 0.6624367040532285 0.9763986823345232 0.6721692835953995 0.9905605924109068 0.6079342586170702 0.7745914637460649 0.5826295518074255