6 0.24728193146417446 0.6826271186440678 0.12729750778816198 0.2235734463276836
6 0.34845794392523366 0.7287853107344633 0.10317757009345793 0.18954802259887005
2 0.6213395638629283 0.7217514124293786 0.0857632398753894 0.15189265536723165
6 0.5306931464174455 0.708135593220339 0.0911214953271028 0.19926553672316386
6 0.441923676012461 0.6941525423728814 0.09848909657320871 0.1615960451977401
6 0.6338707165109034 0.06169491525423729 0.05493769470404985 0.08255649717514124
6 0.49919781931464174 0.13644067796610168 0.07503894080996884 0.17375706214689265
5 0.6355451713395638 0.3721751412429379 0.08374610591900311 0.144590395480226
6 0.6238239875389409 0.5501694915254237 0.08174454828660435 0.15795197740112993
5 0.5377258566978194 0.5319491525423728 0.09446261682242992 0.14824858757062145
5 0.44862149532710277 0.5107062146892655 0.09313084112149532 0.16163841807909604
5 0.35214174454828656 0.5240536723163841 0.10786604361370716 0.1761864406779661
6 0.25231308411214953 0.5191949152542372 0.10652647975077882 0.18833333333333332
3 0.5706290428623404 0.2831136197020105 0.9157390838555135 0.018491201088310517 0.7295469976580712 0.019746365178593954 0.548892202079338 0.12768964382496822
3 0.41919240030544197 0.011927179024044403 0.42326437856600196 0.19735071936387066 0.5250124818229898 0.22496412825265769 0.552353000794843 0.01284300577434545