5 0.456077519379845 0.623169014084507 0.0835968992248062 0.18711267605633802
5 0.37148062015503874 0.604943661971831 0.0815891472868217 0.1433661971830986
6 0.38270542635658916 0.428169014084507 0.07824806201550387 0.15674647887323945
5 0.46911627906976744 0.44821126760563385 0.09229457364341086 0.1482394366197183
5 0.5589767441860466 0.46422535211267607 0.09295348837209302 0.15911267605633803
5 0.6532170542635659 0.4509014084507042 0.1070077519379845 0.17132394366197184
6 0.7506666666666667 0.4591408450704225 0.10833333333333334 0.18225352112676058
2 0.3838527131782946 0.25319718309859157 0.08493798449612402 0.15432394366197183
6 0.47313178294573643 0.26898591549295775 0.08693798449612404 0.18346478873239436
6 0.5639379844961241 0.28721126760563376 0.09831007751937984 0.16645070422535213
6 0.6563643410852713 0.24832394366197183 0.10031782945736434 0.18104225352112674
6 0.7583565891472868 0.2926760563380282 0.12372093023255813 0.21628169014084508
6 0.39708527131782945 0.7896338028169014 0.0856046511627907 0.19198591549295774