6 0.2313467261904762 0.34357473544973544 0.18134920634920637 0.23815145502645502
5 0.38581101190476186 0.3375033068783069 0.15492063492063493 0.24058531746031744
5 0.5215897817460318 0.3478273809523809 0.13668402777777777 0.1932043650793651
5 0.6465029761904761 0.35479828042328043 0.12276785714285714 0.20419973544973544
6 0.766423611111111 0.3341269841269841 0.13858382936507935 0.2016666666666667
6 0.20730902777777777 0.6615178571428572 0.19238343253968254 0.23373346560846558
6 0.3908333333333333 0.6585648148148148 0.17086805555555556 0.24976190476190474
5 0.5256299603174603 0.6564583333333334 0.12910218253968253 0.2033564814814815
5 0.6442906746031747 0.635327380952381 0.12087549603174604 0.21854497354497354
2 0.7629985119047619 0.615109126984127 0.11644345238095238 0.19998015873015873
2 0.6490352182539683 0.8323875661375661 0.12024305555555555 0.1906977513227513
2 0.3876711309523809 0.8733201058201059 0.13542906746031744 0.18986772486772485
2 0.24401289682539684 0.8884986772486773 0.15947916666666667 0.21179563492063494
2 0.7689608134920635 0.8079166666666666 0.13479662698412698 0.2058862433862434
2 0.5291121031746032 0.8425132275132275 0.13985863095238094 0.19744708994708995