6 0.4128732394366197 0.6001638065522621 0.16487323943661972 0.07911076443057723
6 0.23667605633802816 0.22829173166926678 0.21371830985915494 0.12421996879875195
6 0.20916901408450703 0.3293681747269891 0.17774647887323944 0.09786271450858033
6 0.2530704225352113 0.4228315132605305 0.164 0.09492979719188768
5 0.43452112676056337 0.4228315132605305 0.16083098591549294 0.08906396255850235
6 0.24143661971830985 0.5151170046801872 0.17459154929577464 0.08613884555382216
5 0.4234225352112676 0.5130655226209049 0.14707042253521127 0.08907176287051483
2 0.23883098591549295 0.6005538221528861 0.14988732394366197 0.08203588143525742
5 0.5746619718309859 0.6243369734789391 0.11990140845070422 0.11084243369734789
6 0.8303661971830986 0.5969890795631826 0.17809859154929578 0.05419656786271451
3 0.7494366197183099 0.5499921996879875 0.501112676056338 0.10024180967238688
3 0.6747464788732395 0.8215990639625584 0.5101690140845071 0.356801872074883