6 0.27299844236760124 0.5143201133144476 0.10968068535825547 0.18124645892351274
5 0.369595015576324 0.5173654390934844 0.10577881619937694 0.1771954674220963
5 0.4656386292834891 0.5021671388101983 0.0918613707165109 0.1610056657223796
5 0.5547118380062306 0.5193909348441926 0.09297507788161993 0.1468130311614731
6 0.6418457943925233 0.5386260623229462 0.08128504672897197 0.1609915014164306
6 0.26590342679127726 0.6901558073654391 0.1238785046728972 0.2008215297450425
6 0.3647196261682243 0.7234844192634561 0.09788940809968848 0.18311614730878187
6 0.459828660436137 0.6804532577903682 0.09603582554517134 0.17467422096317278
6 0.5516978193146418 0.7015439093484419 0.08769470404984424 0.18141643059490087
2 0.6379906542056074 0.7098016997167139 0.08768691588785046 0.1523512747875354
3 0.5147271874290141 0.008183818813536475 0.5021710708877477 0.08745771272719548 0.5568520454619499 0.2070352002424619 0.6042652983749386 0.15857484821935353 0.6371430445959968 0.018858016826880805 0.6139555728000552 0.02137542760913409
3 0.6101486498543468 0.2347268052760181 0.6824798056057817 0.28129912081962904 0.8067232589373123 0.1529106523520911 0.9884163004676478 0.042144145789096206 0.8098379967921182 0.016969951537793366 0.7381990261315861 0.04214414578909629 0.6426803985842096 0.11389062677442015