2 0.3926488095238095 0.7702480158730158 0.20074735449735448 0.11495535714285714
2 0.20003637566137564 0.7721106150793651 0.20165343915343914 0.13292906746031746
6 0.6647156084656084 0.7727405753968254 0.1998809523809524 0.1386780753968254
2 0.16544973544973546 0.5325347222222222 0.19667989417989418 0.13326636904761907
5 0.6580092592592592 0.5268204365079365 0.19576058201058202 0.13872023809523812
5 0.6519345238095238 0.6513640873015873 0.2052116402116402 0.1245436507936508
2 0.13710978835978835 0.39359126984126985 0.19032407407407406 0.13641369047619048
6 0.3492195767195767 0.39781001984126985 0.24844907407407404 0.17297867063492064
5 0.34524801587301585 0.534920634920635 0.18844907407407407 0.1251512896825397
2 0.17630291005291004 0.6532564484126984 0.187635582010582 0.1176686507936508
5 0.37102843915343914 0.6491865079365079 0.21657076719576718 0.1197048611111111
6 0.6640145502645503 0.2636458333333333 0.2400132275132275 0.12727182539682538
6 0.34571428571428575 0.21337053571428571 0.23345238095238097 0.19266617063492064
2 0.1225760582010582 0.2506374007936508 0.20907407407407408 0.15891617063492064
5 0.6728604497354498 0.3914161706349206 0.24436507936507937 0.15390873015873013
3 0.9990079365079365 0.11458333333333333 1 0.11458333333333333 1 0.21924603174603174 0.9828042328042328 0.22023809523809523 0.9656084656084656 0.2251984126984127 0.9368386243386243 0.23759920634920634 0.9130291005291006 0.24280753968253968 0.8865740740740741 0.24677579365079366 0.8756613756613757 0.25223214285714285 0.8664021164021164 0.2591765873015873 0.8511904761904762 0.265625 0.843915343915344 0.2708333333333333 0.8230820105820106 0.27554563492063494 0.808531746031746 0.28348214285714285 0.7996031746031746 0.2854662698412698 0.7784391534391535 0.28794642857142855 0.7576058201058201 0.29216269841269843 0.7275132275132276 0.29365079365079366 0.7195767195767195 0.2931547619047619 0.7086640211640212 0.29092261904761907 0.7017195767195767 0.28100198412698413 0.7013888888888888 0.27802579365079366 0.7109788359788359 0.2725694444444444 0.7146164021164021 0.2683531746031746 0.7142857142857143 0.265625 0.708994708994709 0.26264880952380953 0.6752645502645502 0.2554563492063492 0.6349206349206349 0.25471230158730157 0.6190476190476191 0.25570436507936506 0.5942460317460317 0.26066468253968256 0.5793650793650794 0.26686507936507936 0.5720899470899471 0.26884920634920634 0.5591931216931217 0.27033730158730157 0.5552248677248677 0.2690972222222222 0.5529100529100529 0.26612103174603174 0.5502645502645502 0.25570436507936506 0.5502645502645502 0.25 0.5525793650793651 0.23834325396825398 0.5542328042328042 0.20337301587301587 0.5631613756613757 0.1857638888888889 0.5757275132275133 0.1736111111111111 0.5925925925925926 0.16319444444444445 0.6011904761904762 0.15600198412698413 0.6164021164021164 0.14756944444444445 0.6435185185185185 0.13690476190476192 0.6689814814814815 0.13095238095238096 0.6828703703703703 0.12425595238095238 0.707010582010582 0.12078373015873016 0.7354497354497355 0.11979166666666667 0.841931216931217 0.12053571428571429 0.8839285714285714 0.12351190476190477 0.9107142857142857 0.12202380952380952 0.9249338624338624 0.1232638888888889 0.9695767195767195 0.1232638888888889 0.986441798941799 0.12524801587301587 0.9907407407407407 0.11830357142857142 0.9957010582010583 0.11532738095238096