6 0.7394209039548022 0.6560608424336973 0.1803813559322034 0.10269890795631825
5 0.38323446327683613 0.37083463338533545 0.1451412429378531 0.08226989079563182
6 0.5570338983050848 0.38138845553822154 0.1616949152542373 0.07945397815912636
2 0.7321045197740114 0.3845553822152886 0.1578813559322034 0.08578783151326054
5 0.364138418079096 0.45592823712948516 0.1884463276836158 0.0850780031201248
5 0.5379378531073447 0.46787831513260536 0.1489689265536723 0.09492979719188768
6 0.7155508474576271 0.4724492979719188 0.18333333333333335 0.08578783151326054
6 0.3488700564971751 0.5631513260530422 0.1680649717514124 0.10265990639625586
5 0.5201129943502825 0.5561310452418097 0.15915254237288137 0.09281591263650546
6 0.700268361581921 0.5623478939157566 0.16042372881355932 0.0996411856474259
5 0.5335875706214689 0.6530577223088924 0.17189265536723164 0.10840873634945397
6 0.693276836158192 0.7570592823712948 0.2210593220338983 0.12842433697347894
6 0.5252683615819209 0.752176287051482 0.1892231638418079 0.1079173166926677
3 0.178545197740113 0.2835413416536661 0.31509887005649717 0.23375975039001562
3 0.15833333333333333 0.5277457098283932 0.31666666666666665 0.13730889235569424