6 0.3036581920903955 0.23913416536661466 0.21899717514124295 0.1286817472698908
6 0.46981638418079097 0.24617004680187204 0.18717514124293788 0.10617784711388456
6 0.2701271186440678 0.34097503900156007 0.18207627118644068 0.10125585023400936
5 0.46355932203389827 0.34546021840873636 0.17569209039548023 0.10899375975039001
6 0.2947457627118644 0.4349609984399376 0.16234463276836159 0.0984399375975039
5 0.4777683615819209 0.44170046801872076 0.15703389830508477 0.091996879875195
6 0.6492937853107345 0.434188767550702 0.1665819209039548 0.10078783151326054
6 0.286864406779661 0.5247269890795632 0.17826271186440676 0.08730889235569424
5 0.4586864406779661 0.5304758190327613 0.148545197740113 0.09375195007800312
5 0.6332062146892655 0.5424804992199689 0.18569209039548024 0.08496879875195008
5 0.6130508474576272 0.6283229329173167 0.14323446327683614 0.08320592823712948
6 0.4385169491525424 0.6177847113884556 0.16127118644067798 0.07969578783151327
2 0.26610169491525426 0.6136817472698908 0.1496045197740113 0.08555382215288612