5 0.626937984496124 0.39049295774647885 0.0815891472868217 0.14946478873239438
6 0.603875968992248 0.20459154929577464 0.08493798449612402 0.19319718309859152
5 0.5426821705426356 0.37226760563380284 0.08426356589147287 0.1907605633802817
6 0.615906976744186 0.5679014084507042 0.07958139534883721 0.15674647887323945
5 0.529968992248062 0.549056338028169 0.09228682170542636 0.15067605633802816
5 0.44136434108527134 0.5302253521126761 0.09162015503875968 0.15673239436619718
5 0.3464031007751938 0.5423661971830985 0.10633333333333332 0.1737605633802817
6 0.24675193798449613 0.5387323943661971 0.10498449612403102 0.18347887323943662
6 0.24240310077519378 0.7252394366197182 0.1283953488372093 0.1773943661971831
6 0.3403875968992248 0.7483380281690142 0.09696899224806202 0.18226760563380281
6 0.43567441860465117 0.7142957746478873 0.09763565891472868 0.15795774647887326
6 0.5252945736434108 0.728887323943662 0.08693798449612404 0.1846901408450704
2 0.6118992248062015 0.7289154929577465 0.08627131782945736 0.13371830985915492
3 0.555 0.1256619718309859 0.0874031007751938 0.2513239436619718
3 0.7542868217054264 0.16040845070422535 0.25237984496124033 0.3208169014084507