5 0.6481746031746032 0.6253207671957672 0.11960813492063492 0.21601190476190477
2 0.24925843253968255 0.8761210317460317 0.15857886904761903 0.20801917989417987
2 0.39369543650793654 0.8629365079365079 0.13367559523809525 0.1875099206349206
2 0.5323139880952381 0.8312499999999999 0.13404265873015875 0.19581349206349205
2 0.6538194444444444 0.8185813492063492 0.11834325396825397 0.1890112433862434
2 0.7734523809523809 0.7982969576719577 0.13479662698412698 0.2008234126984127
6 0.2640104166666667 0.3346329365079365 0.12720238095238096 0.24048280423280424
5 0.3921626984126984 0.32746031746031745 0.1531498015873016 0.24301587301587302
5 0.5266666666666666 0.33972883597883596 0.13859375 0.19322751322751325
5 0.6516294642857142 0.3460251322751323 0.12277281746031746 0.20250992063492063
6 0.7665922619047619 0.32493055555555556 0.13859375 0.2008234126984127
6 0.21306795634920636 0.6540112433862434 0.1911185515873016 0.2312003968253968
6 0.3956448412698413 0.6472585978835979 0.17023561507936508 0.2463888888888889
5 0.5282738095238095 0.6472585978835979 0.12909970238095236 0.19913359788359786
2 0.7696577380952382 0.6050694444444444 0.11454613095238096 0.1991369047619048