2 0.22218005952380954 0.18519510582010582 0.13796130952380953 0.2050429894179894
2 0.22977182539682542 0.38052910052910055 0.1202405753968254 0.20587301587301585
2 0.34869791666666666 0.1565410052910053 0.12150793650793651 0.19322751322751325
2 0.4664583333333333 0.14553902116402118 0.13922619047619048 0.19998015873015873
2 0.6079017857142857 0.11305886243386243 0.13352926587301586 0.18902777777777777
2 0.7522321428571429 0.10251322751322751 0.15873015873015872 0.20502645502645503
6 0.7914260912698413 0.3244212962962963 0.18922123015873019 0.2320436507936508
6 0.6079017857142857 0.33032738095238096 0.17150049603174602 0.25060515873015876
6 0.2396155753968254 0.8339219576719578 0.1286780753968254 0.17579034391534393
5 0.46020585317460316 0.33286044973544976 0.13542906746031744 0.1982936507936508
5 0.3531770833333333 0.3594411375661376 0.11897569444444443 0.2193882275132275
6 0.35393849206349204 0.6358333333333334 0.12403769841269842 0.19619378306878305
6 0.6143551587301587 0.6524966931216931 0.15125 0.24302248677248678
6 0.3675 0.8163425925925926 0.13657986111111112 0.18985449735449736
6 0.2307266865079365 0.6609424603174603 0.13975446428571428 0.19548280423280423
6 0.7703521825396825 0.6419444444444444 0.17846230158730159 0.23204695767195768
6 0.45234623015873016 0.642364417989418 0.18922123015873019 0.19238756613756614