5 0.6361137071651091 0.3733757062146893 0.08374610591900311 0.1468220338983051
6 0.6350077881619938 0.061497175141242935 0.052484423676012464 0.08607344632768361
6 0.5001635514018692 0.1465536723163842 0.07872274143302181 0.15087570621468926
6 0.44349688473520255 0.6942796610169492 0.09817757009345794 0.16706214689265536
6 0.2482943925233645 0.52 0.10719626168224299 0.19137005649717514
5 0.3524922118380063 0.5247316384180791 0.10830996884735201 0.17213276836158192
5 0.44823987538940807 0.5105649717514125 0.0932398753894081 0.16403954802259887
5 0.5381308411214953 0.531313559322034 0.0943613707165109 0.1468220338983051
6 0.6227180685358256 0.5510593220338983 0.08263239875389408 0.16201977401129944
2 0.6209890965732088 0.7263276836158192 0.08700934579439253 0.15610169491525422
6 0.5297663551401869 0.7056073446327683 0.08840342679127726 0.19070621468926555
6 0.34950155763239876 0.732231638418079 0.10049844236760123 0.18141242937853108
6 0.2485436137071651 0.68454802259887 0.12654984423676013 0.22107344632768364
3 0.4865498442367601 0.10953389830508474 0.10460280373831776 0.21346045197740113
3 0.6624610591900312 0.13997175141242937 0.2103115264797508 0.23919491525423728