6 0.7970188492063491 0.31948082010582013 0.1915079365079365 0.23296296296296298
2 0.22101686507936508 0.17622685185185183 0.14063244047619047 0.208505291005291
2 0.3466344246031746 0.14869378306878306 0.12305555555555556 0.19581018518518517
2 0.4697767857142857 0.13874007936507937 0.13758928571428572 0.20244378306878308
2 0.6122519841269841 0.10618716931216932 0.1358110119047619 0.19159391534391534
2 0.7569444444444444 0.09937169312169312 0.16121031746031747 0.19874338624338625
6 0.6128075396825398 0.32640542328042327 0.17182291666666666 0.2514814814814815
6 0.4666170634920635 0.3284391534391535 0.13825148809523807 0.20346230158730158
6 0.3665575396825397 0.8167890211640211 0.13404265873015875 0.19385582010582011
6 0.5022445436507936 0.8226488095238096 0.1431969246031746 0.2075330687830688
2 0.22922123015873017 0.3751157407407407 0.12232142857142857 0.2060681216931217
6 0.35476438492063495 0.35468584656084656 0.12207837301587303 0.22177248677248676
5 0.35538938492063493 0.6336739417989418 0.1256175595238095 0.19678571428571429
5 0.6187078373015873 0.6502744708994709 0.15198412698412697 0.24463955026455025
6 0.7758184523809524 0.6385548941798942 0.1798139880952381 0.23585317460317462
6 0.23892609126984127 0.8316832010582011 0.13000992063492064 0.17579034391534393
6 0.2310515873015873 0.6576025132275132 0.1413640873015873 0.19581018518518517
5 0.4546378968253968 0.6390443121693121 0.1908060515873016 0.19092592592592594