2 0.10400132275132275 0.24454365079365079 0.2080026455026455 0.15947420634920634
6 0.633449074074074 0.22341021825396826 0.24376322751322752 0.18516617063492063
6 0.32679232804232805 0.2055406746031746 0.2320436507936508 0.19044146825396827
6 0.8300033068783068 0.21656498015873019 0.23887896825396826 0.16983382936507935
2 0.11741732804232805 0.38724950396825397 0.1888128306878307 0.1347718253968254
6 0.3346494708994709 0.3877455357142857 0.24657738095238094 0.17029017857142859
5 0.6264087301587301 0.38661210317460315 0.21756944444444443 0.14934027777777778
6 0.8273974867724868 0.36817212301587304 0.1877314814814815 0.1639905753968254
2 0.15014219576719576 0.5275942460317461 0.20000992063492065 0.1354861111111111
5 0.331005291005291 0.5257266865079365 0.1888128306878307 0.12369295634920635
5 0.6432473544973545 0.5163740079365079 0.18935515873015873 0.13672619047619047
6 0.8239252645502646 0.5003025793650794 0.208885582010582 0.14364335317460317
2 0.16226521164021163 0.6482167658730159 0.19206679894179893 0.12044890873015872
5 0.363287037037037 0.6410962301587302 0.21865410052910053 0.1200421626984127
5 0.635380291005291 0.639263392857143 0.19206679894179893 0.11963541666666667
6 0.8168617724867725 0.6290922619047619 0.19259589947089947 0.13509920634920636
2 0.1883068783068783 0.7702951388888889 0.20400462962962962 0.1359126984126984
2 0.38309193121693125 0.7627653769841269 0.20400462962962962 0.11841517857142857
6 0.6635945767195768 0.761545138888889 0.19857804232804233 0.13794890873015875
2 0.830162037037037 0.7546279761904762 0.176875 0.12655257936507935