6 0.20362847222222222 0.6732870370370371 0.19146577380952381 0.23908068783068784
2 0.7644022817460318 0.6175363756613756 0.11991319444444444 0.2080456349206349
5 0.5329389880952381 0.662308201058201 0.138015873015873 0.20816137566137566
2 0.6510441468253969 0.834781746031746 0.12077628968253969 0.19885251322751324
2 0.24414434523809522 0.8945502645502645 0.16215525793650792 0.20115079365079364
6 0.39673363095238096 0.6617890211640212 0.19146577380952381 0.2528769841269841
2 0.3863864087301587 0.881332671957672 0.13629216269841268 0.19310185185185186
5 0.6394022817460318 0.6365046296296296 0.11991319444444444 0.22298941798941802
2 0.5290550595238096 0.8491501322751323 0.14059771825396825 0.19999999999999998
6 0.21531001984126985 0.16581349206349208 0.17155257936507937 0.23793320105820107
2 0.7682837301587301 0.8106415343915344 0.13456845238095239 0.21034391534391536
6 0.6307837301587302 0.1784589947089947 0.13370535714285714 0.1827579365079365
6 0.2247470238095238 0.3675363756613757 0.18715525793650795 0.24137896825396823
5 0.5135441468253968 0.358343253968254 0.1285342261904762 0.19310185185185186
6 0.368328373015873 0.16983796296296297 0.16551835317460317 0.18390873015873016
5 0.38121527777777775 0.358343253968254 0.1518105158730159 0.21609126984126986
6 0.49845734126984126 0.17500992063492063 0.13801835317460318 0.21034391534391536
6 0.7605257936507936 0.3370800264550265 0.138015873015873 0.19884920634920636
5 0.6385416666666667 0.3612169312169312 0.12336309523809523 0.19655423280423281
6 0.7544915674603175 0.1686904761904762 0.12594742063492062 0.1770138888888889