6 0.38028861154446175 0.401087570621469 0.07996879875195008 0.15693502824858757
5 0.47020280811232446 0.4085875706214689 0.09170826833073323 0.15087570621468926
5 0.5633541341653666 0.42155367231638413 0.09003120124804992 0.16504237288135593
5 0.6547191887675508 0.4018220338983051 0.10680967238689548 0.18024011299435028
6 0.7593447737909517 0.2281497175141243 0.12414196567862715 0.21769774011299434
6 0.6578549141965678 0.1947457627118644 0.09673946957878315 0.18327683615819207
6 0.564188767550702 0.23750000000000002 0.09730109204368174 0.16605932203389828
6 0.4719188767550702 0.23221751412429378 0.08723088923556942 0.18733050847457627
2 0.38553042121684866 0.22258474576271187 0.0855616224648986 0.15391242937853108
3 0.0017390553770550814 0.8563068393264605 0.29914063987866363 0.698157370535439 0.40035427505159377 0.5456560970583824 0.4596266188159004 0.682467977412034 0.3005271697643405 0.8274383238038039 0.1071121215361053 0.9981393760412459
3 0.479730667474573 0.6730543185554257 0.43952250668886345 0.9849602536419941 0.5511347986625493 0.9843325997763348 0.5677726495437581 0.7207501517912991 0.4773043353771848 0.6680336621942918
6 0.44298876793469155 0.6699163939656136 0.3407352670816858 0.8086110060905871 0.44298876793469155 0.9466779643499014 0.4835435294576381 0.7163571492958245