5 0.3639252336448598 0.6239406779661016 0.08374610591900311 0.15310734463276837
6 0.3625311526479751 0.9359604519774011 0.05226635514018692 0.09112994350282486
6 0.4870093457943926 0.8493361581920904 0.056954828660436135 0.15189265536723165
6 0.37381619937694704 0.4469774011299435 0.08040498442367601 0.16605932203389828
5 0.4614719626168224 0.4651553672316384 0.09491433021806854 0.14884180790960452
5 0.5494080996884736 0.48696327683615814 0.09435358255451713 0.1670762711864407
5 0.6463084112149533 0.47385593220338984 0.10887071651090342 0.18022598870056497
6 0.7470872274143302 0.4788700564971752 0.10830996884735201 0.19542372881355935
6 0.7506853582554517 0.30927966101694915 0.128411214953271 0.22478813559322033
6 0.6504672897196262 0.2718079096045198 0.09993769470404984 0.18833333333333332
6 0.5563862928348909 0.30522598870056494 0.09714953271028037 0.16809322033898305
6 0.46538161993769467 0.2854802259887006 0.08933021806853583 0.19744350282485876
2 0.37800623052959503 0.2759039548022599 0.08542056074766356 0.15694915254237288