5 0.3618981481481482 0.6462648809523809 0.20834325396825396 0.11678571428571428
2 0.16872354497354497 0.6491121031746031 0.18175925925925926 0.11353174603174603
2 0.3731216931216931 0.7634598214285714 0.194239417989418 0.11271577380952381
2 0.19042658730158732 0.7654935515873016 0.19369378306878307 0.13143601190476192
6 0.3365575396825397 0.22953373015873016 0.2268121693121693 0.17922123015873015
2 0.12324404761904761 0.2624404761904762 0.19710978835978835 0.15188244047619048
6 0.3427678571428571 0.40512152777777777 0.2351686507936508 0.16524305555555555
2 0.13412367724867724 0.40020089285714283 0.17891534391534392 0.13008680555555555
2 0.15990740740740741 0.5335069444444445 0.18985449735449736 0.12949900793650793
5 0.33959656084656087 0.5370238095238096 0.19296296296296295 0.12129464285714285
5 0.6315310846560847 0.5311036706349206 0.18175925925925926 0.13224950396825397
5 0.6244775132275132 0.6503348214285715 0.19369708994708995 0.11922867063492064
6 0.6462037037037036 0.7654935515873016 0.18989748677248677 0.13143601190476192