5 0.6385218253968254 0.46360367063492064 0.20158068783068783 0.13360615079365082
6 0.312635582010582 0.21853174603174602 0.2047585978835979 0.1400719246031746
2 0.5972784391534391 0.2202157738095238 0.20925925925925926 0.11981894841269841
2 0.7891005291005291 0.21937251984126985 0.20138558201058201 0.1366939484126984
2 0.8144179894179895 0.33961557539682535 0.19125992063492064 0.12066468253968253
2 0.8251025132275133 0.46154265873015876 0.19913359788359786 0.1366939484126984
2 0.854917328042328 0.6003497023809524 0.18675925925925926 0.13416418650793652
2 0.8701951058201057 0.744203869047619 0.21290013227513227 0.15967757936507937
5 0.6154794973544974 0.3437723214285714 0.2195436507936508 0.12246775793650794
6 0.6385284391534392 0.5986681547619047 0.24376322751322752 0.17286210317460318
6 0.6447784391534391 0.782078373015873 0.22969907407407408 0.18926835317460317
5 0.31741732804232803 0.6021825396825397 0.2437665343915344 0.151765873015873
5 0.32835317460317465 0.46529017857142857 0.19688492063492063 0.1382886904761905
5 0.3346064814814815 0.34025545634920634 0.20625992063492063 0.12598214285714285
3 0.06633928571428573 0.3849330357142857 0.13267857142857145 0.17204117063492064