6 0.5015498442367601 0.1455508474576271 0.07302180685358256 0.1506638418079096
6 0.6335358255451714 0.061087570621468926 0.05426791277258568 0.08377118644067796
5 0.6355451713395638 0.3721751412429379 0.08374610591900311 0.1494491525423729
6 0.6241588785046729 0.5520056497175141 0.08241433021806853 0.15916666666666665
5 0.537398753894081 0.5307344632768362 0.09513239875389408 0.15067796610169493
5 0.44898753894080995 0.5112994350282486 0.09179127725856698 0.16281073446327682
5 0.3524766355140187 0.5252683615819209 0.10853582554517135 0.1761864406779661
6 0.25165109034267913 0.5178531073446327 0.10664330218068536 0.1903672316384181
6 0.24791277258566977 0.6834180790960452 0.12897196261682242 0.22377118644067798
6 0.34925233644859816 0.7330225988700565 0.10049844236760123 0.18124293785310733
6 0.4419314641744549 0.69454802259887 0.09827102803738318 0.16504237288135593
6 0.5323831775700935 0.7087146892655367 0.08821651090342679 0.19137005649717514
2 0.6205996884735203 0.7249293785310734 0.08598909657320872 0.15086158192090396
3 0.4288017325542148 0.010960274003023775 0.4249948096085065 0.18040613342197542 0.5101309776398636 0.2237089641623742 0.5450852791336295 0.01284300577434547
3 0.5648119522140658 0.1088623261117514 0.5502765088916389 0.2682669877212634 0.9396187407423574 0.02602212817359726 0.7174341070995477 0.024766992811520783