2 0.7649206349206349 0.8086309523809524 0.1309201388888889 0.19336970899470898
5 0.531515376984127 0.36765211640211637 0.13500744047619048 0.18422949735449737
5 0.6496750992063491 0.37461640211640207 0.11691964285714286 0.19477843915343915
6 0.764796626984127 0.35528769841269847 0.13330853174603174 0.18995039682539683
2 0.7621974206349206 0.6242989417989419 0.1109672619047619 0.193859126984127
5 0.6473834325396826 0.6399239417989419 0.11572916666666667 0.2075330687830688
5 0.5343998015873015 0.6599437830687831 0.12342013888888889 0.192880291005291
6 0.40009176587301587 0.6592526455026455 0.161875 0.2353637566137566
6 0.22881448412698413 0.6618981481481481 0.17878224206349208 0.22413359788359788
2 0.2642237103174603 0.8812632275132275 0.15198412698412697 0.20166997354497354
2 0.40080109126984126 0.8640575396825396 0.12781498015873016 0.18116402116402117
2 0.5342906746031747 0.8381812169312168 0.13404017857142858 0.1889814814814815
2 0.6491046626984127 0.8291501322751322 0.11316468253968254 0.18263888888888888