5 0.6494345238095238 0.6292989417989417 0.12076636904761905 0.21657407407407406
5 0.6530753968253967 0.3494874338624338 0.12129464285714285 0.202744708994709
6 0.772172619047619 0.3289814814814815 0.13975446428571428 0.20040013227513226
6 0.21171626984126984 0.6570734126984127 0.19249007936507936 0.23274801587301588
6 0.3957688492063492 0.6497982804232805 0.17139632936507937 0.2482175925925926
5 0.5330704365079365 0.6521527777777777 0.1313169642857143 0.20040343915343914
2 0.7709945436507937 0.6117228835978835 0.1160218253968254 0.2039186507936508
2 0.7709945436507937 0.8018121693121693 0.1307886904761905 0.20206679894179894
2 0.6525719246031746 0.8279001322751324 0.1187202380952381 0.1904398148148148
2 0.5331076388888888 0.8364186507936507 0.1355059523809524 0.19857804232804233
2 0.3928546626984127 0.8636541005291005 0.13337053571428573 0.18962632275132274
2 0.2498685515873016 0.8815310846560847 0.15900545634920635 0.20875
6 0.23535218253968254 0.34011243386243384 0.18062499999999998 0.23907407407407408
5 0.3896875 0.3304431216931217 0.15249751984126983 0.24434854497354497
5 0.5276041666666668 0.344212962962963 0.1384375 0.19336970899470898