6 0.2079389880952381 0.6606415343915344 0.1897420634920635 0.22758597883597884
2 0.7707465277777777 0.8067824074074074 0.13534474206349206 0.20356481481481484
6 0.49888392857142855 0.6582870370370371 0.15956845238095238 0.19781746031746034
6 0.39040922619047624 0.33499999999999996 0.1482762896825397 0.23908068783068784
6 0.7602256944444444 0.3341468253968254 0.13887896825396825 0.2024107142857143
6 0.23125744047619046 0.3451256613756614 0.1827579365079365 0.23792989417989419
5 0.6472619047619048 0.35489417989417993 0.1225 0.20459986772486774
5 0.6437127976190475 0.6324239417989418 0.11991319444444444 0.2150595238095238
2 0.24500992063492064 0.8865046296296296 0.16215525793650792 0.20574735449735448
2 0.3876810515873016 0.8726554232804232 0.1354315476190476 0.18517195767195768
2 0.6484548611111112 0.8324239417989417 0.12077628968253969 0.18976851851851853
2 0.765265376984127 0.6134589947089947 0.11818948412698413 0.20241402116402119
5 0.5234548611111112 0.34966600529100533 0.13629216269841268 0.19666666666666668
2 0.5290575396825397 0.8427678571428572 0.13715525793650793 0.19896494708994708
6 0.3885416666666666 0.6565641534391534 0.1647420634920635 0.24264219576719576