6 0.7671924603174604 0.33628637566137565 0.14307291666666666 0.20169973544973546
6 0.20574156746031744 0.6782275132275133 0.19213789682539684 0.23085978835978835
6 0.3883779761904762 0.6701289682539683 0.17010912698412697 0.25111441798941797
6 0.5246949404761905 0.6681018518518518 0.13593501984126985 0.20250992063492063
6 0.6458209325396825 0.6412830687830687 0.12150793650793651 0.22073743386243386
2 0.7711235119047619 0.6215244708994709 0.11998759920634922 0.20656084656084656
2 0.24673611111111113 0.897691798941799 0.1640327380952381 0.20094907407407406
2 0.38913938492063493 0.8883333333333334 0.13517609126984126 0.19339616402116402
2 0.5322867063492063 0.8579530423280423 0.1389732142857143 0.20352182539682542
2 0.6553125 0.843779761904762 0.12378472222222223 0.19744708994708995
2 0.7779563492063492 0.8194775132275132 0.1397247023809524 0.20959656084656086
5 0.6450768849206349 0.36423280423280424 0.12302579365079365 0.19683862433862434
5 0.5188616071428572 0.35937169312169315 0.1385168650793651 0.19441137566137565
5 0.3844444444444444 0.3636276455026455 0.1521875 0.2223578042328042
2 0.7562772817460317 0.16739087301587302 0.12758184523809524 0.1749702380952381
6 0.6323189484126984 0.18197089947089945 0.13760664682539683 0.1919808201058201
6 0.502001488095238 0.17528769841269842 0.13942956349206348 0.212635582010582
6 0.3625719246031746 0.1746825396825397 0.17406001984126981 0.18955026455026455
6 0.22678819444444442 0.3605886243386244 0.1813467261904762 0.2381547619047619