6 0.213797123015873 0.17044642857142855 0.16429563492063493 0.23804894179894182
6 0.3684375 0.175760582010582 0.16449900793650793 0.1835218253968254
6 0.5082167658730159 0.17433862433862435 0.1583953373015873 0.2091600529100529
6 0.6292237103174604 0.18613756613756613 0.13184275793650793 0.1823015873015873
2 0.751453373015873 0.1692526455026455 0.1217733134920635 0.177010582010582
6 0.22336061507936508 0.3649074074074074 0.1853125 0.24415343915343918
5 0.3823040674603175 0.36051256613756616 0.15088541666666666 0.21680886243386244
5 0.5161631944444445 0.3563624338624339 0.1373363095238095 0.18897486772486774
5 0.6403149801587301 0.36295634920634917 0.12195436507936509 0.19532407407407407
6 0.7613541666666667 0.3358564814814815 0.13843501984126982 0.19581018518518517
6 0.2063467261904762 0.6724570105820106 0.1928918650793651 0.23288690476190477
6 0.3857490079365079 0.6640376984126984 0.16559523809523807 0.2475165343915344
5 0.5231299603174604 0.661223544973545 0.12815228174603174 0.1996957671957672
5 0.6409970238095238 0.6362599206349207 0.11918650793650794 0.21727843915343914
2 0.7630853174603175 0.615869708994709 0.11865823412698413 0.2032142857142857
2 0.2430952380952381 0.8958399470899471 0.15874007936507936 0.20765873015873018
2 0.3881374007936508 0.8806117724867725 0.1334499007936508 0.19266865079365078
2 0.5294940476190476 0.8495568783068783 0.14151289682539683 0.19922949735449735
2 0.6454290674603175 0.8324834656084655 0.12085813492063492 0.19336970899470898
2 0.766810515873016 0.8105886243386242 0.13096478174603174 0.20333002645502646