6 0.16833664021164021 0.24472222222222223 0.17820767195767195 0.12859375
6 0.33912037037037035 0.23763392857142857 0.19576058201058202 0.13669642857142855
2 0.6179133597883598 0.2351016865079365 0.20520833333333333 0.11745783730158729
2 0.8149603174603175 0.22688740079365077 0.20116071428571428 0.13770585317460318
6 0.18220568783068783 0.3687698412698413 0.19032407407407406 0.13078621031746032
5 0.36174603174603176 0.35927579365079365 0.19501322751322753 0.12305555555555556
5 0.6364484126984127 0.35892361111111115 0.21751322751322752 0.11953869047619048
2 0.8370866402116401 0.3508382936507936 0.1931382275132275 0.1216468253968254
6 0.17658068783068784 0.500265376984127 0.20907407407407408 0.1406423611111111
5 0.35612103174603177 0.48232886904761907 0.18938492063492066 0.1357093253968254
2 0.6679662698412698 0.47387400793650797 0.1888128306878307 0.12549355158730158
2 0.849616402116402 0.4716765873015873 0.2005324074074074 0.1347718253968254
6 0.17334325396825398 0.6306026785714286 0.1882903439153439 0.1646577380952381
5 0.3589021164021164 0.6165401785714285 0.2187632275132275 0.14942212301587302
6 0.6636044973544973 0.6127306547619048 0.24844907407407404 0.17110367063492063
2 0.8815873015873016 0.6121428571428571 0.18907407407407406 0.13594494047619046
2 0.8956448412698412 0.7551215277777777 0.20871031746031746 0.15938492063492063
6 0.6718088624338624 0.7949677579365079 0.23047949735449735 0.18985367063492065
6 0.3651521164021164 0.776937003968254 0.24220238095238095 0.1866046626984127
2 0.16628306878306878 0.7867733134920635 0.2343882275132275 0.16439732142857144