5 0.5276909722222223 0.34427248677248673 0.1379935515873016 0.19395502645502644
2 0.2505580357142857 0.8808267195767195 0.15952876984126985 0.20997354497354498
2 0.39228918650793654 0.8651984126984127 0.13447916666666668 0.19161044973544972
2 0.5318229166666667 0.8382473544973545 0.1349206349206349 0.1974702380952381
2 0.6531200396825397 0.8268187830687831 0.11822172619047619 0.18985449735449736
2 0.7735342261904762 0.8030853174603175 0.13491815476190477 0.20450066137566136
2 0.7702405753968254 0.6111805555555556 0.1160218253968254 0.202744708994709
6 0.6493824404761904 0.6284689153439154 0.12041666666666666 0.2173941798941799
6 0.5316319444444444 0.6524900793650794 0.1296453373015873 0.2009887566137566
6 0.3944866071428571 0.6519080687830687 0.1713938492063492 0.24552248677248678
6 0.21224206349206348 0.6577215608465609 0.19175347222222222 0.2337301587301587
6 0.7727008928571429 0.3287433862433862 0.13931547619047618 0.20157407407407404
6 0.23584821428571429 0.33977843915343914 0.1797296626984127 0.24048280423280424
5 0.39211309523809523 0.3305026455026455 0.1525 0.24493386243386242
5 0.6525024801587301 0.3492526455026455 0.12129712301587302 0.20508928571428572