6 0.30159604519774014 0.23988299531981278 0.21542372881355934 0.1307878315132605
6 0.47120056497175145 0.2466380655226209 0.18792372881355934 0.10885335413416537
5 0.46355932203389827 0.34493759750390013 0.17877118644067796 0.108003120124805
6 0.2557627118644068 0.3407176287051482 0.17877118644067796 0.10125585023400936
6 0.2962570621468927 0.43479719188767546 0.1650141242937853 0.10209828393135724
5 0.47730225988700564 0.4411310452418096 0.16042372881355932 0.09282371294851795
6 0.6484180790960452 0.43522620904836196 0.16653954802259888 0.10125585023400936
6 0.2786864406779661 0.5255070202808113 0.18182203389830506 0.08944617784711388
5 0.4589689265536723 0.5305694227769111 0.15127118644067797 0.09450078003120126
5 0.6323870056497175 0.542808112324493 0.18334745762711865 0.08354134165366614
2 0.26704802259887006 0.6137909516380655 0.15278248587570623 0.08613884555382216
6 0.43734463276836155 0.6176053042121685 0.15809322033898307 0.08085803432137285
5 0.6140112994350283 0.6281591263650546 0.14641242937853108 0.08203588143525742
3 0.7545278301346775 0.4013910531625733 0.7435713570205094 0.5084804526649078 0.9895279353701982 0.5689165831011915 0.9530464201061442 0.41230256432252804
3 0.667077850322231 0.6215545031585998 0.6670778503222307 0.7040855828335715 0.8577235635115069 0.7671211365613547 0.9859974592000261 0.9607766546396758 0.9812902294675185 0.7287798958681355 0.7694616592572123 0.5825634512642233