2 0.2302529761904762 0.1613227513227513 0.13184275793650793 0.20684854497354496
2 0.3500148809523809 0.13718915343915344 0.12174355158730159 0.19629960317460318
2 0.47042906746031743 0.1257638888888889 0.14107142857142857 0.20040343915343914
2 0.6140873015873016 0.09507275132275132 0.1349206349206349 0.19014550264550265
2 0.7594246031746031 0.09275793650793651 0.1609623015873016 0.18551587301587302
6 0.7975347222222222 0.30477843915343916 0.1935342261904762 0.23380291005291004
6 0.6139186507936508 0.3107308201058201 0.17192460317460317 0.25103174603174605
5 0.46738839285714284 0.31203373015873015 0.13658978174603176 0.19688492063492063
5 0.3569022817460317 0.34051256613756614 0.12129464285714285 0.2200958994708995
2 0.2334970238095238 0.3598478835978836 0.11918650793650794 0.2039153439153439
6 0.23149305555555555 0.6423181216931216 0.13404017857142858 0.19483465608465605
5 0.35743303571428575 0.6182010582010582 0.12268849206349207 0.20264550264550263
5 0.45526041666666667 0.6249801587301588 0.19117311507936507 0.19239417989417987
5 0.6176810515873016 0.6357175925925926 0.15198660714285714 0.24218915343915343
6 0.7746130952380952 0.6254695767195767 0.18091765873015875 0.2363425925925926
6 0.24482390873015872 0.8154166666666667 0.12342013888888889 0.17578042328042326