6 0.22313492063492063 0.36460648148148145 0.18414186507936509 0.2466931216931217
5 0.38332589285714286 0.3590376984126984 0.14942212301587302 0.21915013227513228
5 0.5164856150793651 0.3561078042328042 0.1362375992063492 0.18985449735449736
5 0.6406374007936508 0.3619642857142857 0.12261408730158731 0.1945271164021164
6 0.7614955357142857 0.3361871693121693 0.13843501984126982 0.19805886243386242
6 0.20570436507936507 0.67198082010582 0.1909077380952381 0.2320436507936508
6 0.38699156746031743 0.6645998677248677 0.17061011904761905 0.24962301587301589
6 0.2140798611111111 0.165869708994709 0.16568204365079364 0.2311574074074074
6 0.3676760912698413 0.1721164021164021 0.16480406746031745 0.1851686507936508
6 0.49886160714285716 0.175625 0.13975446428571428 0.21210978835978836
6 0.630267857142857 0.18383267195767194 0.13096478174603174 0.19219907407407408
6 0.7539211309523809 0.1693915343915344 0.12708085317460316 0.17676917989417987
5 0.5278670634920635 0.6616931216931217 0.1437078373015873 0.20040343915343914
5 0.6405927579365079 0.636494708994709 0.12041666666666666 0.21915343915343916
2 0.7638665674603174 0.6159887566137566 0.11734126984126984 0.2039186507936508
2 0.7704588293650793 0.8102347883597883 0.13755704365079366 0.20333002645502646
2 0.6489434523809524 0.8357275132275132 0.12129464285714285 0.19336970899470898
2 0.5272073412698413 0.850079365079365 0.1362375992063492 0.2009887566137566
2 0.38789434523809524 0.8811375661375661 0.13447916666666668 0.19161375661375663
2 0.24506448412698414 0.8954298941798943 0.15997023809523808 0.20847883597883599