6 0.21503968253968253 0.16732142857142857 0.16875992063492065 0.2313425925925926
5 0.6409375 0.36237103174603175 0.12158730158730159 0.19434854497354498
2 0.7707663690476191 0.8108829365079365 0.1373363095238095 0.20459986772486774
2 0.6486284722222222 0.8360284391534392 0.12085813492063492 0.19141534391534393
2 0.5299702380952381 0.849699074074074 0.13990079365079366 0.20020833333333332
2 0.3876884920634921 0.8811970899470899 0.13367311507936508 0.1919047619047619
2 0.24522569444444445 0.8958763227513228 0.16004216269841268 0.20758928571428573
2 0.7630753968253968 0.6158002645502646 0.11975694444444444 0.2031349206349206
5 0.6407539682539682 0.6349007936507937 0.11975694444444444 0.2192526455026455
5 0.5224627976190477 0.6612136243386243 0.1300124007936508 0.19922949735449735
6 0.38805307539682543 0.6656084656084655 0.17175843253968254 0.2500132275132275
6 0.20585565476190476 0.6722023809523809 0.18970734126984126 0.22999338624338625
6 0.7606969246031746 0.33575396825396825 0.1398983134920635 0.19678902116402117
6 0.3679141865079365 0.17510251322751322 0.16517113095238095 0.18409060846560849
6 0.49938988095238096 0.17559193121693123 0.1409970238095238 0.210462962962963
6 0.6295858134920634 0.18438161375661377 0.13184275793650793 0.18897486772486774
6 0.753187003968254 0.16973544973544974 0.12634920634920635 0.17726190476190476
6 0.22343501984126984 0.36480820105820105 0.1853125 0.24317791005291006
5 0.38274305555555554 0.3591964285714286 0.14942212301587302 0.2182738095238095
5 0.5166021825396826 0.35651124338624335 0.1351388888888889 0.18946097883597882