2 0.7792212301587302 0.8188756613756615 0.13922619047619048 0.2088392857142857
6 0.2265451388888889 0.3607903439153439 0.18099454365079365 0.23541666666666666
6 0.3622916666666667 0.17473214285714286 0.17276785714285714 0.1906977513227513
6 0.5012003968253969 0.17726190476190476 0.1430233134920635 0.212635582010582
6 0.6328348214285715 0.18190476190476193 0.13542906746031744 0.19322751322751325
2 0.7611631944444445 0.16544973544973546 0.12783482142857142 0.17551256613756613
5 0.38317708333333333 0.3612169312169312 0.1525173611111111 0.22108465608465608
5 0.5173387896825397 0.35910052910052914 0.13353174603174603 0.19323082010582013
5 0.6448462301587301 0.36498015873015877 0.12340277777777778 0.19688492063492063
6 0.7608010912698413 0.33741732804232805 0.14239087301587303 0.2016666666666667
6 0.20570436507936507 0.6789517195767196 0.1914360119047619 0.23416005291005293
6 0.38949404761904766 0.6701554232804232 0.17192460317460317 0.25032738095238094
5 0.523154761904762 0.6628306878306879 0.12921626984126985 0.2039153439153439
5 0.6457986111111111 0.6420271164021164 0.12129712301587302 0.21938492063492063
2 0.771312003968254 0.6205787037037037 0.12024305555555555 0.204619708994709
2 0.24724950396825396 0.8996031746031746 0.16137648809523808 0.20013227513227513
2 0.38843998015873016 0.8891898148148147 0.13922619047619048 0.19055555555555556
2 0.5291021825396826 0.8579001322751323 0.13817212301587303 0.2025165343915344
2 0.6547643849206349 0.845598544973545 0.12340525793650793 0.1947850529100529