6 0.2831073446327684 0.23998439937597507 0.18152542372881358 0.12960998439937596
6 0.471045197740113 0.24555382215288613 0.18701977401129943 0.10834633385335414
5 0.46461864406779657 0.34478159126365054 0.17785310734463278 0.10833853354134164
6 0.26018361581920907 0.33921996879875194 0.1906779661016949 0.09922776911076442
6 0.2931920903954802 0.4338533541341654 0.1613559322033898 0.10125585023400936
5 0.47562146892655366 0.4419890795631825 0.15951977401129944 0.09416536661466458
6 0.6488841807909604 0.435405616224649 0.1686723163841808 0.09922776911076442
6 0.2768361581920904 0.5256786271450857 0.19405367231638415 0.09282371294851795
5 0.4586723163841808 0.5307410296411856 0.15125706214689266 0.09281591263650546
5 0.6300141242937853 0.5472308892355694 0.18793785310734465 0.08269110764430578
5 0.6145197740112994 0.6286193447737909 0.14820621468926554 0.08269110764430578
6 0.4395621468926553 0.6172308892355693 0.15584745762711866 0.08015600624024961
2 0.2650282485875706 0.6114508580343214 0.15490112994350283 0.08730889235569424