5 0.43525741029641185 0.5770197740112994 0.08993759750390015 0.1640677966101695
6 0.613798751950078 0.6005508474576271 0.07927457098283931 0.15320621468926554
5 0.33931357254290173 0.5926977401129944 0.10992979719188768 0.1857768361581921
2 0.6138065522620905 0.7754661016949153 0.08594383775351015 0.15562146892655368
6 0.2397191887675507 0.7676271186440679 0.12658346333853354 0.22437853107344635
6 0.5252262090483619 0.7682203389830509 0.08794071762870515 0.18456214689265535
6 0.3413182527301092 0.8038135593220339 0.09926677067082684 0.18819209039548024
6 0.43492199687987526 0.7561581920903955 0.09726989079563182 0.16768361581920904
5 0.5258580343213728 0.5860734463276837 0.09260530421216849 0.1508050847457627
3 0.4905304212168487 0.16651129943502824 0.12696567862714508 0.3330225988700565
3 0.7660920436817472 0.23981638418079096 0.4040561622464899 0.46581920903954804
6 0.5768330733229329 0.18704802259887007 0.10804992199687988 0.25177966101694915