6 0.3854992199687987 0.3982909604519774 0.07985179407176288 0.15310734463276837
5 0.47374414976599066 0.41104519774011294 0.09260530421216849 0.15187853107344632
5 0.5629953198127925 0.42016949152542377 0.08858034321372855 0.16281073446327682
5 0.650195007800312 0.39799435028248586 0.10671606864274572 0.1797316384180791
6 0.7592823712948518 0.2125282485875706 0.1276833073322933 0.17718926553672318
6 0.6581591263650546 0.19649717514124296 0.09785491419656786 0.1822598870056497
6 0.563798751950078 0.24206214689265537 0.09645865834633385 0.17213276836158192
6 0.47106084243369734 0.22519774011299434 0.08900936037441498 0.17213276836158192
2 0.38368954758190327 0.22180790960451977 0.08760530421216849 0.15526836158192092
3 0.007631648720271343 0.8556793003736293 0.26863793441923545 0.7025504304873277 0.37262450242679096 0.5688764747234877 0.43986917089446476 0.5519318887815926 0.4578934881929863 0.6743094539175023 0.4364029096486368 0.7433429330471594 0.29082171443805915 0.8249280530796509 0.11612428018536607 0.9880980633189784
3 0.48007726821181007 0.6830955163648653 0.4381360402715508 0.9761741337382172 0.5355368134614158 0.9774293265567076 0.567772649543758 0.7439705869128185 0.48458339513771365 0.6837231127741106
6 0.44506849929484255 0.6636406596988172 0.3504407224079672 0.7929216129671822 0.37990356218731985 0.9303610322736654 0.44541510003207974 0.9460504253970701 0.48735632797233897 0.6969022351733625