5 0.5329389880952381 0.32897817460317463 0.13629464285714285 0.20126653439153439
5 0.660999503968254 0.33478174603174604 0.12155257936507938 0.2080456349206349
2 0.5377232142857142 0.8215608465608466 0.13362103174603174 0.19080357142857143
5 0.535954861111111 0.6457010582010582 0.12163938492063492 0.19540013227513228
2 0.774593253968254 0.5908366402116403 0.11810267857142857 0.20115079365079364
2 0.24203125 0.8669609788359789 0.15603670634920636 0.20344246031746033
2 0.6623933531746031 0.8135152116402117 0.11982886904761904 0.18850529100529098
5 0.39693948412698415 0.3160350529100529 0.15086309523809524 0.24712632275132274
6 0.7859573412698413 0.31230820105820106 0.13198164682539681 0.20471230158730158
2 0.4013516865079365 0.8514451058201058 0.13448412698412698 0.18390542328042328
5 0.6562574404761905 0.6163888888888889 0.12241319444444444 0.2195403439153439
6 0.21703373015873018 0.6457010582010582 0.190515873015873 0.23218253968253968
2 0.7766493055555556 0.7854431216931217 0.13534474206349206 0.20115079365079364
6 0.4006547619047619 0.63880291005291 0.1698263888888889 0.245978835978836