2 0.18448412698412697 0.24340277777777777 0.1767526455026455 0.13243799603174602
6 0.3562929894179894 0.23490079365079367 0.20250992063492063 0.13973214285714286
2 0.6406216931216931 0.23307291666666666 0.20737103174603175 0.11906994047619048
2 0.8359589947089947 0.2268700396825397 0.20907407407407408 0.13711805555555556
5 0.37878968253968254 0.3560689484126984 0.20363425925925924 0.12572420634920636
6 0.660056216931217 0.3573363095238095 0.22164021164021164 0.12150545634920636
2 0.8608796296296297 0.35058531746031746 0.19351190476190475 0.12319444444444445
5 0.3737268518518519 0.4813715277777778 0.19576058201058202 0.13838045634920637
6 0.6909953703703704 0.46955853174603174 0.19126322751322752 0.1282564484126984
2 0.8738194444444444 0.47166914682539685 0.20363756613756612 0.13922619047619048
5 0.3641633597883598 0.6172222222222222 0.24413690476190475 0.15188244047619048
6 0.6870568783068782 0.6125843253968254 0.2531382275132275 0.1712921626984127
2 0.9043981481481482 0.6146924603174603 0.19054232804232807 0.1383829365079365
2 0.9055257936507937 0.7585590277777778 0.1882903439153439 0.1628546626984127
6 0.6938095238095238 0.7986383928571429 0.23513888888888887 0.1957614087301587
6 0.3726058201058201 0.7745907738095238 0.24301256613756614 0.18141617063492063