2 0.3508556547619048 0.16863425925925926 0.11386160714285713 0.18151785714285712
2 0.2351388888888889 0.19173941798941802 0.12747519841269842 0.19471891534391536
2 0.4647172619047619 0.16038359788359788 0.13118799603174605 0.1914219576719577
2 0.6002380952380952 0.13480489417989416 0.12995039682539683 0.17986772486772484
2 0.7357564484126985 0.12490410052910052 0.1584151785714286 0.19966931216931216
6 0.7704117063492064 0.3377744708994709 0.18316964285714285 0.229375
6 0.5945014880952382 0.34132275132275136 0.16370287698412697 0.2340873015873016
5 0.4633804563492063 0.34017857142857144 0.11887400793650794 0.194973544973545
5 0.3573834325396825 0.35993716931216935 0.12035218253968254 0.20691137566137568
2 0.23702876984126986 0.37552579365079364 0.11190972222222223 0.1923181216931217
6 0.4429340277777778 0.6308399470899471 0.182547123015873 0.18170965608465608
6 0.35017857142857145 0.6235482804232804 0.11638640873015872 0.1949702380952381
6 0.23479166666666665 0.6434424603174603 0.13329613095238096 0.19099206349206346