2 0.25115575396825396 0.8767030423280423 0.15821180555555556 0.20850859788359788
2 0.5326760912698413 0.8342030423280423 0.13447916666666668 0.19758928571428572
2 0.6531820436507937 0.8222486772486772 0.11813244047619048 0.18915343915343916
2 0.7705183531746032 0.7993981481481481 0.1292013888888889 0.20250992063492063
2 0.7697321428571429 0.6056746031746032 0.11496775793650794 0.20040343915343914
6 0.26432787698412696 0.33775462962962965 0.12403769841269842 0.23457671957671958
5 0.3927951388888889 0.3267857142857143 0.15188492063492062 0.24470238095238095
5 0.5269593253968253 0.34070767195767193 0.13669642857142855 0.19491402116402115
5 0.6516294642857142 0.34703703703703703 0.12403769841269842 0.2058862433862434
6 0.7718700396825396 0.32509920634920636 0.13796130952380953 0.1991369047619048
6 0.21361607142857142 0.6548974867724868 0.1914360119047619 0.23274801587301588
6 0.3955580357142857 0.6482142857142857 0.16823164682539682 0.24751322751322752
5 0.6492261904761905 0.6250099206349207 0.11971478174603174 0.21657407407407406
5 0.5314360119047619 0.6475132275132275 0.13131448412698413 0.20110449735449734
2 0.39453869047619045 0.8618088624338625 0.13294146825396824 0.1875099206349206