6 0.7814285714285714 0.3124404761904762 0.1411235119047619 0.2058862433862434
5 0.6605257936507936 0.3335350529100529 0.12340525793650793 0.20757275132275133
5 0.532718253968254 0.3288921957671958 0.1398611111111111 0.19660383597883596
5 0.3969742063492063 0.31708333333333333 0.1506175595238095 0.24723214285714284
2 0.7785813492063491 0.5959556878306879 0.11897569444444443 0.2025132275132275
2 0.7826934523809524 0.7896097883597885 0.13606150793650795 0.2033564814814815
5 0.6561334325396826 0.6154464285714285 0.12182291666666667 0.2200892857142857
2 0.6598239087301587 0.8137400793650794 0.11971478174603174 0.18915343915343916
5 0.536155753968254 0.6384027777777778 0.1328968253968254 0.20040013227513226
2 0.5377380952380952 0.8246395502645503 0.133953373015873 0.19688492063492063
6 0.40062251984126984 0.6390046296296296 0.17192212301587304 0.24751322751322752
2 0.39851190476190473 0.8541699735449736 0.13500744047619048 0.18844907407407407
6 0.21735863095238095 0.6453339947089947 0.1914360119047619 0.23204695767195768
2 0.2578893849206349 0.8693617724867724 0.15821180555555556 0.2084953703703704
3 0.6158382936507937 0.08414021164021164 0.19106150793650795 0.16828042328042328