5 0.45614583333333336 0.6428835978835978 0.1872172619047619 0.18868386243386245
2 0.22945684523809523 0.18907738095238094 0.13732886904761907 0.20503968253968252
2 0.35096478174603174 0.16291997354497356 0.12087301587301588 0.1915410052910053
2 0.4699404761904762 0.14899470899470899 0.13985863095238094 0.2008234126984127
2 0.6113814484126985 0.11735449735449735 0.13416418650793652 0.1915410052910053
2 0.7553323412698413 0.10317460317460317 0.16021825396825398 0.20634920634920634
6 0.7939583333333333 0.3266170634920635 0.18922123015873019 0.2320436507936508
6 0.6116964285714286 0.33378968253968255 0.17150049603174602 0.24976521164021162
5 0.4701934523809524 0.33733465608465607 0.1411235119047619 0.2008234126984127
5 0.35881200396825397 0.36264550264550266 0.12087301587301588 0.22107473544973544
2 0.2360342261904762 0.3837466931216931 0.11706845238095237 0.20420304232804232
6 0.23508928571428572 0.6617030423280423 0.13163194444444445 0.19140542328042326
5 0.3581423611111111 0.6370238095238094 0.12305307539682539 0.19571428571428573
5 0.6174330357142856 0.6399537037037037 0.14942212301587302 0.21797949735449734
6 0.7763045634920634 0.6340939153439153 0.18501984126984128 0.2414021164021164
6 0.7828968253968254 0.8298082010582011 0.16919890873015875 0.23673280423280424
6 0.63171875 0.8254067460317461 0.16480406746031745 0.18457010582010583
6 0.4994246031746032 0.8228935185185184 0.14107142857142857 0.21036375661375661
6 0.36991815476190476 0.8152810846560846 0.13096478174603174 0.18927910052910052
6 0.2446701388888889 0.830218253968254 0.12744791666666666 0.1769642857142857