6 0.6940112433862434 0.7979637896825397 0.23243386243386244 0.1914161706349206
6 0.18367394179894178 0.24401289682539684 0.17837301587301588 0.12879464285714284
6 0.3544973544973545 0.2346577380952381 0.20020502645502644 0.13916418650793652
2 0.63880291005291 0.23282986111111112 0.20563161375661376 0.11841517857142857
2 0.8740443121693122 0.4717534722222222 0.20138558201058201 0.13669642857142855
5 0.660436507936508 0.3578249007936508 0.22141203703703702 0.12353174603174603
6 0.37587632275132277 0.7737524801587301 0.24031084656084659 0.1822544642857143
5 0.36409722222222224 0.6160267857142857 0.24436507936507937 0.1559325396825397
5 0.3796230158730159 0.35630456349206346 0.2052116402116402 0.12251984126984126
5 0.37625 0.48085069444444445 0.19576058201058202 0.1366939484126984
2 0.8354794973544973 0.22672619047619047 0.20725859788359788 0.13875992063492065
2 0.9065773809523808 0.7589012896825397 0.18618386243386242 0.1630952380952381
2 0.9049503968253969 0.6136284722222223 0.18944113756613756 0.13526041666666666
6 0.6862003968253969 0.6138740079365079 0.2519675925925926 0.1718849206349206
5 0.6901058201058201 0.47177579365079364 0.19076719576719575 0.12793650793650793
2 0.8597354497354498 0.34921874999999997 0.19607473544973544 0.12454613095238096