5 0.5330456349206348 0.3283862433862434 0.14125248015873015 0.19745039682539683
6 0.3971106150793651 0.31826388888888885 0.15188244047619048 0.24605158730158727
5 0.6583506944444444 0.3344609788359788 0.12606150793650792 0.20959986772486774
6 0.780235615079365 0.31370701058201056 0.14200892857142858 0.20453703703703702
2 0.7783382936507937 0.5962103174603175 0.11998759920634922 0.20453703703703702
2 0.7813764880952382 0.7901124338624339 0.13669642857142855 0.20554894179894181
5 0.654858630952381 0.6156183862433863 0.12277281746031746 0.2193882275132275
2 0.659920634920635 0.8139087301587302 0.1202405753968254 0.1906977513227513
2 0.5380977182539682 0.8232242063492063 0.13606150793650795 0.19744708994708995
5 0.537780257936508 0.6396660052910053 0.1328968253968254 0.19998015873015873
6 0.39982142857142855 0.638829365079365 0.1734002976190476 0.2489318783068783
2 0.3988715277777778 0.8531448412698412 0.13479662698412698 0.1881679894179894
2 0.2564806547619048 0.8679100529100529 0.15757936507936507 0.2092625661375661
6 0.21692708333333333 0.6451488095238096 0.18985615079365079 0.23289021164021165