6 0.2336235119047619 0.3696990740740741 0.16221230158730157 0.24179563492063494
6 0.363484623015873 0.17711309523809524 0.16312251984126985 0.187119708994709
6 0.49835813492063497 0.1789351851851852 0.1394270833333333 0.21263888888888888
6 0.6285813492063492 0.18452380952380953 0.1321378968253968 0.19319444444444445
2 0.7526760912698413 0.170625 0.12815228174603174 0.1779001322751323
5 0.382078373015873 0.36540343915343915 0.1503000992063492 0.21727513227513226
5 0.5159573412698413 0.3597751322751323 0.13553323412698412 0.19055886243386244
2 0.6462648809523809 0.8407407407407408 0.12235119047619047 0.19336970899470898
2 0.7722619047619048 0.8154298941798942 0.1376438492063492 0.20602843915343916
6 0.38648809523809524 0.6698743386243386 0.17297619047619048 0.25102843915343914
5 0.6395535714285714 0.3657539682539682 0.12129464285714285 0.19407407407407407
6 0.7617137896825397 0.3390343915343915 0.13975198412698414 0.19969907407407406
2 0.7640873015873016 0.6199470899470899 0.1202405753968254 0.2046164021164021
5 0.6404166666666666 0.6414914021164021 0.12076636904761905 0.2193882275132275
5 0.5148487103174603 0.6667096560846562 0.1292063492063492 0.19829034391534392
6 0.19446924603174603 0.6719510582010582 0.1909077380952381 0.23064814814814816
2 0.24026041666666667 0.8982308201058201 0.16137648809523808 0.20287698412698413
2 0.38483382936507937 0.8830886243386243 0.13500744047619048 0.19125992063492064
2 0.5275496031746032 0.8555092592592592 0.1365674603174603 0.20180886243386242