6 0.36578869047619045 0.8168518518518518 0.1349206349206349 0.19394179894179894
6 0.6367584325396825 0.8217791005291005 0.17447420634920635 0.18633597883597885
2 0.238390376984127 0.8300000000000001 0.12970734126984126 0.17904761904761907
6 0.4915252976190476 0.806061507936508 0.14063244047619047 0.21212301587301588
5 0.4529761904761905 0.6400198412698412 0.19074404761904762 0.19084656084656085
5 0.6167113095238095 0.6377910052910053 0.15198412698412697 0.22137896825396827
6 0.7732762896825397 0.6396130952380953 0.18128472222222222 0.23560846560846563
2 0.46837797619047616 0.1409424603174603 0.13580853174603175 0.20210648148148147
2 0.609265873015873 0.1087797619047619 0.13428571428571429 0.1904398148148148
2 0.7543402777777778 0.09953703703703703 0.1597222222222222 0.19907407407407407
6 0.7936011904761905 0.32039021164021164 0.1910515873015873 0.23276785714285714
6 0.6098759920634921 0.32872685185185185 0.17212797619047618 0.25107473544973546
2 0.22090773809523812 0.17988756613756615 0.13990079365079366 0.2070436507936508
2 0.34487847222222223 0.1547420634920635 0.12342013888888889 0.19678902116402117
5 0.4654861111111111 0.3303505291005291 0.13642113095238095 0.20142526455026455
5 0.35412450396825396 0.3568022486772487 0.12207837301587303 0.2209589947089947
2 0.22823660714285715 0.37755621693121694 0.12056051587301587 0.2063095238095238
6 0.23094742063492063 0.658535052910053 0.1403893849206349 0.1953207671957672
5 0.35424603174603175 0.6349338624338624 0.12329861111111111 0.19613756613756614