2 0.2288467261904762 0.16315145502645503 0.1349206349206349 0.20684854497354496
2 0.35059771825396824 0.13901785714285714 0.12146577380952381 0.19328703703703703
2 0.47018849206349206 0.1257936507936508 0.14008432539682542 0.2010218253968254
2 0.6144742063492064 0.09375 0.13392857142857142 0.1875
2 0.7595486111111112 0.09193121693121693 0.1597222222222222 0.18386243386243387
6 0.7981622023809524 0.3051884920634921 0.1937375992063492 0.23292328042328042
6 0.612921626984127 0.3120436507936508 0.17176091269841268 0.25149140211640214
5 0.46664930555555556 0.31470238095238096 0.13711805555555556 0.20180886243386242
5 0.3567782738095238 0.3397023809523809 0.12129712301587302 0.2197387566137566
2 0.23306795634920635 0.36051256613756616 0.11865823412698413 0.20508928571428572
6 0.23234871031746032 0.6422387566137566 0.13487103174603174 0.19319775132275133
5 0.3567410714285715 0.6197619047619047 0.12120287698412699 0.20169973544973546
5 0.4556175595238095 0.6252314814814814 0.1877281746031746 0.1907638888888889
5 0.6173735119047619 0.6353505291005291 0.1521875 0.24259589947089946
6 0.774389880952381 0.6246626984126984 0.18074156746031747 0.23794973544973544
6 0.24407738095238096 0.81505291005291 0.1277529761904762 0.1734755291005291