2 0.22861359126984127 0.1874404761904762 0.13760664682539683 0.20534391534391536
6 0.631875 0.8258333333333334 0.16506696428571427 0.1870403439153439
6 0.5002951388888889 0.824077380952381 0.14028273809523809 0.21165013227513227
6 0.36950644841269836 0.8163425925925926 0.1307886904761905 0.187744708994709
6 0.24478174603174604 0.8279431216931217 0.12815228174603174 0.18000992063492063
6 0.7866567460317461 0.8304034391534391 0.163484623015873 0.23837301587301588
6 0.776374007936508 0.6335185185185185 0.18405257936507938 0.2439980158730159
5 0.616842757936508 0.6398478835978836 0.14977430555555554 0.21868386243386242
5 0.45776289682539684 0.641359126984127 0.18774305555555557 0.18985449735449736
5 0.3596006944444445 0.6367989417989418 0.12247767857142856 0.19684193121693122
6 0.23821676587301588 0.6601289682539683 0.1377876984126984 0.1910085978835979
6 0.7959325396825396 0.3269543650793651 0.18590525793650794 0.23621031746031745
6 0.6138566468253969 0.3364318783068783 0.1673139880952381 0.2464153439153439
5 0.4722395833333333 0.33789021164021166 0.14653769841269842 0.20267195767195767
5 0.3590575396825397 0.3626785714285714 0.12138640873015873 0.22016865079365078
2 0.23548363095238095 0.38309193121693125 0.11919642857142858 0.20558862433862435
2 0.755828373015873 0.10515873015873016 0.1619543650793651 0.21031746031746032
2 0.6122693452380953 0.11696428571428572 0.13578373015873016 0.1907638888888889
2 0.4701066468253968 0.14977513227513228 0.13942956349206348 0.20291335978835978
2 0.3511830357142857 0.1631382275132275 0.1221155753968254 0.19562500000000002