5 0.37403108465608464 0.4802901785714286 0.19500992063492065 0.1385218253968254
6 0.1849074074074074 0.24068948412698413 0.17663690476190474 0.13163194444444445
6 0.3531746031746032 0.23605654761904762 0.19800925925925925 0.1385515873015873
2 0.638343253968254 0.2321999007936508 0.207010582010582 0.11982142857142858
2 0.8363558201058201 0.2266889880952381 0.2070138888888889 0.13917906746031744
5 0.37965608465608464 0.3561830357142857 0.20250992063492063 0.12375744047619047
2 0.8737433862433862 0.47290674603174604 0.20063492063492064 0.13781994047619048
5 0.690922619047619 0.47255704365079365 0.19125992063492064 0.12305307539682539
5 0.6599801587301587 0.35688492063492067 0.22125992063492064 0.12094246031746031
2 0.8615542328042328 0.3502058531746032 0.19313492063492063 0.12305307539682539
5 0.3646494708994709 0.6188144841269841 0.24188822751322753 0.15258680555555557
2 0.9070370370370371 0.759796626984127 0.18592592592592594 0.16313492063492063
6 0.6932638888888888 0.798469742063492 0.2334490740740741 0.19266617063492064
6 0.3752116402116402 0.7749156746031746 0.23907738095238096 0.18071428571428572
2 0.9043584656084657 0.6138913690476191 0.19061838624338623 0.13711805555555556
6 0.6867030423280424 0.612485119047619 0.25219907407407405 0.17368055555555556