6 0.4775141242937853 0.2528348909657321 0.1866949152542373 0.10715732087227414
6 0.3122457627118644 0.24566978193146416 0.22341807909604522 0.12320093457943924
6 0.26557909604519775 0.34776479750778816 0.18210451977401132 0.09956386292834891
5 0.4721468926553672 0.3519859813084112 0.17292372881355933 0.10800623052959502
6 0.3038135593220339 0.44100467289719625 0.16374293785310737 0.09872274143302182
5 0.4851694915254237 0.4477570093457944 0.16221751412429378 0.09366043613707166
6 0.8516666666666667 0.5021806853582554 0.15149717514124295 0.06919003115264798
6 0.9373587570621469 0.6342367601246106 0.0902683615819209 0.053154205607476634
5 0.4645056497175141 0.537196261682243 0.15149717514124295 0.09535046728971963
6 0.2824011299435028 0.5329828660436138 0.18210451977401132 0.08522585669781932
2 0.2739830508474576 0.6194704049844236 0.15915254237288137 0.0877570093457944
6 0.4461440677966102 0.6241121495327103 0.16374293785310737 0.08184579439252336
5 0.6265677966101695 0.6354984423676012 0.14997175141242938 0.08437694704049845
3 0.8984463276836159 0.47271806853582554 0.20309322033898303 0.1302803738317757