6 0.8129927248677248 0.6284350198412698 0.18672949735449734 0.13125744047619048
2 0.10119047619047619 0.2424231150793651 0.20238095238095238 0.16021825396825398
6 0.3114748677248677 0.19887152777777778 0.23063822751322752 0.19477678571428572
6 0.6280125661375661 0.2336904761904762 0.2493882275132275 0.16032242063492064
6 0.8225529100529101 0.36658978174603174 0.1865740740740741 0.16735367063492063
5 0.6348544973544974 0.38145089285714284 0.21798280423280422 0.14942212301587302
6 0.32897817460317463 0.388187003968254 0.2500132275132275 0.1769642857142857
2 0.11060846560846561 0.38701636904761905 0.19297949735449738 0.13594494047619046
5 0.32663690476190477 0.5311656746031745 0.1875099206349206 0.13477430555555556
2 0.13401124338624337 0.5304885912698413 0.20157407407407404 0.13711805555555556
2 0.14729166666666668 0.6495287698412698 0.19376322751322753 0.12188244047619048
5 0.358667328042328 0.6395684523809523 0.22032407407407406 0.1207093253968254
5 0.6417658730158731 0.5130877976190477 0.18985449735449736 0.13711805555555556
6 0.8200198412698412 0.497765376984127 0.21172949735449734 0.14063244047619047
5 0.6336838624338624 0.6395684523809523 0.19532407407407407 0.12422619047619048
2 0.16483796296296296 0.7600644841269841 0.2062632275132275 0.1380530753968254
2 0.38001653439153443 0.7619494047619048 0.20157407407407404 0.11895337301587301
6 0.6624966931216931 0.7613839285714286 0.1996626984126984 0.1395734126984127
6 0.8289153439153438 0.7542633928571428 0.17742063492063492 0.12777529761904763