2 0.13076719576719575 0.25716269841269845 0.20938822751322753 0.158797123015873
6 0.35468253968253965 0.21667410714285715 0.23126322751322753 0.19161210317460317
6 0.3585912698412699 0.40008184523809526 0.24532738095238096 0.17286210317460318
2 0.1456878306878307 0.3980332341269841 0.18985449735449736 0.13594494047619046
5 0.6820469576719578 0.3965674603174603 0.24532738095238096 0.151765873015873
5 0.6699338624338624 0.5328050595238095 0.19610449735449734 0.14063244047619047
5 0.6652480158730159 0.6593749999999999 0.2070436507936508 0.12539930555555556
5 0.6871230158730159 0.7812574404761905 0.2039186507936508 0.14063244047619047
5 0.35390211640211644 0.5395411706349206 0.18907407407407406 0.12715525793650795
2 0.17381613756613756 0.538077876984127 0.19766865079365079 0.1347718253968254
2 0.18475198412698415 0.6593749999999999 0.19141534391534393 0.11953621031746033
5 0.38359126984126984 0.6555654761904761 0.2187632275132275 0.12129464285714285
2 0.4027347883597883 0.7780332341269842 0.2039186507936508 0.11895337301587301
2 0.20819444444444446 0.7818452380952381 0.2039186507936508 0.1382936507936508