2 0.6063392857142857 0.22938988095238094 0.20157407407407404 0.1171924603174603
6 0.3262433862433862 0.2276314484126984 0.2007936507936508 0.1382886904761905
2 0.7989252645502645 0.2261656746031746 0.20235780423280422 0.135359623015873
5 0.34694775132275135 0.34834077380952383 0.2031382275132275 0.12188244047619048
5 0.6246990740740741 0.3503918650793651 0.2164186507936508 0.12012400793650793
2 0.8231448412698413 0.3465823412698413 0.1882903439153439 0.11836557539682539
2 0.8336970899470899 0.468172123015873 0.19844907407407408 0.13301587301587303
5 0.6481316137566138 0.46729910714285716 0.199239417989418 0.1277529761904762
5 0.3406977513227513 0.4715997023809524 0.19376322751322753 0.1386954365079365
5 0.3271825396825397 0.6078670634920635 0.24376322751322752 0.15293650793650793
6 0.6486739417989418 0.6034573412698412 0.24578373015873015 0.16887152777777778
2 0.862718253968254 0.6063045634920635 0.1888128306878307 0.13469246031746032
6 0.33518187830687834 0.735625 0.23981481481481484 0.12533234126984127
6 0.653125 0.7860838293650793 0.2311309523809524 0.19084821428571427
2 0.8766633597883599 0.7490525793650793 0.20834325396825396 0.15747767857142858