5 0.37074882995319813 0.6133474576271186 0.08119344773790951 0.14580508474576273
5 0.45563182527301094 0.6334039548022599 0.08320592823712948 0.18833333333333332
6 0.5626599063962558 0.6479943502824859 0.1013260530421217 0.16645480225988699
6 0.38040561622464897 0.44048022598870057 0.08061622464898595 0.16032485875706215
5 0.4672464898595944 0.46043785310734464 0.093198127925117 0.1493502824858757
5 0.5564820592823713 0.47689265536723163 0.091801872074883 0.16200564971751413
5 0.6529485179407176 0.4650847457627118 0.10671606864274572 0.1755084745762712
6 0.7529017160686428 0.4718361581920904 0.10624024960998439 0.1906920903954802
6 0.7580187207488299 0.3026129943502825 0.13046021840873634 0.21509887005649717
6 0.6600312012480499 0.2583615819209039 0.09879095163806553 0.18394067796610167
6 0.5620748829953198 0.2959039548022599 0.10112324492979718 0.16115819209039547
6 0.47191107644305774 0.2811581920903955 0.08760530421216849 0.1873870056497175
2 0.3849063962558502 0.26569209039548025 0.08620904836193448 0.15189265536723165
3 0.217808112324493 0.8538983050847457 0.37390795631825274 0.2922033898305085
3 0.5182449297971918 0.8760169491525424 0.14896255850234008 0.24796610169491526