6 0.2375917658730159 0.6613988095238095 0.13755704365079366 0.19278439153439153
6 0.4999156746031746 0.8228935185185184 0.13887648809523812 0.21153439153439152
6 0.6315426587301588 0.8240641534391534 0.16480406746031745 0.18575396825396825
6 0.7834275793650795 0.8295734126984128 0.16918898809523808 0.23848875661375663
6 0.7766121031746033 0.6338624338624338 0.18457837301587302 0.2431845238095238
5 0.6166418650793651 0.6403042328042328 0.14854166666666666 0.21856481481481482
5 0.4573338293650794 0.6435284391534392 0.1867782738095238 0.18868386243386245
5 0.3582291666666667 0.636494708994709 0.12217509920634921 0.19571428571428573
6 0.7950694444444444 0.3271031746031746 0.18897569444444445 0.2320436507936508
6 0.6113690476190476 0.3353075396825397 0.1731547619047619 0.24962301587301589
5 0.4696378968253968 0.3367724867724868 0.14019345238095238 0.1986441798941799
5 0.35888888888888887 0.36255621693121687 0.11997519841269841 0.2185681216931217
2 0.23583581349206348 0.38248015873015867 0.11821924603174604 0.20333002645502646
2 0.7554563492063492 0.10367063492063493 0.15947420634920634 0.20734126984126985
2 0.613062996031746 0.11693452380952381 0.13416418650793652 0.19238425925925925
2 0.47069940476190475 0.14984126984126983 0.13922619047619048 0.2008234126984127
6 0.24660714285714286 0.8305092592592592 0.12462053571428572 0.17802910052910054
6 0.3693923611111111 0.8156316137566136 0.13096230158730157 0.18646164021164022
2 0.22831845238095239 0.188234126984127 0.13922619047619048 0.2050429894179894
2 0.35014136904761906 0.16165674603174604 0.12087301587301588 0.19238425925925925