6 0.6422196261682243 0.5381869688385269 0.08119158878504673 0.16453257790368273
2 0.6402959501557632 0.7143342776203966 0.08779595015576325 0.1518555240793201
6 0.5504906542056075 0.6994475920679887 0.08806853582554516 0.18654390934844192
6 0.3668380062305296 0.7253257790368273 0.09827102803738318 0.18359773371104818
6 0.460809968847352 0.6872379603399433 0.09880841121495328 0.16308781869688385
6 0.26575545171339565 0.6830878186968838 0.12430685358255453 0.2231586402266289
6 0.2710514018691589 0.5137252124645892 0.1062461059190031 0.1881728045325779
5 0.3687071651090343 0.518356940509915 0.10764018691588785 0.18056657223796035
5 0.4642834890965732 0.503172804532578 0.09464953271028037 0.1636968838526912
5 0.5556853582554517 0.5196317280453258 0.09464953271028037 0.15273371104815864
6 0.6307087227414331 0.12383852691218131 0.089696261682243 0.18606232294617567
3 0.7337538940809969 0.1664872521246459 0.21445482866043614 0.2096742209631728
3 0.5626947040498442 0.08844192634560906 0.1364330218068536 0.17188385269121811