2 0.1013558201058201 0.24379960317460317 0.2027116402116402 0.1609623015873016
6 0.32133597883597886 0.20324404761904763 0.22969907407407408 0.19125992063492062
6 0.62744708994709 0.2334796626984127 0.2456382275132275 0.1617261904761905
2 0.11132605820105819 0.3867683531746032 0.1921957671957672 0.13500744047619048
6 0.3307804232804233 0.38598214285714283 0.25032738095238094 0.17
5 0.63489417989418 0.38090277777777776 0.21680886243386244 0.14746775793650793
6 0.825760582010582 0.3657638888888889 0.18555555555555556 0.1660267857142857
2 0.14423611111111112 0.5289484126984126 0.20250992063492063 0.13993055555555556
5 0.32611772486772483 0.5275421626984127 0.19125992063492064 0.1300843253968254
5 0.6387929894179895 0.5159399801587301 0.19032407407407406 0.13641369047619048
5 0.8197387566137566 0.49730654761904763 0.21094907407407407 0.14274305555555555
2 0.15802910052910052 0.6497643849206349 0.19297949735449738 0.12305555555555556
5 0.35804232804232805 0.6409747023809523 0.2195436507936508 0.12187996031746032
5 0.6326653439153439 0.6395163690476191 0.1953207671957672 0.1236483134920635
6 0.8139285714285714 0.6289608134920635 0.19063492063492063 0.13184275793650793
2 0.8291633597883598 0.7534796626984127 0.17579034391534393 0.12774057539682537
6 0.6611838624338625 0.7610987103174603 0.2007936507936508 0.13945932539682537
2 0.18411375661375662 0.7713045634920636 0.2063888888888889 0.13916666666666666
2 0.3797619047619048 0.7642237103174603 0.2044378306878307 0.11914682539682539