5 0.4350702028081123 0.5753672316384181 0.09114664586583462 0.16403954802259887
5 0.525390015600624 0.5854802259887005 0.09170826833073323 0.15391242937853108
5 0.3378861154446178 0.5988418079096045 0.10680967238689548 0.17822033898305087
6 0.6137285491419656 0.5988700564971752 0.07960998439937597 0.16348870056497175
2 0.6124336973478939 0.7774152542372881 0.08542901716068642 0.15680790960451976
6 0.5256396255850234 0.766228813559322 0.0865990639625585 0.18282485875706214
6 0.43574882995319814 0.7577966101694915 0.09863494539781592 0.16454802259887005
6 0.3419578783151326 0.8024435028248588 0.09902496099843994 0.17930790960451978
6 0.23964118564742592 0.7711581920903955 0.1250468018720749 0.21937853107344632
3 0.5049063962558502 0.1680649717514124 0.11395475819032762 0.30919491525423726
3 0.7674804992199687 0.21812146892655368 0.4206942277691108 0.4030367231638418
6 0.582207488299532 0.18543785310734462 0.07927457098283931 0.27358757062146893