5 0.6438467261904761 0.633098544973545 0.12085565476190477 0.21797949735449734
5 0.5245262896825397 0.657417328042328 0.13184275793650793 0.2009887566137566
6 0.38982886904761904 0.6574140211640211 0.17183531746031747 0.2478637566137566
6 0.20700396825396825 0.662390873015873 0.19117311507936507 0.23203373015873013
2 0.24538194444444444 0.8888723544973545 0.16084821428571427 0.21270833333333333
2 0.3878521825396825 0.8736375661375662 0.135359623015873 0.1880952380952381
2 0.5272247023809524 0.8440443121693121 0.13548115079365078 0.19805886243386242
2 0.6489459325396826 0.831739417989418 0.11865823412698413 0.19161044973544972
2 0.7691369047619048 0.8083002645502646 0.13667410714285716 0.20333002645502646
6 0.23095734126984127 0.34509259259259256 0.18194444444444444 0.2384920634920635
5 0.3865327380952381 0.3365972222222222 0.15205853174603176 0.2425925925925926
5 0.5225496031746032 0.3491964285714286 0.1366765873015873 0.19278439153439153
5 0.6469221230158729 0.35446759259259264 0.1234920634920635 0.20333002645502646
6 0.7668998015873015 0.3345436507936508 0.13931547619047618 0.1998181216931217
2 0.764702380952381 0.6152248677248677 0.11734126984126984 0.20333333333333334