5 0.4420387596899225 0.5296197183098591 0.09162015503875968 0.16039436619718309
2 0.6132325581395349 0.7410422535211267 0.08493023255813954 0.15309859154929578
6 0.5252945736434108 0.7276760563380281 0.08693798449612404 0.1871267605633803
6 0.43601550387596905 0.7112676056338029 0.09831007751937984 0.16402816901408449
5 0.5306434108527132 0.548450704225352 0.09496124031007752 0.14946478873239438
6 0.6165736434108527 0.5690985915492958 0.07824031007751939 0.15916901408450704
6 0.342046511627907 0.7483239436619717 0.10164341085271318 0.17983098591549296
6 0.24226356589147285 0.703718309859155 0.12639534883720932 0.226
6 0.6045426356589148 0.20701408450704223 0.08627131782945736 0.18833802816901407
5 0.5416744186046512 0.37226760563380284 0.0835968992248062 0.1907605633802817
5 0.626937984496124 0.39109859154929577 0.0815891472868217 0.14580281690140845
6 0.24709302325581395 0.5381126760563381 0.10566666666666667 0.1846901408450704
5 0.34487596899224804 0.5408169014084507 0.10633333333333332 0.17132394366197184
3 0.5530232558139535 0.12847887323943663 0.10775968992248061 0.25695774647887326
3 0.7296589147286822 0.16980281690140844 0.21758914728682172 0.3395915492957747