5 0.6355451713395638 0.3733898305084746 0.08374610591900311 0.14701977401129945
6 0.49619158878504677 0.1455508474576271 0.08509345794392524 0.1506638418079096
6 0.6238239875389409 0.5507909604519774 0.08174454828660435 0.1567372881355932
5 0.5373909657320872 0.5301271186440678 0.09379283489096574 0.14946327683615818
5 0.4479517133956386 0.5100706214689266 0.09179127725856698 0.16038135593220337
5 0.3524766355140187 0.5252683615819209 0.10853582554517135 0.17375706214689265
6 0.25284267912772584 0.516412429378531 0.10719626168224299 0.18590395480225988
6 0.6342056074766356 0.06172316384180791 0.052928348909657315 0.0826271186440678
6 0.24728193146417446 0.6826271186440678 0.12461838006230529 0.2235734463276836
6 0.3491277258566978 0.7312146892655368 0.10049844236760123 0.1822598870056497
6 0.441588785046729 0.6935451977401129 0.09915887850467289 0.16281073446327682
6 0.5330373831775701 0.7111723163841808 0.08776479750778816 0.19319209039548021
2 0.6193302180685358 0.7258474576271187 0.0884423676012461 0.15067796610169493