6 0.6586078042328043 0.5940972222222223 0.2351686507936508 0.16582837301587303
5 0.6620601851851852 0.4699925595238095 0.19220899470899472 0.12072172619047619
2 0.8382969576719578 0.46752728174603175 0.18828373015873015 0.128328373015873
2 0.862910052910053 0.5987896825396826 0.18125330687830687 0.1295064484126984
2 0.8720171957671957 0.7373239087301587 0.19922949735449735 0.15118055555555554
6 0.660952380952381 0.7698883928571428 0.22422949735449738 0.17989087301587303
6 0.3562169312169312 0.23341021825396827 0.19125992063492064 0.1321949404761905
5 0.37693783068783066 0.34802579365079367 0.19407076719576719 0.11672371031746032
5 0.3679332010582011 0.4672098214285714 0.1828207671957672 0.13289930555555557
2 0.6235648148148148 0.23699900793650794 0.19271825396825396 0.1132862103174603
2 0.8091236772486773 0.23651041666666667 0.19402116402116404 0.12500744047619047
2 0.830489417989418 0.35004216269841265 0.18360449735449735 0.11367807539682541
5 0.6398544973544974 0.3523859126984127 0.20860449735449738 0.11367807539682541