2 0.1739318783068783 0.5378447420634921 0.19792989417989418 0.13477430555555556
5 0.6651686507936508 0.6591889880952381 0.20639219576719575 0.12647321428571429
6 0.684675925925926 0.7817584325396826 0.2044378306878307 0.14015376984126984
2 0.18467261904761906 0.6596875 0.18946097883597882 0.11966021825396826
2 0.20843915343915345 0.7813144841269842 0.2031349206349206 0.13672619047619047
2 0.4026752645502646 0.7787996031746032 0.20454695767195766 0.11800595238095238
6 0.3550892857142857 0.2175173611111111 0.23345238095238097 0.19196428571428573
2 0.13161375661375663 0.25659474206349203 0.20834325396825396 0.15788690476190476
6 0.35999669312169313 0.3999652777777778 0.24688822751322753 0.17286210317460318
2 0.14552910052910054 0.3987921626984127 0.1882903439153439 0.13418898809523808
5 0.6819113756613756 0.39704365079365084 0.24537037037037038 0.1506076388888889
5 0.6709623015873016 0.5325223214285715 0.1959755291005291 0.13916914682539683
5 0.35291005291005295 0.5408234126984127 0.18620701058201058 0.1245188492063492
5 0.3839021164021164 0.6552827380952381 0.2181117724867725 0.12354166666666667
3 0.9113558201058202 0.6257242063492063 0.1772883597883598 0.2400967261904762