2 0.3969110764430577 0.23697183098591548 0.0837207488299532 0.15047887323943662
6 0.48316692667706707 0.24084507042253522 0.08567862714508581 0.17508450704225353
6 0.5741029641185648 0.25245070422535215 0.09618564742589704 0.16314084507042254
6 0.668603744149766 0.2143239436619718 0.09813572542901716 0.17649295774647888
6 0.769009360374415 0.23873239436619717 0.12150546021840875 0.21587323943661973
5 0.5746801872074883 0.43459154929577465 0.08956318252730108 0.16180281690140844
5 0.48530421216848674 0.4243661971830986 0.0915210608424337 0.14695774647887325
6 0.3980811232449298 0.4127605633802817 0.07905616224648986 0.15891549295774648
5 0.3727613104524181 0.5755352112676057 0.11254290171606865 0.12164788732394367
6 0.40082683307332295 0.8299859154929577 0.054212168486739466 0.17550704225352112
3 0.3346333853354134 0.44929577464788734 0.3455538221528861 0.45211267605633804 0.3533541341653666 0.46901408450704224 0.37285491419656785 0.49295774647887325 0.38143525741029644 0.5183098591549296 0.3790951638065523 0.523943661971831 0.359594383775351 0.523943661971831 0.3416536661466459 0.5422535211267606 0.3237129485179407 0.5450704225352113 0.31903276131045244 0.5563380281690141 0.3330733229329173 0.5591549295774648 0.35569422776911075 0.5507042253521127 0.3658346333853354 0.5521126760563381 0.374414976599064 0.5690140845070423 0.374414976599064 0.5816901408450704 0.36973478939157567 0.5915492957746479 0.3580343213728549 0.6014084507042253 0.31045241809672386 0.6154929577464788 0.27769110764430577 0.6492957746478873 0.24414976599063962 0.6676056338028169 0.21606864274570983 0.6943661971830986 0.20046801872074882 0.6985915492957746 0.12012480499219969 0.8028169014084507 0.0452418096723869 0.9183098591549296 0.01638065522620905 0.9507042253521126 0.0039001560062402497 0.9577464788732394 0.00234009360374415 0.7690140845070422 0.0039001560062402497 0.7422535211267606 0.00858034321372855 0.7309859154929578 0.17082683307332294 0.6140845070422535 0.18330733229329174 0.5873239436619718 0.20280811232449297 0.5830985915492958 0.22854914196567863 0.5563380281690141 0.2839313572542902 0.47746478873239434
3 0.44305772230889234 0.5014084507042254 0.4609984399375975 0.5056338028169014 0.49921996879875197 0.5887323943661972 0.5031201248049922 0.6056338028169014 0.5046801872074883 0.6507042253521127 0.5015600624024961 0.7535211267605634 0.484399375975039 0.8816901408450705 0.48127925117004683 0.9830985915492958 0.4789391575663027 0.9915492957746479 0.4711388455538221 0.9929577464788732 0.39313572542901715 0.9915492957746479 0.3868954758190328 0.9859154929577465 0.3876755070202808 0.976056338028169 0.41497659906396256 0.8661971830985915 0.42589703588143524 0.8112676056338028 0.42745709828393136 0.7887323943661971 0.4251170046801872 0.7535211267605634 0.41029641185647425 0.719718309859155 0.4032761310452418 0.6887323943661972 0.4017160686427457 0.6281690140845071 0.4040561622464899 0.6056338028169014 0.3962558502340094 0.5492957746478874 0.4001560062402496 0.5408450704225352 0.41497659906396256 0.547887323943662 0.4235569422776911 0.5619718309859155 0.43213728549141966 0.5943661971830986 0.4422776911076443 0.5929577464788732 0.44617784711388453 0.571830985915493 0.44461778471138846 0.5408450704225352 0.43993759750390016 0.528169014084507 0.4329173166926677 0.5338028169014084 0.4282371294851794 0.5295774647887324 0.42589703588143524 0.5154929577464789