5 0.3962748015873016 0.3169973544973545 0.15188244047619048 0.24723214285714284
5 0.5326537698412698 0.32965608465608465 0.1411235119047619 0.19829034391534392
5 0.6579588293650793 0.3338723544973545 0.12593749999999998 0.20672949735449736
6 0.7804141865079365 0.31235780423280424 0.14302579365079363 0.20250992063492063
2 0.7810491071428571 0.5975628306878307 0.12530505952380952 0.2008234126984127
2 0.7842113095238096 0.78994708994709 0.14175595238095237 0.2008234126984127
2 0.6601736111111112 0.8156812169312169 0.11897569444444443 0.1982936507936508
5 0.6554265873015873 0.6152810846560847 0.12087301587301588 0.22107473544973544
5 0.5342361111111111 0.6384821428571429 0.13036706349206348 0.20166997354497354
2 0.5374007936507937 0.8245403439153439 0.1328968253968254 0.19744708994708995
6 0.407641369047619 0.6414021164021164 0.17972718253968253 0.2480753968253968
6 0.22129464285714284 0.6456580687830688 0.19934771825396824 0.23288690476190477
2 0.2551512896825397 0.8692592592592592 0.1556795634920635 0.2092625661375661
2 0.3969097222222222 0.8574503968253968 0.13542906746031744 0.19238425925925925