2 0.4659871031746031 0.14060515873015872 0.14064484126984128 0.20244378306878308
6 0.6349007936507937 0.822691798941799 0.17487599206349208 0.18556547619047617
5 0.49802331349206347 0.821875 0.13977926587301587 0.2116005291005291
6 0.36577628968253967 0.8140575396825397 0.13330853174603174 0.19093253968253968
6 0.24094246031746033 0.8304100529100529 0.1256175595238095 0.17773809523809525
6 0.7734201388888888 0.6375595238095239 0.180890376984127 0.23977843915343916
5 0.6165029761904761 0.6379133597883597 0.1529389880952381 0.22360449735449733
5 0.45357142857142857 0.6403406084656085 0.19091021825396826 0.19055555555555556
5 0.3546875 0.6336607142857144 0.12287698412698413 0.19688492063492063
6 0.22959573412698414 0.6575992063492063 0.13448164682539682 0.19547949735449735
6 0.7939360119047619 0.32083333333333336 0.1904389880952381 0.23399140211640213
6 0.6120386904761904 0.32795304232804234 0.16723958333333333 0.2514781746031746
5 0.4647867063492063 0.33080026455026457 0.1376388888888889 0.20264550264550263
5 0.3541542658730159 0.3570469576719577 0.12207837301587303 0.2209589947089947
2 0.22811011904761905 0.3761706349206349 0.11963541666666667 0.20549603174603173
2 0.7544642857142857 0.10052910052910052 0.16145833333333334 0.20105820105820105
2 0.609905753968254 0.1090244708994709 0.13611607142857143 0.19206679894179893
2 0.3450545634920635 0.15484457671957672 0.12309523809523809 0.19633928571428572
2 0.22094494047619048 0.18010912698412698 0.13937251984126986 0.20685185185185184