5 0.6705919312169312 0.392249503968254 0.2446329365079365 0.1506671626984127
5 0.6581349206349206 0.5278844246031745 0.19336970899470898 0.13819196428571429
5 0.6522784391534392 0.6514236111111111 0.20378637566137567 0.12256448412698413
6 0.6737632275132275 0.771795634920635 0.1998809523809524 0.13770833333333335
6 0.34580687830687834 0.21294642857142856 0.2334490740740741 0.1891517857142857
6 0.35190145502645503 0.3957688492063492 0.24751322751322752 0.17086805555555556
5 0.3453373015873016 0.5339409722222223 0.1875099206349206 0.12516369047619047
5 0.37440145502645505 0.6496106150793651 0.21750992063492064 0.12164930555555556
2 0.3936243386243386 0.7698536706349207 0.20157407407407404 0.11461557539682539
2 0.12267195767195767 0.25091765873015875 0.20907407407407408 0.15961805555555555
2 0.16579695767195768 0.5318328373015873 0.1978240740740741 0.13360119047619046
2 0.13767195767195767 0.39331101190476186 0.19032407407407406 0.13500744047619048
2 0.17751653439153436 0.6524603174603174 0.18938492063492066 0.11890625
2 0.20213955026455027 0.7726636904761905 0.2015707671957672 0.13571180555555556
6 0.6600628306878307 0.26406001984126987 0.23653108465608466 0.1300124007936508