5 0.31453389830508477 0.24684579439252335 0.2280084745762712 0.12741433021806853
6 0.8537288135593221 0.5021728971962617 0.15175141242937853 0.0710202492211838
6 0.9344350282485876 0.6357632398753894 0.0867090395480226 0.05414330218068535
5 0.6219915254237288 0.6350623052959501 0.15048022598870056 0.08508566978193147
6 0.4767372881355932 0.2527492211838006 0.19128531073446328 0.10547507788161994
6 0.2648022598870056 0.3476791277258567 0.1836440677966102 0.10125389408099687
5 0.4713983050847458 0.3514797507788162 0.1775 0.10884735202492211
6 0.3015254237288135 0.4430140186915888 0.16220338983050847 0.10291277258566978
5 0.4887429378531073 0.446113707165109 0.1576129943502825 0.09197819314641745
6 0.28086158192090394 0.5324688473520249 0.20964689265536723 0.08944704049844236
5 0.46374293785310733 0.5371105919003115 0.14997175141242938 0.09366043613707166
6 0.446906779661017 0.6240264797507789 0.16220338983050847 0.07847352024922119
2 0.27244350282485874 0.6189641744548287 0.15608757062146894 0.0885981308411215