6 0.6911581920903954 0.756817472698908 0.22281073446327684 0.12744929797191887
5 0.38132768361581926 0.37042121684867396 0.14769774011299433 0.08297971918876755
6 0.5563983050847457 0.3813182527301092 0.15915254237288137 0.07945397815912636
2 0.7292796610169492 0.38518720748829954 0.15661016949152542 0.08578783151326054
5 0.36350282485875707 0.45585023400936037 0.1858898305084746 0.08367394695787832
5 0.5385734463276837 0.467808112324493 0.1489689265536723 0.09352574102964119
6 0.7168220338983051 0.47273010920436814 0.18207627118644068 0.08648985959438377
5 0.3480790960451977 0.5627067082683307 0.1644632768361582 0.10058502340093603
5 0.519180790960452 0.5561154446177847 0.16004237288135595 0.09228549141965679
6 0.6961723163841808 0.5622230889235569 0.16268361581920904 0.10059282371294852
5 0.5328813559322033 0.6528003120124805 0.17330508474576273 0.1079173166926677
6 0.7388841807909604 0.6556396255850234 0.17860169491525424 0.10107644305772231
6 0.526680790960452 0.752418096723869 0.18744350282485878 0.10694227769110765