5 0.455390015600624 0.6336864406779661 0.08271450858034322 0.18353107344632769
5 0.37073322932917313 0.615409604519774 0.08194227769110764 0.1455508474576271
6 0.38195007800312014 0.440183615819209 0.07996879875195008 0.15187853107344632
5 0.46751170046801876 0.4589124293785311 0.0922776911076443 0.1468220338983051
5 0.5564196567862715 0.4771610169491525 0.09114664586583462 0.1589689265536723
6 0.5602418096723869 0.6495056497175141 0.09358814352574103 0.16875706214689265
5 0.6523166926677066 0.4639830508474576 0.10624804992199689 0.1731497175141243
6 0.7526989079563183 0.4690536723163841 0.10568642745709829 0.18125706214689266
6 0.7571684867394696 0.2807203389830508 0.13029641185647425 0.1731497175141243
6 0.6548361934477379 0.25793785310734463 0.09338533541341654 0.18834745762711863
6 0.5651716068642746 0.29584745762711867 0.09897815912636505 0.16605932203389828
6 0.47227769110764434 0.279364406779661 0.08853354134165367 0.1898587570621469
2 0.38280811232449297 0.27149717514124294 0.08893135725429017 0.14484463276836157