6 0.06254237288135593 0.36406542056074764 0.08543785310734464 0.053442367601246106
6 0.14543785310734464 0.49063084112149535 0.15175141242937853 0.07312305295950156
5 0.3745197740112995 0.36253894080996885 0.14981638418079096 0.08203271028037383
6 0.5511723163841808 0.37572429906542054 0.15932203389830507 0.08203271028037383
2 0.7220338983050847 0.3781619937694704 0.15939265536723163 0.08789719626168224
5 0.5316384180790961 0.46093457943925237 0.15055084745762712 0.09424454828660436
6 0.7074293785310735 0.4660591900311526 0.18686440677966104 0.08496884735202492
5 0.5112853107344633 0.5500467289719626 0.16117231638418078 0.09082554517133956
6 0.6937429378531074 0.5566433021806854 0.16480225988700567 0.09815420560747663
6 0.7313276836158191 0.6503971962616822 0.18153954802259886 0.09912772585669782
5 0.5263276836158192 0.6462383177570094 0.17533898305084747 0.10840342679127726
6 0.5196892655367231 0.7458566978193146 0.18686440677966104 0.1064563862928349
6 0.6981214689265537 0.7509813084112149 0.19837570621468925 0.1303816199376947
3 0.15411016949152542 0.3427725856697819 0.2398305084745763 0.18774143302180685
3 0.11596045197740112 0.5275700934579439 0.23192090395480225 0.1182710280373832