6 0.7007062146892655 0.563003120124805 0.16269774011299434 0.09912636505460218
5 0.3642372881355932 0.45570202808112326 0.18781073446327684 0.0849609984399376
6 0.7143785310734463 0.4732839313572543 0.18781073446327684 0.08730889235569424
6 0.5562994350282486 0.38158346333853355 0.16233050847457628 0.08086583463338534
5 0.3828107344632768 0.3713260530421217 0.14641242937853108 0.08262090483619344
2 0.7340112994350282 0.38567862714508583 0.15491525423728814 0.08555382215288612
5 0.5387853107344632 0.46801092043681747 0.148545197740113 0.09317472698907957
6 0.34779661016949154 0.5622698907956318 0.16765536723163843 0.09886895475819032
5 0.5220197740112994 0.5564118564742591 0.15826271186440677 0.091801872074883
5 0.5325564971751413 0.6527535101404056 0.17254237288135593 0.10783931357254291
6 0.739180790960452 0.6576677067082684 0.17807909604519773 0.098003120124805
6 0.6937994350282486 0.7583697347893916 0.21573446327683618 0.12646645865834633
6 0.525367231638418 0.7522698907956318 0.1865677966101695 0.10645085803432137