2 0.23311507936507936 0.3601388888888889 0.11963541666666667 0.2063095238095238
2 0.22789186507936507 0.16392857142857145 0.13653025793650794 0.20408730158730157
2 0.35011408730158733 0.13877314814814815 0.12080605158730158 0.19430555555555556
2 0.4706671626984127 0.12605489417989418 0.14064484126984128 0.2007506613756614
2 0.6138392857142857 0.09424603174603174 0.13516865079365079 0.1884920634920635
2 0.7589285714285714 0.09209656084656084 0.16071428571428573 0.1841931216931217
5 0.3609895833333333 0.33958664021164026 0.12879216269841268 0.2197387566137566
5 0.46750248015873014 0.3086607142857143 0.1373363095238095 0.1904398148148148
6 0.6127703373015874 0.3119212962962963 0.17029017857142859 0.24985119047619045
6 0.7983333333333333 0.30642526455026453 0.19349454365079363 0.2331679894179894
6 0.23207837301587303 0.6428042328042328 0.13440724206349206 0.19336970899470898
5 0.3575124007936508 0.6196097883597884 0.12158730158730159 0.20167328042328042
5 0.45639384920634923 0.6249801587301588 0.1926388888888889 0.1919047619047619
5 0.6174280753968253 0.6338392857142857 0.15198660714285714 0.24038690476190475
6 0.7746775793650794 0.6241898148148148 0.1815029761904762 0.23556216931216933
6 0.2427703373015873 0.8159259259259259 0.1263169642857143 0.17293981481481482