6 0.30781073446327684 0.24768691588785044 0.2157768361581921 0.1299454828660436
6 0.4801977401129944 0.2520560747663551 0.18809322033898304 0.10664330218068536
6 0.2639406779661017 0.3487461059190031 0.1806638418079096 0.1019626168224299
5 0.47168079096045196 0.3525545171339564 0.17535310734463277 0.10840342679127726
6 0.30218926553672315 0.44249999999999995 0.16152542372881357 0.10078660436137071
5 0.48887005649717513 0.4471028037383178 0.15727401129943502 0.09316978193146418
6 0.28570621468926555 0.5321573208722741 0.18809322033898304 0.08906542056074766
5 0.4653107344632768 0.5371339563862928 0.14771186440677966 0.0943380062305296
6 0.8510734463276836 0.5013940809968848 0.14984463276836157 0.07090342679127726
6 0.9344915254237288 0.6344080996884736 0.08926553672316384 0.05331775700934579
2 0.2718926553672316 0.6206308411214954 0.1519632768361582 0.08555295950155763
6 0.44670903954802255 0.6238629283489097 0.15939265536723163 0.08144859813084113
5 0.6231214689265537 0.6352881619937695 0.1509039548022599 0.08320872274143302