6 0.7525117004680187 0.4701694915254237 0.10620904836193447 0.18529661016949153
5 0.37046021840873633 0.6126553672316384 0.08294851794071763 0.14427966101694917
5 0.4554992199687988 0.6329096045197741 0.08340873634945398 0.1898587570621469
6 0.5636115444617784 0.6481073446327684 0.10112324492979718 0.16792372881355933
6 0.38177847113884555 0.43978813559322033 0.08164586583463339 0.1630225988700565
5 0.4673400936037441 0.4585169491525424 0.09394695787831513 0.14985875706214688
5 0.5565288611544462 0.4767372881355932 0.09226209048361934 0.1599858757062147
5 0.6532761310452418 0.46307909604519776 0.10680967238689548 0.17516949152542372
2 0.3838767550702028 0.26425141242937855 0.08714508580343214 0.15357344632768363
6 0.4728861154446178 0.2777683615819209 0.08713728549141965 0.17718926553672318
6 0.5632839313572543 0.2980084745762712 0.09925897035881436 0.16370056497175142
6 0.6590483619344774 0.2570621468926554 0.09692667706708269 0.17967514124293785
6 0.7564430577223089 0.3068785310734463 0.12861154446177847 0.22360169491525425