6 0.35595238095238096 0.2340575396825397 0.19238756613756614 0.13332093253968252
5 0.37451388888888887 0.348812003968254 0.1957638888888889 0.11813244047619048
5 0.36776455026455024 0.46820932539682536 0.184510582010582 0.13585069444444445
2 0.6073015873015873 0.24484126984126986 0.19297949735449738 0.11191964285714286
2 0.8074437830687831 0.23548363095238095 0.19298280423280426 0.1300843253968254
2 0.830489417989418 0.34945436507936506 0.18125992063492063 0.11426587301587303
5 0.6402480158730158 0.3517981150793651 0.20860780423280426 0.11543650793650793
5 0.6609556878306878 0.46488591269841273 0.1906283068783069 0.12246031746031746
2 0.8341832010582011 0.4669419642857143 0.18985449735449736 0.12891369047619047
6 0.6589980158730159 0.5935094246031747 0.23673280423280424 0.16406994047619047
2 0.860297619047619 0.5974082341269841 0.18125992063492063 0.12949900793650793
2 0.8754166666666667 0.7356076388888888 0.19922949735449735 0.151765873015873
6 0.6601686507936507 0.7695957341269842 0.22345238095238096 0.18340773809523808