6 0.6425859788359789 0.22646329365079365 0.23626322751322754 0.1822594246031746
2 0.10102513227513228 0.24590773809523808 0.20205026455026456 0.1619543650793651
6 0.32174933862433863 0.2049454365079365 0.23288690476190477 0.19154265873015872
2 0.11080026455026455 0.38889136904761906 0.19351190476190475 0.13753720238095238
6 0.32812169312169315 0.3859151785714286 0.2531415343915344 0.17210069444444442
5 0.6368121693121693 0.38212549603174606 0.22141203703703702 0.1528968253968254
6 0.8244742063492063 0.36389880952380954 0.1863095238095238 0.17719742063492064
2 0.14253968253968255 0.5338715277777778 0.20156084656084655 0.14063244047619047
5 0.32490079365079366 0.5300024801587301 0.19313492063492063 0.13008680555555555
5 0.6394510582010582 0.5187524801587302 0.19219907407407408 0.13852430555555556
5 0.8218022486772487 0.5022296626984127 0.2137632275132275 0.14063244047619047
2 0.15473544973544975 0.6541121031746032 0.19595238095238093 0.12094246031746031
5 0.35724537037037035 0.6456746031746032 0.21844576719576722 0.12094246031746031
5 0.6333531746031746 0.6432118055555555 0.1931382275132275 0.12446180555555555
6 0.8175859788359788 0.6340724206349206 0.19407076719576719 0.1357093253968254
2 0.18202050264550262 0.7789236111111111 0.20625992063492063 0.13993055555555556
2 0.3808796296296296 0.771187996031746 0.2071990740740741 0.12164930555555556
6 0.6581977513227514 0.7687276785714287 0.19594907407407405 0.1420386904761905
2 0.8346527777777777 0.7598660714285714 0.1771957671957672 0.12375744047619047