5 0.627418096723869 0.38189265536723166 0.08186427457098285 0.1494491525423729
5 0.5428627145085804 0.36548022598870056 0.08455538221528862 0.1871186440677966
6 0.43617004680187205 0.3478672316384181 0.09931357254290171 0.1713276836158192
6 0.43482839313572547 0.7014830508474575 0.09869734789391575 0.1631497175141243
6 0.524625585023401 0.7153954802259888 0.0857566302652106 0.18608757062146894
6 0.23998439937597507 0.7041949152542373 0.12917316692667707 0.19971751412429378
6 0.3405772230889236 0.7400847457627119 0.09789391575663027 0.17872881355932205
2 0.6132293291731669 0.7306214689265537 0.08779251170046802 0.15457627118644068
6 0.6180187207488299 0.5574717514124293 0.08053042121684867 0.16038135593220337
5 0.5304446177847114 0.5386299435028249 0.09460998439937598 0.14946327683615818
5 0.44187207488299535 0.5197881355932203 0.09059282371294852 0.16038135593220337
5 0.34624804992199687 0.5319491525423728 0.10870514820592825 0.17740112994350282
6 0.24559282371294855 0.5252683615819209 0.10736349453978158 0.18833333333333332
3 0.48714508580343213 0.14203389830508475 0.12228549141965679 0.2840536723163842
3 0.7482449297971919 0.16745762711864406 0.30734009360374415 0.33490112994350285