2 0.13154761904761905 0.25616815476190474 0.20860780423280426 0.15938492063492063
6 0.3457043650793651 0.21624503968253966 0.2335648148148148 0.19077132936507937
2 0.14648148148148146 0.39731894841269844 0.1882936507936508 0.1347718253968254
6 0.34528439153439155 0.3996626984126984 0.24845238095238098 0.17344742063492063
5 0.6819675925925925 0.39738591269841267 0.24532407407407408 0.1523536706349206
5 0.628912037037037 0.5411334325396825 0.1984457671957672 0.14004464285714285
5 0.6647784391534391 0.6570585317460318 0.2062632275132275 0.12571180555555556
6 0.6818022486772487 0.779717261904762 0.20454695767195766 0.14201636904761905
5 0.35366732804232803 0.5395684523809524 0.1882936507936508 0.12755952380952382
5 0.3897354497354497 0.6556225198412698 0.2181117724867725 0.12207589285714285
2 0.4019411375661376 0.7779489087301588 0.2044378306878307 0.11944940476190476
2 0.1749074074074074 0.5387227182539683 0.1976653439153439 0.1347718253968254
2 0.18199074074074076 0.66078125 0.1906382275132275 0.11895089285714286
2 0.1839616402116402 0.7686780753968254 0.20300925925925925 0.1373363095238095