6 0.3997693452380952 0.6395469576719577 0.1723859126984127 0.24908730158730158
5 0.3768898809523809 0.3160350529100529 0.1526438492063492 0.24605158730158727
5 0.5322867063492063 0.32919642857142856 0.13973214285714286 0.19947420634920637
5 0.6594890873015873 0.3342625661375661 0.12378472222222223 0.2075760582010582
6 0.7806150793650793 0.311984126984127 0.14125248015873015 0.20352843915343916
2 0.7787202380952382 0.5975264550264551 0.11922867063492064 0.20757275132275133
2 0.7832787698412698 0.7909226190476191 0.14202132936507936 0.20554894179894181
5 0.6553125 0.614100529100529 0.12150545634920636 0.21972552910052912
5 0.5364657738095239 0.6395469576719577 0.1344171626984127 0.2025132275132275
2 0.660250496031746 0.8147156084656084 0.12074652777777778 0.19036044973544972
2 0.5387425595238096 0.8243386243386244 0.13441468253968256 0.1994708994708995
6 0.2163690476190476 0.6446097883597883 0.1883358134920635 0.23288690476190477
2 0.39863095238095236 0.8537037037037036 0.13517609126984126 0.18934854497354497
2 0.2558606150793651 0.8677083333333333 0.1594766865079365 0.20723875661375663
3 0.6115848214285714 0.0642989417989418 0.2192311507936508 0.1285978835978836