5 0.6435747354497354 0.6460243055555556 0.2025132275132275 0.12234871031746032
6 0.6646626984126984 0.7676736111111112 0.20156084656084655 0.13781994047619048
6 0.336521164021164 0.20760416666666665 0.23343915343915342 0.1933705357142857
2 0.11151124338624338 0.24417162698412698 0.21094907407407407 0.15962549603174603
6 0.34427248677248673 0.39183035714285713 0.24751322751322752 0.17087053571428573
2 0.12604497354497354 0.385483630952381 0.18938492063492066 0.13360119047619046
5 0.33605820105820106 0.5282465277777777 0.18938492063492066 0.1216468253968254
6 0.6241269841269841 0.23293650793650794 0.2400132275132275 0.18282242063492063
5 0.6637334656084657 0.38726190476190475 0.2446990740740741 0.15188492063492062
2 0.16942129629629632 0.6477827380952381 0.19032407407407406 0.1174280753968254
5 0.3660515873015873 0.6435664682539682 0.2175 0.1202405753968254
5 0.650135582010582 0.5233234126984126 0.19500992063492065 0.1385218253968254
2 0.38909722222222226 0.759702380952381 0.2015707671957672 0.11485119047619047
2 0.19777447089947092 0.7685416666666667 0.2015707671957672 0.135359623015873
2 0.15604828042328042 0.5275421626984127 0.19688492063492063 0.13430555555555554