6 0.5561526479750779 0.302909604519774 0.09915887850467289 0.16161016949152543
6 0.3628582554517134 0.9347457627118644 0.05293613707165109 0.07898305084745763
6 0.49450934579439254 0.8502966101694915 0.0656619937694704 0.15067796610169493
5 0.3631931464174455 0.6236864406779661 0.08307632398753895 0.14703389830508473
6 0.37391744548286604 0.44749999999999995 0.08040498442367601 0.16403954802259887
5 0.46135514018691587 0.46573446327683615 0.09312305295950155 0.14701977401129945
6 0.6492834890965732 0.26402542372881355 0.10183800623052959 0.18590395480225988
5 0.5494548286604362 0.48456214689265537 0.09246105919003116 0.1603954802259887
5 0.6459345794392524 0.47120056497175145 0.10853582554517135 0.17497175141242938
6 0.7460981308411215 0.4803107344632768 0.10652647975077882 0.18833333333333332
2 0.37860591900311524 0.2737429378531073 0.0857632398753894 0.15430790960451976
6 0.4663785046728972 0.28285310734463276 0.08843457943925233 0.1822598870056497
6 0.7506775700934579 0.3136864406779661 0.12717289719626168 0.2264265536723164