5 0.6313657407407407 0.5317485119047619 0.18676256613756614 0.13585069444444445
2 0.16052910052910052 0.5346999007936507 0.19238756613756614 0.13332093253968252
5 0.6240542328042329 0.6511433531746031 0.1946362433862434 0.11981894841269841
2 0.1918617724867725 0.7630332341269842 0.19466931216931216 0.13037946428571429
6 0.3378406084656085 0.2305952380952381 0.22838955026455027 0.18141617063492063
2 0.12283730158730158 0.26384176587301583 0.2002612433862434 0.15357142857142858
6 0.33997685185185184 0.40560019841269845 0.23401455026455026 0.16538442460317462
2 0.1346527777777778 0.39927331349206346 0.18338624338624337 0.12909970238095236
5 0.33266203703703706 0.5368105158730159 0.18113425925925927 0.12235119047619047
6 0.643181216931217 0.7650570436507936 0.1946362433862434 0.13331845238095238
5 0.35910052910052914 0.6465029761904761 0.2092625661375661 0.11560019841269842
2 0.3765410052910053 0.7625272817460318 0.1946362433862434 0.11138144841269841
2 0.16953042328042328 0.6490352182539683 0.18338624338624337 0.11391369047619047