6 0.7818700396825397 0.3125231481481482 0.14049107142857145 0.2050429894179894
5 0.6587822420634921 0.3340410052910053 0.12720238095238096 0.20419973544973544
5 0.5325694444444445 0.3289087301587302 0.14080853174603175 0.19688492063492063
5 0.39729910714285716 0.3169543650793651 0.150828373015873 0.24610780423280423
2 0.7783258928571428 0.595760582010582 0.11971230158730159 0.204619708994709
2 0.7817534722222222 0.7908862433862434 0.13711805555555556 0.2039186507936508
5 0.6559771825396825 0.6158002645502646 0.12182539682539682 0.22079365079365076
2 0.6601934523809524 0.8147949735449735 0.12076636904761905 0.19126322751322752
5 0.5362599206349206 0.6390046296296296 0.1334250992063492 0.20250992063492063
2 0.5383730158730158 0.8246395502645503 0.13658978174603176 0.1982936507936508
6 0.39993551587301585 0.6398478835978836 0.17245039682539684 0.24821428571428572
2 0.3986160714285714 0.8546660052910053 0.13500744047619048 0.18844907407407407
6 0.21641121031746033 0.6458234126984127 0.18932787698412698 0.2334490740740741
2 0.25603670634920633 0.8680257936507936 0.15947916666666667 0.20713293650793652