6 0.6557054263565891 0.24711267605633802 0.10031782945736434 0.18104225352112674
6 0.7563488372093023 0.2908450704225352 0.12906976744186047 0.21992957746478875
6 0.7494186046511628 0.4597605633802817 0.10565891472868218 0.18590140845070424
5 0.6523565891472868 0.45429577464788734 0.10834108527131782 0.1749718309859155
5 0.556062015503876 0.46642253521126764 0.09228682170542636 0.15795774647887326
5 0.46777519379844956 0.44880281690140844 0.09362015503875969 0.14945070422535212
6 0.3821782945736434 0.42938028169014086 0.08024806201550387 0.16404225352112675
5 0.3711472868217054 0.6067746478873239 0.08225581395348837 0.14701408450704226
5 0.45641085271317827 0.6225633802816901 0.08293023255813954 0.19077464788732393
5 0.3953488372093023 0.7892676056338028 0.0856046511627907 0.19561971830985914
2 0.3861937984496124 0.2556197183098592 0.0856046511627907 0.15673239436619718
6 0.47313178294573643 0.265943661971831 0.08693798449612404 0.1773943661971831
6 0.5627364341085271 0.2866056338028169 0.09763565891472868 0.1628169014084507