6 0.06217514124293786 0.3642056074766355 0.08033898305084747 0.053442367601246106
6 0.1444350282485876 0.4921806853582555 0.15557909604519773 0.06609034267912772
5 0.3746045197740113 0.362095015576324 0.1492090395480226 0.08297507788161994
6 0.5499435028248588 0.37475856697819315 0.16067796610169494 0.08016355140186916
2 0.7252824858757062 0.3782632398753894 0.1568502824858757 0.08718847352024922
5 0.5321045197740113 0.4601869158878505 0.14792372881355934 0.0949221183800623
6 0.7074293785310735 0.46721962616822427 0.18745762711864405 0.08789719626168224
5 0.5116807909604519 0.5501869158878505 0.16323446327683616 0.09070872274143302
6 0.6934039548022599 0.5565186915887851 0.16450564971751414 0.09914330218068536
5 0.5250706214689266 0.6461682242990654 0.1772457627118644 0.10969626168224299
6 0.7316666666666667 0.6486370716510904 0.1849152542372881 0.10195482866043613
6 0.5199717514124294 0.7460202492211838 0.18490112994350283 0.1082866043613707
6 0.6889406779661017 0.7509423676012461 0.21679378531073448 0.12797507788161994