6 0.6318551587301587 0.8243088624338625 0.16480406746031745 0.18458333333333332
6 0.7849057539682539 0.8334325396825397 0.1666344246031746 0.23194444444444443
6 0.5007465277777777 0.8228439153439154 0.13806795634920635 0.20997354497354498
6 0.36963541666666666 0.8155224867724867 0.1300124007936508 0.1875099206349206
6 0.24566468253968254 0.8294279100529101 0.12745039682539683 0.1762632275132275
6 0.7763343253968253 0.6345998677248678 0.18458085317460318 0.24464285714285713
5 0.6164756944444445 0.639728835978836 0.14978918650793652 0.2187632275132275
5 0.45625 0.6431481481481481 0.18897569444444445 0.1884887566137566
5 0.35901289682539683 0.6367989417989418 0.12049107142857143 0.1943452380952381
6 0.23779017857142856 0.6597486772486773 0.13880208333333333 0.1904431216931217
6 0.7948288690476191 0.3264318783068783 0.19007440476190476 0.22999007936507937
6 0.6120783730158731 0.334728835978836 0.16956349206349206 0.24854828042328042
5 0.4692485119047619 0.3364384920634921 0.13953373015873016 0.19825066137566139
5 0.36006944444444444 0.36256283068783074 0.12012400793650793 0.21827050264550263
2 0.23614335317460317 0.38234126984126987 0.11865823412698413 0.2031349206349206
2 0.7543402777777778 0.1056547619047619 0.15848214285714285 0.2080026455026455
2 0.6140525793650794 0.1151058201058201 0.13514136904761903 0.19092592592592594
2 0.4699826388888889 0.1491765873015873 0.13953621031746033 0.20166997354497354
2 0.3509548611111111 0.16284722222222223 0.11902529761904762 0.1919047619047619
2 0.22881944444444444 0.18872685185185187 0.13697172619047618 0.20362433862433862