5 0.3397971918876755 0.5950141242937853 0.10671606864274572 0.17888418079096047
5 0.43602184087363494 0.576454802259887 0.09040561622464899 0.16368644067796612
5 0.5275897035881435 0.5832062146892656 0.09177847113884555 0.15187853107344632
6 0.6141185647425896 0.6005225988700565 0.08061622464898595 0.16117231638418078
2 0.6124180967238689 0.7756073446327684 0.08530421216848674 0.15693502824858757
6 0.5257332293291732 0.767584745762712 0.08807332293291731 0.17971751412429376
6 0.43485959438377536 0.7587146892655366 0.09739469578783151 0.1670762711864407
6 0.3407254290171607 0.8009322033898304 0.09366614664586584 0.1772316384180791
6 0.2398439937597504 0.7705367231638418 0.1276833073322933 0.21096045197740115
6 0.5743213728549141 0.19709039548022597 0.12901716068642746 0.25302259887005646
3 0.49459438377535103 0.17310734463276836 0.10684867394695786 0.34620056497175145
3 0.7098517940717628 0.28638418079096045 0.3106396255850234 0.2985593220338983