2 0.28600566572237957 0.6385747663551401 0.16341359773371106 0.08691588785046729
6 0.4569546742209632 0.6412616822429906 0.16075070821529744 0.0825233644859813
5 0.4769405099150142 0.5540965732087227 0.1491926345609065 0.09376168224299065
6 0.29310198300283286 0.5497040498442368 0.1758356940509915 0.08789719626168224
6 0.30596317280453256 0.4593691588785047 0.1589660056657224 0.09863707165109034
5 0.493356940509915 0.46473520249221184 0.16075070821529744 0.0927803738317757
6 0.27089235127478756 0.36536604361370717 0.18827195467422095 0.09911993769470405
5 0.480028328611898 0.36903426791277255 0.17672804532577904 0.10644859813084112
6 0.48226628895184137 0.2699065420560748 0.18471671388101982 0.10450155763239875
6 0.31130311614730877 0.26575545171339565 0.21225212464589235 0.13037383177570094
3 0.9057790368271955 0.5577258566978193 0.18844192634560905 0.13285046728971964
3 0.8455807365439094 0.8060124610591901 0.3088385269121813 0.38797507788161995
6 0.8733144475920679 0.6253816199376947 0.20851274787535412 0.075404984423676