5 0.6718088624338624 0.391937003968254 0.24415343915343918 0.15235119047619047
2 0.12154431216931218 0.251046626984127 0.2118882275132275 0.15978174603174602
6 0.3462731481481482 0.2139484126984127 0.23113425925925926 0.1919047619047619
6 0.664973544973545 0.2642435515873016 0.24350198412698412 0.12647073412698412
6 0.3498511904761905 0.39828621031746037 0.24610780423280423 0.1718849206349206
2 0.1092361111111111 0.391391369047619 0.1888128306878307 0.13428571428571429
5 0.6587896825396825 0.5271974206349206 0.19336970899470898 0.13770089285714288
5 0.6522784391534392 0.6522048611111111 0.20378637566137567 0.12305307539682539
6 0.6716071428571428 0.7674826388888888 0.1998809523809524 0.1386780753968254
5 0.34529431216931217 0.5340352182539683 0.1875099206349206 0.1269593253968254
2 0.1580787037037037 0.5325694444444445 0.19662367724867727 0.13477430555555556
2 0.17666666666666667 0.6531820436507937 0.1888128306878307 0.11914682539682539
5 0.374265873015873 0.6495188492063493 0.21680886243386244 0.1206125992063492
2 0.3925033068783069 0.7687599206349206 0.20249338624338625 0.1171924603174603
2 0.20042989417989418 0.7740401785714285 0.20118386243386244 0.13819196428571429