2 0.18445767195767193 0.6595758928571428 0.18989748677248677 0.11923859126984127
6 0.2912268518518518 0.21634920634920637 0.2334490740740741 0.19266617063492064
2 0.13185846560846562 0.25555803571428576 0.20907407407407408 0.15891617063492064
6 0.35921296296296296 0.40111359126984125 0.2493882275132275 0.17157242063492062
2 0.14592261904761905 0.39670882936507934 0.19032407407407406 0.1357093253968254
5 0.682202380952381 0.3965426587301587 0.24657738095238094 0.15118055555555554
5 0.6702480158730159 0.5330977182539682 0.19688492063492063 0.13945932539682537
5 0.6650892857142857 0.65984375 0.20625992063492063 0.12481150793650794
6 0.6861871693121694 0.780843253968254 0.20469907407407406 0.14063244047619047
5 0.35539682539682543 0.5405977182539683 0.18672949735449734 0.12774305555555554
2 0.17405092592592594 0.5382539682539682 0.19766865079365079 0.13594494047619046
5 0.38051917989417994 0.6535540674603175 0.2187632275132275 0.12187996031746032
2 0.20860119047619047 0.7822594246031747 0.2034589947089947 0.13753968253968252
2 0.4042195767195767 0.7773561507936508 0.20400462962962962 0.11963541666666667