6 0.2676557632398754 0.6795042492917848 0.12638629283489097 0.22342776203966008
6 0.36574766355140187 0.7245467422096317 0.097297507788162 0.18106232294617564
6 0.4611137071651091 0.6846883852691218 0.09859034267912772 0.1611331444759207
6 0.5497429906542056 0.6970538243626062 0.08666666666666667 0.18633144475920682
2 0.638644859813084 0.7157507082152974 0.08634735202492212 0.15762039660056656
6 0.6415420560747663 0.5387818696883853 0.0818380062305296 0.1646600566572238
5 0.5542289719626168 0.5191501416430595 0.09343457943925233 0.15117563739376771
5 0.4641978193146417 0.5033427762039661 0.09278816199376948 0.16406515580736544
5 0.36961059190031154 0.5165155807365439 0.10761682242990654 0.17521246458923515
6 0.2700545171339564 0.51328611898017 0.10503115264797509 0.18868271954674223
6 0.633045171339564 0.11739376770538243 0.09748442367601247 0.20461756373937678
3 0.8103193146417446 0.14007082152974504 0.3793535825545171 0.2801416430594901
3 0.5635669781931464 0.09253541076487252 0.11172118380062304 0.18507082152974505