5 0.4344647887323944 0.4220358814352574 0.16377464788732393 0.09070982839313572
6 0.8292816901408451 0.5964742589703588 0.1797887323943662 0.06074882995319812
5 0.572225352112676 0.6238455538221529 0.12695774647887323 0.11320592823712948
6 0.4122394366197183 0.6006396255850234 0.15998591549295776 0.07946177847113885
2 0.2370422535211268 0.600631825273011 0.15746478873239436 0.09070982839313572
6 0.2414788732394366 0.5141419656786271 0.17901408450704226 0.08930577223088923
5 0.4236760563380282 0.5137909516380654 0.14728169014084505 0.09141185647425897
6 0.23640845070422534 0.22830733229329173 0.19680281690140844 0.12233229329173168
6 0.20719718309859156 0.3299141965678627 0.1815492957746479 0.09632605304212168
6 0.25226760563380285 0.4230889235569423 0.16504225352112678 0.0984399375975039
3 0.7538450704225352 0.5529173166926677 0.4923098591549296 0.09439157566302653
3 0.6826619718309859 0.8162402496099844 0.5084084507042254 0.3675195007800312