6 0.3035310734463277 0.23773010920436816 0.2240960451977401 0.1286817472698908
6 0.4715960451977401 0.24581903276131045 0.19098870056497175 0.10968798751950079
6 0.25960451977401133 0.34002340093603745 0.18207627118644068 0.10122464898595944
5 0.46395480225988706 0.34602184087363497 0.17824858757062148 0.1103978159126365
6 0.29334745762711867 0.43758970358814353 0.16042372881355932 0.10195787831513262
5 0.4766949152542373 0.4409438377535101 0.16298022598870057 0.0949219968798752
6 0.6479378531073446 0.4353120124804993 0.17189265536723164 0.10192667706708268
6 0.2748870056497175 0.5242745709828394 0.17953389830508473 0.09141185647425897
5 0.4563135593220339 0.5302496099843994 0.15024011299435028 0.09492979719188768
5 0.6326553672316384 0.5429017160686428 0.18461864406779663 0.0850780031201248
5 0.6132627118644067 0.6273322932917317 0.14642655367231638 0.08438377535101405
6 0.43978813559322033 0.6176677067082683 0.16022598870056498 0.08262870514820593
2 0.2677966101694915 0.6134087363494539 0.14884180790960452 0.08790171606864275