6 0.2308705357142857 0.6587268518518519 0.14136656746031745 0.19484457671957672
6 0.23910962301587302 0.8310945767195768 0.12854662698412697 0.18018849206349205
6 0.3660069444444444 0.8164484126984127 0.13549851190476192 0.192880291005291
6 0.498219246031746 0.8240145502645503 0.1398983134920635 0.20899801587301586
6 0.6342733134920635 0.823779761904762 0.17615823412698411 0.18703373015873018
6 0.6119320436507937 0.3313128306878307 0.1681001984126984 0.24610449735449735
5 0.4643402777777778 0.3300925925925926 0.1373363095238095 0.20167328042328042
2 0.22043154761904762 0.1809160052910053 0.14026785714285714 0.2060681216931217
2 0.34513392857142855 0.1542989417989418 0.12305307539682539 0.19581018518518517
2 0.4676388888888889 0.14062830687830688 0.13880208333333333 0.20069444444444443
2 0.6095535714285714 0.1081547619047619 0.13550347222222223 0.19043650793650793
2 0.753844246031746 0.10102513227513228 0.16121031746031747 0.20205026455026456
2 0.22793898809523808 0.3774570105820106 0.12012400793650793 0.20850859788359788
5 0.3539236111111111 0.35694775132275136 0.12232142857142857 0.22022817460317462
5 0.6165104166666666 0.6377281746031747 0.15235119047619047 0.22120370370370368
5 0.45298859126984126 0.6401686507936507 0.1908060515873016 0.1919047619047619
6 0.7728918650793651 0.6389451058201059 0.18091765873015875 0.2373181216931217
5 0.35319196428571425 0.6343088624338624 0.12525049603174604 0.19776455026455025
6 0.794499007936508 0.32032407407407404 0.19044146825396827 0.2319477513227513