6 0.3727182539682539 0.7664062500000001 0.24188822751322753 0.16116319444444444
6 0.677609126984127 0.7972073412698413 0.23288690476190477 0.1957614087301587
2 0.8995039682539683 0.756450892857143 0.2003306878306878 0.1611656746031746
6 0.1726785714285714 0.24553075396825397 0.18000992063492063 0.1282564484126984
6 0.3381977513227513 0.23878224206349205 0.20052579365079365 0.1400719246031746
2 0.620869708994709 0.23524801587301586 0.2070436507936508 0.11895089285714286
2 0.8158002645502646 0.22792410714285716 0.20625992063492063 0.1382886904761905
6 0.18565145502645503 0.3706969246031746 0.19141534391534393 0.1323313492063492
5 0.3653472222222222 0.3582415674603175 0.19532407407407407 0.12304811507936508
5 0.6401025132275132 0.3591765873015873 0.2213690476190476 0.12003720238095238
2 0.8411243386243386 0.3496577380952381 0.19369378306878307 0.12166914682539683
5 0.17946428571428574 0.5016443452380953 0.2116005291005291 0.14079365079365078
5 0.36041005291005296 0.48414682539682535 0.18935515873015873 0.1359126984126984
5 0.6726587301587301 0.46807291666666667 0.19098214285714285 0.13631944444444444
6 0.8557738095238095 0.4719394841269841 0.2023776455026455 0.13672619047619047
6 0.1772883597883598 0.6323462301587301 0.19215939153439154 0.1653125
5 0.36429563492063494 0.6185044642857143 0.21719907407407404 0.15065228174603174
6 0.6701686507936507 0.6118625992063492 0.25235780423280424 0.17051835317460318
2 0.888151455026455 0.6137847222222222 0.1914186507936508 0.13770337301587302