2 0.6204283489096574 0.7224435028248588 0.08560747663551402 0.15357344632768363
6 0.5007009345794392 0.14533898305084747 0.08413551401869158 0.15189265536723165
6 0.6342757009345794 0.060960451977401124 0.051176012461059184 0.0759322033898305
5 0.6336448598130842 0.37642655367231637 0.08299065420560747 0.14625706214689266
6 0.2526791277258567 0.5194209039548022 0.10608255451713396 0.1881638418079096
5 0.3524299065420561 0.5241525423728813 0.10794392523364485 0.1738276836158192
5 0.43765576323987543 0.5097598870056498 0.09305295950155763 0.16200564971751413
5 0.5385514018691588 0.5321892655367232 0.0935202492211838 0.14851694915254238
6 0.6165809968847352 0.5503107344632768 0.07909657320872274 0.164590395480226
6 0.24821651090342678 0.6937570621468927 0.12748442367601245 0.20419491525423727
6 0.34685358255451715 0.7321468926553673 0.10514797507788161 0.18478813559322035
6 0.4413006230529595 0.6908050847457626 0.09956386292834891 0.16285310734463276
6 0.5336760124610592 0.7093502824858757 0.08793613707165109 0.1948728813559322
3 0.4786760124610592 0.10966101694915255 0.11274143302180685 0.19923728813559322