2 0.7538467261904762 0.11303902116402116 0.16114087301587302 0.20801917989417987
6 0.23215029761904762 0.6645833333333333 0.13807043650793652 0.20069444444444443
5 0.35245783730158725 0.6443154761904762 0.12305555555555556 0.20215939153439155
5 0.4509747023809524 0.6499338624338624 0.19044146825396827 0.19288359788359788
5 0.6122991071428572 0.6628736772486772 0.15052083333333333 0.24317791005291006
6 0.7686805555555556 0.6550595238095238 0.18055307539682539 0.2373181216931217
2 0.22988095238095238 0.1917559523809524 0.1351388888888889 0.20069444444444443
2 0.35081101190476194 0.1667526455026455 0.11829117063492063 0.18848544973544973
2 0.4707514880952381 0.15625661375661376 0.13550347222222223 0.19581018518518517
2 0.6112003968253968 0.12573743386243386 0.13440724206349206 0.1875099206349206
2 0.23398065476190474 0.383316798941799 0.11756200396825396 0.20069444444444443
5 0.35612103174603177 0.36549603174603174 0.12085565476190477 0.21680886243386244
5 0.4634250992063492 0.3413161375661376 0.1355059523809524 0.19970568783068782
6 0.6080902777777778 0.34205687830687836 0.1699330357142857 0.24219907407407407
6 0.7917534722222223 0.33668320105820104 0.1908060515873016 0.23145833333333332