2 0.23763888888888887 0.375869708994709 0.1117311507936508 0.1913723544973545
2 0.23612847222222225 0.189755291005291 0.125 0.19636904761904764
2 0.35108878968253965 0.16787698412698412 0.1168874007936508 0.18106150793650794
2 0.4671155753968254 0.16214616402116402 0.1271999007936508 0.18564484126984127
2 0.5990426587301587 0.13464616402116403 0.12977926587301586 0.18564153439153439
2 0.736125992063492 0.12204034391534392 0.1512624007936508 0.20168650793650794
6 0.7700744047619048 0.33805224867724865 0.181344246031746 0.22116732804232803
6 0.5938864087301587 0.3409160052910053 0.16243799603174605 0.23148148148148148
5 0.4572296626984127 0.3380588624338624 0.13321676587301587 0.19597222222222221
5 0.35237599206349207 0.3592526455026455 0.11602678571428571 0.20856150793650796
5 0.44261904761904763 0.630843253968254 0.1847842261904762 0.18335317460317463
5 0.3515178571428571 0.6233928571428572 0.11774553571428571 0.19595899470899472
6 0.2333407738095238 0.644021164021164 0.13407738095238095 0.19366732804232803