6 0.1768617724867725 0.6343402777777778 0.18501322751322752 0.17823164682539683
6 0.6780853174603175 0.7948338293650794 0.23330357142857142 0.19165922619047618
2 0.8894113756613756 0.6084623015873016 0.19152777777777777 0.13631944444444444
6 0.669672619047619 0.6078521825396825 0.25229497354497354 0.17741815476190476
6 0.3590542328042328 0.7738764880952381 0.23981481481481484 0.1823015873015873
5 0.6420006613756614 0.3534424603174603 0.22136574074074072 0.12004464285714285
5 0.3652943121693122 0.35425595238095237 0.19640873015873017 0.12248511904761905
6 0.18272156084656083 0.3621924603174603 0.19261243386243387 0.13916914682539683
5 0.35970568783068785 0.4790997023809524 0.1904431216931217 0.1371329365079365
5 0.6741236772486773 0.47014880952380955 0.19206679894179893 0.1257390873015873
2 0.8585945767195767 0.46444940476190477 0.20291997354497354 0.14201636904761905
6 0.1778637566137566 0.4978174603174603 0.2132275132275132 0.14364335317460317
6 0.16671296296296295 0.24174107142857143 0.17470568783068782 0.12044890873015872
6 0.33708333333333335 0.23136656746031747 0.20291997354497354 0.14201636904761905
2 0.6224669312169312 0.22790674603174602 0.20725859788359788 0.12044890873015872
2 0.8196891534391534 0.2244469246031746 0.20671626984126984 0.13387648809523808
2 0.846193783068783 0.3446949404761905 0.1958664021164021 0.12207589285714285
5 0.361603835978836 0.6152157738095239 0.22136574074074072 0.15137400793650793
2 0.8988293650793651 0.7563789682539682 0.20167989417989418 0.15707093253968252