2 0.3856589147286822 0.2567042253521127 0.08451937984496125 0.15188732394366197
6 0.3975581395348837 0.7890281690140846 0.0855968992248062 0.18833802816901407
5 0.3711395348837209 0.6025211267605635 0.08493798449612402 0.14822535211267604
5 0.4587519379844961 0.621774647887324 0.08761240310077519 0.18432394366197183
6 0.380984496124031 0.4299859154929578 0.07856589147286822 0.16032394366197183
5 0.46824806201550384 0.44791549295774646 0.09288372093023255 0.1483661971830986
5 0.5563333333333333 0.46764788732394363 0.09241860465116279 0.16201408450704224
5 0.6517751937984496 0.4541408450704225 0.10960465116279068 0.17888732394366197
6 0.7509224806201551 0.45963380281690136 0.10634883720930233 0.18816901408450704
6 0.7574263565891474 0.2891830985915493 0.1267906976744186 0.22023943661971832
6 0.6550232558139535 0.24826760563380282 0.09845736434108528 0.18225352112676058
6 0.5630697674418604 0.2866619718309859 0.09845736434108528 0.16453521126760562
6 0.4725116279069767 0.27442253521126764 0.08824031007751938 0.19070422535211268
3 0.13813982591699198 0.9546505704013205 0.33793380209525165 0.6899331798837134 0.4026945524870357 0.6961912360258147 0.38753781332713483 0.8257337888323033 0.24113706470811452 0.985315194463485
3 0.3978719823337772 0.8032046492137835 0.40097223303576995 0.9840636519885425 0.49949128987417285 0.9928249076696583 0.5094810076055144 0.8670372114662562 0.45367649496964585 0.7293591742161231 0.40097223303577 0.7619012265798305