5 0.3439715608465609 0.4715327380952381 0.19369708994708995 0.13794642857142858
5 0.6516104497354498 0.4666468253968254 0.202364417989418 0.12166666666666667
2 0.8374338624338624 0.46786954365079364 0.19749338624338625 0.13469246031746032
6 0.651332671957672 0.603578869047619 0.24741071428571426 0.16928075396825396
2 0.8670039682539683 0.6072395833333333 0.18827050264550266 0.13428323412698412
6 0.3381216931216931 0.7639112103174603 0.24219907407407407 0.18106646825396824
2 0.8032506613756615 0.2257514880952381 0.20183531746031746 0.13468998015873018
2 0.8323578042328043 0.3435168650793651 0.1904398148148148 0.12044890873015872
5 0.6290806878306878 0.35088045634920634 0.2180952380952381 0.12289186507936507
5 0.3499404761904762 0.34721478174603176 0.20454695767195766 0.12288938492063492
6 0.655681216931217 0.7875074404761905 0.2322255291005291 0.1912549603174603
6 0.32877976190476194 0.22676835317460317 0.20020502645502644 0.13998263888888887
2 0.6109126984126985 0.22859871031746032 0.2034589947089947 0.11841517857142857
5 0.3318716931216931 0.6080431547619047 0.24219907407407407 0.15411210317460317
2 0.8800231481481482 0.7492584325396826 0.2099702380952381 0.1603298611111111