6 0.24097503900156006 0.770183615819209 0.12638065522620906 0.21870056497175142
5 0.33930577223088926 0.5953107344632769 0.10680187207488298 0.18022598870056497
5 0.43557722308892355 0.5767796610169492 0.09059282371294852 0.16200564971751413
5 0.5253276131045242 0.5853813559322034 0.09115444617784711 0.1528954802259887
6 0.6134009360374415 0.6005790960451977 0.07940717628705148 0.15694915254237288
2 0.6125585023400936 0.7737146892655367 0.08667706708268332 0.1528954802259887
6 0.5265756630265211 0.7650988700564972 0.08737909516380656 0.18492937853107347
6 0.43492979719188773 0.7573728813559323 0.09669266770670826 0.1638418079096045
6 0.3410764430577223 0.8033898305084746 0.09242589703588143 0.18
2 0.5771840873634946 0.1995762711864407 0.09833853354134164 0.20768361581920902
3 0.7712948517940718 0.23382768361581924 0.4179173166926677 0.44322033898305085
3 0.5027457098283932 0.1663418079096045 0.07445397815912637 0.3107627118644068