5 0.39696180555555555 0.3170469576719577 0.15112351190476192 0.2480753968253968
5 0.532514880952381 0.32919973544973546 0.13973214285714286 0.19542328042328044
5 0.658578869047619 0.3342625661375661 0.1245436507936508 0.20554894179894181
6 0.780843253968254 0.31299603174603174 0.1427703373015873 0.20554894179894181
2 0.7793253968253968 0.5970171957671958 0.11998759920634922 0.20453373015873016
2 0.7819022817460318 0.7904166666666665 0.1372891865079365 0.20453703703703702
5 0.6559325396825396 0.6157010582010582 0.12150545634920636 0.21938492063492063
2 0.6603645833333334 0.8148379629629631 0.1202405753968254 0.1890112433862434
5 0.5363268849206348 0.6380621693121693 0.13289930555555557 0.2016666666666667
2 0.5385391865079365 0.8253835978835979 0.13606150793650795 0.19998015873015873
6 0.4002628968253968 0.6372486772486773 0.17339781746031746 0.24891534391534392
2 0.39680803571428575 0.8519973544973545 0.13353174603174603 0.1890112433862434
2 0.2566046626984127 0.8684193121693121 0.1594766865079365 0.21010251322751322
6 0.2154985119047619 0.6460482804232804 0.18985367063492065 0.23290013227513226