5 0.4631497175141243 0.5296879875195007 0.14776836158192092 0.0953978159126365
5 0.6171610169491525 0.6279641185647425 0.14776836158192092 0.08046021840873635
6 0.6504661016949153 0.43600624024961 0.16858757062146892 0.10344773790951639
2 0.269590395480226 0.6124414976599064 0.1602542372881356 0.086201248049922
5 0.46210451977401135 0.3452028081123245 0.18316384180790962 0.10804992199687988
6 0.259180790960452 0.3400312012480499 0.19771186440677965 0.09770670826833074
5 0.477725988700565 0.44175507020280813 0.1602683615819209 0.09655226209048362
6 0.30080508474576273 0.23888455538221529 0.2185310734463277 0.12528861154446178
6 0.2935734463276836 0.4337285491419656 0.16652542372881357 0.10118564742589703
6 0.469364406779661 0.2452028081123245 0.18111581920903955 0.10804992199687988
6 0.2737429378531073 0.5262402496099844 0.17690677966101695 0.09310452418096724
6 0.44025423728813556 0.6176209048361935 0.16443502824858758 0.08275351014040562
5 0.6317231638418079 0.5417550702028081 0.18939265536723165 0.08505460218408736
3 0.8684322033898305 0.4812558502340094 0.26312146892655364 0.15192667706708268
3 0.8119350282485877 0.782808112324493 0.3761158192090396 0.3728237129485179