5 0.6446056547619048 0.6334226190476191 0.12150793650793651 0.21770171957671958
2 0.7654786706349206 0.6157043650793651 0.11644345238095238 0.20251984126984127
2 0.7689558531746031 0.8085085978835979 0.13351934523809525 0.20335317460317462
2 0.5294270833333333 0.8435251322751324 0.13796130952380953 0.1991369047619048
2 0.38954117063492066 0.8739021164021163 0.13416418650793652 0.1890112433862434
6 0.23178571428571426 0.34769179894179897 0.181500496031746 0.2389649470899471
5 0.5275272817460317 0.6574702380952381 0.13036458333333334 0.2016666666666667
2 0.2455704365079365 0.8882473544973545 0.15884424603174604 0.2109424603174603
5 0.3874652777777778 0.3357804232804233 0.15264136904761905 0.2440277777777778
5 0.5230233134920634 0.34792989417989423 0.1382142857142857 0.1913723544973545
5 0.6460466269841271 0.3540079365079365 0.12150545634920636 0.20149801587301588
6 0.7660367063492063 0.3342625661375661 0.13973214285714286 0.19846230158730158
6 0.20604166666666665 0.6629563492063492 0.18858878968253967 0.2312003968253968
6 0.39210069444444445 0.6570469576719578 0.17087053571428573 0.2480753968253968
2 0.6484027777777778 0.8321362433862434 0.11897569444444443 0.18985449735449736