6 0.6634523809523809 0.26420882936507933 0.24000992063492063 0.12727182539682538
5 0.6718882275132275 0.39288690476190474 0.2456415343915344 0.1525843253968254
5 0.6587599206349206 0.5278943452380952 0.19500992063492065 0.1385218253968254
5 0.6521990740740741 0.6509474206349206 0.2043849206349206 0.1244593253968254
6 0.6742328042328043 0.7715426587301588 0.20157407407407404 0.13781994047619048
6 0.34562169312169316 0.21287698412698414 0.2325132275132275 0.1891517857142857
2 0.12342261904761906 0.2501438492063492 0.20625992063492063 0.15961805555555555
6 0.35124669312169315 0.3978075396825397 0.24751322751322752 0.1736830357142857
2 0.13654761904761906 0.39323660714285713 0.19125992063492064 0.13500744047619048
2 0.16726190476190478 0.5328149801587302 0.19875992063492062 0.13571180555555556
5 0.34468253968253965 0.5335193452380953 0.1875132275132275 0.12586805555555555
2 0.17732804232804233 0.6534102182539683 0.18844907407407407 0.11813244047619048
5 0.3746858465608465 0.6488392857142857 0.21750992063492064 0.1216468253968254
2 0.3941501322751323 0.7673015873015874 0.20250992063492063 0.1160218253968254
2 0.19940806878306877 0.7729117063492064 0.2026058201058201 0.13634424603174602