5 0.4419922480620155 0.5303380281690141 0.09195348837209302 0.16032394366197183
5 0.34631782945736433 0.542169014084507 0.10774418604651163 0.17212676056338028
6 0.24694573643410853 0.5370985915492957 0.104953488372093 0.18394366197183099
5 0.626937984496124 0.39049295774647885 0.08292248062015503 0.14701408450704226
5 0.5423488372093023 0.3746901408450704 0.08493798449612402 0.18833802816901407
6 0.6022015503875969 0.20519718309859156 0.0856046511627907 0.19198591549295774
2 0.6122015503875969 0.7408732394366196 0.08499224806201551 0.15611267605633802
6 0.5253643410852713 0.7265352112676057 0.08684496124031008 0.18480281690140846
6 0.43658914728682174 0.7109154929577465 0.09799224806201551 0.16201408450704224
6 0.3407519379844961 0.7493098591549295 0.09844961240310078 0.18309859154929578
6 0.2418372093023256 0.7016338028169015 0.12724806201550387 0.22445070422535213
6 0.6170852713178294 0.573549295774648 0.07895348837209303 0.1628450704225352
5 0.53 0.5489154929577466 0.09241860465116279 0.1518732394366197
3 0.5093023255813953 0.007042253521126761 0.5914728682170542 0.008450704225352112 0.5930232558139535 0.14084507042253522 0.6031007751937985 0.19154929577464788 0.6031007751937985 0.2084507042253521 0.5992248062015504 0.21690140845070421 0.5883720930232558 0.21690140845070421 0.5728682170542636 0.17887323943661973 0.5565891472868217 0.1563380281690141 0.5503875968992248 0.1563380281690141 0.5488372093023256 0.1676056338028169 0.5558139534883721 0.19014084507042253 0.5658914728682171 0.20704225352112676 0.5705426356589147 0.223943661971831 0.5713178294573643 0.24507042253521127 0.5465116279069767 0.2380281690140845 0.5255813953488372 0.21267605633802816 0.4992248062015504 0.11408450704225352 0.5046511627906977 0.08309859154929577 0.5046511627906977 0.015492957746478873
3 0.7945736434108527 0.007042253521126761 0.889922480620155 0.007042253521126761 0.9031007751937985 0.009859154929577466 0.9038759689922481 0.015492957746478873 0.8992248062015504 0.023943661971830985 0.7945736434108527 0.10985915492957747 0.7806201550387597 0.14366197183098592 0.765891472868217 0.15211267605633802 0.7472868217054264 0.1732394366197183 0.7062015503875969 0.24225352112676057 0.6852713178294574 0.26901408450704223 0.6666666666666666 0.2830985915492958 0.6581395348837209 0.3 0.6441860465116279 0.30140845070422534 0.6403100775193798 0.30704225352112674 0.6193798449612403 0.30140845070422534 0.624031007751938 0.2859154929577465 0.637984496124031 0.28169014084507044 0.6472868217054264 0.2661971830985915 0.6558139534883721 0.24366197183098592 0.6573643410852713 0.223943661971831 0.6643410852713179 0.21549295774647886 0.6124031007751938 0.21830985915492956 0.603875968992248 0.20704225352112676 0.6062015503875969 0.18873239436619718 0.627906976744186 0.16619718309859155 0.6457364341085271 0.15492957746478872 0.6961240310077519 0.08591549295774648 0.751937984496124 0.04366197183098591 0.7736434108527132 0.01267605633802817