5 0.35920138888888886 0.3619742063492063 0.12029265873015872 0.2223578042328042
6 0.24511656746031746 0.8297784391534392 0.12671378968253968 0.17774470899470898
6 0.37138144841269843 0.8170767195767197 0.13037698412698412 0.19335978835978837
6 0.501436011904762 0.825082671957672 0.1417311507936508 0.21192460317460318
6 0.6313070436507936 0.8241534391534391 0.16443700396825398 0.18700727513227514
6 0.7849479166666666 0.8332473544973544 0.17098710317460317 0.23572420634920635
6 0.7769047619047619 0.6329332010582011 0.18590525793650794 0.24422949735449734
5 0.6169717261904762 0.6388359788359788 0.14854166666666666 0.2162797619047619
5 0.45625248015873016 0.6424834656084656 0.1886359126984127 0.18955026455026455
5 0.3595287698412698 0.6364087301587301 0.1239360119047619 0.19441137566137565
6 0.2375421626984127 0.6619246031746032 0.13942956349206348 0.19441137566137565
6 0.7957142857142857 0.3271759259259259 0.1895486111111111 0.23450727513227512
6 0.6111755952380953 0.33568121693121694 0.17041170634920635 0.2515178571428571
2 0.22906746031746034 0.1874404761904762 0.1385168650793651 0.20534391534391536
2 0.3524206349206349 0.16253306878306878 0.1221155753968254 0.1919808201058201
2 0.47258680555555554 0.14585978835978836 0.13942956349206348 0.20169973544973546
2 0.611812996031746 0.11818121693121693 0.13305059523809526 0.19076719576719575
2 0.755828373015873 0.10367063492063493 0.1619543650793651 0.20734126984126985
2 0.23617559523809523 0.3836739417989418 0.12029265873015872 0.20413359788359786
5 0.4676463293650793 0.33689484126984126 0.1385168650793651 0.20048611111111111