6 0.34945482866043615 0.7248022598870056 0.09165109034267914 0.19576271186440677
6 0.24848909657320872 0.7109745762711864 0.1288785046728972 0.1744915254237288
6 0.6352102803738318 0.06293785310734464 0.05359813084112149 0.08748587570621469
6 0.5012149532710279 0.14495762711864407 0.08040498442367601 0.1567372881355932
5 0.6355451713395638 0.3733898305084746 0.08374610591900311 0.1494491525423729
6 0.6231542056074766 0.5471468926553672 0.08173676012461059 0.1494491525423729
2 0.6208099688473521 0.7293926553672316 0.08643302180685358 0.16403954802259887
5 0.5377258566978194 0.5313418079096045 0.0917834890965732 0.14946327683615818
5 0.44862149532710277 0.5106779661016949 0.09045171339563864 0.1567372881355932
5 0.3528115264797508 0.5246610169491525 0.10652647975077882 0.17254237288135593
6 0.25197819314641745 0.520409604519774 0.10719626168224299 0.18347457627118646
6 0.533107476635514 0.71045197740113 0.08887071651090343 0.19238700564971753
6 0.44088006230529597 0.7172175141242938 0.10049844236760123 0.14176553672316386
3 0.45093457943925236 0.005649717514124294 0.5420560747663551 0.00847457627118644 0.5327102803738317 0.05367231638418079 0.5225856697819314 0.07203389830508475 0.5218068535825545 0.08333333333333333 0.5124610591900312 0.09322033898305085 0.5007788161993769 0.1172316384180791 0.4945482866043614 0.14124293785310735 0.4953271028037383 0.15677966101694915 0.5109034267912772 0.1652542372881356 0.5171339563862928 0.1864406779661017 0.5116822429906542 0.2019774011299435 0.4961059190031153 0.22175141242937854 0.4867601246105919 0.2189265536723164 0.4735202492211838 0.2019774011299435 0.4369158878504673 0.1751412429378531 0.4252336448598131 0.1553672316384181 0.42757009345794394 0.031073446327683617 0.4322429906542056 0.009887005649717515
3 0.7850467289719626 0.005649717514124294 0.926791277258567 0.007062146892655367 0.9330218068535826 0.011299435028248588 0.8621495327102804 0.046610169491525424 0.7710280373831776 0.10451977401129943 0.7616822429906542 0.12570621468926554 0.735202492211838 0.1370056497175141 0.6900311526479751 0.18361581920903955 0.6752336448598131 0.20480225988700565 0.6682242990654206 0.2245762711864407 0.6448598130841121 0.2556497175141243 0.6129283489096573 0.2740112994350282 0.5903426791277259 0.2768361581920904 0.573208722741433 0.268361581920904 0.5615264797507789 0.2542372881355932 0.5537383177570093 0.1906779661016949 0.5607476635514018 0.16807909604519775 0.5623052959501558 0.1497175141242938 0.5794392523364486 0.1172316384180791 0.6012461059190031 0.10451977401129943 0.6425233644859814 0.09322033898305085 0.6721183800623053 0.062146892655367235 0.7484423676012462 0.009887005649717515