3 0.7354828660436137 0.1344915254237288 0.3542834890965732 0.2689830508474576
2 0.6207866043613708 0.7227683615819209 0.08661214953271028 0.15586158192090394
6 0.25436137071651094 0.517358757062147 0.10526479750778817 0.1896892655367232
6 0.4422352024922119 0.6934039548022599 0.09859813084112148 0.16310734463276838
6 0.34963395638629285 0.7306073446327683 0.09860591900311526 0.18848870056497175
6 0.5331931464174455 0.7118785310734463 0.08990654205607476 0.18244350282485874
5 0.537165109034268 0.5300706214689266 0.0939563862928349 0.14747175141242938
6 0.5078582554517134 0.14642655367231638 0.06062305295950156 0.15586158192090394
6 0.6347741433021806 0.06608757062146893 0.05862928348909657 0.07974576271186441
6 0.6244470404984424 0.5512005649717514 0.08194704049844237 0.1606920903954802
6 0.24602803738317755 0.6973870056497176 0.1285747663551402 0.20177966101694916
5 0.3526246105919003 0.526412429378531 0.10992990654205607 0.17639830508474577
5 0.44957943925233645 0.5119209039548023 0.0932398753894081 0.15949152542372882
5 0.6347741433021806 0.37114406779661013 0.08261682242990655 0.1510593220338983
3 0.4697741433021807 0.11661016949152543 0.11586448598130841 0.23320621468926556