5 0.6520734126984127 0.34956679894179893 0.12277281746031746 0.20419973544973544
6 0.2359747023809524 0.3394411375661376 0.18162698412698414 0.23963955026455025
5 0.39165674603174605 0.3305820105820106 0.1537872023809524 0.24723214285714284
5 0.5274032738095238 0.34450396825396823 0.13795882936507936 0.19407407407407407
6 0.7720039682539682 0.3297387566137566 0.13987103174603174 0.2016666666666667
6 0.21125744047619047 0.6567096560846561 0.19167410714285715 0.23457671957671958
6 0.39571676587301585 0.6524900793650794 0.1722767857142857 0.24727843915343914
5 0.5312971230158731 0.6519047619047619 0.13140376984126986 0.20040013227513226
5 0.6406150793650793 0.6290542328042328 0.12041666666666666 0.21680886243386244
2 0.7703720238095237 0.6111838624338625 0.11734126984126984 0.20215939153439155
2 0.7743303571428571 0.8036739417989418 0.13492311507936508 0.202744708994709
2 0.653249007936508 0.8268220899470899 0.11953621031746033 0.1904398148148148
2 0.5317336309523809 0.8379530423280422 0.13667906746031747 0.1986441798941799
2 0.39242063492063495 0.8660780423280423 0.1349206349206349 0.19161375661375663
2 0.2489310515873016 0.8819080687830687 0.15909226190476192 0.20920304232804232