6 0.21262152777777776 0.1663723544973545 0.16524305555555555 0.23497354497354495
6 0.36791914682539684 0.17468584656084657 0.16480654761904762 0.1854861111111111
6 0.49879464285714287 0.1755324074074074 0.1403893849206349 0.2116005291005291
6 0.6286309523809523 0.18298611111111113 0.13351934523809525 0.18991071428571427
6 0.7538839285714285 0.16942791005291005 0.12665426587301587 0.17633597883597885
6 0.22168154761904763 0.36393849206349205 0.18604662698412697 0.24415343915343918
6 0.38347222222222227 0.3587599206349207 0.15015376984126982 0.21779431216931217
6 0.5162723214285715 0.3568022486772487 0.1362375992063492 0.18946428571428572
6 0.6405902777777778 0.36241732804232807 0.12045386904761905 0.193859126984127
6 0.7604017857142857 0.33604828042328044 0.14063244047619047 0.19776455026455025
2 0.2040079365079365 0.6717724867724868 0.19161210317460317 0.23158399470899468
6 0.38760416666666664 0.6641137566137566 0.17151785714285714 0.24822420634920636
5 0.5214310515873015 0.661875 0.12909722222222222 0.19979828042328043
5 0.6406696428571428 0.6365707671957672 0.11963541666666667 0.21852843915343917
2 0.7628993055555556 0.6170304232804233 0.11933035714285714 0.20386904761904762
2 0.7706125992063493 0.8106283068783069 0.1375421626984127 0.2032175925925926
2 0.6490922619047619 0.8363690476190475 0.12116071428571427 0.19208002645502648
2 0.5300669642857143 0.8497883597883599 0.14069444444444443 0.2010185185185185
2 0.38739087301587305 0.8805191798941799 0.1355059523809524 0.1916732804232804
2 0.24410218253968255 0.8947652116402116 0.16083829365079366 0.20551256613756613