6 0.3681696428571429 0.817228835978836 0.13696924603174604 0.19288359788359788
2 0.23970982142857142 0.8337367724867725 0.1284672619047619 0.17550925925925925
6 0.7703521825396825 0.6413525132275132 0.17972718253968253 0.23794973544973544
5 0.6153050595238095 0.652744708994709 0.1506175595238095 0.24216931216931217
5 0.4532936507936508 0.6417724867724868 0.18985367063492065 0.19154431216931217
5 0.3536210317460317 0.635869708994709 0.12340525793650793 0.19660383597883596
6 0.23085069444444445 0.6607605820105821 0.13985863095238094 0.19744708994708995
2 0.22990079365079366 0.3801984126984127 0.12150793650793651 0.20841931216931217
5 0.3536210317460317 0.3595238095238095 0.12087549603174604 0.22107473544973544
5 0.4640550595238095 0.3329464285714286 0.13542906746031744 0.19997685185185185
6 0.6092931547619048 0.33125661375661375 0.17276785714285714 0.25229497354497354
6 0.7912375992063492 0.3245072751322751 0.18985367063492065 0.23035714285714287
2 0.7517361111111112 0.10218253968253968 0.15873015873015872 0.20436507936507936
2 0.6089756944444444 0.11440145502645502 0.13669642857142855 0.18985449735449736
2 0.46884176587301585 0.14562169312169312 0.1404935515873016 0.2016666666666667
2 0.3457118055555556 0.15785714285714286 0.12277281746031746 0.19238756613756614
2 0.2229389880952381 0.18401455026455027 0.14049107142857145 0.2058862433862434