6 0.3132627118644068 0.2484657320872274 0.22570621468926555 0.1286760124610592
6 0.47649717514124296 0.25232866043613705 0.18490112994350283 0.1082866043613707
6 0.2660734463276836 0.3486682242990654 0.18745762711864405 0.10125389408099687
5 0.4707485875706215 0.3518302180685358 0.17597457627118646 0.10618380062305297
6 0.30242937853107343 0.4421884735202492 0.16323446327683616 0.09844236760124611
5 0.48540960451977405 0.44711059190031155 0.1619632768361582 0.09140965732087228
6 0.8494915254237289 0.5001947040498442 0.14792372881355934 0.07524143302180686
6 0.9285593220338982 0.6330919003115265 0.09692090395480227 0.05273364485981308
5 0.6225 0.635202492211838 0.15048022598870056 0.08507788161993769
5 0.4643785310734463 0.535911214953271 0.15048022598870056 0.09492990654205608
6 0.2851977401129943 0.5304361370716512 0.19255649717514126 0.08930685358255452
2 0.27435028248587573 0.6190420560747664 0.15553672316384182 0.08933021806853583
3 0.7227481691177283 0.5643172353227562 0.9636378486166592 0.900560562722283 0.9812902294675185 0.7195345238349493 0.868314992022022 0.5436992336387411
3 0.8188883256396173 0.4074431200483458 0.7553397545765255 0.5151503534493562 0.9848207056376903 0.5521341557096064 0.9918816579780336 0.41458038464790536