6 0.6483035714285714 0.6060590277777778 0.25593584656084656 0.16907986111111112
2 0.8398776455026455 0.46818204365079363 0.20076719576719576 0.13448164682539682
5 0.6616964285714286 0.4582018849206349 0.18624669312169315 0.13750992063492065
6 0.33029431216931215 0.6078373015873016 0.24828373015873015 0.15172371031746032
5 0.3463888888888889 0.47048115079365077 0.20076719576719576 0.14137896825396826
2 0.6099933862433862 0.22680555555555557 0.20689484126984126 0.118390376984127
2 0.8396957671957671 0.59203125 0.19003968253968254 0.13333333333333333
5 0.6291468253968254 0.3509424603174603 0.22069113756613756 0.1252876984126984
2 0.8291468253968255 0.34864335317460315 0.1946362433862434 0.11609126984126984
2 0.8015641534391534 0.22622767857142856 0.20383267195767196 0.12873759920634922
2 0.880462962962963 0.7486879960317461 0.2053637566137566 0.15517113095238094
5 0.3502215608465608 0.34806795634920634 0.2053637566137566 0.12413690476190475
6 0.3379596560846561 0.7612872023809525 0.23601521164021166 0.18045882936507937
6 0.6544378306878307 0.7911135912698413 0.2344808201058201 0.19436755952380955
6 0.32953373015873016 0.2256547619047619 0.20383267195767196 0.13448412698412698