2 0.22901289682539683 0.1967559523809524 0.130999503968254 0.19913359788359786
5 0.4588244047619048 0.3457374338624339 0.1371155753968254 0.19688492063492063
6 0.6058308531746032 0.3483730158730159 0.17007936507936508 0.2466931216931217
6 0.7857986111111112 0.34192791005291007 0.19424851190476192 0.23262896825396825
6 0.22722222222222221 0.6703637566137567 0.13799603174603173 0.20157407407407404
5 0.3476364087301588 0.6495634920634921 0.12305307539682539 0.20333333333333334
5 0.3504935515873016 0.37092923280423284 0.12173363095238095 0.21680224867724868
5 0.4473983134920635 0.6554232804232805 0.18985367063492065 0.19395502645502644
2 0.6074578373015873 0.13009589947089947 0.13479662698412698 0.18563492063492065
2 0.7476314484126984 0.11660052910052911 0.15821180555555556 0.21262896825396826
2 0.46633184523809523 0.16131613756613755 0.1398611111111111 0.19744708994708995
6 0.7640426587301588 0.6606944444444445 0.18062499999999998 0.2373181216931217
2 0.22963789682539681 0.3873412698412698 0.11646081349206348 0.20040343915343914
2 0.3467237103174603 0.17101851851851851 0.11960813492063492 0.18985119047619048
5 0.6078100198412698 0.6606977513227513 0.1529389880952381 0.22911375661375663