2 0.3580140186915888 0.28441926345609064 0.09240654205607476 0.15188385269121812
6 0.44751557632398753 0.29988668555240794 0.09046728971962617 0.18844192634560905
6 0.533348909657321 0.3151983002832861 0.10516355140186916 0.16987252124645894
6 0.631619937694704 0.273314447592068 0.0975545171339564 0.18311614730878187
6 0.7325311526479751 0.3046317280453258 0.1256619937694704 0.1922096317280453
6 0.7234423676012461 0.48405099150141645 0.11470404984423677 0.18575070821529743
5 0.628582554517134 0.4805382436260623 0.10568535825545171 0.17872521246458925
5 0.533348909657321 0.4937252124645892 0.09278816199376948 0.16524079320113313
5 0.4441043613707165 0.4784844192634561 0.09472741433021807 0.1523512747875354
6 0.35614485981308414 0.45885269121813027 0.08054517133956386 0.15410764872521246
3 0.44804517133956384 0.8846458923512747 0.09509345794392524 0.23070821529745042
3 0.19704828660436136 0.8579036827195466 0.3830140186915888 0.2301274787535411