6 0.3031497175141243 0.44232087227414335 0.16152542372881357 0.09902647975077881
6 0.3107062146892655 0.24811526479750778 0.2234322033898305 0.12825545171339564
6 0.4778954802259887 0.2527492211838006 0.18744350282485878 0.10715732087227414
6 0.2638276836158192 0.347398753894081 0.1849152542372881 0.09785046728971962
5 0.4716101694915254 0.35149532710280373 0.175409604519774 0.10723520249221184
5 0.4853954802259887 0.4478971962616823 0.16259887005649717 0.0925778816199377
6 0.851497175141243 0.5020950155763241 0.1509039548022599 0.06973520249221184
6 0.9359745762711864 0.6339408099688474 0.08607344632768361 0.055661993769470404
5 0.6251412429378531 0.6357009345794392 0.14878531073446327 0.08262461059190031
5 0.4680367231638418 0.5372507788161994 0.14984463276836157 0.09551401869158879
6 0.28720338983050847 0.5322663551401868 0.19128531073446328 0.09024143302180686
2 0.2762146892655367 0.6187928348909657 0.15728813559322033 0.08905763239875389
3 0.8339769826770503 0.40563343469970325 0.7341568975554943 0.5183945268290963 0.9859974592000262 0.5436992336387411 0.9930584115403693 0.40160357232304317
3 0.7353336511178302 0.5748434881736887 0.9671683247868317 0.8953698140311577 0.9883511818078615 0.7266717290315576 0.8659612694141856 0.5424015761674355