6 0.8220701058201059 0.36612599206349206 0.18792989417989417 0.1664608134920635
5 0.6376223544973545 0.5149727182539682 0.19171296296296297 0.13770833333333335
6 0.8212334656084656 0.49624007936507936 0.2079100529100529 0.14074404761904763
5 0.32575727513227515 0.5250992063492063 0.1917096560846561 0.12555803571428573
2 0.14416997354497355 0.5264583333333333 0.20386243386243386 0.13840277777777776
2 0.1574074074074074 0.6503025793650794 0.19532407407407407 0.12129712301587302
5 0.35946097883597883 0.6402703373015873 0.2195436507936508 0.12129712301587302
5 0.6332142857142857 0.6396875 0.19532407407407407 0.12363839285714286
6 0.8129100529100528 0.6285515873015873 0.1890707671957672 0.13418650793650794
2 0.1824074074074074 0.7668625992063491 0.2062632275132275 0.1382886904761905
2 0.37929563492063495 0.7639161706349207 0.2031382275132275 0.12013392857142857
6 0.6601719576719577 0.7609821428571429 0.19922949735449735 0.140047123015873
6 0.8277579365079365 0.754828869047619 0.1765707671957672 0.12774305555555554
2 0.10085978835978836 0.24404761904761904 0.20171957671957672 0.1626984126984127
6 0.32227182539682536 0.20209325396825398 0.23491402116402116 0.19076388888888887
6 0.627662037037037 0.2342906746031746 0.24625330687830688 0.16281994047619047
2 0.11003968253968253 0.3855679563492063 0.1927910052910053 0.13487103174603174
6 0.3279398148148148 0.3879985119047619 0.24625330687830688 0.17375496031746032
5 0.6357572751322751 0.38131448412698415 0.2203339947089947 0.15309771825396826
3 0.784593253968254 0.17371527777777776 0.43081349206349207 0.1346875