6 0.7009745762711864 0.5624180967238689 0.1635734463276836 0.0986427457098284
5 0.5325282485875705 0.6507098283931357 0.1732909604519774 0.1084009360374415
6 0.7385310734463276 0.6569032761310453 0.1803813559322034 0.10107644305772231
6 0.5254519774011299 0.752371294851794 0.18745762711864405 0.1054758190327613
6 0.691228813559322 0.7566614664586583 0.22193502824858757 0.12676287051482057
6 0.7012570621468927 0.4723244929797192 0.1768361581920904 0.08546021840873635
6 0.3481638418079096 0.5626677067082684 0.16533898305084746 0.10010140405616226
5 0.5378248587570621 0.46719188767550707 0.148545197740113 0.09375195007800312
5 0.5197033898305085 0.5563104524180967 0.16004237288135595 0.0913182527301092
5 0.3640819209039548 0.4557254290171607 0.18833333333333332 0.0844773790951638
2 0.7323446327683616 0.38443057722308893 0.15560734463276837 0.08545241809672387
6 0.557725988700565 0.3812558502340093 0.16004237288135595 0.08106084243369735
5 0.38374293785310737 0.37070202808112324 0.14387005649717513 0.08297971918876755