6 0.3050847457627119 0.23994539781591265 0.2247316384180791 0.12818252730109206
6 0.4697598870056497 0.24563962558502342 0.18714689265536724 0.106201248049922
5 0.4638418079096045 0.34513260530421214 0.17542372881355933 0.10660686427457097
6 0.25531073446327684 0.3394305772230889 0.1811864406779661 0.09684867394695787
6 0.2960169491525424 0.43506240249609984 0.16062146892655368 0.09888455538221529
5 0.4780084745762712 0.4413650546021841 0.15768361581920903 0.0919656786271451
6 0.6482203389830509 0.4364820592823713 0.16652542372881357 0.09847113884555382
5 0.6323870056497175 0.5426911076443058 0.1878954802259887 0.08382215288611544
5 0.6139689265536723 0.6273322932917317 0.1451553672316384 0.0821996879875195
6 0.2805367231638418 0.52600624024961 0.1842090395480226 0.08870514820592823
5 0.4588983050847457 0.5306864274570983 0.14888418079096044 0.0940015600624025
6 0.43792372881355934 0.6167472698907956 0.1584180790960452 0.07975819032761311
2 0.2665395480225989 0.6114586583463338 0.15177966101694915 0.08789391575663028