2 0.11693452380952381 0.24860863095238095 0.21250992063492063 0.15762648809523808
6 0.3431216931216931 0.21286458333333333 0.23360780423280422 0.19044146825396827
6 0.6595436507936508 0.23601190476190476 0.23985449735449738 0.18047867063492065
5 0.6689186507936508 0.39099950396825395 0.24454365079365079 0.1529389880952381
5 0.6548544973544973 0.5269444444444444 0.19454034391534392 0.13887400793650795
5 0.6493882275132276 0.6514632936507936 0.2039186507936508 0.12305555555555556
6 0.6696990740740741 0.7727604166666666 0.20235780423280422 0.13946180555555554
6 0.3462466931216931 0.3951016865079365 0.2476686507936508 0.16934523809523808
5 0.347417328042328 0.532219742063492 0.20157407407407404 0.12949900793650793
5 0.37007605820105816 0.6499975198412699 0.2187599206349206 0.12012400793650793
2 0.3888260582010582 0.7707093253968254 0.2031349206349206 0.11543650793650793
2 0.13260912698412697 0.39287698412698413 0.18807539682539684 0.1335218253968254
2 0.16097552910052912 0.531594742063492 0.19662698412698412 0.1362375992063492
2 0.17171626984126984 0.6531845238095237 0.1907638888888889 0.11963541666666667
2 0.19548280423280423 0.7740401785714285 0.2031349206349206 0.13477430555555556