2 0.22020833333333334 0.1745734126984127 0.14063244047619047 0.20801917989417987
5 0.3517708333333333 0.630462962962963 0.12525049603174604 0.19629960317460318
5 0.451812996031746 0.6354398148148148 0.1907316468253968 0.1875099206349206
5 0.6147966269841271 0.6489186507936507 0.15205853174603176 0.24376322751322752
6 0.7708085317460318 0.6377843915343916 0.1801860119047619 0.23555886243386245
6 0.23574652777777777 0.827556216931217 0.12788690476190476 0.17461970899470897
6 0.36517361111111113 0.8138690476190475 0.1362375992063492 0.19512566137566137
2 0.2265203373015873 0.372635582010582 0.11997767857142858 0.20567791005291006
5 0.3522098214285714 0.3527116402116402 0.12261408730158731 0.2209093915343915
5 0.4619196428571429 0.32663359788359786 0.13535714285714284 0.20274801587301589
6 0.6051289682539683 0.32575727513227515 0.17842757936507936 0.2525529100529101
6 0.22893353174603173 0.6553637566137566 0.14063244047619047 0.19571428571428573
6 0.7932242063492064 0.3196031746031746 0.19161210317460317 0.2343849206349206
2 0.7540922619047619 0.09887566137566138 0.1609623015873016 0.19775132275132276
2 0.6099603174603175 0.10505621693121693 0.1362375992063492 0.19102513227513226
2 0.46559275793650795 0.13765873015873015 0.1410739087301587 0.2009887566137566
2 0.3445188492063492 0.14967261904761905 0.12217509920634921 0.19454365079365077