2 0.384204368174727 0.26463276836158195 0.08925117004680187 0.15553672316384182
6 0.5663572542901717 0.6480649717514124 0.10400936037441498 0.16807909604519775
5 0.45576443057722305 0.6328672316384181 0.0821996879875195 0.1863135593220339
5 0.3707644305772231 0.6136440677966102 0.08108424336973478 0.14378531073446327
6 0.38209828393135725 0.43566384180790957 0.07996879875195008 0.15694915254237288
5 0.4675039001560063 0.4584463276836158 0.09338533541341654 0.14985875706214688
5 0.5564196567862715 0.4769067796610169 0.09114664586583462 0.16396892655367232
5 0.652597503900156 0.4632768361581921 0.1090405616224649 0.17516949152542372
6 0.752418096723869 0.47138418079096045 0.10624804992199689 0.19137005649717514
6 0.7582917316692668 0.2992514124293785 0.12805772230889234 0.2136581920903955
6 0.6559516380655226 0.2597598870056497 0.10345553822152886 0.18529661016949153
6 0.5631279251170046 0.2967090395480226 0.09897815912636505 0.16605932203389828
6 0.4726521060842434 0.2756497175141243 0.0872386895475819 0.17415254237288136