2 0.3868604651162791 0.25440845070422535 0.0855968992248062 0.15188732394366197
6 0.7563488372093023 0.2886760563380282 0.12773643410852714 0.2187183098591549
6 0.4721317829457364 0.26959154929577467 0.08627131782945736 0.1871267605633803
6 0.562077519379845 0.28721126760563376 0.09896899224806202 0.16645070422535213
6 0.655031007751938 0.24832394366197183 0.10031007751937986 0.18104225352112674
6 0.38251162790697674 0.42659154929577464 0.08091472868217053 0.16402816901408449
5 0.46844961240310073 0.447 0.09362790697674418 0.1482394366197183
5 0.5567209302325581 0.46704225352112677 0.09228682170542636 0.15918309859154928
5 0.6516899224806201 0.45149295774647885 0.10834108527131782 0.1749718309859155
6 0.7511240310077519 0.45853521126760566 0.10563565891472869 0.18591549295774648
6 0.3972248062015504 0.7908591549295775 0.08761240310077519 0.1871267605633803
5 0.3718139534883721 0.6061690140845071 0.0835968992248062 0.1482394366197183
5 0.4567441860465117 0.6216197183098592 0.0835968992248062 0.1895492957746479