6 0.6298338293650793 0.8259656084656084 0.16480406746031745 0.18605820105820106
5 0.36058531746031747 0.6372585978835978 0.12217261904761906 0.19571428571428573
5 0.45614583333333336 0.6434093915343916 0.18897569444444445 0.1904398148148148
6 0.6167733134920634 0.6393121693121693 0.1498611111111111 0.2174041005291005
6 0.7765228174603175 0.6337433862433862 0.18545882936507935 0.24376322751322752
6 0.24497767857142858 0.8288690476190477 0.12700892857142856 0.1769642857142857
6 0.368687996031746 0.8171494708994709 0.13096478174603174 0.19102513227513226
5 0.5003125 0.8235978835978836 0.14283234126984126 0.21094907407407407
6 0.7854241071428572 0.8304464285714286 0.16567708333333334 0.24023478835978837
2 0.22927579365079367 0.18834656084656082 0.13658978174603176 0.2025132275132275
2 0.35004712301587304 0.16232804232804232 0.1207688492063492 0.19266865079365078
2 0.4712375992063492 0.14967261904761905 0.13975446428571428 0.1996957671957672
2 0.6124156746031747 0.11662367724867725 0.13395089285714287 0.18985449735449736
2 0.7555803571428571 0.10433201058201058 0.15873015873015872 0.20866402116402116
6 0.7945957341269841 0.3275727513227513 0.19038194444444445 0.23063492063492066
6 0.6119816468253969 0.33429894179894176 0.1709077380952381 0.24903769841269843
5 0.470218253968254 0.33694444444444444 0.14252480158730158 0.1998015873015873
5 0.3585193452380952 0.36298941798941803 0.11933035714285714 0.2185185185185185
2 0.23567708333333334 0.3827248677248677 0.11841517857142857 0.2026488095238095
6 0.2378125 0.6608664021164021 0.13931547619047618 0.19394179894179894