5 0.4466889880952381 0.6553042328042329 0.18934027777777776 0.1919047619047619
6 0.2254861111111111 0.6704431216931217 0.13587301587301587 0.20069444444444443
6 0.6038020833333334 0.34693783068783074 0.17103174603174603 0.24610780423280423
5 0.45914186507936505 0.34107804232804234 0.13587053571428573 0.1884887566137566
5 0.346889880952381 0.6496891534391535 0.12232142857142857 0.2060648148148148
2 0.22914682539682538 0.38868716931216934 0.11609375 0.20166997354497354
5 0.35073660714285715 0.370135582010582 0.12122023809523809 0.21436838624338625
2 0.6076339285714286 0.1313888888888889 0.13447916666666668 0.18457671957671956
2 0.46249007936507935 0.16068783068783069 0.1362375992063492 0.19747354497354497
2 0.3470238095238095 0.17182208994708995 0.11953869047619048 0.19161375661375663
2 0.2110689484126984 0.20486772486772487 0.1362375992063492 0.20215939153439155
6 0.7636631944444445 0.6601884920634921 0.1809201388888889 0.23976190476190476
5 0.6081969246031746 0.6684887566137566 0.15125496031746033 0.240734126984127
6 0.7876488095238096 0.3423015873015873 0.1908060515873016 0.23291997354497354
2 0.7400967261904763 0.13595238095238096 0.15953125 0.20801917989417987