3 0.1029265873015873 0 0.21850198412698413 0 0.22073412698412698 0.016865079365079364 0.22668650793650794 0.04265873015873016 0.23883928571428573 0.06481481481481481 0.2418154761904762 0.07374338624338625 0.24503968253968253 0.09259259259259259 0.24503968253968253 0.09986772486772487 0.24330357142857142 0.10747354497354497 0.24404761904761904 0.11607142857142858 0.26264880952380953 0.15343915343915343 0.28100198412698413 0.20006613756613756 0.2864583333333333 0.21924603174603174 0.29290674603174605 0.28075396825396826 0.2941468253968254 0.32837301587301587 0.2896825396825397 0.335978835978836 0.2864583333333333 0.33796296296296297 0.2822420634920635 0.3382936507936508 0.27728174603174605 0.33664021164021163 0.27033730158730157 0.330026455026455 0.2638888888888889 0.31712962962962965 0.2601686507936508 0.3029100529100529 0.2591765873015873 0.2933201058201058 0.2584325396825397 0.29298941798941797 0.2564484126984127 0.2959656084656085 0.25223214285714285 0.3402777777777778 0.2524801587301587 0.3697089947089947 0.25570436507936506 0.3951719576719577 0.2631448412698413 0.41435185185185186 0.2663690476190476 0.43022486772486773 0.265625 0.4417989417989418 0.26413690476190477 0.4451058201058201 0.2594246031746032 0.45006613756613756 0.2542162698412698 0.4503968253968254 0.2418154761904762 0.44477513227513227 0.2378472222222222 0.4441137566137566 0.23313492063492064 0.44576719576719576 0.23065476190476192 0.45006613756613756 0.22668650793650794 0.4503968253968254 0.22271825396825398 0.44312169312169314 0.22123015873015872 0.435515873015873 0.21428571428571427 0.4408068783068783 0.2088293650793651 0.4427910052910053 0.2013888888888889 0.44212962962962965 0.19593253968253968 0.4401455026455027 0.18874007936507936 0.4351851851851852 0.17162698412698413 0.41633597883597884 0.16641865079365079 0.4041005291005291 0.16220238095238096 0.38921957671957674 0.15004960317460317 0.39087301587301587 0.14484126984126985 0.38326719576719576 0.14087301587301587 0.37433862433862436 0.1396329365079365 0.3680555555555556 0.13839285714285715 0.34093915343915343 0.1331845238095238 0.3330026455026455 0.12896825396825398 0.32936507936507936 0.12450396825396826 0.3220899470899471 0.12152777777777778 0.3148148148148148 0.11979166666666667 0.30687830687830686 0.11780753968253968 0.2767857142857143 0.11755952380952381 0.23809523809523808 0.11904761904761904 0.20601851851851852 0.11979166666666667 0.1388888888888889 0.12177579365079365 0.1283068783068783 0.12202380952380952 0.11838624338624339 0.11656746031746032 0.09358465608465609 0.11631944444444445 0.08763227513227513 0.11879960317460317 0.08134920634920635 0.1185515873015873 0.07341269841269842
5 0.3919816468253968 0.3271031746031746 0.15293650793650793 0.24493386243386242
5 0.527562003968254 0.3402876984126984 0.13931299603174604 0.19512566137566137
5 0.6512723214285714 0.34702380952380957 0.12217509920634921 0.20508928571428572
6 0.7719642857142857 0.3262037037037037 0.1373363095238095 0.2010218253968254
6 0.21332589285714285 0.6534523809523809 0.1908060515873016 0.23096891534391537
6 0.3960763888888889 0.650952380952381 0.17029761904761903 0.24806216931216932
5 0.531701388888889 0.6466137566137565 0.13025049603174602 0.19971560846560849
5 0.6493849206349207 0.625244708994709 0.11997767857142858 0.21680886243386244
2 0.7695163690476191 0.6060846560846561 0.11498511904761904 0.20118386243386244
2 0.2511532738095238 0.8774206349206349 0.15931051587301587 0.20997354497354498
2 0.3936755952380952 0.8635846560846561 0.13306299603174604 0.1888128306878307
2 0.5325396825396825 0.8334722222222223 0.13428571428571429 0.19857804232804233
2 0.6530902777777778 0.8237334656084655 0.11841517857142857 0.1888128306878307
2 0.773030753968254 0.7988822751322752 0.1355059523809524 0.2010218253968254
6 0.26430555555555557 0.33429894179894176 0.1257390873015873 0.24049272486772486