6 0.33018849206349205 0.22688492063492063 0.2025132275132275 0.1400719246031746
5 0.3498776455026455 0.34796875 0.2058862433862434 0.12403769841269842
5 0.34369047619047616 0.47200644841269845 0.19576058201058202 0.13922619047619048
5 0.3307506613756614 0.6074355158730158 0.24414021164021163 0.15188244047619048
6 0.33971560846560844 0.7602380952380953 0.24301256613756614 0.18141617063492063
2 0.6108928571428571 0.22857142857142856 0.20363425925925924 0.11982142857142858
2 0.8032771164021164 0.22561755952380955 0.20363756613756612 0.13585069444444445
2 0.8291534391534392 0.3467013888888889 0.19013227513227515 0.11981894841269841
5 0.6291964285714285 0.35031001984126986 0.21756944444444443 0.12126240079365079
5 0.654183201058201 0.4664657738095238 0.20128968253968255 0.12411210317460318
2 0.8380753968253969 0.46729910714285716 0.19693121693121693 0.13469246031746032
6 0.6528009259259259 0.6048387896825397 0.24741071428571426 0.17050099206349206
2 0.8671097883597884 0.6066716269841269 0.1888128306878307 0.13428323412698412
2 0.8817592592592592 0.7497048611111111 0.21051256613756614 0.1582936507936508
6 0.6563227513227513 0.7879538690476191 0.23276124338624338 0.19003224206349206