6 0.1673148148148148 0.24890376984126986 0.17253637566137567 0.11759920634920636
6 0.3355059523809524 0.2383234126984127 0.19857804232804233 0.13875992063492065
2 0.6160119047619047 0.23608382936507935 0.2061739417989418 0.1188219246031746
2 0.8124768518518518 0.231609623015873 0.20725859788359788 0.1318452380952381
6 0.18418650793650795 0.36853918650793654 0.18664021164021163 0.13631944444444444
5 0.36296296296296293 0.35918154761904764 0.19369378306878307 0.1224826388888889
5 0.6366865079365079 0.3587748015873016 0.2181117724867725 0.11922867063492064
2 0.8371560846560846 0.34920882936507935 0.19368055555555558 0.12126240079365079
6 0.1760482804232804 0.5003844246031746 0.21051587301587302 0.1403893849206349
5 0.3569940476190476 0.48329117063492066 0.18827050264550266 0.1355059523809524
5 0.6678835978835979 0.4737301587301587 0.18827050264550266 0.12533234126984127
2 0.8492791005291005 0.4716939484126984 0.1983994708994709 0.13428571428571429
6 0.1751686507936508 0.6308184523809524 0.18360449735449735 0.16553571428571429
5 0.35965277777777777 0.6171701388888888 0.2181117724867725 0.15015376984126982
6 0.6656547619047619 0.6094394841269842 0.24958002645502647 0.1753844246031746
2 0.8824107142857143 0.6110664682539683 0.18827050264550266 0.13469246031746032
6 0.16920965608465607 0.7868576388888889 0.23981150793650796 0.1639905753968254
6 0.3661607142857143 0.7762748015873016 0.24306878306878305 0.18596478174603173
6 0.6713558201058202 0.7968477182539683 0.2305919312169312 0.1904389880952381
2 0.8958697089947091 0.7549131944444444 0.20759589947089946 0.15951388888888887