2 0.22770585317460318 0.16461309523809525 0.13887648809523812 0.20684854497354496
2 0.3500992063492063 0.13882936507936508 0.1217361111111111 0.19512896825396828
2 0.4702976190476191 0.12564814814814815 0.14063244047619047 0.20157407407407404
2 0.615203373015873 0.09441137566137567 0.13541666666666666 0.18882275132275134
2 0.7596726190476191 0.09242724867724868 0.15947420634920634 0.18485449735449735
6 0.7979265873015873 0.30524801587301587 0.19380952380952382 0.23262896825396825
6 0.5972247023809525 0.3151058201058201 0.17271329365079366 0.2513789682539682
5 0.4640798611111111 0.3134523809523809 0.13755704365079366 0.1998181216931217
5 0.35756944444444444 0.3404034391534392 0.12085565476190477 0.2197387566137566
2 0.23253968253968255 0.3600330687830688 0.11865823412698413 0.20508928571428572
6 0.2320734126984127 0.6418882275132275 0.1328968253968254 0.19407076719576719
5 0.3573263888888889 0.6197387566137565 0.12182291666666667 0.20180886243386242
5 0.45639136904761907 0.6213525132275133 0.19091021825396826 0.19055886243386244
5 0.618110119047619 0.6355588624338625 0.15188492063492062 0.2432936507936508
6 0.7747420634920635 0.6253637566137565 0.18141617063492063 0.23555886243386245
6 0.24309275793650792 0.8139021164021163 0.12604414682539683 0.17620701058201058