2 0.23886904761904762 0.8312797619047619 0.1296453373015873 0.18049603174603177
6 0.6086185515873015 0.3314384920634921 0.17245039682539684 0.25032738095238094
6 0.7704786706349207 0.6408465608465609 0.17972718253968253 0.2337301587301587
5 0.6138467261904762 0.6522354497354497 0.14998263888888888 0.23963955026455025
5 0.4515252976190476 0.6416898148148148 0.18985367063492065 0.19322751322751325
5 0.35375 0.6349404761904762 0.12467013888888889 0.19660383597883596
2 0.22943700396825398 0.38066137566137564 0.11865823412698413 0.20532407407407408
5 0.4641170634920635 0.3339021164021164 0.1376438492063492 0.20040013227513226
6 0.3680753968253968 0.8169179894179894 0.1375595238095238 0.19161044973544972
2 0.6091443452380952 0.11310846560846562 0.1355357142857143 0.187744708994709
6 0.7913516865079365 0.32440806878306877 0.18985367063492065 0.2320436507936508
2 0.7518601190476191 0.10284391534391535 0.15922619047619047 0.2056878306878307
5 0.35389632936507937 0.35991732804232807 0.12182539682539682 0.2200892857142857
6 0.2312921626984127 0.6606746031746032 0.14049107142857145 0.19407407407407407
2 0.22337053571428572 0.18448082010582012 0.13817212301587303 0.2039186507936508
2 0.3457217261904762 0.1588128306878307 0.12129464285714285 0.19055555555555556
2 0.4706646825396825 0.14545304232804235 0.1376438492063492 0.20040343915343914