2 0.7194632768361582 0.37440809968847355 0.14833333333333332 0.09521806853582555
5 0.5140819209039549 0.5474922118380062 0.16087570621468927 0.0927803738317757
6 0.7018220338983051 0.5549143302180686 0.16087570621468927 0.09888629283489096
5 0.5247033898305085 0.6460280373831776 0.17785310734463278 0.10946261682242991
6 0.731271186440678 0.6503115264797508 0.1793361581920904 0.10093457943925233
6 0.5216807909604521 0.7416588785046728 0.18819209039548024 0.11679127725856699
6 0.6895762711864407 0.7518302180685359 0.2169632768361582 0.1273676012461059
6 0.06464689265536723 0.36439252336448597 0.08569209039548023 0.05569314641744549
6 0.14574858757062148 0.4913785046728972 0.15915254237288137 0.07341121495327103
5 0.37299435028248584 0.36143302180685355 0.14844632768361582 0.08353582554517135
6 0.5220621468926554 0.37687694704049846 0.15454802259887007 0.08100467289719626
5 0.5316384180790961 0.4614953271028037 0.1490677966101695 0.09440031152647975
6 0.7128107344632768 0.46678348909657325 0.18966101694915255 0.09115264797507788
3 0.14498587570621468 0.34098130841121493 0.23923728813559322 0.20169781931464176
3 0.12449152542372881 0.5189797507788162 0.24898305084745762 0.1166588785046729