6 0.3377281746031746 0.23152281746031747 0.20250992063492063 0.14091517857142857
2 0.6229298941798942 0.22814980158730158 0.20813492063492062 0.12066468253968253
2 0.8186904761904761 0.22055555555555556 0.20813492063492062 0.1409126984126984
6 0.1824669312169312 0.36484374999999997 0.19576058201058202 0.13416418650793652
5 0.3664153439153439 0.3538740079365079 0.19688492063492063 0.1257266865079365
5 0.6420568783068783 0.3542981150793651 0.223885582010582 0.12319444444444445
2 0.8445667989417989 0.3450173611111111 0.1946362433862434 0.12656994047619047
6 0.1768419312169312 0.4977430555555556 0.20925925925925926 0.14006944444444444
5 0.35744708994708996 0.47917906746031746 0.19125992063492064 0.1383829365079365
5 0.6729960317460317 0.4698983134920635 0.19125992063492064 0.1282564484126984
2 0.8580687830687831 0.46652281746031743 0.20363756613756612 0.1383829365079365
6 0.17402777777777778 0.635701884920635 0.19013558201058203 0.1763516865079365
5 0.363042328042328 0.616297123015873 0.22163690476190476 0.15272569444444445
6 0.6701818783068784 0.6112326388888888 0.2508862433862434 0.17297867063492064
2 0.8879067460317461 0.610389384920635 0.19237103174603176 0.13585317460317461
6 0.16896494708994708 0.2382762896825397 0.18225859788359788 0.1257266865079365
2 0.8991865079365079 0.7546999007936508 0.2009623015873016 0.16162946428571429
6 0.6798710317460317 0.7937276785714286 0.23282407407407404 0.19219742063492065
6 0.358667328042328 0.7724082341269841 0.2375132275132275 0.17989335317460317