6 0.5059735202492212 0.14604519774011301 0.07862928348909656 0.151045197740113
5 0.6350077881619938 0.3719491525423728 0.08264018691588786 0.1468220338983051
6 0.6244003115264798 0.5506638418079096 0.08039719626168225 0.15795197740112993
2 0.6204828660436137 0.7258333333333333 0.08598130841121496 0.15389830508474575
6 0.5317056074766355 0.7106497175141243 0.08709501557632399 0.1822598870056497
5 0.5370327102803738 0.5293926553672317 0.0932165109034268 0.14985875706214688
5 0.4485202492211838 0.5106638418079096 0.0926791277258567 0.15898305084745762
6 0.6346183800623053 0.06166666666666666 0.053971962616822425 0.08522598870056497
6 0.44309968847352027 0.6934322033898305 0.0993847352024922 0.16200564971751413
5 0.3522118380062305 0.5258474576271187 0.10887071651090342 0.17516949152542372
6 0.25199376947040497 0.5192655367231638 0.10720404984423676 0.18429378531073445
6 0.3498598130841122 0.7327542372881355 0.10049844236760123 0.1832627118644068
6 0.24556853582554516 0.6836723163841808 0.12339563862928349 0.22483050847457628
3 0.5720796738752791 0.2701497194925851 0.9098557323761052 0.014098169864628867 0.7153576151963437 0.005312078689058727 0.5468156468066301 0.1578133521661152
3 0.4173810270865937 0.019746365178593954 0.42464874874780717 0.18793706050726214 0.525358606053193 0.21366773762472754 0.5461235250852314 0.014098169864628887