2 0.7480704225352113 0.3945319812792512 0.15109859154929578 0.09281591263650546
6 0.7518732394366198 0.4827847113884555 0.19171830985915495 0.08789391575663028
5 0.5639718309859155 0.5756006240249609 0.16123943661971832 0.09211388455538222
6 0.7468028169014085 0.574204368174727 0.17140845070422536 0.09916536661466459
6 0.7868028169014084 0.6684243369734789 0.18283098591549296 0.09633385335413416
6 0.7567323943661971 0.7705772230889235 0.20794366197183098 0.1265600624024961
6 0.16784507042253521 0.40051482059282373 0.18156338028169014 0.056957878315132604
5 0.41922535211267603 0.373798751950078 0.11807042253521126 0.111801872074883
6 0.5842816901408451 0.39770670826833077 0.15870422535211268 0.08086583463338534
5 0.5722112676056338 0.4852496099843994 0.14728169014084505 0.09141185647425897
3 0.47450354575180925 0.36811266584515234 0.5906810742587004 0.336919824329651 0.29378301747758956 0.01849291044151308 0.082551147465059 0.04253738252710802 0.4134810771513566 0.379160170212308
3 0.03443714989236971 0.4883351155165624 0.4134810771513568 0.5065309000701892 0.5308320444218172 0.4376467480538728 0.4451658576532362 0.3895577443870595 0.2398013963347178 0.41100282292896656 0.029743179961925742 0.37980998141346517