2 0.3509499007936508 0.13527116402116401 0.12195684523809525 0.19532407407407407
2 0.4709325396825397 0.1256382275132275 0.14099950396825398 0.2026488095238095
2 0.6153273809523809 0.09474206349206349 0.13516865079365079 0.18948412698412698
2 0.7595486111111112 0.09226190476190477 0.16220238095238096 0.18452380952380953
6 0.7983457341269841 0.3058234126984127 0.19300347222222222 0.23292328042328042
6 0.6122991071428572 0.3119246031746032 0.16956349206349206 0.24903769841269843
5 0.4665376984126984 0.30851190476190476 0.13953373015873016 0.1904398148148148
5 0.36124751984126985 0.3404927248677249 0.13037698412698412 0.22022486772486774
5 0.356656746031746 0.62 0.12329861111111111 0.20142857142857143
2 0.23306795634920635 0.36002645502645503 0.11865823412698413 0.20362433862433862
5 0.454625496031746 0.6250892857142857 0.19104910714285714 0.192880291005291
5 0.6175967261904762 0.6348544973544974 0.15198660714285714 0.242526455026455
6 0.7743129960317461 0.6252910052910053 0.1809796626984127 0.2364219576719577
6 0.24194940476190474 0.8145039682539682 0.1299627976190476 0.177010582010582
6 0.23442708333333334 0.6409325396825397 0.14008432539682542 0.19532407407407407
2 0.22702380952380952 0.16372685185185185 0.13807043650793652 0.2065542328042328