5 0.6304662698412699 0.5302281746031746 0.184510582010582 0.13163194444444445
5 0.6242791005291005 0.65046875 0.19238756613756614 0.12066220238095238
6 0.6433961640211641 0.7652256944444444 0.19012235449735448 0.13247519841269842
6 0.3382142857142857 0.22982142857142857 0.2240740740740741 0.18212053571428571
6 0.341494708994709 0.4042063492063492 0.23626322751322754 0.16383680555555558
6 0.33305555555555555 0.5367534722222222 0.18188492063492062 0.12094494047619048
6 0.358369708994709 0.646798115079365 0.20625992063492063 0.1174280753968254
2 0.37524801587301587 0.7628224206349206 0.19313492063492063 0.11180307539682541
2 0.19055224867724868 0.763876488095238 0.19500992063492065 0.12938244047619046
2 0.16945436507936507 0.6485565476190476 0.18282407407407408 0.11531994047619049
2 0.1619543650793651 0.5344766865079366 0.1884457671957672 0.12938244047619046
2 0.13476521164021163 0.39999007936507935 0.1809457671957672 0.12727430555555555
2 0.12398478835978836 0.2639260912698413 0.19875992063492062 0.15188244047619048