6 0.30492937853107344 0.2385959438377535 0.22070621468926552 0.12774570982839314
6 0.46635593220338983 0.2440717628705148 0.18846045197740113 0.10781591263650546
6 0.25781073446327685 0.33945397815912637 0.1830367231638418 0.09619344773790951
5 0.4638135593220339 0.3432683307332293 0.17419491525423728 0.1079173166926677
6 0.2967090395480226 0.4346723868954758 0.16002824858757062 0.09913416536661467
5 0.4779661016949152 0.44150546021840875 0.15649717514124292 0.09326833073322932
6 0.648177966101695 0.43564742589703587 0.16799435028248588 0.10108424336973479
6 0.2842231638418079 0.5236973478939158 0.17860169491525424 0.08691107644305772
5 0.458954802259887 0.5303822152886116 0.148545197740113 0.09326833073322932
5 0.633135593220339 0.5423478939157566 0.18744350282485878 0.08399375975039002
5 0.6146186440677965 0.6278549141965678 0.1451553672316384 0.08178627145085803
6 0.43814971751412424 0.6155226209048362 0.15915254237288137 0.08056942277691108
2 0.26463276836158195 0.6110452418096723 0.1525282485875706 0.0846411856474259