6 0.22990327380952383 0.3709160052910053 0.16221230158730157 0.24422619047619046
6 0.3662177579365079 0.17711309523809524 0.1649454365079365 0.187119708994709
6 0.49789930555555556 0.1789351851851852 0.14033978174603176 0.21263888888888888
6 0.6286731150793651 0.18683531746031745 0.13578373015873016 0.1919808201058201
6 0.7544320436507936 0.17042989417989418 0.13031746031746033 0.178614417989418
5 0.38078124999999996 0.3635251322751323 0.14959821428571426 0.21972552910052912
5 0.5159598214285714 0.3599801587301587 0.13593750000000002 0.19036044973544972
5 0.6397445436507936 0.3655489417989418 0.12378472222222223 0.19542328042328044
6 0.760920138888889 0.3383994708994709 0.13922123015873017 0.19687830687830687
6 0.20348462301587303 0.6780324074074073 0.19089781746031748 0.23063822751322752
6 0.38543402777777774 0.6702943121693121 0.17086805555555556 0.2503240740740741
5 0.5234871031746031 0.6672189153439154 0.13257440476190474 0.20069444444444443
5 0.6403174603174604 0.6408498677248677 0.12085565476190477 0.22022817460317462
2 0.763735119047619 0.6205853174603175 0.11938988095238096 0.20508928571428572
2 0.7684970238095238 0.8163988095238095 0.1311111111111111 0.2060648148148148
2 0.6496527777777777 0.8412996031746032 0.12122271825396826 0.19336970899470898
2 0.52953125 0.8561970899470899 0.14026537698412697 0.20069444444444443
2 0.2429985119047619 0.8985945767195767 0.15997023809523808 0.20214947089947088
2 0.3869270833333333 0.8874669312169312 0.13404017857142858 0.19278439153439153