6 0.20648561507936508 0.678478835978836 0.19808035714285713 0.2337301587301587
6 0.7516815476190477 0.16975529100529102 0.12467013888888889 0.17635251322751322
5 0.3805183531746032 0.3642493386243386 0.1493501984126984 0.21769841269841272
6 0.23477430555555556 0.3709160052910053 0.16074156746031745 0.24470238095238095
5 0.5153149801587301 0.3600330687830688 0.13669642857142855 0.1890112433862434
5 0.639985119047619 0.3659391534391534 0.12277281746031746 0.19407076719576719
6 0.7614930555555556 0.33851521164021164 0.13922619047619048 0.19998015873015873
6 0.3640649801587302 0.178614417989418 0.16200892857142857 0.18732142857142858
6 0.497594246031746 0.17650462962962962 0.14049107142857145 0.2067328042328042
6 0.6279613095238096 0.186630291005291 0.13036706349206348 0.18985449735449736
6 0.3871354166666667 0.6716931216931217 0.16454117063492063 0.2539847883597883
5 0.5225917658730159 0.6679332010582011 0.1328968253968254 0.20250992063492063
5 0.6409350198412699 0.6405092592592593 0.12024305555555555 0.22191798941798943
2 0.7656076388888888 0.6215244708994709 0.12151289682539683 0.2075760582010582
2 0.7695039682539683 0.8157671957671958 0.13246775793650795 0.2084160052910053
2 0.6490749007936508 0.8428769841269842 0.12217509920634921 0.19629960317460318
2 0.527780257936508 0.8563525132275133 0.13711805555555556 0.20333002645502646
2 0.38737103174603177 0.8885813492063492 0.1349107142857143 0.1904398148148148
2 0.2421205357142857 0.8972056878306879 0.15908978174603175 0.2016203703703704
3 0.1727703373015873 0.2439748677248677 0.19904265873015872 0.4879497354497354