5 0.5336016949152542 0.6516848673946958 0.17570621468926553 0.10828393135725428
6 0.7392372881355932 0.6569578783151326 0.18207627118644068 0.10336973478939158
6 0.5254519774011299 0.752613104524181 0.19098870056497175 0.10742589703588143
6 0.691680790960452 0.7574960998439938 0.221045197740113 0.1308736349453978
6 0.6997598870056497 0.5616848673946958 0.1616949152542373 0.10125585023400936
5 0.382725988700565 0.370210608424337 0.14641242937853108 0.08226989079563182
6 0.5590677966101695 0.3811154446177847 0.16042372881355932 0.08156786271450857
2 0.7334745762711864 0.3853276131045242 0.15283898305084745 0.08719188767550702
5 0.3654661016949153 0.4556396255850234 0.18831920903954805 0.08437597503900156
5 0.5380508474576271 0.46829953198127927 0.1489689265536723 0.09563182527301091
6 0.7175282485875706 0.4739235569422777 0.18449152542372882 0.0885959438377535
6 0.34961864406779664 0.56097503900156 0.16935028248587572 0.10097503900156006
5 0.5196045197740113 0.5560608424336974 0.16043785310734462 0.09421996879875195
3 0 0.0187207488299532 0 0.21996879875195008 0.007062146892655367 0.23634945397815912 0.038135593220338986 0.26443057722308894 0.059322033898305086 0.297191887675507 0.1370056497175141 0.3541341653666147 0.16242937853107345 0.3666146645865835 0.20480225988700565 0.37597503900156004 0.23728813559322035 0.39313572542901715 0.2782485875706215 0.39313572542901715 0.3064971751412429 0.37285491419656785 0.3149717514124294 0.359594383775351 0.2966101694915254 0.3174726989079563 0.2796610169491525 0.3034321372854914 0.2514124293785311 0.2909516380655226 0.21610169491525424 0.2831513260530421 0.1709039548022599 0.2675507020280811 0.15254237288135594 0.24648985959438377 0.1327683615819209 0.23244929797191888 0.1016949152542373 0.19032761310452417 0.07062146892655367 0.1294851794071763 0.00847457627118644 0.038221528861154444
3 0.03954802259887006 0.44617784711388453 0.06073446327683616 0.44773790951638065 0.08757062146892655 0.4578783151326053 0.11299435028248588 0.46177847113884557 0.1553672316384181 0.4828393135725429 0.1807909604519774 0.48985959438377535 0.1906779661016949 0.5023400936037441 0.21610169491525424 0.5187207488299532 0.2288135593220339 0.53198127925117 0.23587570621468926 0.5585023400936038 0.2189265536723164 0.5717628705148206 0.15819209039548024 0.5842433697347894 0.096045197740113 0.5897035881435257 0.0635593220338983 0.5873634945397815 0.05084745762711865 0.5811232449297972 0.014124293785310734 0.5725429017160687 0.007062146892655367 0.5616224648985959 0.005649717514124294 0.46333853354134164 0.01694915254237288 0.44929797191887677