5 0.6559656084656085 0.5244469246031747 0.1977017195767196 0.14149553571428572
5 0.3448578042328042 0.5324925595238096 0.18237433862433863 0.12540426587301587
2 0.12339947089947091 0.2515178571428571 0.20842923280423278 0.1563219246031746
5 0.3747420634920635 0.646860119047619 0.2176256613756614 0.11965525793650793
5 0.6529034391534392 0.6514583333333333 0.20382936507936508 0.12655257936507935
6 0.3517526455026455 0.40088541666666666 0.24520833333333333 0.1863219246031746
2 0.19849537037037038 0.7721428571428572 0.20842923280423278 0.13343998015873015
2 0.1663128306878307 0.5319196428571428 0.19923280423280423 0.1357465277777778
2 0.17704365079365078 0.652609126984127 0.19616732804232806 0.11505704365079365
6 0.6743551587301587 0.7750223214285714 0.20076058201058203 0.13689732142857144
6 0.3479232804232804 0.21410218253968255 0.22835317460317459 0.18976934523809524
6 0.6751256613756613 0.3916889880952381 0.2482738095238095 0.15184027777777778
6 0.6628637566137566 0.2618030753968254 0.23294973544973546 0.13344742063492063
2 0.3916005291005291 0.7692757936507936 0.2023015873015873 0.11850694444444444
2 0.13566468253968253 0.3951388888888889 0.18389880952380952 0.1288516865079365