2 0.11740410052910052 0.24979910714285716 0.21016865079365077 0.15977430555555555
2 0.13227513227513227 0.3927306547619048 0.18801256613756612 0.13309771825396824
2 0.16110119047619048 0.532328869047619 0.19743386243386243 0.13479414682539684
2 0.17311838624338624 0.6534151785714286 0.18952050264550266 0.11812003968253967
2 0.19576719576719576 0.773514384920635 0.2019543650793651 0.13394345238095237
2 0.3881084656084656 0.770687003968254 0.20157738095238098 0.11699156746031746
5 0.37002645502645504 0.6488938492063493 0.2166468253968254 0.12094742063492064
5 0.3412037037037037 0.5344469246031746 0.187635582010582 0.12320684523809523
6 0.3470436507936508 0.39527281746031745 0.24679232804232804 0.16983382936507935
6 0.33974206349206354 0.20654761904761904 0.23275793650793652 0.19206845238095238
6 0.6596891534391535 0.23641121031746032 0.24035714285714288 0.1798611111111111
5 0.668369708994709 0.3916542658730159 0.242526455026455 0.1526016865079365
5 0.655350529100529 0.526954365079365 0.19369378306878307 0.13835317460317462
5 0.6510317460317461 0.6522867063492064 0.20346230158730158 0.12289186507936507
6 0.6699966931216931 0.7727380952380952 0.20129298941798943 0.13835565476190476