6 0.3120998677248677 0.21784722222222222 0.20469907407407406 0.14121775793650793
2 0.596494708994709 0.22048363095238097 0.20625992063492063 0.11953621031746033
2 0.7910350529100529 0.2180282738095238 0.2031349206349206 0.1357217261904762
2 0.8143716931216931 0.33972718253968254 0.18989748677248677 0.12044890873015872
2 0.8260747354497355 0.4607886904761905 0.19805224867724866 0.1355059523809524
2 0.8545238095238095 0.6005654761904762 0.18664021164021163 0.13346974206349205
2 0.8700132275132275 0.7425843253968254 0.20888888888888887 0.15870039682539683
6 0.6448247354497355 0.7818526785714285 0.23276124338624338 0.19003224206349206
6 0.6383134920634921 0.598938492063492 0.24469576719576722 0.1709077380952381
6 0.6393981481481481 0.46341517857142855 0.20128968253968255 0.12944196428571428
6 0.6155257936507936 0.342983630952381 0.21756944444444443 0.12126240079365079
5 0.33455026455026454 0.3407142857142857 0.20639219576719575 0.1245188492063492
5 0.3286904761904762 0.46596478174603173 0.1959755291005291 0.1396577380952381
5 0.3182738095238095 0.6019593253968254 0.2454563492063492 0.15186507936507937