2 0.1343154761904762 0.3996949404761905 0.17888227513227514 0.12909970238095236
6 0.33795304232804235 0.22967261904761904 0.2261441798941799 0.18395833333333333
2 0.12194113756613757 0.2625768849206349 0.20363425925925924 0.15188492063492062
6 0.3396395502645502 0.40560019841269845 0.23626322751322754 0.16285218253968253
2 0.16131613756613755 0.5342534722222223 0.18788359788359787 0.1307886904761905
5 0.33345238095238094 0.5380753968253968 0.1833829365079365 0.12235119047619047
5 0.6315906084656084 0.5304836309523809 0.1833829365079365 0.13416418650793652
5 0.6242791005291005 0.648891369047619 0.19576058201058202 0.11952876984126984
6 0.6432473544973545 0.7657291666666667 0.1909160052910053 0.13063988095238097
5 0.35858465608465606 0.647361111111111 0.20705026455026454 0.11660714285714287
2 0.17243386243386244 0.6497048611111111 0.18125992063492063 0.11191964285714286
2 0.3783035714285714 0.7633854166666666 0.19141534391534393 0.11074652777777777
2 0.19022156084656086 0.7633854166666666 0.19532407407407407 0.12832589285714285
3 0.9394642857142858 0.6587847222222222 0.12107142857142858 0.30952132936507937