2 0.10085978835978836 0.2421875 0.20171957671957672 0.16294642857142858
6 0.32163690476190476 0.20300347222222223 0.23063822751322752 0.19238343253968254
6 0.6287797619047619 0.23253720238095238 0.24526455026455024 0.16200892857142857
2 0.11094907407407407 0.38634920634920633 0.19219907407407408 0.13571180555555556
6 0.3308101851851852 0.3866989087301588 0.2493882275132275 0.17438492063492064
6 0.6345734126984127 0.38107390873015873 0.21751322751322752 0.15047619047619049
6 0.8230224867724868 0.36665922619047614 0.1875099206349206 0.16524305555555555
2 0.14470238095238094 0.5287375992063492 0.20157407407407404 0.1420386904761905
5 0.3265873015873016 0.5269791666666667 0.19032407407407406 0.12446180555555555
6 0.6359523809523809 0.5150272817460317 0.19125992063492064 0.1371155753968254
6 0.8202116402116403 0.49744791666666666 0.21189153439153438 0.13993055555555556
2 0.15736111111111112 0.6482762896825397 0.19313492063492063 0.12235119047619047
5 0.35799603174603173 0.6398387896825397 0.21938492063492063 0.12235119047619047
6 0.6317625661375662 0.6408928571428572 0.19500992063492065 0.1244593253968254
6 0.8127083333333334 0.6289384920634921 0.18938492063492066 0.13430555555555554
2 0.18267195767195765 0.7709771825396825 0.20625992063492063 0.13711805555555556
2 0.3767460317460317 0.7635962301587302 0.20438822751322752 0.11953621031746033
6 0.6611937830687831 0.7630233134920635 0.19791666666666666 0.13819196428571429
6 0.8275496031746032 0.7539707341269842 0.17774140211640213 0.12744791666666666