6 0.7578237129485179 0.30714689265536727 0.12581903276131046 0.2250141242937853
6 0.6576521060842434 0.25843220338983053 0.09786271450858033 0.1822598870056497
6 0.5625897035881435 0.2930225988700565 0.09786271450858033 0.15357344632768363
6 0.47218408736349454 0.2765819209039548 0.08853354134165367 0.17466101694915254
2 0.38411076443057723 0.26560734463276836 0.08946957878315133 0.15779661016949154
6 0.3806162246489859 0.4381638418079096 0.07968798751950078 0.15694915254237288
5 0.4682215288611544 0.4584180790960452 0.09273010920436817 0.14850282485875707
5 0.5558346333853355 0.47785310734463277 0.091801872074883 0.15870056497175142
5 0.653393135725429 0.4627542372881356 0.10811232449297971 0.1755084745762712
6 0.7527145085803433 0.4710734463276836 0.10624024960998439 0.19070621468926555
6 0.5619344773790952 0.6474293785310734 0.09749609984399375 0.16706214689265536
5 0.4553198127925117 0.6312711864406779 0.08348673946957878 0.18915254237288134
5 0.3698829953198128 0.6145621468926554 0.08349453978159127 0.14696327683615817