2 0.1674867724867725 0.6485342261904762 0.18985449735449736 0.11660714285714287
5 0.3362466931216931 0.5289955357142857 0.1882903439153439 0.12481150793650794
2 0.15654761904761905 0.5281175595238095 0.1976653439153439 0.13477430555555556
5 0.36593584656084654 0.6447247023809525 0.2164186507936508 0.1207093253968254
2 0.11055224867724868 0.24522817460317461 0.21871362433862435 0.16200892857142857
6 0.33804232804232803 0.2062078373015873 0.23356150793650793 0.19130208333333334
6 0.6550760582010582 0.23108878968253968 0.23764219576719575 0.18213789682539683
5 0.6635416666666667 0.38661954365079365 0.24415343915343918 0.15235863095238095
6 0.342526455026455 0.38740327380952383 0.24657407407407406 0.16524305555555555
2 0.1268915343915344 0.3875396825396825 0.19032076719576718 0.135984623015873
5 0.6511673280423281 0.5213095238095238 0.19351190476190475 0.13922619047619048
5 0.6438558201058201 0.6469667658730159 0.20363756613756612 0.12327876984126984
6 0.6652314814814815 0.7668278769841269 0.1991369047619048 0.1400719246031746
2 0.3842956349206349 0.7650496031746031 0.2031382275132275 0.11642609126984127
2 0.1915112433862434 0.7674503968253968 0.20183531746031746 0.12973462301587302