6 0.7756051587301587 0.6400132275132275 0.1803621031746032 0.24047619047619048
5 0.45475446428571425 0.6383134920634921 0.19174851190476191 0.19323082010582013
5 0.3544469246031746 0.632827380952381 0.12656994047619047 0.1991369047619048
6 0.2325545634920635 0.6580059523809524 0.14191468253968256 0.19613425925925926
6 0.239327876984127 0.8286111111111111 0.13147569444444446 0.18116071428571429
6 0.366594742063492 0.8163425925925926 0.1362375992063492 0.19628306878306875
5 0.5015525793650794 0.8229431216931217 0.1431969246031746 0.209484126984127
5 0.6189732142857143 0.6513955026455026 0.15188244047619048 0.2446990740740741
2 0.7579365079365079 0.10003306878306878 0.16145833333333334 0.20006613756613756
2 0.6120138888888889 0.10587962962962963 0.13542906746031744 0.19491732804232803
2 0.4686731150793651 0.1379431216931217 0.1411235119047619 0.20335317460317462
2 0.34685019841269843 0.15144179894179893 0.12403769841269842 0.19491732804232803
2 0.22154513888888888 0.17718253968253966 0.14175843253968254 0.2092625661375661
2 0.22882440476190477 0.37504960317460323 0.11960813492063492 0.2101058201058201
5 0.35539434523809527 0.35311177248677245 0.12340525793650793 0.22191798941798943
5 0.46677579365079364 0.32779761904761906 0.13859375 0.20335317460317462
6 0.6129637896825396 0.32610449735449737 0.17276785714285714 0.2522850529100529
6 0.7964880952380953 0.3189351851851852 0.19175347222222222 0.23288690476190477