2 0.22015376984126983 0.1749140211640212 0.13869791666666667 0.2081382275132275
6 0.36416666666666664 0.8128835978835979 0.13428323412698412 0.19451058201058202
6 0.2361359126984127 0.8267162698412698 0.13031746031746033 0.17904100529100528
6 0.7709871031746032 0.637824074074074 0.17945436507936507 0.23585317460317462
5 0.614422123015873 0.6488128306878307 0.15271825396825398 0.24219907407407407
5 0.4759970238095238 0.6321693121693122 0.14317460317460318 0.18157407407407408
5 0.3523859126984127 0.6307440476190476 0.12378720238095238 0.19629960317460318
6 0.22674603174603175 0.6551785714285714 0.13606150793650795 0.19547949735449735
2 0.22727430555555556 0.3725033068783069 0.11918650793650794 0.20672949735449736
5 0.3522619047619047 0.3535185185185185 0.12129464285714285 0.22079365079365076
5 0.46274801587301584 0.32750330687830687 0.13658978174603176 0.20110449735449734
6 0.609092261904762 0.32750330687830687 0.17086805555555556 0.25032738095238094
6 0.7936731150793651 0.31976521164021166 0.19196428571428573 0.23485780423280425
2 0.7540922619047619 0.09937169312169312 0.16021825396825398 0.19874338624338625
2 0.611123511904762 0.10400132275132275 0.13447916666666668 0.19055555555555556
2 0.4672321428571429 0.13764880952380953 0.1402703373015873 0.20250992063492063
2 0.34487847222222223 0.15030753968253968 0.1244593253968254 0.19547949735449735
3 0.5158184523809525 0.8559656084656084 0.1883110119047619 0.2880687830687831