5 0.4612538940809969 0.4663135593220339 0.09379283489096574 0.14985875706214688
5 0.49452492211838006 0.8516242937853108 0.07118380062305296 0.14850282485875707
5 0.3632632398753894 0.6252824858757062 0.08430685358255452 0.14782485875706214
6 0.37471183800623054 0.4460593220338983 0.08039719626168225 0.15795197740112993
6 0.36264018691588784 0.934322033898305 0.05400311526479751 0.08100282485875707
6 0.753785046728972 0.30971751412429377 0.12506230529595017 0.22073446327683616
6 0.6494080996884736 0.2668502824858757 0.10049844236760123 0.18024011299435028
6 0.5564408099688474 0.2997457627118644 0.09995327102803739 0.15694915254237288
6 0.4659968847352025 0.28303672316384176 0.08876947040498442 0.18024011299435028
5 0.5500233644859813 0.4855508474576271 0.09045171339563864 0.16403954802259887
5 0.6463317757009346 0.4718785310734463 0.10664330218068536 0.17516949152542372
6 0.7462772585669782 0.47795197740112993 0.10552180685358256 0.18733050847457627
2 0.37694704049844235 0.2739265536723164 0.08821651090342679 0.15189265536723165
3 0.3792834890965732 0.7358757062146892 0.4166666666666667 0.7401129943502824 0.4369158878504673 0.7556497175141242 0.4423676012461059 0.7669491525423728 0.4431464174454829 0.7853107344632768 0.44937694704049846 0.8008474576271186 0.44937694704049846 0.8149717514124294 0.440809968847352 0.8375706214689266 0.4384735202492212 0.8615819209039548 0.4166666666666667 0.8898305084745762 0.39330218068535827 0.9011299435028248 0.3621495327102804 0.905367231638418 0.3294392523364486 0.9392655367231638 0.24922118380062305 0.9929378531073446 0.0630841121495327 0.9915254237288136 0.23208722741433022 0.8940677966101694 0.23753894080996885 0.8757062146892656 0.26401869158878505 0.865819209039548 0.32087227414330216 0.8050847457627118 0.3372274143302181 0.7810734463276836 0.35358255451713394 0.7471751412429378
3 0.5038940809968847 0.7810734463276836 0.5599688473520249 0.8248587570621468 0.5763239875389408 0.844632768361582 0.5755451713395638 0.9717514124293786 0.5708722741433022 0.9887005649717514 0.559190031152648 0.9943502824858758 0.4968847352024922 0.9943502824858758 0.46417445482866043 0.9929378531073446 0.44781931464174457 0.9858757062146892 0.45950155763239875 0.9505649717514124 0.48286604361370716 0.9138418079096046 0.4883177570093458 0.8912429378531074 0.5046728971962616 0.8601694915254238 0.5031152647975078 0.8488700564971752 0.47897196261682246 0.8418079096045198 0.4742990654205608 0.8305084745762712 0.4742990654205608 0.8206214689265536 0.4797507788161994 0.807909604519774 0.4914330218068536 0.7994350282485876