6 0.2714647887323944 0.5251937984496124 0.18311267605633802 0.08789922480620155
5 0.44712676056338024 0.5301705426356589 0.14904225352112674 0.09317054263565891
6 0.4279718309859155 0.6166046511627906 0.15970422535211268 0.07968992248062015
5 0.4506478873239436 0.3455891472868217 0.17353521126760563 0.10782170542635659
2 0.25614084507042256 0.6123255813953489 0.14909859154929578 0.08544961240310078
6 0.25064788732394366 0.3432480620155039 0.18098591549295776 0.10313178294573642
5 0.4662816901408451 0.4419767441860465 0.15756338028169015 0.09258139534883722
6 0.2863661971830986 0.43612403100775193 0.15757746478873239 0.09727131782945737
6 0.4591549295774648 0.24609302325581395 0.18525352112676058 0.10606201550387596
6 0.2951830985915493 0.2402403100775194 0.22567605633802815 0.12481395348837208
5 0.6052394366197184 0.6274418604651163 0.14798591549295773 0.0837984496124031
6 0.7910140845070422 0.6016589147286822 0.1937605633802817 0.0837984496124031
5 0.6233239436619719 0.5413100775193798 0.1863098591549296 0.08496899224806201
3 0.8533098591549296 0.7624573643410854 0.2933661971830986 0.31432558139534883
3 0.8541971830985916 0.5580387596899224 0.2916056338028169 0.17292248062015503