2 0.35952492211838005 0.2826912181303116 0.0867601246105919 0.15356940509915015
6 0.44605919003115263 0.2953399433427762 0.09000778816199377 0.18732294617563738
6 0.5375389408099689 0.30998583569405097 0.09975077881619938 0.16869688385269122
6 0.6316433021806853 0.27424929178470253 0.10021028037383177 0.18226628895184138
6 0.7325467289719626 0.3147592067988669 0.12758566978193145 0.21939093484419261
6 0.728138629283489 0.4872946175637393 0.10485202492211837 0.19491501416430596
5 0.6290887850467289 0.47971671388101983 0.10717289719626169 0.17804532577903684
5 0.5337461059190032 0.49406515580736543 0.09279595015576324 0.1628470254957507
5 0.4430373831775701 0.478441926345609 0.09510903426791277 0.1485127478753541
6 0.35604361370716514 0.45946175637393766 0.08165887850467289 0.16286118980169972
3 0.024592192621122153 0.9430280114480973 0.29798274265237334 0.7237357151496725 0.4007690918609631 0.7501686291968971 0.3533558389479742 0.8779277521712692 0.15747341495591136 0.9956171167782683
3 0.40838287438287585 0.8124747837367836 0.36754522140970175 0.9792539610984168 0.49109648965032976 0.9805125944655684 0.4962877194083394 0.8779277521712693
6 0.35370189980867356 0.7879299349786465 0.3049043400833834 0.9559677457074311 0.3751590039316145 0.993099734805605 0.43087822445741863 0.8313554366276583