2 0.38854662698412695 0.8897486772486772 0.1366939484126984 0.19319444444444445
2 0.24501488095238094 0.900056216931217 0.16129960317460318 0.1992261904761905
2 0.5334424603174603 0.8581580687830689 0.14216269841269843 0.20291666666666666
2 0.6541865079365079 0.8447883597883598 0.12302331349206348 0.19805224867724866
2 0.7785813492063491 0.8198809523809525 0.1403422619047619 0.20656415343915344
2 0.7712921626984127 0.6224338624338625 0.12029017857142857 0.20777777777777778
5 0.6459871031746032 0.641875 0.12302579365079365 0.2223578042328042
5 0.5247842261904762 0.6661772486772487 0.13578373015873016 0.21020502645502645
6 0.38991319444444444 0.6704298941798942 0.17223462301587303 0.2527314814814815
6 0.20628224206349208 0.6795436507936509 0.19318948412698414 0.2369378306878307
6 0.7681026785714286 0.3411474867724868 0.14307291666666666 0.19684193121693122
5 0.645530753968254 0.3654497354497354 0.12576140873015873 0.19926917989417992
5 0.5197718253968253 0.36058531746031747 0.1385168650793651 0.1919808201058201
5 0.38353174603174606 0.36119708994708993 0.15218501984126984 0.2223578042328042
6 0.7594469246031746 0.1679993386243386 0.12758184523809524 0.17861772486772487
6 0.6319890873015873 0.1831878306878307 0.13578373015873016 0.19441137566137565
6 0.502001488095238 0.17711309523809524 0.14307539682539683 0.21142195767195768
6 0.36394097222222227 0.175896164021164 0.1749702380952381 0.187119708994709
6 0.22678819444444442 0.36058531746031747 0.18317212301587302 0.23572420634920635