5 0.530109126984127 0.6486243386243387 0.12876488095238095 0.20040013227513226
6 0.26388392857142856 0.3380919312169312 0.12720238095238096 0.23457671957671958
6 0.3926686507936508 0.3267096560846561 0.1531498015873016 0.2438723544973545
5 0.5274652777777777 0.34104497354497354 0.13922619047619048 0.19491402116402115
5 0.6521354166666666 0.3461078042328043 0.12277281746031746 0.20503968253968252
6 0.7714260912698412 0.326276455026455 0.13859375 0.2008234126984127
6 0.213187003968254 0.6531679894179895 0.19239583333333335 0.23288690476190477
6 0.39640376984126985 0.6489451058201059 0.17023561507936508 0.24976521164021162
5 0.6492088293650794 0.62489417989418 0.11909970238095238 0.21622354497354498
2 0.769625496031746 0.606140873015873 0.11470486111111111 0.20215939153439155
2 0.7730084325396825 0.7993981481481481 0.13360119047619046 0.20215939153439155
2 0.6577604166666667 0.8225396825396826 0.11821924603174604 0.18985449735449736
2 0.5321750992063492 0.833968253968254 0.13447916666666668 0.19747354497354497
2 0.3937400793650794 0.8623875661375662 0.1327232142857143 0.1875099206349206
2 0.24618055555555557 0.8905687830687831 0.15777281746031746 0.20860449735449738
3 0.09454742310539119 0.008450908425413507 0.13717197402351097 0.4591159016830093 0.3063452601526499 0.4385453586514842 0.2887115254362716 0.14321045628970935 0.21817678837245197 0.008766971270131105