2 0.22926829268292684 0.5454545454545454 0.24878048780487805 0.5487012987012987 0.26951219512195124 0.5811688311688312 0.3195121951219512 0.7662337662337663 0.32195121951219513 0.7987012987012987 0.16097560975609757 0.8766233766233766 0.11707317073170732 0.8863636363636364 0.10853658536585366 0.8733766233766234 0.08536585365853659 0.7905844155844156 0.06219512195121951 0.6948051948051948 0.0524390243902439 0.625 0.07682926829268293 0.6055194805194806 0.13414634146341464 0.5795454545454546
2 0.5548780487804879 0.6201298701298701 0.5780487804878048 0.6217532467532467 0.5853658536585366 0.6363636363636364 0.6 0.8944805194805194 0.5914634146341463 0.9042207792207793 0.5609756097560976 0.9107142857142857 0.4817073170731707 0.9188311688311688 0.4219512195121951 0.935064935064935 0.39634146341463417 0.9318181818181818 0.3902439024390244 0.922077922077922 0.375609756097561 0.7516233766233766 0.375609756097561 0.6558441558441559 0.41341463414634144 0.6428571428571429
2 0.7658536585365854 0.586038961038961 0.802439024390244 0.5876623376623377 0.8560975609756097 0.6022727272727273 0.8902439024390244 0.5974025974025974 0.9304878048780488 0.6055194805194806 0.9353658536585366 0.625 0.9451219512195121 0.7727272727272727 0.947560975609756 0.8814935064935064 0.8280487804878048 0.8928571428571429 0.7536585365853659 0.887987012987013 0.7353658536585366 0.8733766233766234 0.7304878048780488 0.8474025974025974 0.7280487804878049 0.7418831168831169 0.7317073170731707 0.6168831168831169 0.7414634146341463 0.6022727272727273
2 0.7414634146341463 0.37012987012987014 0.85 0.38636363636363635 0.8890243902439025 0.40584415584415584 0.8902439024390244 0.43993506493506496 0.8682926829268293 0.551948051948052 0.8609756097560975 0.5698051948051948 0.8597560975609756 0.5957792207792207 0.8292682926829268 0.599025974025974 0.7707317073170732 0.5925324675324676 0.7463414634146341 0.6022727272727273 0.7268292682926829 0.625 0.7170731707317073 0.6266233766233766 0.6621951219512195 0.6103896103896104 0.6341463414634146 0.5941558441558441 0.6524390243902439 0.4805194805194805 0.6719512195121952 0.41883116883116883 0.7012195121951219 0.387987012987013
2 0.6597560975609756 0 0.7792682926829269 0 0.751219512195122 0.1266233766233766 0.7402439024390244 0.14935064935064934 0.7317073170731707 0.18506493506493507 0.7060975609756097 0.349025974025974 0.6731707317073171 0.4107142857142857 0.6451219512195122 0.4074675324675325 0.6378048780487805 0.3944805194805195 0.6365853658536585 0.3392857142857143 0.6231707317073171 0.2824675324675325 0.6073170731707317 0.24025974025974026 0.5963414634146341 0.16558441558441558 0.5804878048780487 0.1266233766233766 0.5804878048780487 0.11038961038961038 0.5963414634146341 0.11201298701298701 0.6317073170731707 0.15422077922077923 0.6609756097560976 0.17857142857142858 0.6841463414634147 0.18019480519480519 0.697560975609756 0.1672077922077922 0.697560975609756 0.1461038961038961 0.6890243902439024 0.13474025974025974 0.6719512195121952 0.08766233766233766 0.6378048780487805 0.037337662337662336 0.6378048780487805 0.01461038961038961
2 0.75 0.1266233766233766 0.8439024390243902 0.13636363636363635 0.8768292682926829 0.1525974025974026 0.874390243902439 0.22077922077922077 0.8658536585365854 0.2840909090909091 0.8670731707317073 0.3181818181818182 0.8560975609756097 0.387987012987013 0.7585365853658537 0.362012987012987 0.7280487804878049 0.36688311688311687 0.6963414634146341 0.3961038961038961 0.6878048780487804 0.3944805194805195 0.7073170731707317 0.3392857142857143 0.7292682926829268 0.1737012987012987
2 0.4024390243902439 0.2727272727272727 0.4353658536585366 0.2775974025974026 0.44878048780487806 0.3116883116883117 0.4548780487804878 0.400974025974026 0.45121951219512196 0.547077922077922 0.43902439024390244 0.560064935064935 0.39878048780487807 0.5665584415584416 0.2951219512195122 0.5698051948051948 0.2634146341463415 0.5633116883116883 0.2573170731707317 0.5535714285714286 0.26951219512195124 0.5357142857142857 0.2804878048780488 0.49188311688311687 0.2939024390243902 0.3522727272727273 0.3207317073170732 0.3198051948051948 0.35853658536585364 0.28733766233766234
2 0.09878048780487805 0.21428571428571427 0.12439024390243902 0.21428571428571427 0.2 0.23214285714285715 0.2682926829268293 0.25 0.2975609756097561 0.26461038961038963 0.3 0.2840909090909091 0.2914634146341463 0.3344155844155844 0.29024390243902437 0.41233766233766234 0.275609756097561 0.512987012987013 0.2658536585365854 0.5373376623376623 0.2524390243902439 0.5454545454545454 0.18536585365853658 0.5373376623376623 0.14390243902439023 0.5227272727272727 0.11829268292682926 0.5243506493506493 0.07317073170731707 0.512987012987013 0.0524390243902439 0.49837662337662336 0.06707317073170732 0.349025974025974 0.08414634146341464 0.2662337662337662 0.08780487804878048 0.22564935064935066
2 0.2524390243902439 0 0.3146341463414634 0 0.3402439024390244 0.045454545454545456 0.3780487804878049 0.09415584415584416 0.42317073170731706 0.17857142857142858 0.4268292682926829 0.20941558441558442 0.375609756097561 0.275974025974026 0.3329268292682927 0.30194805194805197 0.31097560975609756 0.3068181818181818 0.30609756097560975 0.27435064935064934 0.3 0.262987012987013 0.2634146341463415 0.24675324675324675 0.20121951219512196 0.2305194805194805 0.15609756097560976 0.1590909090909091 0.1524390243902439 0.1461038961038961 0.15609756097560976 0.11201298701298701 0.22439024390243903 0.02922077922077922 0.24634146341463414 0.017857142857142856
2 0.4060975609756098 0.06493506493506493 0.41097560975609754 0.06655844155844155 0.49390243902439024 0.2159090909090909 0.5097560975609756 0.22564935064935066 0.5207317073170732 0.21915584415584416 0.5536585365853659 0.2224025974025974 0.5939024390243902 0.24512987012987014 0.5975609756097561 0.2532467532467532 0.4951219512195122 0.3327922077922078 0.4682926829268293 0.35064935064935066 0.4560975609756098 0.3522727272727273 0.45121951219512196 0.34415584415584416 0.45 0.3068181818181818 0.44390243902439025 0.2824675324675325 0.4353658536585366 0.2727272727272727 0.41829268292682925 0.26785714285714285 0.4073170731707317 0.24512987012987014 0.4121951219512195 0.23214285714285715 0.43414634146341463 0.21103896103896103 0.4353658536585366 0.19318181818181818 0.3780487804878049 0.08766233766233766
3 0.3597560975609756 0 0.4036585365853659 0.05844155844155844 0.47073170731707314 0.17857142857142858 0.5158536585365854 0.22402597402597402 0.5451219512195122 0.2288961038961039 0.5841463414634146 0.25162337662337664 0.6182926829268293 0.2483766233766234 0.6146341463414634 0.19155844155844157 0.6024390243902439 0.15422077922077923 0.5926829268292683 0.1396103896103896 0.5902439024390244 0.11525974025974026 0.6012195121951219 0.125 0.6207317073170732 0.16883116883116883 0.651219512195122 0.19480519480519481 0.6817073170731708 0.19967532467532467 0.7048780487804878 0.17532467532467533 0.7085365853658536 0.16071428571428573 0.7060975609756097 0.125 0.6853658536585366 0.08766233766233766 0.6451219512195122 0.037337662337662336 0.6414634146341464 0