4 0.6979166666666666 0.002777777777777778 0.6958333333333333 0.004629629629629629 0.7020833333333333 0.012037037037037037 0.7135416666666666 0.019444444444444445 0.7208333333333333 0.02962962962962963 0.7296875 0.03518518518518519 0.7369791666666666 0.03518518518518519 0.7505208333333333 0.046296296296296294 0.765625 0.05092592592592592 0.7817708333333333 0.06388888888888888 0.7947916666666667 0.06851851851851852 0.8020833333333334 0.07777777777777778 0.8072916666666666 0.07777777777777778 0.8328125 0.0962962962962963 0.8401041666666667 0.09814814814814815 0.8619791666666666 0.11851851851851852 0.8703125 0.13240740740740742 0.878125 0.1398148148148148 0.8885416666666667 0.16111111111111112 0.8984375 0.17592592592592593 0.9015625 0.18518518518518517 0.909375 0.19814814814814816 0.9109375 0.2074074074074074 0.9145833333333333 0.21666666666666667 0.9182291666666667 0.22037037037037038 0.9208333333333333 0.22962962962962963 0.9244791666666666 0.23055555555555557 0.9375 0.24814814814814815 0.9442708333333333 0.275 0.9536458333333333 0.2962962962962963 0.9625 0.32314814814814813 0.9645833333333333 0.3277777777777778 0.9723958333333333 0.3314814814814815 0.96875 0.34444444444444444 0.96875 0.38333333333333336 0.9703125 0.3925925925925926 0.9796875 0.4101851851851852 0.984375 0.4351851851851852 0.9890625 0.44907407407407407 0.9911458333333333 0.4685185185185185 0.9895833333333334 0.4777777777777778 0.9895833333333334 0.49722222222222223 0.984375 0.5212962962962963 0.9677083333333333 0.5472222222222223 0.9619791666666667 0.562037037037037 0.9447916666666667 0.5944444444444444 0.9411458333333333 0.6175925925925926 0.9375 0.6268518518518519 0.9338541666666667 0.6777777777777778 0.9380208333333333 0.6962962962962963 0.9572916666666667 0.7324074074074074 0.9677083333333333 0.7444444444444445 0.9859375 0.7842592592592592 0.9927083333333333 0.7935185185185185 0.9942708333333333 0.8009259259259259 0.9958333333333333 0.7981481481481482 0.9973958333333334 0.7814814814814814 0.9994791666666667 0.7805555555555556 0.9994791666666667 0.7712962962962963 0.9973958333333334 0.7675925925925926 0.9973958333333334 0.7601851851851852 0.9994791666666667 0.7574074074074074 0.9994791666666667 0.7342592592592593 0.9973958333333334 0.7324074074074074 0.9963541666666667 0.7194444444444444 0.9973958333333334 0.7027777777777777 0.9994791666666667 0.700925925925926 0.9994791666666667 0.6620370370370371 0.9973958333333334 0.6592592592592592 0.9994791666666667 0.6527777777777778 0.9973958333333334 0.6509259259259259 0.9963541666666667 0.6425925925925926 0.9973958333333334 0.6212962962962963 0.9994791666666667 0.6185185185185185 0.9994791666666667 0.5962962962962963 0.9979166666666667 0.5953703703703703 0.9994791666666667 0.587037037037037 0.9973958333333334 0.5833333333333334 0.9973958333333334 0.575925925925926 0.9994791666666667 0.5740740740740741 0.9994791666666667 0.5342592592592592 0.9973958333333334 0.5333333333333333 0.9994791666666667 0.5296296296296297 0.9973958333333334 0.525 0.9973958333333334 0.5064814814814815 0.9994791666666667 0.5027777777777778 0.9994791666666667 0.48518518518518516 0.9979166666666667 0.4842592592592593 0.9994791666666667 0.48055555555555557 0.9994791666666667 0.47129629629629627 0.9973958333333334 0.4703703703703704 0.99375 0.4361111111111111 0.9973958333333334 0.42314814814814816 0.9994791666666667 0.4212962962962963 0.9994791666666667 0.4101851851851852 0.9973958333333334 0.4083333333333333 0.9994791666666667 0.40555555555555556 0.9994791666666667 0.0962962962962963 0.9973958333333334 0.09351851851851851 0.9994791666666667 0.09166666666666666 0.9994791666666667 0.05555555555555555 0.9973958333333334 0.053703703703703705 0.9979166666666667 0.04722222222222222 0.9994791666666667 0.046296296296296294 0.9994791666666667 0.005555555555555556 0.9890625 0.000925925925925926 0.940625 0.002777777777777778 0.9104166666666667 0 0.8885416666666667 0.002777777777777778 0.7640625 0.002777777777777778 0.74375 0 0.6979166666666666 0.002777777777777778
4 0.0015625 0.5981481481481481 0 0.600925925925926 0 0.6370370370370371 0.0020833333333333333 0.6444444444444445 0 0.6620370370370371 0.0015625 0.6638888888888889 0.0020833333333333333 0.6861111111111111 0 0.7046296296296296 0.0020833333333333333 0.7157407407407408 0 0.7231481481481481 0 0.7351851851851852 0.0015625 0.737037037037037 0.0020833333333333333 0.7444444444444445 0 0.7638888888888888 0.0020833333333333333 0.7685185185185185 0.0020833333333333333 0.8101851851851852 0 0.8481481481481481 0.0015625 0.85 0.0020833333333333333 0.899074074074074 0.0010416666666666667 0.9842592592592593 0.003125 0.9935185185185185 0.4270833333333333 0.9935185185185185 0.4276041666666667 0.9898148148148148 0.4192708333333333 0.9712962962962963 0.3854166666666667 0.9194444444444444 0.38125 0.9166666666666666 0.35989583333333336 0.8870370370370371 0.3578125 0.8870370370370371 0.34791666666666665 0.8712962962962963 0.3390625 0.8638888888888889 0.31197916666666664 0.825925925925926 0.30104166666666665 0.8166666666666667 0.290625 0.8027777777777778 0.2833333333333333 0.7981481481481482 0.26666666666666666 0.7777777777777778 0.25104166666666666 0.7685185185185185 0.21927083333333333 0.7351851851851852 0.21458333333333332 0.7342592592592593 0.20625 0.725925925925926 0.18229166666666666 0.7101851851851851 0.1796875 0.7055555555555556 0.16979166666666667 0.6981481481481482 0.16614583333333333 0.6916666666666667 0.1359375 0.6685185185185185 0.12864583333333332 0.6555555555555556 0.11875 0.6481481481481481 0.10572916666666667 0.6324074074074074 0.09166666666666666 0.6259259259259259 0.065625 0.625 0.05625 0.6212962962962963 0.05 0.6148148148148148 0.034375 0.6138888888888889 0.005729166666666666 0.5962962962962963 0.0015625 0.5981481481481481
4 0.7052083333333333 0.002777777777777778 0.7026041666666667 0.005555555555555556 0.7057291666666666 0.012037037037037037 0.715625 0.018518518518518517 0.7208333333333333 0.027777777777777776 0.7260416666666667 0.032407407407407406 0.7427083333333333 0.037037037037037035 0.75625 0.04814814814814815 0.7723958333333333 0.05277777777777778 0.7755208333333333 0.05740740740740741 0.7796875 0.05740740740740741 0.784375 0.06388888888888888 0.796875 0.06851851851851852 0.8078125 0.07777777777777778 0.8119791666666667 0.07777777777777778 0.8328125 0.09351851851851851 0.84375 0.09814814814814815 0.8458333333333333 0.10277777777777777 0.8515625 0.10555555555555556 0.8666666666666667 0.12129629629629629 0.8807291666666667 0.14166666666666666 0.8984375 0.1712962962962963 0.9010416666666666 0.18055555555555555 0.909375 0.19166666666666668 0.9140625 0.21203703703703702 0.9255208333333333 0.23055555555555557 0.9317708333333333 0.2388888888888889 0.9348958333333334 0.23981481481481481 0.940625 0.25 0.9421875 0.2574074074074074 0.9473958333333333 0.262037037037037 0.9510416666666667 0.28888888888888886 0.9583333333333334 0.30925925925925923 0.9677083333333333 0.3277777777777778 0.9729166666666667 0.3277777777777778 0.975 0.33055555555555555 0.9697916666666667 0.3509259259259259 0.9697916666666667 0.3685185185185185 0.971875 0.3712962962962963 0.9734375 0.3925925925925926 0.9796875 0.4064814814814815 0.9921875 0.46296296296296297 0.9911458333333333 0.5 0.9859375 0.5212962962962963 0.96875 0.5481481481481482 0.9609375 0.5675925925925925 0.9458333333333333 0.5944444444444444 0.9427083333333334 0.6157407407407407 0.9380208333333333 0.6324074074074074 0.9354166666666667 0.6731481481481482 0.9380208333333333 0.6925925925925925 0.9416666666666667 0.700925925925926 0.9567708333333333 0.7305555555555555 0.9671875 0.7398148148148148 0.96875 0.7472222222222222 0.9807291666666667 0.7685185185185185 0.9833333333333333 0.7777777777777778 0.9916666666666667 0.7888888888888889 0.9942708333333333 0.7981481481481482 0.9932291666666667 0.7898148148148149 0.9953125 0.7870370370370371 0.9958333333333333 0.7805555555555556 0.9958333333333333 0.7398148148148148 0.9973958333333334 0.737037037037037 0.9953125 0.7138888888888889 0.9973958333333334 0.6759259259259259 0.9958333333333333 0.6592592592592592 0.9973958333333334 0.6055555555555555 0.9958333333333333 0.5685185185185185 0.9973958333333334 0.5120370370370371 0.9963541666666667 0.49722222222222223 0.9994791666666667 0.49166666666666664 0.9994791666666667 0.4888888888888889 0.9963541666666667 0.4861111111111111 0.9958333333333333 0.462037037037037 0.9927083333333333 0.462037037037037 0.9911458333333333 0.4583333333333333 0.9911458333333333 0.45185185185185184 0.9942708333333333 0.44722222222222224 0.9953125 0.4527777777777778 0.9911458333333333 0.4351851851851852 0.9921875 0.4287037037037037 0.9973958333333334 0.4185185185185185 0.9963541666666667 0.4064814814814815 0.9973958333333334 0.39444444444444443 0.9994791666666667 0.39351851851851855 0.9963541666666667 0.38796296296296295 0.9953125 0.37222222222222223 0.9963541666666667 0.34444444444444444 0.9994791666666667 0.3388888888888889 0.9994791666666667 0.30462962962962964 0.9979166666666667 0.3037037037037037 0.9979166666666667 0.29907407407407405 0.9994791666666667 0.29814814814814816 0.9994791666666667 0.21388888888888888 0.9979166666666667 0.21296296296296297 0.9994791666666667 0.19814814814814816 0.9973958333333334 0.19722222222222222 0.9958333333333333 0.19074074074074074 0.9953125 0.005555555555555556 0.9921875 0.002777777777777778 0.9822916666666667 0.002777777777777778 0.978125 0.005555555555555556 0.9494791666666667 0.002777777777777778 0.7052083333333333 0.002777777777777778
1 0.36822916666666666 0.8175925925925925 0.36875 0.8305555555555556 0.37395833333333334 0.837037037037037 0.3776041666666667 0.8481481481481481 0.3828125 0.8555555555555555 0.39375 0.8555555555555555 0.4005208333333333 0.8481481481481481 0.40625 0.8462962962962963 0.4119791666666667 0.8351851851851851 0.41041666666666665 0.8240740740740741 0.4036458333333333 0.812037037037037 0.39739583333333334 0.8055555555555556 0.37552083333333336 0.8055555555555556 0.36822916666666666 0.8175925925925925
1 0.7078125 0.6351851851851852 0.7057291666666666 0.6370370370370371 0.7083333333333334 0.6398148148148148 0.7114583333333333 0.6388888888888888 0.7104166666666667 0.6351851851851852 0.7078125 0.6351851851851852
1 0.48072916666666665 0.6351851851851852 0.4791666666666667 0.65 0.48125 0.6574074074074074 0.49322916666666666 0.6759259259259259 0.49583333333333335 0.6851851851851852 0.49895833333333334 0.6861111111111111 0.5072916666666667 0.7074074074074074 0.5177083333333333 0.7194444444444444 0.5260416666666666 0.737037037037037 0.5322916666666667 0.7435185185185185 0.5505208333333333 0.7555555555555555 0.5692708333333333 0.7555555555555555 0.5708333333333333 0.7527777777777778 0.5770833333333333 0.7546296296296297 0.5885416666666666 0.7731481481481481 0.5973958333333333 0.774074074074074 0.6125 0.7685185185185185 0.6171875 0.7638888888888888 0.6192708333333333 0.7592592592592593 0.6182291666666667 0.75 0.6229166666666667 0.7388888888888889 0.63125 0.7444444444444445 0.6541666666666667 0.7416666666666667 0.6578125 0.7388888888888889 0.665625 0.7481481481481481 0.6744791666666666 0.7712962962962963 0.671875 0.7851851851851852 0.6776041666666667 0.7935185185185185 0.6776041666666667 0.7962962962962963 0.6869791666666667 0.8055555555555556 0.7135416666666666 0.8074074074074075 0.728125 0.8027777777777778 0.7536458333333333 0.8009259259259259 0.7640625 0.7962962962962963 0.7697916666666667 0.7796296296296297 0.7760416666666666 0.7712962962962963 0.7833333333333333 0.7648148148148148 0.790625 0.7638888888888888 0.8 0.7731481481481481 0.8083333333333333 0.7601851851851852 0.8177083333333334 0.7546296296296297 0.8244791666666667 0.7444444444444445 0.8265625 0.7342592592592593 0.8223958333333333 0.7148148148148148 0.8130208333333333 0.7046296296296296 0.8020833333333334 0.687037037037037 0.7953125 0.6842592592592592 0.7921875 0.6694444444444444 0.7831598958333333 0.6685185185185185 0.78125 0.6638888888888889 0.7796875 0.6666666666666666 0.778125 0.6638888888888889 0.76875 0.6638888888888889 0.7619791666666667 0.6527777777777778 0.7598958333333333 0.6620370370370371 0.7552083333333334 0.6638888888888889 0.7463541666666667 0.6638888888888889 0.74375 0.6574074074074074 0.7375 0.6648148148148149 0.7265625 0.6648148148148149 0.725 0.6620370370370371 0.7244791666666667 0.6509259259259259 0.71875 0.6481481481481481 0.7192708333333333 0.6574074074074074 0.7177083333333333 0.662962962962963 0.7125 0.6638888888888889 0.7109375 0.6685185185185185 0.7046875 0.6685185185185185 0.7020833333333333 0.6638888888888889 0.6989583333333333 0.6666666666666666 0.6880208333333333 0.6638888888888889 0.6854166666666667 0.6666666666666666 0.6817708333333333 0.6620370370370371 0.6744791666666666 0.6620370370370371 0.6692708333333334 0.6638888888888889 0.66875 0.6685185185185185 0.6630208333333333 0.6685185185185185 0.6630208333333333 0.6638888888888889 0.6609375 0.6620370370370371 0.65 0.6620370370370371 0.6229166666666667 0.6648148148148149 0.6098958333333333 0.6712962962962963 0.59375 0.6944444444444444 0.5880208333333333 0.712037037037037 0.5838541666666667 0.7185185185185186 0.5786458333333333 0.7425925925925926 0.5786458333333333 0.7527777777777778 0.5692708333333333 0.75 0.5619791666666667 0.7333333333333333 0.5583333333333333 0.7064814814814815 0.5583333333333333 0.6722222222222223 0.5619791666666667 0.6546296296296297 0.5630208333333333 0.6388888888888888 0.5604166666666667 0.6018518518518519 0.5614583333333333 0.5694444444444444 0.56875 0.5203703703703704 0.5760416666666667 0.4925925925925926 0.58125 0.47962962962962963 0.58125 0.47129629629629627 0.56875 0.4824074074074074 0.5583333333333333 0.4981481481481482 0.5510416666666667 0.5166666666666667 0.5333333333333333 0.5370370370370371 0.5223958333333333 0.562037037037037 0.4942708333333333 0.6055555555555555 0.49270833333333336 0.612037037037037 0.48072916666666665 0.6351851851851852
1 0.7864583333333334 0.3574074074074074 0.7864583333333334 0.36203703703703705 0.7890625 0.36666666666666664 0.7973958333333333 0.3648148148148148 0.7942708333333334 0.3638888888888889 0.7921875 0.3574074074074074 0.7864583333333334 0.3574074074074074
1 0.7713541666666667 0.3314814814814815 0.76875 0.3388888888888889 0.7744791666666667 0.34814814814814815 0.7822916666666667 0.35555555555555557 0.7869791666666667 0.34814814814814815 0.7828125 0.337037037037037 0.7744791666666667 0.3351851851851852 0.7713541666666667 0.3314814814814815
1 0.7734375 0.3101851851851852 0.7723958333333333 0.31203703703703706 0.7796875 0.31203703703703706 0.7791666666666667 0.30925925925925923 0.7734375 0.3101851851851852
1 0.7692708333333333 0.2824074074074074 0.7677083333333333 0.28703703703703703 0.7619791666666667 0.28888888888888886 0.7645833333333333 0.2962962962962963 0.7796875 0.2935185185185185 0.78125 0.28888888888888886 0.7791666666666667 0.2824074074074074 0.7692708333333333 0.2824074074074074
1 0.7119791666666667 0.25092592592592594 0.7114583333333333 0.2638888888888889 0.7130208333333333 0.26851851851851855 0.7234375 0.26666666666666666 0.725 0.2638888888888889 0.7239583333333334 0.2462962962962963 0.7161458333333334 0.24444444444444444 0.7130208333333333 0.2462962962962963 0.7119791666666667 0.25092592592592594