4 0.24010416666666667 0 0.3020833333333333 0 0.31354166666666666 0.002777777777777778 0.3260416666666667 0 0.384375 0 0.38645833333333335 0.002777777777777778 0.40572916666666664 0.004629629629629629 0.5015625 0.003703703703703704 0.5260416666666666 0 0.5390625 0.005555555555555556 0.5864583333333333 0.002777777777777778 0.5932291666666667 0 0.6546875 0 0.6588541666666666 0.004629629629629629 0.6604166666666667 0.012037037037037037 0.6609375 0.028703703703703703 0.6682291666666667 0.07777777777777778 0.6786458333333333 0.10740740740740741 0.6739583333333333 0.17222222222222222 0.6708333333333333 0.19444444444444445 0.6677083333333333 0.2037037037037037 0.659375 0.29259259259259257 0.6567708333333333 0.30277777777777776 0.6505208333333333 0.3148148148148148 0.6234375 0.35 0.609375 0.37592592592592594 0.609375 0.4046296296296296 0.6067708333333334 0.4212962962962963 0.6088541666666667 0.4324074074074074 0.60625 0.44907407407407407 0.5989583333333334 0.4601851851851852 0.5880208333333333 0.462037037037037 0.584375 0.4666666666666667 0.571875 0.47129629629629627 0.5572916666666666 0.46944444444444444 0.5453125 0.49722222222222223 0.5364583333333334 0.5074074074074074 0.5244791666666667 0.5064814814814815 0.51875 0.5009259259259259 0.5026041666666666 0.5138888888888888 0.490625 0.5148148148148148 0.4671875 0.5259259259259259 0.45416666666666666 0.525 0.4510416666666667 0.5287037037037037 0.4640625 0.5361111111111111 0.4864583333333333 0.5601851851851852 0.49166666666666664 0.5712962962962963 0.50625 0.5879629629629629 0.5229166666666667 0.6166666666666667 0.5364583333333334 0.6416666666666667 0.55 0.6787037037037037 0.5526041666666667 0.6925925925925925 0.5526041666666667 0.7055555555555556 0.5505208333333333 0.7111111111111111 0.5375 0.7148148148148148 0.5302083333333333 0.7305555555555555 0.5239583333333333 0.7351851851851852 0.5161458333333333 0.7324074074074074 0.5041666666666667 0.7157407407407408 0.4979166666666667 0.7129629629629629 0.4973958333333333 0.7185185185185186 0.5046875 0.7333333333333333 0.5041666666666667 0.7444444444444445 0.5015625 0.7509259259259259 0.4869791666666667 0.7527777777777778 0.48072916666666665 0.7490740740740741 0.47239583333333335 0.762962962962963 0.46041666666666664 0.7657407407407407 0.45364583333333336 0.7601851851851852 0.43333333333333335 0.7222222222222222 0.3958333333333333 0.6805555555555556 0.3848958333333333 0.662962962962963 0.3796875 0.65 0.36041666666666666 0.65 0.3385416666666667 0.6564814814814814 0.34375 0.6611111111111111 0.33645833333333336 0.6694444444444444 0.32916666666666666 0.6675925925925926 0.328125 0.6564814814814814 0.33125 0.65 0.32447916666666665 0.649074074074074 0.3234375 0.6509259259259259 0.325 0.6537037037037037 0.3177083333333333 0.6611111111111111 0.3104166666666667 0.6537037037037037 0.30416666666666664 0.6583333333333333 0.29739583333333336 0.6685185185185185 0.29375 0.6861111111111111 0.2947916666666667 0.6962962962962963 0.2921875 0.7027777777777777 0.29322916666666665 0.7138888888888889 0.28854166666666664 0.725 0.28125 0.7333333333333333 0.28489583333333335 0.7425925925925926 0.28125 0.7481481481481481 0.28125 0.7546296296296297 0.284375 0.7583333333333333 0.28229166666666666 0.7657407407407407 0.2838541666666667 0.7722222222222223 0.2791666666666667 0.7712962962962963 0.27760416666666665 0.7796296296296297 0.27395833333333336 0.7851851851851852 0.27447916666666666 0.8037037037037037 0.2765625 0.8101851851851852 0.27395833333333336 0.8185185185185185 0.2760416666666667 0.8212962962962963 0.2734375 0.8240740740740741 0.2708333333333333 0.8379629629629629 0.27291666666666664 0.8518518518518519 0.2682291666666667 0.8564814814814815 0.2708333333333333 0.8675925925925926 0.26875 0.8731481481481481 0.2713541666666667 0.8944444444444445 0.265625 0.9111111111111111 0.26145833333333335 0.9148148148148149 0.2635416666666667 0.9175925925925926 0.26145833333333335 0.9259259259259259 0.26145833333333335 0.9388888888888889 0.25416666666666665 0.9546296296296296 0.2552083333333333 0.9666666666666667 0.2520833333333333 0.9703703703703703 0.2520833333333333 0.9768518518518519 0.24791666666666667 0.9768518518518519 0.24322916666666666 0.9879629629629629 0.23385416666666667 0.9898148148148148 0.23333333333333334 0.9944444444444445 0.21302083333333333 0.9935185185185185 0.20625 0.9888888888888889 0.20260416666666667 0.9944444444444445 0.15260416666666668 0.9990740740740741 0.14166666666666666 0.9944444444444445 0.1125 0.9962962962962963 0.1109375 0.9925925925925926 0.1109375 0.9324074074074075 0.11770833333333333 0.8101851851851852 0.12083333333333333 0.7851851851851852 0.12135416666666667 0.7342592592592593 0.15364583333333334 0.48055555555555557 0.1546875 0.387037037037037 0.15208333333333332 0.34444444444444444 0.15520833333333334 0.33425925925925926 0.16875 0.3101851851851852 0.17864583333333334 0.28425925925925927 0.1828125 0.25925925925925924 0.1828125 0.225 0.18697916666666667 0.18796296296296297 0.19375 0.15185185185185185 0.2046875 0.11944444444444445 0.20625 0.1037037037037037 0.2046875 0.08148148148148149 0.21302083333333333 0.06574074074074074 0.21979166666666666 0.03333333333333333 0.22604166666666667 0.016666666666666666 0.23385416666666667 0.004629629629629629 0.24010416666666667 0.000925925925925926
4 0.7885416666666667 0 0.9942708333333333 0 0.9958333333333333 0.003703703703703704 0.9958333333333333 0.025 0.9994791666666667 0.028703703703703703 0.9994791666666667 0.3574074074074074 0.9963541666666667 0.3611111111111111 0.9973958333333334 0.38055555555555554 0.9953125 0.4046296296296296 0.9942708333333333 0.4101851851851852 0.9901041666666667 0.4148148148148148 0.9901041666666667 0.425 0.9833333333333333 0.46296296296296297 0.9802083333333333 0.5 0.9807291666666667 0.5120370370370371 0.9880208333333333 0.5120370370370371 0.9864583333333333 0.5148148148148148 0.9880208333333333 0.5203703703703704 0.9864583333333333 0.5222222222222223 0.9885416666666667 0.5259259259259259 0.98125 0.5324074074074074 0.9833333333333333 0.5435185185185185 0.9875 0.5462962962962963 0.9833333333333333 0.55 0.9828125 0.5638888888888889 0.9880208333333333 0.5925925925925926 0.9880208333333333 0.6046296296296296 0.9854166666666667 0.6194444444444445 0.9744791666666667 0.65 0.9671875 0.6564814814814814 0.9520833333333333 0.6527777777777778 0.9494791666666667 0.6722222222222223 0.9427083333333334 0.6814814814814815 0.9380208333333333 0.6814814814814815 0.9317708333333333 0.674074074074074 0.9307291666666667 0.6648148148148149 0.9223958333333333 0.6546296296296297 0.9177083333333333 0.6583333333333333 0.9119791666666667 0.65 0.9026041666666667 0.6453703703703704 0.8927083333333333 0.6231481481481481 0.8953125 0.6194444444444445 0.8942708333333333 0.6092592592592593 0.8838541666666667 0.5638888888888889 0.875 0.5527777777777778 0.8645833333333334 0.5481481481481482 0.8546875 0.5277777777777778 0.840625 0.5120370370370371 0.8302083333333333 0.4898148148148148 0.8166666666666667 0.47962962962962963 0.7927083333333333 0.44351851851851853 0.7692708333333333 0.4212962962962963 0.7536458333333333 0.41203703703703703 0.74375 0.41203703703703703 0.7411458333333333 0.4074074074074074 0.7223958333333333 0.4083333333333333 0.7166666666666667 0.40370370370370373 0.7197916666666667 0.37962962962962965 0.7229166666666667 0.3712962962962963 0.7239583333333334 0.3509259259259259 0.7395833333333334 0.31666666666666665 0.7520833333333333 0.275 0.7567708333333333 0.19814814814814816 0.7661458333333333 0.11481481481481481 0.7765625 0.04537037037037037 0.7854166666666667 0.005555555555555556 0.7885416666666667 0.000925925925925926
4 0.6807291666666667 0.6185185185185185 0.7083333333333334 0.6370370370370371 0.7166666666666667 0.6462962962962963 0.7328125 0.6916666666666667 0.7411458333333333 0.7333333333333333 0.7515625 0.7546296296296297 0.7541666666666667 0.7777777777777778 0.765625 0.799074074074074 0.7791666666666667 0.812962962962963 0.7895833333333333 0.8314814814814815 0.8 0.8314814814814815 0.8125 0.8416666666666667 0.8208333333333333 0.8527777777777777 0.8338541666666667 0.8962962962962963 0.8416666666666667 0.9092592592592592 0.8630208333333333 0.9268518518518518 0.8869791666666667 0.9722222222222222 0.9026041666666667 0.9944444444444445 0.9010416666666666 0.9990740740740741 0.8661458333333333 0.9990740740740741 0.8583333333333333 0.9953703703703703 0.8421875 0.9962962962962963 0.8390625 0.9990740740740741 0.8166666666666667 0.9990740740740741 0.8072916666666666 0.9953703703703703 0.796875 0.9990740740740741 0.7755208333333333 0.9990740740740741 0.7729166666666667 0.9962962962962963 0.75 0.9925925925925926 0.7473958333333334 0.9842592592592593 0.7484375 0.9722222222222222 0.7286458333333333 0.9351851851851852 0.725 0.9222222222222223 0.7260416666666667 0.9074074074074074 0.7161458333333334 0.8888888888888888 0.7036458333333333 0.8555555555555555 0.6989583333333333 0.8472222222222222 0.6791666666666667 0.8268518518518518 0.6630208333333333 0.8027777777777778 0.6526041666666667 0.7648148148148148 0.6296875 0.7222222222222222 0.6197916666666666 0.6953703703703704 0.6223958333333334 0.6851851851851852 0.6291666666666667 0.6768518518518518 0.63125 0.6574074074074074 0.6369791666666667 0.6416666666666667 0.6505208333333333 0.6287037037037037 0.6682291666666667 0.6185185185185185 0.6802083333333333 0.6185185185185185
1 0.540625 0.5398148148148149 0.55 0.5453703703703704 0.5619791666666667 0.5722222222222222 0.5671875 0.5935185185185186 0.5697916666666667 0.6222222222222222 0.578125 0.6296296296296297 0.5760416666666667 0.6564814814814814 0.5791666666666667 0.6814814814814815 0.5833333333333334 0.6851851851851852 0.5932291666666667 0.7046296296296296 0.5932291666666667 0.7546296296296297 0.5885416666666666 0.7620370370370371 0.5713541666666667 0.775 0.5614583333333333 0.775 0.5489583333333333 0.7685185185185185 0.5307291666666667 0.7555555555555555 0.525 0.7453703703703703 0.5395833333333333 0.7203703703703703 0.5494791666666666 0.7194444444444444 0.55625 0.7064814814814815 0.5552083333333333 0.6888888888888889 0.5515625 0.675 0.5380208333333333 0.6388888888888888 0.5291666666666667 0.6240740740740741 0.5239583333333333 0.6092592592592593 0.5296875 0.5574074074074075 0.5364583333333334 0.5425925925925926 0.5401041666666667 0.5398148148148149
0 0.4984375 0.5222222222222223 0.5119791666666667 0.524074074074074 0.5291666666666667 0.5361111111111111 0.5291666666666667 0.549074074074074 0.546875 0.5462962962962963 0.5515625 0.5509259259259259 0.5552083333333333 0.562962962962963 0.5583333333333333 0.562962962962963 0.5588541666666667 0.5574074074074075 0.5609375 0.5555555555555556 0.5697916666666667 0.5518518518518518 0.575 0.5537037037037037 0.5765625 0.5592592592592592 0.5755208333333334 0.5675925925925925 0.5708333333333333 0.5703703703703704 0.5640625 0.5601851851851852 0.5604166666666667 0.5638888888888889 0.565625 0.587037037037037 0.5671875 0.5898148148148148 0.5713541666666667 0.5879629629629629 0.5744791666666667 0.5925925925925926 0.5822916666666667 0.5962962962962963 0.59375 0.6092592592592593 0.5833333333333334 0.6175925925925926 0.575 0.6481481481481481 0.575 0.6564814814814814 0.5713541666666667 0.6611111111111111 0.5802083333333333 0.6759259259259259 0.5989583333333334 0.6777777777777778 0.6010416666666667 0.6805555555555556 0.609375 0.6768518518518518 0.6130208333333333 0.6787037037037037 0.6130208333333333 0.6925925925925925 0.6104166666666667 0.700925925925926 0.6072916666666667 0.7305555555555555 0.6026041666666667 0.7435185185185185 0.5890625 0.762962962962963 0.578125 0.7731481481481481 0.5760416666666667 0.7777777777777778 0.5765625 0.7898148148148149 0.5614583333333333 0.8148148148148148 0.5505208333333333 0.825925925925926 0.5395833333333333 0.8268518518518518 0.5432291666666667 0.8314814814814815 0.5432291666666667 0.8416666666666667 0.5286458333333334 0.8416666666666667 0.525 0.8388888888888889 0.5322916666666667 0.8074074074074075 0.5322916666666667 0.7925925925925926 0.5208333333333334 0.7777777777777778 0.5145833333333333 0.7620370370370371 0.5135416666666667 0.7537037037037037 0.5182291666666666 0.7462962962962963 0.5307291666666667 0.7388888888888889 0.5390625 0.7203703703703703 0.5515625 0.7185185185185186 0.5567708333333333 0.7064814814814815 0.5552083333333333 0.6824074074074075 0.5390625 0.6388888888888888 0.5119791666666667 0.5907407407407408 0.5119791666666667 0.5861111111111111 0.5229166666666667 0.5861111111111111 0.5260416666666666 0.5824074074074074 0.5270833333333333 0.5731481481481482 0.5244791666666667 0.5675925925925925 0.4979166666666667 0.5712962962962963 0.4859375 0.5546296296296296 0.4703125 0.5388888888888889 0.4708333333333333 0.5324074074074074 0.4765625 0.5287037037037037 0.4875 0.5231481481481481 0.4979166666666667 0.5222222222222223
3 0.8630208333333333 0.4287037037037037 0.8802083333333334 0.45092592592592595 0.8885416666666667 0.46944444444444444 0.903125 0.4824074074074074 0.9083333333333333 0.4962962962962963 0.9286458333333333 0.5259259259259259 0.9427083333333334 0.5527777777777778 0.9510416666666667 0.5962962962962963 0.9515625 0.6166666666666667 0.9494791666666667 0.6342592592592593 0.9515625 0.6407407407407407 0.95 0.6509259259259259 0.9520833333333333 0.6648148148148149 0.9489583333333333 0.6777777777777778 0.9390625 0.6861111111111111 0.9338541666666667 0.6824074074074075 0.9255208333333333 0.6675925925925926 0.9015625 0.6648148148148149 0.8932291666666666 0.6537037037037037 0.8890625 0.6444444444444445 0.8890625 0.6370370370370371 0.8963541666666667 0.6342592592592593 0.896875 0.6296296296296297 0.8859375 0.5675925925925925 0.8776041666666666 0.5537037037037037 0.8645833333333334 0.5472222222222223 0.853125 0.5231481481481481 0.8411458333333334 0.5120370370370371 0.834375 0.4962962962962963 0.8333333333333334 0.4842592592592593 0.8416666666666667 0.45925925925925926 0.8557291666666667 0.4287037037037037 0.8625 0.4287037037037037
3 0.6796875 0.6185185185185185 0.709375 0.637962962962963 0.7177083333333333 0.6481481481481481 0.7338541666666667 0.6962962962962963 0.7416666666666667 0.7361111111111112 0.7515625 0.7546296296296297 0.7541666666666667 0.7787037037037037 0.7671875 0.8027777777777778 0.7791666666666667 0.8138888888888889 0.7875 0.8361111111111111 0.7864583333333334 0.8490740740740741 0.7828125 0.8555555555555555 0.7625 0.8759259259259259 0.73125 0.9009259259259259 0.7270833333333333 0.9009259259259259 0.7203125 0.8944444444444445 0.7 0.8472222222222222 0.6776041666666667 0.8240740740740741 0.6645833333333333 0.8046296296296296 0.6526041666666667 0.7648148148148148 0.6265625 0.7166666666666667 0.6197916666666666 0.6962962962962963 0.6223958333333334 0.6861111111111111 0.6286458333333333 0.6768518518518518 0.63125 0.6546296296296297 0.6380208333333334 0.6398148148148148 0.6489583333333333 0.6296296296296297 0.6682291666666667 0.6185185185185185 0.6791666666666667 0.6185185185185185
3 0.9109375 0.5009259259259259 0.9411458333333333 0.5462962962962963 0.9515625 0.5962962962962963 0.9515625 0.6175925925925926 0.9494791666666667 0.6324074074074074 0.9395833333333333 0.6425925925925926 0.9307291666666667 0.6472222222222223 0.909375 0.6444444444444445 0.8989583333333333 0.6342592592592593 0.8869791666666667 0.5712962962962963 0.8791666666666667 0.5518518518518518 0.8791666666666667 0.5388888888888889 0.8885416666666667 0.5175925925925926 0.9041666666666667 0.49444444444444446 0.9104166666666667 0.5009259259259259
3 0.9588541666666667 0.4925925925925926 0.9770833333333333 0.5120370370370371 0.9822916666666667 0.5703703703703704 0.9885416666666667 0.5972222222222222 0.9875 0.6101851851851852 0.9755208333333333 0.6453703703703704 0.9666666666666667 0.6574074074074074 0.9572916666666667 0.6518518518518519 0.9526041666666667 0.6388888888888888 0.9510416666666667 0.6259259259259259 0.9526041666666667 0.5990740740740741 0.9411458333333333 0.5435185185185185 0.9484375 0.4935185185185185 0.9505208333333334 0.49074074074074076 0.9583333333333334 0.4925925925925926
3 0.3385416666666667 0.4824074074074074 0.3671875 0.48148148148148145 0.38697916666666665 0.48703703703703705 0.4161458333333333 0.5046296296296297 0.4453125 0.5277777777777778 0.465625 0.537962962962963 0.4828125 0.5555555555555556 0.50625 0.5861111111111111 0.5364583333333334 0.6398148148148148 0.5515625 0.6805555555555556 0.5541666666666667 0.6981481481481482 0.553125 0.7092592592592593 0.5473958333333333 0.7166666666666667 0.5369791666666667 0.7138888888888889 0.5317708333333333 0.7305555555555555 0.5255208333333333 0.737037037037037 0.5208333333333334 0.737037037037037 0.5151041666666667 0.7333333333333333 0.5083333333333333 0.7203703703703703 0.4942708333333333 0.7055555555555556 0.496875 0.7166666666666667 0.50625 0.7342592592592593 0.50625 0.7453703703703703 0.5041666666666667 0.7509259259259259 0.5005208333333333 0.7546296296296297 0.490625 0.7546296296296297 0.4765625 0.7425925925925926 0.47552083333333334 0.7444444444444445 0.4786458333333333 0.7564814814814815 0.4739583333333333 0.7648148148148148 0.4671875 0.7675925925925926 0.4588541666666667 0.7657407407407407 0.453125 0.7601851851851852 0.434375 0.7240740740740741 0.39739583333333334 0.6814814814814815 0.3796875 0.649074074074074 0.34322916666666664 0.6518518518518519 0.32447916666666665 0.6416666666666667 0.31302083333333336 0.625 0.30833333333333335 0.6018518518518519 0.30364583333333334 0.5888888888888889 0.303125 0.5731481481481482 0.3072916666666667 0.5546296296296296 0.31354166666666666 0.5407407407407407 0.32083333333333336 0.5018518518518519 0.32447916666666665 0.4925925925925926 0.33125 0.4842592592592593 0.3380208333333333 0.4824074074074074
3 0.5125 0.5222222222222223 0.5317708333333333 0.5324074074074074 0.5354166666666667 0.5398148148148149 0.5239583333333333 0.5675925925925925 0.503125 0.5722222222222222 0.4973958333333333 0.5722222222222222 0.4921875 0.5675925925925925 0.4828125 0.5537037037037037 0.4609375 0.5324074074074074 0.4890625 0.5212962962962963 0.5119791666666667 0.5222222222222223
3 0.5104166666666666 0.7592592592592593 0.5203125 0.7814814814814814 0.5296875 0.7907407407407407 0.53125 0.8055555555555556 0.5140625 0.850925925925926 0.4947916666666667 0.9212962962962963 0.47708333333333336 0.9490740740740741 0.47291666666666665 0.9481481481481482 0.4635416666666667 0.9351851851851852 0.44635416666666666 0.9037037037037037 0.4375 0.8972222222222223 0.4276041666666667 0.8972222222222223 0.4114583333333333 0.9046296296296297 0.4114583333333333 0.8888888888888888 0.4317708333333333 0.7870370370370371 0.43645833333333334 0.7787037037037037 0.4515625 0.7675925925925926 0.4739583333333333 0.7731481481481481 0.4786458333333333 0.7703703703703704 0.4864583333333333 0.7592592592592593 0.5098958333333333 0.7592592592592593
3 0.5796875 0.2814814814814815 0.5885416666666666 0.3 0.5932291666666667 0.33240740740740743 0.5927083333333333 0.3509259259259259 0.5890625 0.362962962962963 0.5807291666666666 0.37037037037037035 0.5651041666666666 0.3962962962962963 0.5588541666666667 0.46296296296296297 0.5479166666666667 0.4925925925925926 0.5401041666666667 0.5055555555555555 0.5348958333333333 0.5083333333333333 0.5234375 0.5055555555555555 0.5182291666666666 0.49907407407407406 0.5104166666666666 0.48148148148148145 0.5083333333333333 0.46574074074074073 0.5005208333333333 0.44351851851851853 0.49166666666666664 0.42777777777777776 0.4890625 0.41388888888888886 0.4765625 0.42777777777777776 0.4713541666666667 0.42777777777777776 0.46770833333333334 0.42314814814814816 0.4666666666666667 0.41574074074074074 0.4713541666666667 0.3787037037037037 0.4864583333333333 0.3351851851851852 0.49114583333333334 0.3277777777777778 0.4979166666666667 0.3287037037037037 0.5036458333333333 0.35648148148148145 0.5057291666666667 0.3768518518518518 0.5046875 0.38055555555555554 0.4979166666666667 0.3824074074074074 0.4953125 0.387037037037037 0.4895833333333333 0.40555555555555556 0.49114583333333334 0.412962962962963 0.49322916666666666 0.40370370370370373 0.5098958333333333 0.38425925925925924 0.5161458333333333 0.3731481481481482 0.5135416666666667 0.33240740740740743 0.5145833333333333 0.3287037037037037 0.5270833333333333 0.32314814814814813 0.53125 0.3111111111111111 0.5364583333333334 0.3037037037037037 0.5604166666666667 0.2824074074074074 0.5677083333333334 0.27870370370370373 0.5776041666666667 0.27870370370370373 0.5791666666666667 0.2814814814814815
3 0.5088541666666667 0.7583333333333333 0.515625 0.7694444444444445 0.5197916666666667 0.7814814814814814 0.5296875 0.7916666666666666 0.5307291666666667 0.8074074074074075 0.5208333333333334 0.8296296296296296 0.49322916666666666 0.925 0.465625 0.9657407407407408 0.4505208333333333 0.9944444444444445 0.44427083333333334 0.9990740740740741 0.3697916666666667 0.9990740740740741 0.3697916666666667 0.9907407407407407 0.3885416666666667 0.9546296296296296 0.3932291666666667 0.9333333333333333 0.409375 0.9037037037037037 0.425 0.8194444444444444 0.4317708333333333 0.7888888888888889 0.4354166666666667 0.7805555555555556 0.44947916666666665 0.7675925925925926 0.4744791666666667 0.7731481481481481 0.4822916666666667 0.7675925925925926 0.4869791666666667 0.7592592592592593 0.5083333333333333 0.7583333333333333