4 0.6390625 0.3055555555555556 0.6541666666666667 0.3111111111111111 0.6609375 0.3074074074074074 0.675 0.30833333333333335 0.7125 0.32222222222222224 0.74375 0.31851851851851853 0.7734375 0.30833333333333335 0.7942708333333334 0.30925925925925923 0.803125 0.3138888888888889 0.8192708333333333 0.3148148148148148 0.825 0.3194444444444444 0.8583333333333333 0.33055555555555555 0.8671875 0.3277777777777778 0.853125 0.3212962962962963 0.8557291666666667 0.3138888888888889 0.8614583333333333 0.31296296296296294 0.86875 0.32407407407407407 0.871875 0.3212962962962963 0.871875 0.31666666666666665 0.878125 0.3148148148148148 0.88125 0.3194444444444444 0.8796875 0.33425925925925926 0.8828125 0.3388888888888889 0.8921875 0.33796296296296297 0.9 0.35 0.9046875 0.3527777777777778 0.9244791666666666 0.35833333333333334 0.9322916666666666 0.3574074074074074 0.9375 0.3638888888888889 0.9484375 0.36574074074074076 0.9510416666666667 0.3712962962962963 0.9541666666666667 0.3712962962962963 0.95625 0.3675925925925926 0.98125 0.3638888888888889 0.9828125 0.3592592592592593 0.9802083333333333 0.35555555555555557 0.9828125 0.35185185185185186 0.978125 0.3416666666666667 0.9802083333333333 0.3388888888888889 0.9875 0.3388888888888889 0.9942708333333333 0.34629629629629627 0.9953125 0.35555555555555557 0.9911458333333333 0.35833333333333334 0.9916666666666667 0.36203703703703705 0.9890625 0.36574074074074076 0.9916666666666667 0.36944444444444446 0.9916666666666667 0.37407407407407406 0.9864583333333333 0.37962962962962965 0.9901041666666667 0.38333333333333336 0.990625 0.3907407407407407 0.9947916666666666 0.39444444444444443 0.9963541666666667 0.40925925925925927 0.9994791666666667 0.41388888888888886 0.9994791666666667 0.4388888888888889 0.9958333333333333 0.4425925925925926 0.9994791666666667 0.44907407407407407 0.9994791666666667 0.462037037037037 0.9979166666666667 0.46296296296296297 0.9994791666666667 0.4638888888888889 0.9994791666666667 0.5009259259259259 0.990625 0.5120370370370371 0.9927083333333333 0.5185185185185185 0.9947916666666666 0.5185185185185185 0.9994791666666667 0.5268518518518519 0.9958333333333333 0.5324074074074074 0.9973958333333334 0.5425925925925926 0.9994791666666667 0.5435185185185185 0.9994791666666667 0.5518518518518518 0.9963541666666667 0.5546296296296296 0.9973958333333334 0.562037037037037 0.9994791666666667 0.562962962962963 0.9994791666666667 0.5990740740740741 0.9953125 0.6064814814814815 0.9901041666666667 0.6027777777777777 0.9807291666666667 0.5833333333333334 0.9708333333333333 0.5740740740740741 0.9671875 0.5648148148148148 0.9453125 0.5333333333333333 0.9354166666666667 0.5361111111111111 0.9322916666666666 0.5407407407407407 0.928125 0.5388888888888889 0.9223958333333333 0.5416666666666666 0.9151041666666667 0.537962962962963 0.9072916666666667 0.537962962962963 0.903125 0.5416666666666666 0.9005208333333333 0.5370370370370371 0.890625 0.5388888888888889 0.8796875 0.5361111111111111 0.8729166666666667 0.5416666666666666 0.8755208333333333 0.55 0.8723958333333334 0.5546296296296296 0.8583333333333333 0.5537037037037037 0.8567708333333334 0.5564814814814815 0.8661458333333333 0.562037037037037 0.8734375 0.5583333333333333 0.8822916666666667 0.5675925925925925 0.8796875 0.5703703703703704 0.8833333333333333 0.5768518518518518 0.896875 0.5879629629629629 0.8963541666666667 0.5916666666666667 0.8989583333333333 0.5944444444444444 0.8963541666666667 0.6 0.90625 0.6268518518518519 0.9067708333333333 0.6398148148148148 0.9098958333333333 0.649074074074074 0.9244791666666666 0.6685185185185185 0.9338541666666667 0.6722222222222223 0.9395833333333333 0.687962962962963 0.94375 0.6935185185185185 0.9567708333333333 0.6898148148148148 0.9645833333333333 0.6833333333333333 0.9703125 0.6722222222222223 0.9807291666666667 0.6657407407407407 0.9848958333333333 0.6583333333333333 0.9848958333333333 0.65 0.990625 0.6416666666666667 0.9947916666666666 0.6416666666666667 0.9994791666666667 0.6462962962962963 0.996875 0.6509259259259259 0.996875 0.6574074074074074 0.9994791666666667 0.6620370370370371 0.9973958333333334 0.662962962962963 0.9963541666666667 0.6694444444444444 0.9994791666666667 0.675 0.9958333333333333 0.6787037037037037 0.9963541666666667 0.6833333333333333 0.9994791666666667 0.6851851851851852 0.9958333333333333 0.6916666666666667 0.996875 0.7092592592592593 0.9994791666666667 0.7129629629629629 0.9994791666666667 0.7175925925925926 0.9963541666666667 0.7194444444444444 0.9963541666666667 0.7305555555555555 0.9942708333333333 0.7333333333333333 0.9963541666666667 0.75 0.9994791666666667 0.7546296296296297 0.9994791666666667 0.8277777777777777 0.9958333333333333 0.8324074074074074 0.9947916666666666 0.850925925925926 0.9833333333333333 0.8731481481481481 0.9817708333333334 0.8833333333333333 0.9588541666666667 0.9175925925925926 0.9447916666666667 0.9305555555555556 0.9359375 0.9351851851851852 0.9286458333333333 0.9351851851851852 0.9104166666666667 0.95 0.8859375 0.962037037037037 0.8765625 0.9712962962962963 0.8671875 0.975925925925926 0.8604166666666667 0.9740740740740741 0.8505208333333333 0.9481481481481482 0.8385416666666666 0.9268518518518518 0.8239583333333333 0.9074074074074074 0.8161458333333333 0.8861111111111111 0.8145833333333333 0.8731481481481481 0.8041666666666667 0.8462962962962963 0.7942708333333334 0.8296296296296296 0.7828125 0.8222222222222222 0.7755208333333333 0.812037037037037 0.7708333333333334 0.7953703703703704 0.7614583333333333 0.7814814814814814 0.7536458333333333 0.7583333333333333 0.7536458333333333 0.7138888888888889 0.75 0.6981481481481482 0.7494791666666667 0.6796296296296296 0.7536458333333333 0.6703703703703704 0.7588541666666667 0.6685185185185185 0.7609375 0.662962962962963 0.7640625 0.6620370370370371 0.7666666666666667 0.6509259259259259 0.7854166666666667 0.6324074074074074 0.7895833333333333 0.6240740740740741 0.7911458333333333 0.6138888888888889 0.7911458333333333 0.5981481481481481 0.7848958333333333 0.575 0.7723958333333333 0.5509259259259259 0.75625 0.5324074074074074 0.7515625 0.5194444444444445 0.746875 0.5157407407407407 0.7447916666666666 0.5092592592592593 0.7645833333333333 0.4935185185185185 0.7770833333333333 0.4759259259259259 0.778125 0.4648148148148148 0.7739583333333333 0.4462962962962963 0.7692708333333333 0.43796296296296294 0.7645833333333333 0.4388888888888889 0.7515625 0.4527777777777778 0.728125 0.4601851851851852 0.7098958333333333 0.4759259259259259 0.7005208333333334 0.47129629629629627 0.6958333333333333 0.4777777777777778 0.6911458333333333 0.4787037037037037 0.6791666666666667 0.47314814814814815 0.6802083333333333 0.46944444444444444 0.6677083333333333 0.45 0.6604166666666667 0.44537037037037036 0.659375 0.43796296296296294 0.6609375 0.4351851851851852 0.6572916666666667 0.43148148148148147 0.6552083333333333 0.4222222222222222 0.6515625 0.4212962962962963 0.6515625 0.4148148148148148 0.6578125 0.41574074074074074 0.6583333333333333 0.412962962962963 0.6557291666666667 0.4083333333333333 0.6510416666666666 0.4074074074074074 0.6552083333333333 0.40370370370370373 0.6494791666666667 0.3972222222222222 0.6505208333333333 0.38796296296296295 0.640625 0.38425925925925924 0.6333333333333333 0.3861111111111111 0.6307291666666667 0.38333333333333336 0.6307291666666667 0.3787037037037037 0.6265625 0.375 0.621875 0.37962962962962965 0.615625 0.37962962962962965 0.6125 0.38425925925925924 0.6088541666666667 0.38333333333333336 0.6083333333333333 0.3787037037037037 0.6010416666666667 0.3768518518518518 0.5989583333333334 0.37407407407407406 0.6015625 0.3648148148148148 0.6 0.35555555555555557 0.5942708333333333 0.3509259259259259 0.59375 0.34444444444444444 0.5895833333333333 0.3416666666666667 0.5859375 0.33425925925925926 0.5791666666666667 0.33055555555555555 0.5765625 0.32407407407407407 0.5776041666666667 0.3138888888888889 0.5822916666666667 0.3101851851851852 0.5953125 0.3074074074074074 0.6104166666666667 0.30925925925925923 0.6182291666666667 0.30277777777777776 0.6260416666666667 0.30092592592592593 0.6385416666666667 0.3055555555555556
4 0.26875 0 0.3265625 0 0.3494791666666667 0.003703703703703704 0.3515625 0.005555555555555556 0.35104166666666664 0.014814814814814815 0.353125 0.019444444444444445 0.359375 0.024074074074074074 0.3765625 0.025925925925925925 0.4041666666666667 0.049074074074074076 0.41458333333333336 0.06388888888888888 0.42135416666666664 0.0787037037037037 0.4270833333333333 0.08148148148148149 0.42916666666666664 0.09444444444444444 0.446875 0.11851851851851852 0.44947916666666665 0.1287037037037037 0.453125 0.1287037037037037 0.4630208333333333 0.15462962962962962 0.4890625 0.18425925925925926 0.49270833333333336 0.1962962962962963 0.496875 0.19907407407407407 0.5229166666666667 0.2351851851851852 0.5260416666666666 0.2462962962962963 0.5307291666666667 0.24444444444444444 0.525 0.22314814814814815 0.5166666666666667 0.20833333333333334 0.49270833333333336 0.18333333333333332 0.48385416666666664 0.15462962962962962 0.484375 0.14814814814814814 0.4890625 0.1398148148148148 0.48802083333333335 0.12962962962962962 0.4828125 0.11944444444444445 0.484375 0.09814814814814815 0.4744791666666667 0.08888888888888889 0.4734375 0.08333333333333333 0.4625 0.07962962962962963 0.4557291666666667 0.06666666666666667 0.45416666666666666 0.05555555555555555 0.44895833333333335 0.05462962962962963 0.44479166666666664 0.05 0.4296875 0.025925925925925925 0.41510416666666666 0.012037037037037037 0.41302083333333334 0.008333333333333333 0.4140625 0.003703703703703704 0.4239583333333333 0 0.4609375 0 0.4630208333333333 0.003703703703703704 0.4796875 0.004629629629629629 0.48072916666666665 0.009259259259259259 0.48385416666666664 0.005555555555555556 0.4895833333333333 0.018518518518518517 0.490625 0.02962962962962963 0.4947916666666667 0.025925925925925925 0.49166666666666664 0 0.521875 0 0.5255208333333333 0.003703703703703704 0.5411458333333333 0 0.5770833333333333 0 0.5786458333333333 0.002777777777777778 0.5838541666666667 0 0.6057291666666667 0 0.6088541666666667 0.003703703703703704 0.6239583333333333 0.002777777777777778 0.6276041666666666 0 0.6557291666666667 0 0.6640625 0.004629629629629629 0.6942708333333333 0.007407407407407408 0.7026041666666667 0.012037037037037037 0.7052083333333333 0.017592592592592594 0.7114583333333333 0.016666666666666666 0.7125 0.009259259259259259 0.7166666666666667 0.004629629629629629 0.7322916666666667 0 0.7630208333333334 0 0.7744791666666667 0.004629629629629629 0.7947916666666667 0 0.8421875 0 0.8447916666666667 0.004629629629629629 0.8447916666666667 0.032407407407407406 0.8411458333333334 0.09166666666666666 0.8416666666666667 0.11574074074074074 0.8380208333333333 0.14722222222222223 0.8354166666666667 0.1537037037037037 0.8239583333333333 0.16574074074074074 0.803125 0.2074074074074074 0.7755208333333333 0.24722222222222223 0.734375 0.28703703703703703 0.6994791666666667 0.28888888888888886 0.6713541666666667 0.27870370370370373 0.6645833333333333 0.27037037037037037 0.6614583333333334 0.2740740740740741 0.6588541666666666 0.2898148148148148 0.6479166666666667 0.3 0.640625 0.29907407407407405 0.6229166666666667 0.287962962962963 0.6197916666666666 0.29259259259259257 0.6104166666666667 0.29259259259259257 0.6057291666666667 0.3 0.5911458333333334 0.30092592592592593 0.5770833333333333 0.30648148148148147 0.5734375 0.3037037037037037 0.5739583333333333 0.2972222222222222 0.5708333333333333 0.29259259259259257 0.5640625 0.26296296296296295 0.5651041666666666 0.2537037037037037 0.5614583333333333 0.24351851851851852 0.5609375 0.23425925925925925 0.5552083333333333 0.2222222222222222 0.5552083333333333 0.20277777777777778 0.5536458333333333 0.19907407407407407 0.5520833333333334 0.20185185185185187 0.553125 0.20925925925925926 0.5510416666666667 0.24537037037037038 0.5520833333333334 0.2740740740740741 0.5510416666666667 0.2824074074074074 0.5484375 0.2861111111111111 0.553125 0.3138888888888889 0.553125 0.3277777777777778 0.546875 0.337037037037037 0.5260416666666666 0.3296296296296296 0.5270833333333333 0.34814814814814815 0.5223958333333333 0.35462962962962963 0.5182291666666666 0.35462962962962963 0.5119791666666667 0.3509259259259259 0.5005208333333333 0.35 0.44479166666666664 0.35 0.4322916666666667 0.3425925925925926 0.41875 0.3287037037037037 0.3984375 0.2851851851851852 0.3880208333333333 0.25 0.3765625 0.23981481481481481 0.359375 0.2351851851851852 0.3536458333333333 0.23055555555555557 0.34010416666666665 0.2 0.3328125 0.16203703703703703 0.32864583333333336 0.15648148148148147 0.3171875 0.15462962962962962 0.315625 0.14351851851851852 0.31197916666666664 0.13518518518518519 0.31197916666666664 0.1287037037037037 0.29322916666666665 0.1037037037037037 0.28177083333333336 0.07777777777777778 0.27239583333333334 0.04814814814814815 0.26614583333333336 0.010185185185185186 0.26614583333333336 0.004629629629629629 0.26875 0.000925925925925926
4 0.5916666666666667 0.7064814814814815 0.5963541666666666 0.7157407407407408 0.5973958333333333 0.725 0.6015625 0.7314814814814815 0.609375 0.7277777777777777 0.6203125 0.7166666666666667 0.6348958333333333 0.7138888888888889 0.6427083333333333 0.7212962962962963 0.6447916666666667 0.7379629629629629 0.6369791666666667 0.7537037037037037 0.6239583333333333 0.7722222222222223 0.6229166666666667 0.7824074074074074 0.63125 0.7898148148148149 0.6348958333333333 0.8074074074074075 0.6291666666666667 0.8203703703703704 0.6151041666666667 0.8388888888888889 0.5880208333333333 0.9157407407407407 0.6192708333333333 0.9175925925925926 0.6369791666666667 0.9333333333333333 0.6635416666666667 0.9453703703703704 0.7067708333333333 0.9814814814814815 0.7166666666666667 0.9861111111111112 0.7234375 0.9944444444444445 0.7354166666666667 0.9935185185185185 0.7088541666666667 0.9962962962962963 0.70625 0.9990740740740741 0.7036458333333333 0.9962962962962963 0.6645833333333333 0.9935185185185185 0.63125 0.9962962962962963 0.6265625 0.9990740740740741 0.5453125 0.9944444444444445 0.5 0.9972222222222222 0.47291666666666665 0.9944444444444445 0.4317708333333333 0.9962962962962963 0.42864583333333334 0.9990740740740741 0.42552083333333335 0.9962962962962963 0.38958333333333334 0.9990740740740741 0.3875 0.9962962962962963 0.3489583333333333 0.9944444444444445 0.3109375 0.9953703703703703 0.3020833333333333 0.9990740740740741 0.2796875 0.9962962962962963 0.27708333333333335 0.9990740740740741 0.2546875 0.9990740740740741 0.2526041666666667 0.9953703703703703 0.2546875 0.9898148148148148 0.26145833333333335 0.9833333333333333 0.33229166666666665 0.9398148148148148 0.3671875 0.9101851851851852 0.3765625 0.9101851851851852 0.38333333333333336 0.9175925925925926 0.39010416666666664 0.9157407407407407 0.39947916666666666 0.9027777777777778 0.42135416666666664 0.8842592592592593 0.43020833333333336 0.8611111111111112 0.44895833333333335 0.8574074074074074 0.4557291666666667 0.8444444444444444 0.4734375 0.7935185185185185 0.4942708333333333 0.75 0.5015625 0.7398148148148148 0.5161458333333333 0.7287037037037037 0.5354166666666667 0.7231481481481481 0.5473958333333333 0.7148148148148148 0.5614583333333333 0.7166666666666667 0.5765625 0.7055555555555556 0.5911458333333334 0.7064814814814815
1 0.5291666666666667 0.6648148148148149 0.5458333333333333 0.7037037037037037 0.5395833333333333 0.7166666666666667 0.5213541666666667 0.725 0.5140625 0.725 0.5083333333333333 0.712037037037037 0.5067708333333333 0.6990740740740741 0.5083333333333333 0.6916666666666667 0.5140625 0.6833333333333333 0.5177083333333333 0.6620370370370371 0.521875 0.6518518518518519 0.5286458333333334 0.6648148148148149
1 0.5848958333333333 0.4027777777777778 0.5869791666666667 0.40925925925925927 0.596875 0.4064814814814815 0.6052083333333333 0.4166666666666667 0.6104166666666667 0.4287037037037037 0.6130208333333333 0.4527777777777778 0.6213541666666667 0.4722222222222222 0.6302083333333334 0.487962962962963 0.6416666666666667 0.49722222222222223 0.634375 0.5092592592592593 0.6307291666666667 0.525 0.6364583333333333 0.5472222222222223 0.6380208333333334 0.5666666666666667 0.6322916666666667 0.5712962962962963 0.61875 0.5712962962962963 0.6166666666666667 0.5740740740740741 0.61875 0.5805555555555556 0.6416666666666667 0.5990740740740741 0.6421875 0.6268518518518519 0.6395833333333333 0.65 0.6369791666666667 0.6620370370370371 0.6338541666666667 0.6648148148148149 0.6260416666666667 0.6611111111111111 0.61875 0.6231481481481481 0.609375 0.6092592592592593 0.6057291666666667 0.612037037037037 0.6067708333333334 0.6194444444444445 0.6052083333333333 0.637962962962963 0.6020833333333333 0.6453703703703704 0.5885416666666666 0.6314814814814815 0.5859375 0.6175925925925926 0.5770833333333333 0.5972222222222222 0.56875 0.5666666666666667 0.5640625 0.5361111111111111 0.5630208333333333 0.5101851851851852 0.5671875 0.4777777777777778 0.565625 0.4601851851851852 0.5666666666666667 0.44537037037037036 0.5703125 0.43425925925925923 0.575 0.4351851851851852 0.5791666666666667 0.4425925925925926 0.5979166666666667 0.49537037037037035 0.603125 0.524074074074074 0.6015625 0.5370370370370371 0.6057291666666667 0.5425925925925926 0.6078125 0.5361111111111111 0.6088541666666667 0.5212962962962963 0.6026041666666667 0.48148148148148145 0.5942708333333333 0.4527777777777778 0.58125 0.4185185185185185 0.58125 0.40370370370370373 0.584375 0.4027777777777778
1 0.5963541666666666 0.4064814814814815 0.6057291666666667 0.41759259259259257 0.609375 0.42592592592592593 0.6125 0.4527777777777778 0.6213541666666667 0.47314814814814815 0.6296875 0.487962962962963 0.6416666666666667 0.49722222222222223 0.6317708333333333 0.5148148148148148 0.6296875 0.5259259259259259 0.6359375 0.5462962962962963 0.6385416666666667 0.5592592592592592 0.6380208333333334 0.5657407407407408 0.63125 0.5712962962962963 0.61875 0.5703703703703704 0.6166666666666667 0.5731481481481482 0.6182291666666667 0.5805555555555556 0.6416666666666667 0.6 0.6421875 0.6259259259259259 0.6395833333333333 0.6509259259259259 0.6369791666666667 0.6620370370370371 0.634375 0.6648148148148149 0.6265625 0.6620370370370371 0.61875 0.6231481481481481 0.6114583333333333 0.612037037037037 0.6119791666666666 0.6027777777777777 0.6088541666666667 0.5925925925925926 0.6052083333333333 0.5944444444444444 0.6046875 0.6138888888888889 0.60625 0.6194444444444445 0.603125 0.6444444444444445 0.5989583333333334 0.6435185185185185 0.5885416666666666 0.6314814814814815 0.5854166666666667 0.6166666666666667 0.5713541666666667 0.5787037037037037 0.5677083333333334 0.5611111111111111 0.5635416666666667 0.5296296296296297 0.5630208333333333 0.5092592592592593 0.5666666666666667 0.48518518518518516 0.565625 0.4546296296296296 0.56875 0.4361111111111111 0.5708333333333333 0.43333333333333335 0.5786458333333333 0.44166666666666665 0.5979166666666667 0.49722222222222223 0.6026041666666667 0.5185185185185185 0.6015625 0.5398148148148149 0.6057291666666667 0.5444444444444444 0.6083333333333333 0.5361111111111111 0.609375 0.5231481481481481 0.6078125 0.5055555555555555 0.6026041666666667 0.47962962962962963 0.5911458333333334 0.44166666666666665 0.58125 0.41759259259259257 0.5828125 0.4101851851851852 0.5880208333333333 0.41203703703703703 0.5911458333333334 0.4064814814814815 0.5958333333333333 0.4064814814814815
0 0.6333333333333333 0.3055555555555556 0.6520833333333333 0.3138888888888889 0.6901041666666666 0.3138888888888889 0.7109375 0.32407407407407407 0.7494791666666667 0.32037037037037036 0.7604166666666666 0.32314814814814813 0.7651041666666667 0.3287037037037037 0.7791666666666667 0.3351851851851852 0.7953125 0.32685185185185184 0.7979166666666667 0.3277777777777778 0.7979166666666667 0.3314814814814815 0.8005208333333333 0.3314814814814815 0.8036458333333333 0.325 0.8161458333333333 0.32037037037037036 0.8651041666666667 0.3351851851851852 0.8828125 0.3453703703703704 0.8973958333333333 0.35833333333333334 0.9083333333333333 0.3592592592592593 0.9317708333333333 0.37222222222222223 0.9515625 0.38796296296296295 0.9546875 0.4 0.9552083333333333 0.4148148148148148 0.9619791666666667 0.425 0.9604166666666667 0.4287037037037037 0.9619791666666667 0.4388888888888889 0.959375 0.44537037037037036 0.9625 0.44814814814814813 0.9609375 0.4564814814814815 0.9635416666666666 0.47314814814814815 0.9671875 0.4722222222222222 0.9671875 0.4666666666666667 0.9697916666666667 0.46296296296296297 0.9776041666666667 0.4648148148148148 0.9770833333333333 0.4583333333333333 0.9786458333333333 0.45555555555555555 0.9755208333333333 0.4527777777777778 0.9807291666666667 0.45092592592592595 0.9833333333333333 0.4462962962962963 0.9911458333333333 0.4527777777777778 0.9880208333333333 0.4601851851851852 0.9916666666666667 0.4666666666666667 0.9911458333333333 0.47314814814814815 0.9958333333333333 0.48055555555555557 0.9890625 0.5018518518518519 0.9890625 0.5083333333333333 0.9760416666666667 0.5083333333333333 0.9776041666666667 0.5046296296296297 0.9692708333333333 0.49444444444444446 0.9671875 0.487962962962963 0.9697916666666667 0.48333333333333334 0.96875 0.47962962962962963 0.9666666666666667 0.47685185185185186 0.9619791666666667 0.48333333333333334 0.965625 0.48703703703703705 0.9609375 0.49722222222222223 0.9630208333333333 0.5009259259259259 0.9614583333333333 0.5120370370370371 0.9635416666666666 0.5157407407407407 0.9572916666666667 0.5185185185185185 0.9619791666666667 0.5222222222222223 0.9598958333333333 0.5259259259259259 0.9645833333333333 0.5287037037037037 0.9635416666666666 0.5305555555555556 0.9552083333333333 0.5287037037037037 0.9583333333333334 0.5287037037037037 0.9583333333333334 0.524074074074074 0.9427083333333334 0.5231481481481481 0.9291666666666667 0.5361111111111111 0.9041666666666667 0.537962962962963 0.8729166666666667 0.5370370370370371 0.8635416666666667 0.5296296296296297 0.8479166666666667 0.5287037037037037 0.8489583333333334 0.5351851851851852 0.8526041666666667 0.5361111111111111 0.8494791666666667 0.5425925925925926 0.8567708333333334 0.5583333333333333 0.878125 0.5722222222222222 0.8916666666666667 0.587037037037037 0.8953125 0.5935185185185186 0.8973958333333333 0.6055555555555555 0.9041666666666667 0.6166666666666667 0.909375 0.6194444444444445 0.9067708333333333 0.6222222222222222 0.9072916666666667 0.6342592592592593 0.9098958333333333 0.637962962962963 0.9114583333333334 0.6472222222222223 0.9140625 0.6435185185185185 0.9197916666666667 0.6435185185185185 0.9151041666666667 0.6472222222222223 0.9130208333333333 0.6546296296296297 0.9135416666666667 0.6611111111111111 0.91875 0.6638888888888889 0.921875 0.6759259259259259 0.9260416666666667 0.6768518518518518 0.9286458333333333 0.6824074074074075 0.9354166666666667 0.6787037037037037 0.9427083333333334 0.6944444444444444 0.9458333333333333 0.6953703703703704 0.9541666666666667 0.6953703703703704 0.9630208333333333 0.687962962962963 0.9692708333333333 0.6925925925925925 0.9765625 0.6925925925925925 0.9802083333333333 0.6851851851851852 0.9890625 0.687962962962963 0.9916666666666667 0.6944444444444444 0.9895833333333334 0.7185185185185186 0.9916666666666667 0.7305555555555555 0.9895833333333334 0.737037037037037 0.9947916666666666 0.7490740740740741 0.996875 0.7861111111111111 0.9953125 0.7925925925925926 0.9973958333333334 0.799074074074074 0.9973958333333334 0.8138888888888889 0.9942708333333333 0.8305555555555556 0.9947916666666666 0.8407407407407408 0.9895833333333334 0.8453703703703703 0.9911458333333333 0.8518518518518519 0.9875 0.850925925925926 0.9807291666666667 0.8592592592592593 0.9828125 0.8657407407407407 0.9807291666666667 0.8759259259259259 0.9770833333333333 0.8777777777777778 0.96875 0.8972222222222223 0.953125 0.8981481481481481 0.9484375 0.8898148148148148 0.9484375 0.8851851851851852 0.940625 0.8842592592592593 0.9385416666666667 0.8870370370370371 0.9390625 0.8962962962962963 0.934375 0.9009259259259259 0.9473958333333333 0.9074074074074074 0.946875 0.9101851851851852 0.94375 0.912962962962963 0.9291666666666667 0.9138888888888889 0.921875 0.9212962962962963 0.9260416666666667 0.925 0.9208333333333333 0.9259259259259259 0.9197916666666667 0.9287037037037037 0.9223958333333333 0.9314814814814815 0.9177083333333333 0.9388888888888889 0.9067708333333333 0.9416666666666667 0.8973958333333333 0.950925925925926 0.8869791666666667 0.9546296296296296 0.8770833333333333 0.9666666666666667 0.8682291666666667 0.9703703703703703 0.859375 0.9657407407407408 0.8546875 0.950925925925926 0.8432291666666667 0.9287037037037037 0.8234375 0.9027777777777778 0.8151041666666666 0.8722222222222222 0.8026041666666667 0.8388888888888889 0.79375 0.8277777777777777 0.7822916666666667 0.8212962962962963 0.7755208333333333 0.8083333333333333 0.771875 0.7953703703703704 0.7609375 0.7787037037037037 0.7536458333333333 0.7564814814814815 0.7536458333333333 0.712037037037037 0.75 0.6805555555555556 0.7541666666666667 0.6666666666666666 0.7541666666666667 0.6546296296296297 0.75625 0.6509259259259259 0.765625 0.6509259259259259 0.7734375 0.6425925925925926 0.7791666666666667 0.6407407407407407 0.7885416666666667 0.6268518518518519 0.7911458333333333 0.6092592592592593 0.7859375 0.6055555555555555 0.7802083333333333 0.6194444444444445 0.7765625 0.6222222222222222 0.771875 0.6222222222222222 0.7671875 0.6166666666666667 0.753125 0.6092592592592593 0.740625 0.5888888888888889 0.7338541666666667 0.5731481481481482 0.7270833333333333 0.5546296296296296 0.7291666666666666 0.5453703703703704 0.7270833333333333 0.5416666666666666 0.7239583333333334 0.5453703703703704 0.7203125 0.5351851851851852 0.7223958333333333 0.5324074074074074 0.7322916666666667 0.5324074074074074 0.734375 0.5370370370370371 0.7401041666666667 0.5398148148148149 0.7369791666666666 0.55 0.7411458333333333 0.5546296296296296 0.7442708333333333 0.55 0.7614583333333333 0.5546296296296296 0.7739583333333333 0.5675925925925925 0.7807291666666667 0.5796296296296296 0.7796875 0.5675925925925925 0.7666666666666667 0.5444444444444444 0.7515625 0.5296296296296297 0.7432291666666667 0.525 0.7427083333333333 0.5148148148148148 0.7390625 0.5148148148148148 0.7359375 0.5194444444444445 0.7328125 0.5185185185185185 0.7338541666666667 0.5138888888888888 0.7411458333333333 0.5083333333333333 0.7552083333333334 0.5009259259259259 0.7588541666666667 0.5018518518518519 0.7598958333333333 0.49722222222222223 0.7713541666666667 0.48703703703703705 0.7807291666666667 0.47129629629629627 0.7734375 0.44351851851851853 0.7708333333333334 0.4398148148148148 0.7651041666666667 0.4398148148148148 0.7520833333333333 0.4527777777777778 0.7213541666666666 0.4666666666666667 0.7098958333333333 0.4777777777777778 0.7005208333333334 0.4740740740740741 0.6916666666666667 0.48055555555555557 0.6864583333333333 0.475 0.6786458333333333 0.47314814814814815 0.678125 0.46574074074074073 0.6723958333333333 0.4638888888888889 0.66875 0.4564814814814815 0.6625 0.4564814814814815 0.6703125 0.4527777777777778 0.6692708333333334 0.4425925925925926 0.6567708333333333 0.43796296296296294 0.6614583333333334 0.43796296296296294 0.6666666666666666 0.43148148148148147 0.6583333333333333 0.42592592592592593 0.6546875 0.4287037037037037 0.6526041666666667 0.425 0.6505208333333333 0.4074074074074074 0.6479166666666667 0.40370370370370373 0.6479166666666667 0.387037037037037 0.64375 0.3824074074074074 0.6338541666666667 0.3851851851851852 0.6088541666666667 0.38333333333333336 0.60625 0.3861111111111111 0.6119791666666666 0.3907407407407407 0.6135416666666667 0.39537037037037037 0.6119791666666666 0.3972222222222222 0.6010416666666667 0.3925925925925926 0.5953125 0.37777777777777777 0.5921875 0.3824074074074074 0.5864583333333333 0.37962962962962965 0.58125 0.34444444444444444 0.5848958333333333 0.34444444444444444 0.5989583333333334 0.3574074074074074 0.6057291666666667 0.3537037037037037 0.6072916666666667 0.3453703703703704 0.590625 0.3416666666666667 0.59375 0.3351851851851852 0.578125 0.3277777777777778 0.5776041666666667 0.31666666666666665 0.5848958333333333 0.3101851851851852 0.6135416666666667 0.31296296296296294 0.6223958333333334 0.3055555555555556 0.6328125 0.3055555555555556
0 0.5348958333333333 0.35555555555555557 0.546875 0.37407407407407406 0.5494791666666666 0.38333333333333336 0.5296875 0.4064814814814815 0.5182291666666666 0.43148148148148147 0.5078125 0.47129629629629627 0.503125 0.5055555555555555 0.5046875 0.5120370370370371 0.49947916666666664 0.5157407407407407 0.49375 0.5157407407407407 0.48385416666666664 0.5 0.47760416666666666 0.47685185185185186 0.459375 0.44537037037037036 0.44895833333333335 0.41944444444444445 0.4421875 0.4101851851851852 0.4348958333333333 0.3814814814814815 0.4348958333333333 0.37037037037037035 0.4390625 0.36203703703703705 0.44583333333333336 0.35833333333333334 0.5015625 0.35833333333333334 0.5223958333333333 0.36203703703703705 0.534375 0.35555555555555557
0 0.64375 0.8083333333333333 0.6557291666666667 0.8138888888888889 0.6572916666666667 0.825925925925926 0.6630208333333333 0.8407407407407408 0.6671875 0.8472222222222222 0.6807291666666667 0.8537037037037037 0.6791666666666667 0.8583333333333333 0.6802083333333333 0.8638888888888889 0.6911458333333333 0.8629629629629629 0.690625 0.8546296296296296 0.6963541666666667 0.8518518518518519 0.6963541666666667 0.8592592592592593 0.7010416666666667 0.8657407407407407 0.7026041666666667 0.8768518518518519 0.6958333333333333 0.8824074074074074 0.6932291666666667 0.887962962962963 0.7026041666666667 0.8916666666666667 0.7067708333333333 0.8972222222222223 0.7015625 0.9027777777777778 0.6989583333333333 0.9175925925925926 0.6854166666666667 0.9212962962962963 0.6786458333333333 0.9166666666666666 0.6614583333333334 0.9361111111111111 0.65625 0.9351851851851852 0.6197916666666666 0.9111111111111111 0.6151041666666667 0.9037037037037037 0.6125 0.8898148148148148 0.6015625 0.8907407407407407 0.6020833333333333 0.8870370370370371 0.6067708333333334 0.8824074074074074 0.6125 0.8824074074074074 0.615625 0.8777777777777778 0.6229166666666667 0.8768518518518519 0.6255208333333333 0.8731481481481481 0.6302083333333334 0.8583333333333333 0.6276041666666666 0.8481481481481481 0.6322916666666667 0.8379629629629629 0.6317708333333333 0.8240740740740741 0.6385416666666667 0.8138888888888889 0.6380208333333334 0.8101851851851852 0.6432291666666666 0.8092592592592592
3 0.5875 0.7046296296296296 0.5932291666666667 0.7074074074074074 0.6020833333333333 0.7305555555555555 0.6078125 0.7287037037037037 0.6213541666666667 0.7166666666666667 0.6296875 0.7138888888888889 0.6369791666666667 0.7148148148148148 0.6416666666666667 0.7212962962962963 0.6432291666666666 0.7268518518518519 0.6416666666666667 0.7444444444444445 0.6333333333333333 0.7601851851851852 0.625 0.7703703703703704 0.621875 0.7824074074074074 0.6322916666666667 0.7925925925925926 0.6338541666666667 0.799074074074074 0.6333333333333333 0.8101851851851852 0.6140625 0.8416666666666667 0.6046875 0.8694444444444445 0.5973958333333333 0.8833333333333333 0.5927083333333333 0.9009259259259259 0.5838541666666667 0.9185185185185185 0.5614583333333333 0.9425925925925925 0.5375 0.9546296296296296 0.5328125 0.9527777777777777 0.5276041666666667 0.9324074074074075 0.5151041666666667 0.912962962962963 0.4552083333333333 0.8611111111111112 0.453125 0.8527777777777777 0.475 0.7925925925925926 0.4921875 0.7546296296296297 0.5010416666666667 0.7407407407407407 0.5145833333333333 0.7305555555555555 0.5369791666666667 0.7231481481481481 0.5484375 0.7148148148148148 0.5619791666666667 0.7166666666666667 0.5755208333333334 0.7055555555555556 0.5869791666666667 0.7046296296296296
3 0.5921875 0.7074074074074074 0.5963541666666666 0.7166666666666667 0.596875 0.7231481481481481 0.6015625 0.7305555555555555 0.6057291666666667 0.7305555555555555 0.6223958333333334 0.7166666666666667 0.634375 0.7138888888888889 0.6411458333333333 0.7203703703703703 0.6432291666666666 0.7342592592592593 0.6416666666666667 0.7444444444444445 0.625 0.7703703703703704 0.6223958333333334 0.7814814814814814 0.6317708333333333 0.7925925925925926 0.6338541666666667 0.8 0.6333333333333333 0.8101851851851852 0.6140625 0.8407407407407408 0.6057291666666667 0.8648148148148148 0.5979166666666667 0.8805555555555555 0.5921875 0.9009259259259259 0.5838541666666667 0.9185185185185185 0.5682291666666667 0.937037037037037 0.5578125 0.9453703703703704 0.48802083333333335 0.9833333333333333 0.47708333333333336 0.9935185185185185 0.39895833333333336 0.9953703703703703 0.39375 0.9990740740740741 0.39010416666666664 0.9990740740740741 0.38645833333333335 0.9944444444444445 0.3802083333333333 0.9648148148148148 0.3796875 0.9518518518518518 0.3828125 0.925 0.39114583333333336 0.9175925925925926 0.4010416666666667 0.9018518518518519 0.42239583333333336 0.8842592592592593 0.43020833333333336 0.862037037037037 0.4510416666666667 0.8601851851851852 0.4744791666666667 0.7925925925925926 0.4979166666666667 0.7435185185185185 0.5161458333333333 0.7296296296296296 0.5364583333333334 0.7231481481481481 0.5479166666666667 0.7148148148148148 0.5619791666666667 0.7166666666666667 0.5744791666666667 0.7064814814814815 0.5916666666666667 0.7074074074074074
3 0.7088541666666667 0.5277777777777778 0.7151041666666667 0.5333333333333333 0.7348958333333333 0.5824074074074074 0.746875 0.6027777777777777 0.7484375 0.6092592592592593 0.7151041666666667 0.6 0.6864583333333333 0.5861111111111111 0.6713541666666667 0.5842592592592593 0.6708333333333333 0.5879629629629629 0.6848958333333334 0.6296296296296297 0.6890625 0.6370370370370371 0.6989583333333333 0.6277777777777778 0.7052083333333333 0.6277777777777778 0.7411458333333333 0.6398148148148148 0.7494791666666667 0.6472222222222223 0.7510416666666667 0.6555555555555556 0.7479166666666667 0.687037037037037 0.7515625 0.7138888888888889 0.7510416666666667 0.7546296296296297 0.7604166666666666 0.7842592592592592 0.7692708333333333 0.7962962962962963 0.7760416666666666 0.8203703703703704 0.7760416666666666 0.825 0.7723958333333333 0.8296296296296296 0.7395833333333334 0.8453703703703703 0.7255208333333333 0.862037037037037 0.7203125 0.8648148148148148 0.7140625 0.8601851851851852 0.7026041666666667 0.8379629629629629 0.696875 0.8027777777777778 0.6848958333333334 0.7768518518518519 0.6802083333333333 0.7601851851851852 0.6682291666666667 0.7324074074074074 0.6619791666666667 0.6814814814814815 0.6489583333333333 0.6296296296296297 0.6505208333333333 0.587037037037037 0.6609375 0.5666666666666667 0.6838541666666667 0.5453703703703704 0.6942708333333333 0.5314814814814814 0.6994791666666667 0.5277777777777778 0.7083333333333334 0.5277777777777778
3 0.44947916666666665 0.125 0.4630208333333333 0.1537037037037037 0.4895833333333333 0.1814814814814815 0.49114583333333334 0.18611111111111112 0.4921875 0.1824074074074074 0.4895833333333333 0.1712962962962963 0.4817708333333333 0.15092592592592594 0.4817708333333333 0.14722222222222223 0.48541666666666666 0.14537037037037037 0.5296875 0.17685185185185184 0.5442708333333334 0.19074074074074074 0.5510416666666667 0.20092592592592592 0.5536458333333333 0.262037037037037 0.5536458333333333 0.28055555555555556 0.5510416666666667 0.2851851851851852 0.5510416666666667 0.29074074074074074 0.5552083333333333 0.3175925925925926 0.5546875 0.3277777777777778 0.5526041666666667 0.33240740740740743 0.5432291666666667 0.3416666666666667 0.5296875 0.3333333333333333 0.5302083333333333 0.3490740740740741 0.5239583333333333 0.35648148148148145 0.49947916666666664 0.3527777777777778 0.45 0.3527777777777778 0.4421875 0.3509259259259259 0.43125 0.3425925925925926 0.421875 0.3333333333333333 0.41458333333333336 0.3212962962962963 0.4005208333333333 0.2916666666666667 0.38958333333333334 0.25 0.3854166666666667 0.24074074074074073 0.3859375 0.23425925925925925 0.39427083333333335 0.22037037037037038 0.3953125 0.20555555555555555 0.3932291666666667 0.19814814814814816 0.3953125 0.18518518518518517 0.4 0.1712962962962963 0.40625 0.1675925925925926 0.4046875 0.15833333333333333 0.40989583333333335 0.1398148148148148 0.44895833333333335 0.1259259259259259
3 0.3927083333333333 0.06851851851851852 0.41354166666666664 0.08148148148148149 0.44583333333333336 0.11574074074074074 0.45416666666666666 0.12962962962962962 0.4640625 0.15462962962962962 0.49114583333333334 0.18611111111111112 0.4942708333333333 0.18796296296296297 0.4947916666666667 0.18518518518518517 0.49270833333333336 0.18333333333333332 0.4822916666666667 0.15092592592592594 0.48385416666666664 0.14722222222222223 0.4875 0.14722222222222223 0.5229166666666667 0.1712962962962963 0.5390625 0.18518518518518517 0.5505208333333333 0.19907407407407407 0.5536458333333333 0.2611111111111111 0.5536458333333333 0.28055555555555556 0.5505208333333333 0.2898148148148148 0.5541666666666667 0.30833333333333335 0.5541666666666667 0.3287037037037037 0.546875 0.3398148148148148 0.54375 0.34074074074074073 0.5291666666666667 0.3314814814814815 0.5302083333333333 0.34629629629629627 0.5234375 0.35555555555555557 0.45208333333333334 0.3527777777777778 0.4421875 0.3509259259259259 0.43125 0.3425925925925926 0.4197916666666667 0.33055555555555555 0.4015625 0.2935185185185185 0.39010416666666664 0.2518518518518518 0.3859375 0.24444444444444444 0.37552083333333336 0.23796296296296296 0.3572916666666667 0.23425925925925925 0.3416666666666667 0.20277777777777778 0.3385416666666667 0.1925925925925926 0.33697916666666666 0.17685185185185184 0.3302083333333333 0.15555555555555556 0.33125 0.1398148148148148 0.3338541666666667 0.13148148148148148 0.3416666666666667 0.11944444444444445 0.3515625 0.09166666666666666 0.36614583333333334 0.06944444444444445 0.37447916666666664 0.06388888888888888 0.3854166666666667 0.06388888888888888 0.3921875 0.06851851851851852
3 0.4953125 0 0.5208333333333334 0 0.5229166666666667 0.010185185185185186 0.5255208333333333 0.012962962962962963 0.5317708333333333 0.009259259259259259 0.5302083333333333 0.004629629629629629 0.5354166666666667 0 0.5515625 0 0.5552083333333333 0.005555555555555556 0.5640625 0 0.575 0 0.5921875 0.013888888888888888 0.6130208333333333 0.012037037037037037 0.646875 0.03981481481481482 0.6578125 0.05648148148148148 0.6682291666666667 0.07962962962962963 0.6682291666666667 0.08981481481481482 0.6645833333333333 0.10833333333333334 0.6557291666666667 0.13055555555555556 0.6541666666666667 0.1537037037037037 0.64375 0.1712962962962963 0.6369791666666667 0.17685185185185184 0.6276041666666666 0.175 0.6161458333333333 0.1712962962962963 0.6015625 0.15833333333333333 0.590625 0.15648148148148147 0.5645833333333333 0.18981481481481483 0.553125 0.19722222222222222 0.5286458333333334 0.17222222222222222 0.49583333333333335 0.14814814814814814 0.49114583333333334 0.14074074074074075 0.490625 0.12962962962962962 0.4859375 0.11666666666666667 0.4864583333333333 0.09166666666666666 0.47760416666666666 0.0787037037037037 0.465625 0.08148148148148149 0.45989583333333334 0.07777777777777778 0.45625 0.0712962962962963 0.4546875 0.06018518518518518 0.45989583333333334 0.05462962962962963 0.4671875 0.05555555555555555 0.47291666666666665 0.06018518518518518 0.47708333333333336 0.05648148148148148 0.47604166666666664 0.05185185185185185 0.465625 0.05 0.465625 0.03981481481481482 0.4739583333333333 0.022222222222222223 0.48072916666666665 0.013888888888888888 0.48489583333333336 0.012037037037037037 0.49114583333333334 0.025925925925925925 0.49375 0.028703703703703703 0.49635416666666665 0.025925925925925925 0.49322916666666666 0.004629629629629629 0.4953125 0.000925925925925926