4 0.46770833333333334 0.37407407407407406 0.46822916666666664 0.3824074074074074 0.4744791666666667 0.3888888888888889 0.48854166666666665 0.3888888888888889 0.49114583333333334 0.3851851851851852 0.5010416666666667 0.3851851851851852 0.5067708333333333 0.39351851851851855 0.5114583333333333 0.39351851851851855 0.5208333333333334 0.41203703703703703 0.5421875 0.4305555555555556 0.5515625 0.4462962962962963 0.5614583333333333 0.45555555555555555 0.5630208333333333 0.4601851851851852 0.56875 0.4638888888888889 0.5838541666666667 0.45925925925925926 0.5942708333333333 0.4462962962962963 0.609375 0.4351851851851852 0.6140625 0.4212962962962963 0.6171875 0.42777777777777776 0.6161458333333333 0.4388888888888889 0.61875 0.4527777777777778 0.6239583333333333 0.4638888888888889 0.6260416666666667 0.4759259259259259 0.6296875 0.48055555555555557 0.64375 0.5185185185185185 0.6520833333333333 0.5361111111111111 0.6557291666666667 0.5398148148148149 0.6640625 0.562037037037037 0.6671875 0.5638888888888889 0.6796875 0.5888888888888889 0.690625 0.6148148148148148 0.6994791666666667 0.649074074074074 0.7 0.6574074074074074 0.7036458333333333 0.6638888888888889 0.70625 0.6759259259259259 0.7083333333333334 0.6962962962962963 0.6994791666666667 0.7111111111111111 0.6953125 0.7268518518518519 0.690625 0.7805555555555556 0.6838541666666667 0.8027777777777778 0.6723958333333333 0.8638888888888889 0.6526041666666667 0.850925925925926 0.621875 0.8185185185185185 0.6125 0.812037037037037 0.5921875 0.8074074074074075 0.5817708333333333 0.8074074074074075 0.5635416666666667 0.8231481481481482 0.5578125 0.8231481481481482 0.55 0.8185185185185185 0.5390625 0.8194444444444444 0.5354166666666667 0.8277777777777777 0.5265625 0.837037037037037 0.5234375 0.8481481481481481 0.5223958333333333 0.8611111111111112 0.525 0.8712962962962963 0.5307291666666667 0.8824074074074074 0.5197916666666667 0.9027777777777778 0.5182291666666666 0.9222222222222223 0.5213541666666667 0.937037037037037 0.5317708333333333 0.9555555555555556 0.5322916666666667 0.9768518518518519 0.5375 0.9935185185185185 0.5411458333333333 0.9981481481481481 0.5984375 0.9981481481481481 0.6078125 0.9935185185185185 0.6260416666666667 0.9935185185185185 0.6296875 0.9981481481481481 0.6505208333333333 0.9981481481481481 0.6619791666666667 0.9944444444444445 0.6682291666666667 0.9944444444444445 0.6723958333333333 0.9981481481481481 0.7114583333333333 0.9981481481481481 0.7223958333333333 0.9935185185185185 0.7328125 0.9981481481481481 0.7744791666666667 0.9962962962962963 0.7786458333333334 0.9935185185185185 0.80625 0.9935185185185185 0.8171875 0.9962962962962963 0.8213541666666667 0.9944444444444445 0.8375 0.9981481481481481 0.878125 0.9935185185185185 0.8932291666666666 0.9981481481481481 0.9072916666666667 0.9981481481481481 0.9135416666666667 0.9944444444444445 0.9875 0.9944444444444445 0.99375 0.9916666666666667 0.9953125 0.9694444444444444 0.9942708333333333 0.9601851851851851 0.9916666666666667 0.9564814814814815 0.99375 0.9481481481481482 0.9901041666666667 0.9453703703703704 0.984375 0.9277777777777778 0.9890625 0.925 0.9911458333333333 0.9194444444444444 0.9947916666666666 0.9166666666666666 0.9953125 0.875 0.99375 0.862037037037037 0.9916666666666667 0.8601851851851852 0.9911458333333333 0.85 0.9875 0.8425925925925926 0.99375 0.8351851851851851 0.9958333333333333 0.8277777777777777 0.9963541666666667 0.8166666666666667 0.9942708333333333 0.8 0.9958333333333333 0.7444444444444445 0.99375 0.7314814814814815 0.99375 0.7175925925925926 0.9942708333333333 0.7129629629629629 0.9994791666666667 0.7074074074074074 0.9994791666666667 0.6055555555555555 0.9958333333333333 0.5972222222222222 0.9973958333333334 0.5824074074074074 0.9994791666666667 0.5805555555555556 0.9994791666666667 0.5194444444444445 0.9973958333333334 0.5194444444444445 0.9953125 0.5138888888888888 0.9963541666666667 0.5046296296296297 0.9994791666666667 0.5009259259259259 0.9994791666666667 0.4324074074074074 0.9979166666666667 0.43148148148148147 0.9994791666666667 0.42777777777777776 0.9994791666666667 0.337037037037037 0.9958333333333333 0.33425925925925926 0.9953125 0.3287037037037037 0.9958333333333333 0.32407407407407407 0.9994791666666667 0.3212962962962963 0.9994791666666667 0.26851851851851855 0.9963541666666667 0.262037037037037 0.9994791666666667 0.2601851851851852 0.9994791666666667 0.22592592592592592 0.9963541666666667 0.22314814814814815 0.9994791666666667 0.2212962962962963 0.9994791666666667 0.1824074074074074 0.9973958333333334 0.1814814814814815 0.9973958333333334 0.17685185185185184 0.9994791666666667 0.17592592592592593 0.9994791666666667 0.14444444444444443 0.9958333333333333 0.14074074074074075 0.9973958333333334 0.13333333333333333 0.9994791666666667 0.13240740740740742 0.9979166666666667 0.1287037037037037 0.9994791666666667 0.12777777777777777 0.9994791666666667 0.06944444444444445 0.9963541666666667 0.06666666666666667 0.9942708333333333 0.05740740740740741 0.9932291666666667 0.040740740740740744 0.9958333333333333 0.032407407407407406 0.9994791666666667 0.027777777777777776 0.9994791666666667 0.007407407407407408 0.9744791666666667 0 0.9598958333333333 0 0.9557291666666666 0.002777777777777778 0.90625 0.002777777777777778 0.9015625 0 0.8875 0 0.884375 0.002777777777777778 0.8744791666666667 0.002777777777777778 0.8713541666666667 0 0.8453125 0 0.8364583333333333 0.002777777777777778 0.825 0.002777777777777778 0.8223958333333333 0 0.7984375 0 0.7942708333333334 0.002777777777777778 0.74375 0.002777777777777778 0.7416666666666667 0 0.6791666666666667 0.002777777777777778 0.6567708333333333 0.002777777777777778 0.6515625 0 0.6151041666666667 0 0.6125 0.002777777777777778 0.6046875 0 0.58125 0 0.5729166666666666 0.002777777777777778 0.5630208333333333 0.002777777777777778 0.5583333333333333 0 0.5390625 0.000925925925925926 0.534375 0.012962962962962963 0.5296875 0.03888888888888889 0.5276041666666667 0.041666666666666664 0.5182291666666666 0.075 0.5130208333333334 0.08425925925925926 0.5067708333333333 0.11018518518518519 0.5057291666666667 0.15092592592592594 0.5083333333333333 0.1638888888888889 0.5119791666666667 0.1712962962962963 0.5130208333333334 0.1824074074074074 0.5177083333333333 0.19166666666666668 0.51875 0.19814814814814816 0.5182291666666666 0.21388888888888888 0.5151041666666667 0.21851851851851853 0.5114583333333333 0.2351851851851852 0.5104166666666666 0.25925925925925924 0.5046875 0.275 0.4979166666666667 0.2851851851851852 0.4890625 0.29259259259259257 0.4875 0.30462962962962964 0.48072916666666665 0.3101851851851852 0.48072916666666665 0.31851851851851853 0.4765625 0.3194444444444444 0.4796875 0.32222222222222224 0.48072916666666665 0.3351851851851852 0.48541666666666666 0.34629629629629627 0.48125 0.3509259259259259 0.47604166666666664 0.36944444444444446 0.46875 0.3712962962962963 0.46770833333333334 0.37407407407407406
4 0.1890625 0.9962962962962963 0.18802083333333333 0.9981481481481481 0.19324270833333335 0.9981481481481481 0.19583333333333333 0.9944444444444445 0.19585312500000002 0.9981481481481481 0.39166666666666666 0.9981481481481481 0.39427083333333335 0.9935185185185185 0.39427083333333335 0.950925925925926 0.40572916666666664 0.9194444444444444 0.4119791666666667 0.9092592592592592 0.41354166666666664 0.8851851851851852 0.4114583333333333 0.8759259259259259 0.3984375 0.8574074074074074 0.36614583333333334 0.8574074074074074 0.35833333333333334 0.850925925925926 0.35104166666666664 0.8416666666666667 0.340625 0.8166666666666667 0.3359375 0.812037037037037 0.31354166666666666 0.8185185185185185 0.3125 0.8296296296296296 0.3109375 0.8305555555555556 0.31197916666666664 0.8342592592592593 0.3104166666666667 0.8361111111111111 0.3125 0.8407407407407408 0.3098958333333333 0.8444444444444444 0.31302083333333336 0.8657407407407407 0.3177083333333333 0.8694444444444445 0.32083333333333336 0.8805555555555555 0.33229166666666665 0.8898148148148148 0.3359375 0.8962962962962963 0.32864583333333336 0.9120370370370371 0.3260416666666667 0.9120370370370371 0.3145833333333333 0.9259259259259259 0.3026041666666667 0.9342592592592592 0.28958333333333336 0.9296296296296296 0.28802083333333334 0.9231481481481482 0.28489583333333335 0.9277777777777778 0.2833333333333333 0.9212962962962963 0.2791666666666667 0.9212962962962963 0.278125 0.9277777777777778 0.2713541666666667 0.937037037037037 0.26927083333333335 0.9481481481481482 0.2703125 0.9527777777777777 0.26510416666666664 0.9601851851851851 0.26458333333333334 0.9657407407407408 0.2578125 0.9777777777777777 0.2515625 0.9851851851851852 0.246875 0.975925925925926 0.23802083333333332 0.975925925925926 0.234375 0.9796296296296296 0.2140625 0.9851851851851852 0.20572916666666666 0.9916666666666667 0.1890625 0.9962962962962963
4 0.05625 0.9097222222222222 0.0010416666666666667 0.000925925925925926
4 0.4661458333333333 0.7601851851851852 0.4640625 0.7620370370370371 0.46875 0.7620370370370371 0.4661458333333333 0.7601851851851852
4 0.46197916666666666 0.725925925925926 0.45625 0.725925925925926 0.46197916666666666 0.725925925925926
4 0.465625 0.7268518518518519 0.004166666666666667 0.001851851851851852
4 0.0015625 0.6990740740740741 0 0.700925925925926 0 0.7324074074074074 0.0015625 0.7333333333333333 0 0.7388888888888889 0 0.7981481481481482 0.0036458333333333334 0.8018518518518518 0.005208333333333333 0.8138888888888889 0.0109375 0.8166666666666667 0.0109375 0.8212962962962963 0 0.8231481481481482 0 0.8685185185185185 0.0020833333333333333 0.8722222222222222 0 0.875 0 0.8805555555555555 0.0020833333333333333 0.8824074074074074 0 0.8870370370370371 0 0.8981481481481481 0.0015625 0.899074074074074 0.0015625 0.9046296296296297 0 0.9055555555555556 0 0.9916666666666667 0.005208333333333333 0.9916666666666667 0.018229166666666668 0.9666666666666667 0.023958333333333335 0.9638888888888889 0.026041666666666668 0.9555555555555556 0.03333333333333333 0.9416666666666667 0.041666666666666664 0.937037037037037 0.0484375 0.925 0.04739583333333333 0.9185185185185185 0.044270833333333336 0.9138888888888889 0.046875 0.9101851851851852 0.05 0.9101851851851852 0.04635416666666667 0.9083333333333333 0.046875 0.9027777777777778 0.04375 0.899074074074074 0.04895833333333333 0.8944444444444445 0.05078125 0.8962962962962963 0.0515625 0.8916666666666667 0.053515625 0.8962962962962963 0.05625 0.8962962962962963 0.057291666666666664 0.8916666666666667 0.0546875 0.8888888888888888 0.04479166666666667 0.8898148148148148 0.042708333333333334 0.8833333333333333 0.049479166666666664 0.8731481481481481 0.05625 0.8712962962962963 0.059895833333333336 0.8638888888888889 0.0671875 0.8601851851851852 0.0703125 0.8555555555555555 0.06875 0.8527777777777777 0.06875 0.8416666666666667 0.06614583333333333 0.8305555555555556 0.06145833333333333 0.8212962962962963 0.057291666666666664 0.8009259259259259 0.052083333333333336 0.7935185185185185 0.052083333333333336 0.7870370370370371 0.05416666666666667 0.7851851851851852 0.052083333333333336 0.7814814814814814 0.0515625 0.7675925925925926 0.05364583333333333 0.7638888888888888 0.0453125 0.7472222222222222 0.046875 0.7435185185185185 0.04375 0.737037037037037 0.043229166666666666 0.725925925925926 0.04479166666666667 0.7231481481481481 0.043229166666666666 0.7148148148148148 0.0328125 0.7101851851851851 0.03125 0.7055555555555556 0.025520833333333333 0.7046296296296296 0.022395833333333334 0.6990740740740741 0.0015625 0.6990740740740741
4 0.4765625 0.7148148148148148 0.47604166666666664 0.7194444444444444 0.4786458333333333 0.7231481481481481 0.4786458333333333 0.7305555555555555 0.48072916666666665 0.7351851851851852 0.47708333333333336 0.7462962962962963 0.484375 0.7527777777777778 0.5072916666666667 0.7388888888888889 0.5119791666666667 0.7388888888888889 0.5192708333333333 0.7305555555555555 0.521875 0.7305555555555555 0.525 0.7203703703703703 0.5286458333333334 0.7166666666666667 0.5296875 0.7055555555555556 0.5260416666666666 0.7018518518518518 0.5270833333333333 0.6981481481481482 0.5255208333333333 0.6962962962962963 0.5229166666666667 0.700925925925926 0.5213541666666667 0.6981481481481482 0.5171875 0.7046296296296296 0.5125 0.7055555555555556 0.5104166666666666 0.7101851851851851 0.5052083333333334 0.7138888888888889 0.49583333333333335 0.712037037037037 0.48854166666666665 0.7166666666666667 0.4817708333333333 0.7138888888888889 0.48020833333333335 0.7185185185185186 0.4765625 0.7148148148148148
4 0.20729166666666668 0.5388888888888889 0.20572916666666666 0.5398148148148149 0.20729166666666668 0.5388888888888889
4 0.23125 0.4962962962962963 0.23229166666666667 0.5027777777777778 0.23958333333333334 0.5009259259259259 0.23697916666666666 0.49444444444444446 0.23125 0.4962962962962963
4 0.0020833333333333333 0.004629629629629629 0 0.007407407407407408 0 0.3138888888888889 0.003125 0.31666666666666665 0.0020833333333333333 0.3194444444444444 0.004166666666666667 0.33240740740740743 0.003125 0.33611111111111114 0 0.337037037037037 0 0.4462962962962963 0.0140625 0.44814814814814813 0.04114583333333333 0.43703703703703706 0.059895833333333336 0.4388888888888889 0.071875 0.45 0.08697916666666666 0.4759259259259259 0.0921875 0.4888888888888889 0.0953125 0.5120370370370371 0.09375 0.5435185185185185 0.09010416666666667 0.5546296296296296 0.08020833333333334 0.5638888888888889 0.0765625 0.575925925925926 0.0796875 0.5981481481481481 0.07916666666666666 0.6212962962962963 0.075 0.6407407407407407 0.0765625 0.6648148148148149 0.07604166666666666 0.6990740740740741 0.07239583333333334 0.7101851851851851 0.0609375 0.7185185185185186 0.06041666666666667 0.7231481481481481 0.06614583333333333 0.7509259259259259 0.06458333333333334 0.7546296296296297 0.06770833333333333 0.7620370370370371 0.06927083333333334 0.7796296296296297 0.0796875 0.8064814814814815 0.08125 0.8305555555555556 0.08541666666666667 0.8388888888888889 0.08697916666666666 0.8472222222222222 0.09479166666666666 0.8592592592592593 0.1 0.8601851851851852 0.10208333333333333 0.8574074074074074 0.11614583333333334 0.8546296296296296 0.11875 0.850925925925926 0.1421875 0.8462962962962963 0.146875 0.8435185185185186 0.1515625 0.8351851851851851 0.16822916666666668 0.8324074074074074 0.18177083333333333 0.8240740740740741 0.19947916666666668 0.8185185185185185 0.21354166666666666 0.8074074074074075 0.23020833333333332 0.8046296296296296 0.25833333333333336 0.7888888888888889 0.278125 0.7842592592592592 0.28177083333333336 0.7805555555555556 0.2890625 0.7805555555555556 0.296875 0.7759259259259259 0.36302083333333335 0.7666666666666667 0.3723958333333333 0.7620370370370371 0.40625 0.7574074074074074 0.42916666666666664 0.7592592592592593 0.4317708333333333 0.7620370370370371 0.43854166666666666 0.7601851851851852 0.44114583333333335 0.7685185185185185 0.4453125 0.7685185185185185 0.4484375 0.7638888888888888 0.459375 0.7648148148148148 0.4625 0.7620370370370371 0.4505208333333333 0.7583333333333333 0.44895833333333335 0.7537037037037037 0.45260416666666664 0.7481481481481481 0.4479166666666667 0.7462962962962963 0.4453125 0.7361111111111112 0.4515625 0.725925925925926 0.4552083333333333 0.7277777777777777 0.4557291666666667 0.725925925925926 0.4505208333333333 0.725 0.44895833333333335 0.7212962962962963 0.45364583333333336 0.7129629629629629 0.469140625 0.7101851851851851 0.4708333333333333 0.7064814814814815 0.47239583333333335 0.7074074074074074 0.471875 0.7101851851851851 0.4734375 0.7092592592592593 0.4583333333333333 0.6805555555555556 0.4609375 0.6731481481481482 0.48333333333333334 0.6555555555555556 0.4921875 0.6574074074074074 0.4979166666666667 0.6546296296296297 0.5197916666666667 0.6546296296296297 0.5354166666666667 0.6462962962962963 0.5432291666666667 0.6370370370370371 0.5432291666666667 0.6185185185185185 0.5401041666666667 0.6111111111111112 0.5317708333333333 0.600925925925926 0.5223958333333333 0.5962962962962963 0.4979166666666667 0.5962962962962963 0.4609375 0.6074074074074074 0.4317708333333333 0.6074074074074074 0.3703125 0.6324074074074074 0.34322916666666664 0.6555555555555556 0.3385416666666667 0.6555555555555556 0.33229166666666665 0.6601851851851852 0.32447916666666665 0.6601851851851852 0.3171875 0.6638888888888889 0.29791666666666666 0.6620370370370371 0.35104166666666664 0.48148148148148145 0.3546875 0.4842592592592593 0.359375 0.4824074074074074 0.37083333333333335 0.4666666666666667 0.3729166666666667 0.4666666666666667 0.37604166666666666 0.45925925925925926 0.3802083333333333 0.4444444444444444 0.38229166666666664 0.4305555555555556 0.38177083333333334 0.4203703703703704 0.3854166666666667 0.40185185185185185 0.3958333333333333 0.37592592592592594 0.3984375 0.3731481481481482 0.4041666666666667 0.3731481481481482 0.40677083333333336 0.37777777777777777 0.40729166666666666 0.38425925925925924 0.4140625 0.39351851851851855 0.45 0.39166666666666666 0.45989583333333334 0.3888888888888889 0.45989583333333334 0.3851851851851852 0.4583333333333333 0.3851851851851852 0.4552083333333333 0.37592592592592594 0.4515625 0.3731481481481482 0.4473958333333333 0.3648148148148148 0.4375 0.35462962962962963 0.42239583333333336 0.32592592592592595 0.4203125 0.32592592592592595 0.4083333333333333 0.3101851851851852 0.4 0.287962962962963 0.3984375 0.2759259259259259 0.39166666666666666 0.2601851851851852 0.3890625 0.2601851851851852 0.36822916666666666 0.24166666666666667 0.3546875 0.2351851851851852 0.35 0.22870370370370371 0.3536458333333333 0.21944444444444444 0.35208333333333336 0.21296296296296297 0.35520833333333335 0.20555555555555555 0.3572916666666667 0.18888888888888888 0.35520833333333335 0.1648148148148148 0.34322916666666664 0.13240740740740742 0.3140625 0.10277777777777777 0.30416666666666664 0.0962962962962963 0.28125 0.08888888888888889 0.2552083333333333 0.06666666666666667 0.225 0.06388888888888888 0.2125 0.044444444444444446 0.20052083333333334 0.03425925925925926 0.19479166666666667 0.022222222222222223 0.19114583333333332 0.004629629629629629 0.1875 0 0.1265625 0 0.1234375 0.002777777777777778 0.1015625 0.000925925925925926 0.09322916666666667 0.005555555555555556 0.08125 0.005555555555555556 0.07135416666666666 0 0.040625 0 0.028645833333333332 0.004629629629629629 0.0020833333333333333 0.004629629629629629
1 0.5817708333333333 0.5583333333333333 0.5729166666666666 0.5925925925925926 0.56875 0.6166666666666667 0.5609375 0.6277777777777778 0.5515625 0.6351851851851852 0.5385416666666667 0.6555555555555556 0.5354166666666667 0.6805555555555556 0.5375 0.7074074074074074 0.5296875 0.737037037037037 0.5182291666666666 0.7527777777777778 0.49375 0.7638888888888888 0.4901041666666667 0.7666666666666667 0.4875 0.7731481481481481 0.4765625 0.7759259259259259 0.4739583333333333 0.7805555555555556 0.4625 0.7888888888888889 0.46979166666666666 0.8101851851851852 0.48489583333333336 0.8240740740740741 0.49375 0.837037037037037 0.5072916666666667 0.850925925925926 0.5145833333333333 0.8527777777777777 0.5223958333333333 0.8388888888888889 0.5244791666666667 0.8305555555555556 0.5380208333333333 0.8138888888888889 0.5625 0.8138888888888889 0.5765625 0.8009259259259259 0.6119791666666666 0.8009259259259259 0.6182291666666667 0.7981481481481482 0.6260416666666667 0.7842592592592592 0.63125 0.7666666666666667 0.6296875 0.7481481481481481 0.6213541666666667 0.7222222222222222 0.6260416666666667 0.7101851851851851 0.6265625 0.6990740740740741 0.6364583333333333 0.6916666666666667 0.6317708333333333 0.6916666666666667 0.6296875 0.687962962962963 0.6296875 0.6824074074074075 0.625 0.6768518518518518 0.625 0.662962962962963 0.6286458333333333 0.6546296296296297 0.6296875 0.6370370370370371 0.6265625 0.6324074074074074 0.6239583333333333 0.6212962962962963 0.6151041666666667 0.6083333333333333 0.6036458333333333 0.5592592592592592 0.5989583333333334 0.5546296296296296 0.5833333333333334 0.5555555555555556 0.5817708333333333 0.5583333333333333
3 0.2046875 0.700925925925926 0.20416666666666666 0.712037037037037 0.20572916666666666 0.7166666666666667 0.2125 0.7231481481481481 0.21770833333333334 0.737037037037037 0.215625 0.7925925925925926 0.21666666666666667 0.7962962962962963 0.22291666666666668 0.8009259259259259 0.23125 0.8009259259259259 0.2328125 0.7981481481481482 0.30416666666666664 0.7759259259259259 0.33541666666666664 0.7731481481481481 0.34739583333333335 0.7685185185185185 0.35833333333333334 0.7685185185185185 0.384375 0.7620370370370371 0.4234375 0.7620370370370371 0.4296875 0.7638888888888888 0.44375 0.7759259259259259 0.45729166666666665 0.7759259259259259 0.4666666666666667 0.7731481481481481 0.4796875 0.7620370370370371 0.5104166666666666 0.7462962962962963 0.5244791666666667 0.7324074074074074 0.5348958333333333 0.7055555555555556 0.5348958333333333 0.6944444444444444 0.5328125 0.6851851851851852 0.5296875 0.6759259259259259 0.5255208333333333 0.6759259259259259 0.5255208333333333 0.6564814814814814 0.5333333333333333 0.6546296296296297 0.5427083333333333 0.6416666666666667 0.5453125 0.6342592592592593 0.5453125 0.625 0.5401041666666667 0.6101851851851852 0.5296875 0.5981481481481481 0.49583333333333335 0.5962962962962963 0.46770833333333334 0.6055555555555555 0.4203125 0.6101851851851852 0.3765625 0.6277777777777778 0.34427083333333336 0.6527777777777778 0.31302083333333336 0.6638888888888889 0.28229166666666666 0.6601851851851852 0.2671875 0.6527777777777778 0.24322916666666666 0.6527777777777778 0.23125 0.6462962962962963 0.21979166666666666 0.6444444444444445 0.20989583333333334 0.6712962962962963 0.2046875 0.700925925925926
3 0.9317708333333333 0.7212962962962963 0.9291666666666667 0.7240740740740741 0.9510416666666667 0.725925925925926 0.9520833333333333 0.7194444444444444 0.9552083333333333 0.725 0.96875 0.7231481481481481 0.9677083333333333 0.7185185185185186 0.9416666666666667 0.7194444444444444 0.9348958333333334 0.7240740740740741 0.9317708333333333 0.7212962962962963
3 0.7145833333333333 0.8185185185185185 0.7145833333333333 0.8305555555555556 0.7270833333333333 0.8416666666666667 0.7473958333333334 0.8462962962962963 0.7671875 0.8435185185185186 0.7833333333333333 0.8194444444444444 0.8083333333333333 0.7962962962962963 0.8244791666666667 0.7851851851851852 0.8375 0.7712962962962963 0.8682291666666667 0.7509259259259259 0.91875 0.737037037037037 0.9265625 0.7305555555555555 0.9265625 0.7231481481481481 0.903125 0.7185185185185186 0.8859375 0.7185185185185186 0.875 0.7148148148148148 0.8557291666666667 0.7148148148148148 0.8489583333333334 0.7194444444444444 0.8338541666666667 0.7398148148148148 0.83125 0.7462962962962963 0.8255208333333334 0.7509259259259259 0.8067708333333333 0.7601851851851852 0.7598958333333333 0.7916666666666666 0.7458333333333333 0.7962962962962963 0.7302083333333333 0.8055555555555556 0.7203125 0.8074074074074075 0.7145833333333333 0.8185185185185185
3 0.35 0.36203703703703705 0.3463541666666667 0.4601851851851852 0.3484375 0.4824074074074074 0.353125 0.4888888888888889 0.3578125 0.4888888888888889 0.3651041666666667 0.4777777777777778 0.3723958333333333 0.47314814814814815 0.3802083333333333 0.45555555555555555 0.3848958333333333 0.43703703703703706 0.3848958333333333 0.42685185185185187 0.3890625 0.40370370370370373 0.3953125 0.3851851851851852 0.4036458333333333 0.38055555555555554 0.40625 0.3851851851851852 0.40729166666666666 0.39351851851851855 0.4171875 0.3962962962962963 0.45729166666666665 0.39351851851851855 0.46458333333333335 0.3888888888888889 0.46197916666666666 0.3824074074074074 0.4588541666666667 0.38055555555555554 0.44895833333333335 0.3638888888888889 0.4328125 0.3435185185185185 0.425 0.3277777777777778 0.4125 0.31666666666666665 0.40520833333333334 0.30277777777777776 0.39375 0.26666666666666666 0.384375 0.2712962962962963 0.3697916666666667 0.27314814814814814 0.36770833333333336 0.2777777777777778 0.36875 0.2861111111111111 0.3609375 0.28888888888888886 0.3609375 0.30277777777777776 0.3515625 0.3333333333333333 0.35 0.36203703703703705
3 0.2859375 0.9231481481481482 0.2859375 0.9259259259259259 0.2890625 0.925 0.2859375 0.9231481481481482
3 0.2713541666666667 0.9416666666666667 0.2713541666666667 0.9611111111111111 0.26875 0.962037037037037 0.26875 0.9666666666666667 0.26458333333333334 0.9694444444444444 0.2640625 0.9842592592592593 0.2557291666666667 0.9935185185185185 0.259375 0.9953703703703703 0.2598958333333333 0.9981481481481481 0.39114583333333336 0.9981481481481481 0.39375 0.9935185185185185 0.39375 0.9518518518518518 0.40208333333333335 0.9259259259259259 0.4114583333333333 0.9074074074074074 0.41354166666666664 0.8888888888888888 0.4114583333333333 0.8777777777777778 0.39739583333333334 0.8574074074074074 0.3723958333333333 0.8592592592592593 0.3609375 0.8555555555555555 0.35 0.8416666666666667 0.3416666666666667 0.8185185185185185 0.3380208333333333 0.8138888888888889 0.33125 0.812037037037037 0.31354166666666666 0.8212962962962963 0.309375 0.8305555555555556 0.309375 0.8472222222222222 0.31145833333333334 0.8546296296296296 0.3104166666666667 0.8592592592592593 0.31354166666666666 0.8648148148148148 0.3171875 0.8666666666666667 0.3265625 0.8851851851851852 0.3359375 0.8935185185185185 0.33541666666666664 0.9046296296296297 0.3171875 0.9259259259259259 0.303125 0.937037037037037 0.29791666666666666 0.937037037037037 0.29270833333333335 0.9324074074074075 0.2838541666666667 0.9351851851851852 0.2828125 0.9277777777777778 0.28177083333333336 0.9314814814814815 0.2791666666666667 0.9277777777777778 0.2796875 0.9388888888888889 0.2713541666666667 0.9416666666666667
3 0.027083333333333334 0.4462962962962963 0.019270833333333334 0.45092592592592595 0 0.45555555555555555 0 0.6888888888888889 0.0036458333333333334 0.6916666666666667 0.016145833333333335 0.6916666666666667 0.0375 0.7046296296296296 0.0671875 0.7074074074074074 0.07395833333333333 0.6981481481481482 0.075 0.6888888888888889 0.075 0.6287037037037037 0.07760416666666667 0.5981481481481481 0.075 0.5666666666666667 0.07916666666666666 0.5601851851851852 0.084375 0.5574074074074075 0.0921875 0.5416666666666666 0.09427083333333333 0.5138888888888888 0.09166666666666666 0.4935185185185185 0.08645833333333333 0.4787037037037037 0.07864583333333333 0.4648148148148148 0.06510416666666667 0.44814814814814813 0.05572916666666667 0.44351851851851853 0.027083333333333334 0.4462962962962963
3 0.2833333333333333 0.27870370370370373 0.2833333333333333 0.32037037037037036 0.28958333333333336 0.35555555555555557 0.296875 0.3638888888888889 0.3177083333333333 0.36666666666666664 0.3229166666666667 0.37407407407407406 0.32760416666666664 0.387037037037037 0.34739583333333335 0.40555555555555556 0.3489583333333333 0.4212962962962963 0.3463541666666667 0.44166666666666665 0.3463541666666667 0.4638888888888889 0.3484375 0.48148148148148145 0.353125 0.4888888888888889 0.3567708333333333 0.4888888888888889 0.3640625 0.4777777777777778 0.3729166666666667 0.47129629629629627 0.37552083333333336 0.46574074074074073 0.384375 0.4351851851851852 0.384375 0.42592592592592593 0.3880208333333333 0.40370370370370373 0.39739583333333334 0.37777777777777777 0.4041666666666667 0.37592592592592594 0.40729166666666666 0.38981481481481484 0.41041666666666665 0.39351851851851855 0.4557291666666667 0.39351851851851855 0.4635416666666667 0.38981481481481484 0.46041666666666664 0.38055555555555554 0.44375 0.36018518518518516 0.4421875 0.35555555555555557 0.4395833333333333 0.35462962962962963 0.421875 0.32407407407407407 0.41875 0.32314814814814813 0.4078125 0.3074074074074074 0.4005208333333333 0.28703703703703703 0.39739583333333334 0.2712962962962963 0.3927083333333333 0.262037037037037 0.36666666666666664 0.23981481481481481 0.3390625 0.22777777777777777 0.32916666666666666 0.21944444444444444 0.3151041666666667 0.21666666666666667 0.3026041666666667 0.22592592592592592 0.28802083333333334 0.25277777777777777 0.2833333333333333 0.27870370370370373
3 0.5203125 0.8564814814814815 0.5213541666666667 0.8685185185185185 0.5286458333333334 0.8842592592592593 0.5234375 0.8898148148148148 0.5192708333333333 0.899074074074074 0.5166666666666667 0.912962962962963 0.5166666666666667 0.9268518518518518 0.5203125 0.9398148148148148 0.5302083333333333 0.9555555555555556 0.5317708333333333 0.9842592592592593 0.5385416666666667 0.9981481481481481 0.7166666666666667 0.9981481481481481 0.7203125 0.9935185185185185 0.7260416666666667 0.9657407407407408 0.7432291666666667 0.950925925925926 0.7494791666666667 0.9342592592592592 0.7494791666666667 0.9166666666666666 0.7479166666666667 0.9092592592592592 0.7197916666666667 0.9074074074074074 0.7171875 0.9101851851851852 0.7078125 0.9101851851851852 0.6791666666666667 0.8666666666666667 0.6520833333333333 0.8462962962962963 0.6380208333333334 0.8324074074074074 0.6307291666666667 0.8212962962962963 0.6130208333333333 0.8074074074074075 0.58125 0.8046296296296296 0.5760416666666667 0.8055555555555556 0.5635416666666667 0.8212962962962963 0.5578125 0.8212962962962963 0.5510416666666667 0.8166666666666667 0.5385416666666667 0.8185185185185185 0.525 0.837037037037037 0.5203125 0.8564814814814815
3 0.6434895833333333 0.19305555555555556 0.0005208333333333333 0.002777777777777778
3 0.46822916666666664 0.3194444444444444 0.46979166666666666 0.32592592592592595 0.4744791666666667 0.3277777777777778 0.47708333333333336 0.33425925925925926 0.4744791666666667 0.35 0.46979166666666666 0.3574074074074074 0.46770833333333334 0.3685185185185185 0.46458333333333335 0.375 0.46458333333333335 0.38055555555555554 0.46979166666666666 0.3888888888888889 0.48020833333333335 0.39351851851851855 0.4984375 0.3962962962962963 0.5010416666666667 0.4009259259259259 0.5114583333333333 0.4046296296296296 0.5375 0.42777777777777776 0.5635416666666667 0.4638888888888889 0.5744791666666667 0.4666666666666667 0.5854166666666667 0.45925925925925926 0.5942708333333333 0.4462962962962963 0.6057291666666667 0.4351851851851852 0.6197916666666666 0.4046296296296296 0.6354166666666666 0.38055555555555554 0.6682291666666667 0.3685185185185185 0.6697916666666667 0.36203703703703705 0.6703125 0.3416666666666667 0.66875 0.3333333333333333 0.6744791666666666 0.3194444444444444 0.675 0.2759259259259259 0.6708333333333333 0.25555555555555554 0.6671875 0.25277777777777777 0.6640625 0.2574074074074074 0.6625 0.25462962962962965 0.659375 0.2574074074074074 0.6572916666666667 0.2537037037037037 0.6572916666666667 0.24537037037037038 0.6630208333333333 0.23981481481481481 0.6598958333333333 0.2388888888888889 0.6588541666666666 0.24259259259259258 0.6567708333333333 0.2388888888888889 0.6552083333333333 0.24351851851851852 0.65 0.24444444444444444 0.6505208333333333 0.2388888888888889 0.6536458333333334 0.2388888888888889 0.6546875 0.22870370370370371 0.6505208333333333 0.22777777777777777 0.6494791666666667 0.21944444444444444 0.64375 0.21851851851851853 0.6411458333333333 0.21296296296296297 0.6328125 0.20833333333333334 0.6317708333333333 0.20092592592592592 0.6296875 0.19907407407407407 0.63125 0.19166666666666668 0.6208333333333333 0.19166666666666668 0.6203125 0.19444444444444445 0.6125 0.1962962962962963 0.5994791666666667 0.20555555555555555 0.5864583333333333 0.20555555555555555 0.5317708333333333 0.18981481481481483 0.5244791666666667 0.1935185185185185 0.51875 0.20555555555555555 0.5171875 0.21481481481481482 0.5145833333333333 0.21944444444444444 0.5109375 0.24166666666666667 0.5114583333333333 0.2601851851851852 0.5057291666666667 0.2740740740740741 0.4979166666666667 0.2851851851851852 0.48802083333333335 0.28888888888888886 0.48020833333333335 0.30185185185185187 0.475 0.3055555555555556 0.46822916666666664 0.3194444444444444
3 0.6572916666666667 0.18888888888888888 0.65625 0.2 0.653125 0.20462962962962963 0.6494791666666667 0.20555555555555555 0.65 0.2101851851851852 0.6546875 0.21388888888888888 0.6510416666666666 0.2212962962962963 0.659375 0.22407407407407406 0.6640625 0.2324074074074074 0.6713541666666667 0.23148148148148148 0.6739583333333333 0.2212962962962963 0.6723958333333333 0.21574074074074073 0.6734375 0.20092592592592592 0.6708333333333333 0.19814814814814816 0.6708333333333333 0.18888888888888888 0.665625 0.18703703703703703 0.6635416666666667 0.19166666666666668 0.6619791666666667 0.19166666666666668 0.6625 0.18703703703703703 0.6609375 0.18981481481481483 0.6572916666666667 0.18888888888888888