1 0.7369791666666666 0.8157407407407408 0.7369791666666666 0.8212962962962963 0.7395833333333334 0.8194444444444444 0.7369791666666666 0.8157407407407408
1 0.7380208333333333 0.8101851851851852 0.7359375 0.8101851851851852 0.7380208333333333 0.8101851851851852
1 0.70234375 0.799074074074074 0.0005208333333333333 0.001851851851851852
1 0.7104166666666667 0.6638888888888889 0.7052083333333333 0.6638888888888889 0.7104166666666667 0.6638888888888889
1 0.7072916666666667 0.6074074074074074 0.70625 0.6092592592592593 0.7098958333333333 0.6055555555555555 0.7072916666666667 0.6074074074074074
1 0.7088541666666667 0.6027777777777777 0.0020833333333333333 0.003703703703703704
1 0.7098958333333333 0.5944444444444444 0.7067708333333333 0.5944444444444444 0.7098958333333333 0.5944444444444444
1 0.8174479166666667 0.5287037037037037 0.0015625 0.001851851851851852
1 0.3463541666666667 0.5101851851851852 0.3458333333333333 0.5138888888888888 0.3484375 0.5166666666666667 0.35052083333333334 0.5120370370370371 0.3515625 0.5166666666666667 0.3572916666666667 0.5138888888888888 0.3651041666666667 0.5231481481481481 0.3703125 0.5212962962962963 0.37083333333333335 0.5185185185185185 0.36614583333333334 0.5092592592592593 0.3625 0.5148148148148148 0.3463541666666667 0.5101851851851852
1 0.3411458333333333 0.5092592592592593 0.3421875 0.5185185185185185 0.34375 0.5101851851851852 0.3411458333333333 0.5092592592592593
1 0.8 0.5027777777777778 0.7989583333333333 0.5055555555555555 0.8036458333333333 0.5074074074074074 0.80625 0.5185185185185185 0.8098958333333334 0.5148148148148148 0.8135416666666667 0.5166666666666667 0.8171875 0.5120370370370371 0.821875 0.5120370370370371 0.8244791666666667 0.5166666666666667 0.8270833333333333 0.5148148148148148 0.8260416666666667 0.5074074074074074 0.8182291666666667 0.5009259259259259 0.8 0.5027777777777778
1 0.38958333333333334 0.4898148148148148 0.38645833333333335 0.4935185185185185 0.3932291666666667 0.4935185185185185 0.38958333333333334 0.4898148148148148
1 0.3932291666666667 0.4861111111111111 0.0010416666666666667 0.001851851851851852
1 0.8307291666666666 0.4787037037037037 0.8302083333333333 0.48703703703703705 0.8333333333333334 0.49444444444444446 0.8427083333333333 0.4842592592592593 0.8416666666666667 0.4740740740740741 0.8380208333333333 0.47962962962962963 0.8307291666666666 0.4787037037037037
1 0.39375 0.4740740740740741 0.3927083333333333 0.48055555555555557 0.39427083333333335 0.48055555555555557 0.39375 0.4740740740740741
1 0.8067708333333333 0.4740740740740741 0.8046875 0.4759259259259259 0.8135416666666667 0.4759259259259259 0.8104166666666667 0.47314814814814815 0.8067708333333333 0.4740740740740741
1 0.33489583333333334 0.4685185185185185 0.3338541666666667 0.47314814814814815 0.3390625 0.47314814814814815 0.33489583333333334 0.4685185185185185
1 0.3776041666666667 0.46944444444444444 0.37864583333333335 0.47314814814814815 0.37395833333333334 0.4759259259259259 0.37447916666666664 0.47962962962962963 0.37604166666666666 0.4824074074074074 0.38177083333333334 0.48055555555555557 0.3802083333333333 0.47685185185185186 0.38229166666666664 0.47314814814814815 0.38125 0.46944444444444444 0.3776041666666667 0.46944444444444444
1 0.275 0.028703703703703703 0.275 0.07222222222222222 0.2791666666666667 0.08981481481481482 0.2786458333333333 0.10555555555555556 0.28125 0.11388888888888889 0.2828125 0.13240740740740742 0.2859375 0.1388888888888889 0.28854166666666664 0.1574074074074074 0.2911458333333333 0.16203703703703703 0.29583333333333334 0.18425925925925926 0.2989583333333333 0.18981481481481483 0.30520833333333336 0.21481481481481482 0.3098958333333333 0.27037037037037037 0.31666666666666665 0.2898148148148148 0.31875 0.3055555555555556 0.3307291666666667 0.32592592592592595 0.33489583333333334 0.32592592592592595 0.34375 0.34629629629629627 0.353125 0.35833333333333334 0.37083333333333335 0.39814814814814814 0.3765625 0.40555555555555556 0.38333333333333336 0.42314814814814816 0.39114583333333336 0.4351851851851852 0.3921875 0.4527777777777778 0.3984375 0.45925925925925926 0.40208333333333335 0.4759259259259259 0.4119791666666667 0.4898148148148148 0.4109375 0.4962962962962963 0.40677083333333336 0.4981481481481482 0.40625 0.5055555555555555 0.4109375 0.5046296296296297 0.4119791666666667 0.5074074074074074 0.41770833333333335 0.5092592592592593 0.4203125 0.524074074074074 0.41875 0.5277777777777778 0.4234375 0.5351851851851852 0.41822916666666665 0.5462962962962963 0.4197916666666667 0.5509259259259259 0.403125 0.5685185185185185 0.3963541666666667 0.5694444444444444 0.39375 0.575925925925926 0.37395833333333334 0.5712962962962963 0.3692708333333333 0.5731481481481482 0.36614583333333334 0.5777777777777777 0.35989583333333336 0.5805555555555556 0.35572916666666665 0.587037037037037 0.35572916666666665 0.5916666666666667 0.3578125 0.5944444444444444 0.3541666666666667 0.5981481481481481 0.353125 0.6027777777777777 0.34791666666666665 0.6046296296296296 0.34739583333333335 0.6074074074074074 0.34479166666666666 0.6046296296296296 0.3416666666666667 0.6055555555555555 0.3463541666666667 0.6101851851851852 0.3489583333333333 0.6166666666666667 0.35625 0.612037037037037 0.35625 0.6212962962962963 0.3614583333333333 0.6296296296296297 0.4109375 0.6685185185185185 0.41458333333333336 0.675 0.42552083333333335 0.6851851851851852 0.4479166666666667 0.6981481481481482 0.4510416666666667 0.7027777777777777 0.46458333333333335 0.7101851851851851 0.48072916666666665 0.725 0.49895833333333334 0.737037037037037 0.55625 0.7888888888888889 0.59375 0.8138888888888889 0.61875 0.8240740740740741 0.6276041666666666 0.8240740740740741 0.63125 0.8231481481481482 0.6328125 0.8194444444444444 0.6395833333333333 0.8212962962962963 0.6432291666666666 0.8166666666666667 0.6515625 0.8138888888888889 0.6578125 0.8009259259259259 0.6614583333333334 0.8018518518518518 0.6635416666666667 0.7861111111111111 0.6692708333333334 0.7824074074074074 0.6671875 0.7759259259259259 0.6744791666666666 0.7620370370370371 0.6697916666666667 0.7574074074074074 0.6682291666666667 0.7444444444444445 0.6697916666666667 0.7342592592592593 0.675 0.7277777777777777 0.675 0.7185185185185186 0.6692708333333334 0.712037037037037 0.6682291666666667 0.7055555555555556 0.6630208333333333 0.7055555555555556 0.659375 0.6981481481481482 0.6552083333333333 0.6953703703703704 0.6541666666666667 0.687037037037037 0.6557291666666667 0.6824074074074075 0.65625 0.6583333333333333 0.6614583333333334 0.6444444444444445 0.6609375 0.6361111111111111 0.6640625 0.625 0.6682291666666667 0.625 0.6807291666666667 0.6166666666666667 0.6817708333333333 0.6185185185185185 0.6807291666666667 0.612037037037037 0.6848958333333334 0.6101851851851852 0.6864583333333333 0.6027777777777777 0.6932291666666667 0.600925925925926 0.6869791666666667 0.5916666666666667 0.6869791666666667 0.587037037037037 0.6776041666666667 0.587037037037037 0.671875 0.5805555555555556 0.6572916666666667 0.5805555555555556 0.6552083333333333 0.5777777777777777 0.6145833333333334 0.5805555555555556 0.6078125 0.575925925925926 0.5880208333333333 0.5777777777777777 0.5854166666666667 0.5648148148148148 0.5822916666666667 0.5638888888888889 0.58125 0.5601851851851852 0.5770833333333333 0.5601851851851852 0.571875 0.5351851851851852 0.5734375 0.5324074074074074 0.5822916666666667 0.5351851851851852 0.6 0.5324074074074074 0.6291666666666667 0.5342592592592592 0.6411458333333333 0.5305555555555556 0.6557291666666667 0.5305555555555556 0.6682291666666667 0.525 0.6682291666666667 0.5101851851851852 0.6645833333333333 0.5092592592592593 0.6609375 0.5009259259259259 0.6505208333333333 0.4888888888888889 0.6416666666666667 0.4666666666666667 0.6182291666666667 0.4222222222222222 0.6635416666666667 0.3453703703703704 0.6677083333333333 0.34629629629629627 0.6744791666666666 0.3527777777777778 0.6854166666666667 0.375 0.6880208333333333 0.37592592592592594 0.6973958333333333 0.39166666666666666 0.70625 0.4111111111111111 0.7098958333333333 0.4148148148148148 0.7151041666666667 0.4324074074074074 0.7307291666666667 0.45555555555555555 0.7328125 0.46296296296296297 0.7380208333333333 0.46944444444444444 0.7442708333333333 0.4842592592592593 0.753125 0.4898148148148148 0.759375 0.5 0.7671875 0.5009259259259259 0.7697916666666667 0.5055555555555555 0.7760416666666666 0.5055555555555555 0.7765625 0.5027777777777778 0.7791666666666667 0.5055555555555555 0.7760416666666666 0.5009259259259259 0.784375 0.4898148148148148 0.784375 0.4824074074074074 0.78125 0.4759259259259259 0.7739583333333333 0.4722222222222222 0.771875 0.4564814814814815 0.771875 0.4351851851851852 0.7744791666666667 0.4111111111111111 0.7833333333333333 0.39444444444444443 0.7895833333333333 0.38981481481481484 0.803125 0.38981481481481484 0.8119791666666667 0.39351851851851855 0.8307291666666666 0.4074074074074074 0.8380208333333333 0.4166666666666667 0.85625 0.42777777777777776 0.8578125 0.4185185185185185 0.8640625 0.4046296296296296 0.8630208333333333 0.3962962962962963 0.8765625 0.3712962962962963 0.8817708333333333 0.3685185185185185 0.8895833333333333 0.3574074074074074 0.8973958333333333 0.35462962962962963 0.9072916666666667 0.3388888888888889 0.9119791666666667 0.337037037037037 0.9130208333333333 0.32314814814814813 0.9177083333333333 0.3212962962962963 0.9369791666666667 0.2916666666666667 0.9421875 0.2740740740740741 0.9479166666666666 0.2638888888888889 0.9578125 0.23055555555555557 0.9578125 0.22592592592592592 0.9614583333333333 0.21851851851851853 0.9640625 0.19907407407407407 0.9682291666666667 0.19166666666666668 0.96875 0.18703703703703703 0.9677083333333333 0.16296296296296298 0.9697916666666667 0.14444444444444443 0.9697916666666667 0.12407407407407407 0.9723958333333333 0.11388888888888889 0.9760416666666667 0.06111111111111111 0.9796875 0.03981481481481482 0.9802083333333333 0.010185185185185186 0.9791666666666666 0.005555555555555556 0.9723958333333333 0 0.9619791666666667 0 0.9588541666666667 0.002777777777777778 0.9526041666666667 0 0.9182291666666667 0 0.9166666666666666 0.002777777777777778 0.9046875 0.005555555555555556 0.8833333333333333 0.002777777777777778 0.8807291666666667 0 0.8484375 0 0.8447916666666667 0.002777777777777778 0.8192708333333333 0.004629629629629629 0.8020833333333334 0.004629629629629629 0.7890625 0.000925925925925926 0.7854166666666667 0.002777777777777778 0.7807291666666667 0 0.7505208333333333 0.002777777777777778 0.7489583333333333 0 0.7447916666666666 0 0.7276041666666667 0.004629629629629629 0.7157984375 0.004629629629629629 0.7135416666666666 0.010185185185185186 0.7114583333333333 0.008333333333333333 0.7128473958333333 0.004629629629629629 0.7088541666666667 0.005555555555555556 0.7078125 0.010185185185185186 0.7041666666666667 0.004629629629629629 0.6864583333333333 0 0.6786458333333333 0 0.6671875 0.007407407407407408 0.6625 0.007407407407407408 0.6614583333333334 0.004629629629629629 0.6567708333333333 0.004629629629629629 0.6510416666666666 0 0.6395833333333333 0 0.6375 0.002777777777777778 0.6151041666666667 0 0.596875 0.005555555555555556 0.5385416666666667 0.005555555555555556 0.5276041666666667 0 0.5135416666666667 0 0.5125 0.002777777777777778 0.5098958333333333 0 0.4875 0 0.47708333333333336 0.004629629629629629 0.45625 0.002777777777777778 0.44479166666666664 0.009259259259259259 0.4322916666666667 0.002777777777777778 0.43125 0 0.4140625 0 0.4078125 0.004629629629629629 0.4041666666666667 0.012037037037037037 0.4005208333333333 0.007407407407407408 0.39791666666666664 0.010185185185185186 0.39166666666666666 0.007407407407407408 0.378125 0.018518518518518517 0.3619791666666667 0.018518518518518517 0.35625 0.014814814814814815 0.35572916666666665 0.010185185185185186 0.3515625 0.005555555555555556 0.3385416666666667 0 0.2942708333333333 0 0.29322916666666665 0.002777777777777778 0.2791666666666667 0 0.27708333333333335 0.004629629629629629 0.275 0.028703703703703703
3 0.7572916666666667 0.8564814814814815 0.75625 0.8888888888888888 0.753125 0.9027777777777778 0.7536458333333333 0.9092592592592592 0.7515625 0.9138888888888889 0.7505208333333333 0.9324074074074075 0.7442708333333333 0.9555555555555556 0.7432291666666667 0.975 0.7385416666666667 0.9925925925925926 0.7401041666666667 0.9981481481481481 0.9098958333333333 0.9981481481481481 0.9166666666666666 0.9962962962962963 0.9177083333333333 0.9935185185185185 0.9140625 0.987037037037037 0.9067708333333333 0.9824074074074074 0.9041666666666667 0.975925925925926 0.9 0.9731481481481481 0.8911458333333333 0.9564814814814815 0.8817708333333333 0.9527777777777777 0.8744791666666667 0.9351851851851852 0.8682291666666667 0.9324074074074075 0.8609375 0.9166666666666666 0.8520833333333333 0.9138888888888889 0.84375 0.8981481481481481 0.8447916666666667 0.8870370370370371 0.8390625 0.8777777777777778 0.8322916666666667 0.8574074074074074 0.8291666666666667 0.8351851851851851 0.8208333333333333 0.8212962962962963 0.815625 0.7916666666666666 0.8083333333333333 0.7824074074074074 0.8046875 0.7712962962962963 0.7947916666666667 0.774074074074074 0.7848958333333333 0.7981481481481482 0.7692708333333333 0.8138888888888889 0.7572916666666667 0.8564814814814815
3 0.8666666666666667 0.6888888888888889 0.8661458333333333 0.6962962962962963 0.8682291666666667 0.6981481481481482 0.8697916666666666 0.7074074074074074 0.8828125 0.7305555555555555 0.8916666666666667 0.7398148148148148 0.8989583333333333 0.7592592592592593 0.90625 0.7666666666666667 0.9203125 0.7935185185185185 0.9244791666666666 0.7944444444444444 0.925 0.8 0.9296875 0.8046296296296296 0.9473958333333333 0.8092592592592592 0.9546875 0.8194444444444444 0.9583333333333334 0.8407407407407408 0.9651041666666667 0.8527777777777777 0.9692708333333333 0.8657407407407407 0.975 0.8722222222222222 0.9875 0.9166666666666666 0.9911458333333333 0.9212962962962963 0.9911458333333333 0.925 0.9953125 0.9277777777777778 0.9963541666666667 0.9435185185185185 0.9979166666666667 0.950925925925926 0.9994791666666667 0.950925925925926 0.9994791666666667 0.9462574074074074 0.9973958333333334 0.9481481481481482 0.9994791666666667 0.9415888888888889 0.9994791666666667 0.5074074074074074 0.99375 0.5101851851851852 0.9911458333333333 0.5148148148148148 0.9833333333333333 0.5305555555555556 0.9739583333333334 0.5574074074074075 0.9671875 0.5638888888888889 0.9515625 0.5694444444444444 0.9411458333333333 0.5851851851851851 0.9072916666666667 0.6212962962962963 0.875 0.6694444444444444 0.8666666666666667 0.6888888888888889