4 0.7046875 0.3074074074074074 0.7052083333333333 0.3138888888888889 0.7036458333333333 0.31851851851851853 0.7057291666666666 0.32314814814814813 0.7098958333333333 0.3212962962962963 0.7140625 0.3111111111111111 0.7166666666666667 0.30925925925925923 0.7192708333333333 0.2916666666666667 0.7177083333333333 0.28055555555555556 0.7083333333333334 0.28703703703703703 0.7046875 0.3074074074074074
4 0.0020833333333333333 0.2712962962962963 0.0020833333333333333 0.2814814814814815 0 0.28703703703703703 0 0.33240740740740743 0.0020833333333333333 0.3416666666666667 0.0015625 0.3638888888888889 0 0.3648148148148148 0.0015625 0.3731481481481482 0.0015625 0.38425925925925924 0 0.3851851851851852 0.0015625 0.41203703703703703 0 0.41388888888888886 0 0.42314814814814816 0.0015625 0.42592592592592593 0.0020833333333333333 0.43796296296296294 0.0015625 0.4527777777777778 0 0.4546296296296296 0 0.4824074074074074 0.0015625 0.4861111111111111 0 0.5101851851851852 0.0015625 0.5111111111111111 0.0020833333333333333 0.5185185185185185 0.0015625 0.5370370370370371 0 0.5388888888888889 0.0015625 0.5425925925925926 0.0015625 0.5703703703703704 0 0.5731481481481482 0 0.6574074074074074 0.0020833333333333333 0.6694444444444444 0.0015625 0.687037037037037 0.005208333333333333 0.6990740740740741 0.0078125 0.6962962962962963 0.015104166666666667 0.6962962962962963 0.03229166666666667 0.6694444444444444 0.05677083333333333 0.6712962962962963 0.0640625 0.6685185185185185 0.07604166666666666 0.6574074074074074 0.08072916666666667 0.6509259259259259 0.0859375 0.6351851851851852 0.09166666666666666 0.5944444444444444 0.08958333333333333 0.5907407407407408 0.08697916666666666 0.5712962962962963 0.08333333333333333 0.562037037037037 0.08020833333333334 0.5388888888888889 0.07552083333333333 0.5277777777777778 0.06822916666666666 0.48518518518518516 0.058854166666666666 0.45555555555555555 0.05625 0.43425925925925923 0.051041666666666666 0.412962962962963 0.0515625 0.4027777777777778 0.05 0.3962962962962963 0.0515625 0.39351851851851855 0.05 0.3824074074074074 0.04583333333333333 0.37777777777777777 0.041666666666666664 0.35833333333333334 0.0390625 0.35462962962962963 0.034375 0.33055555555555555 0.03125 0.32407407407407407 0.029166666666666667 0.3074074074074074 0.0234375 0.2935185185185185 0.019270833333333334 0.28888888888888886 0.0140625 0.275 0.009895833333333333 0.26944444444444443 0.004166666666666667 0.26851851851851855 0.0020833333333333333 0.2712962962962963
4 0.7234375 0.23333333333333334 0.7223958333333333 0.25 0.7203125 0.2564814814814815 0.7234375 0.2638888888888889 0.7213541666666666 0.26666666666666666 0.7166666666666667 0.26666666666666666 0.7166666666666667 0.2712962962962963 0.7244791666666667 0.2712962962962963 0.7239583333333334 0.2638888888888889 0.7260416666666667 0.25462962962962965 0.73125 0.25462962962962965 0.7333333333333333 0.23981481481481481 0.7322916666666667 0.23333333333333334 0.7375 0.22314814814814815 0.7375 0.2101851851851852 0.7328125 0.21388888888888888 0.728125 0.23055555555555557 0.7234375 0.23333333333333334
4 0.7377604166666667 0.2064814814814815 0.0005208333333333333 0.001851851851851852
4 0.94375 0 0.9083333333333333 0 0.9057291666666667 0.002777777777777778 0.8927083333333333 0 0.8255208333333334 0 0.8197916666666667 0.002777777777777778 0.8125 0.002777777777777778 0.8098958333333334 0 0.7916666666666666 0.002777777777777778 0.7822916666666667 0 0.71875 0 0.709375 0.002777777777777778 0.6510416666666666 0 0.5776041666666667 0.000925925925925926 0.58125 0.012962962962962963 0.5895833333333333 0.027777777777777776 0.609375 0.05092592592592592 0.6125 0.05925925925925926 0.6307291666666667 0.07962962962962963 0.6390625 0.09351851851851851 0.66875 0.12777777777777777 0.6927083333333334 0.14629629629629629 0.7104166666666667 0.16666666666666666 0.7010416666666667 0.17592592592592593 0.6838541666666667 0.18518518518518517 0.6703125 0.1962962962962963 0.6552083333333333 0.21851851851851853 0.6442708333333333 0.24814814814814815 0.64375 0.25462962962962965 0.6390625 0.2638888888888889 0.6401041666666667 0.29814814814814816 0.6520833333333333 0.31666666666666665 0.665625 0.32592592592592595 0.6770833333333334 0.32592592592592595 0.6854166666666667 0.3194444444444444 0.6875 0.3101851851851852 0.69375 0.2962962962962963 0.7260416666666667 0.32314814814814813 0.725 0.33240740740740743 0.7208333333333333 0.3435185185185185 0.721875 0.34814814814814815 0.7375 0.3574074074074074 0.75 0.34629629629629627 0.75625 0.337037037037037 0.7729166666666667 0.32592592592592595 0.7776041666666667 0.31851851851851853 0.7796875 0.31851851851851853 0.7828125 0.31203703703703706 0.7979166666666667 0.29814814814814816 0.8140625 0.2759259259259259 0.8166666666666667 0.275 0.8317708333333333 0.25092592592592594 0.8338541666666667 0.25092592592592594 0.8427083333333333 0.2388888888888889 0.8473958333333333 0.23703703703703705 0.853125 0.22777777777777777 0.8619791666666666 0.21944444444444444 0.8880208333333334 0.16944444444444445 0.8979166666666667 0.16018518518518518 0.9005208333333333 0.1527777777777778 0.90625 0.14629629629629629 0.9078125 0.13518518518518519 0.9109375 0.13425925925925927 0.9166666666666666 0.125 0.9255208333333333 0.11666666666666667 0.9239583333333333 0.11203703703703703 0.9291666666666667 0.10277777777777777 0.9317708333333333 0.08888888888888889 0.9416666666666667 0.07314814814814814 0.940625 0.06851851851851852 0.94375 0.06018518518518518 0.9442708333333333 0.03888888888888889 0.9484375 0.03425925925925926 0.946875 0.009259259259259259 0.9484375 0.004629629629629629 0.9442708333333333 0.002777777777777778 0.94375 0
1 0.5078125 0.7416666666666667 0.50625 0.7685185185185185 0.5078125 0.7777777777777778 0.5130208333333334 0.7898148148148149 0.5135416666666667 0.7962962962962963 0.5104166666666666 0.8592592592592593 0.5213541666666667 0.8703703703703703 0.5328125 0.8916666666666667 0.5348958333333333 0.8916666666666667 0.5484375 0.9101851851851852 0.5536458333333333 0.937962962962963 0.5546875 0.9527777777777777 0.5588541666666667 0.9666666666666667 0.5625 0.9712962962962963 0.5640625 0.9796296296296296 0.5708333333333333 0.9935185185185185 0.5875 0.9962962962962963 0.6005208333333333 0.9935185185185185 0.7192708333333333 0.9935185185185185 0.7229166666666667 0.987037037037037 0.7234375 0.9666666666666667 0.7171875 0.9268518518518518 0.7171875 0.8962962962962963 0.7135416666666666 0.887962962962963 0.7067708333333333 0.8611111111111112 0.70625 0.8074074074074075 0.7 0.7888888888888889 0.6994791666666667 0.7777777777777778 0.6927083333333334 0.7527777777777778 0.6890625 0.7453703703703703 0.6854166666666667 0.7231481481481481 0.6828125 0.7194444444444444 0.675 0.6916666666666667 0.6697916666666667 0.687037037037037 0.6682291666666667 0.6777777777777778 0.6703125 0.6694444444444444 0.6619791666666667 0.6648148148148149 0.665625 0.6592592592592592 0.65 0.6527777777777778 0.6182291666666667 0.6527777777777778 0.6083333333333333 0.6555555555555556 0.5145833333333333 0.6435185185185185 0.5140625 0.6953703703703704 0.5119791666666667 0.7037037037037037 0.5104166666666666 0.7342592592592593 0.5078125 0.7416666666666667
1 0.66875 0.5305555555555556 0.6671875 0.5462962962962963 0.671875 0.5435185185185185 0.671875 0.5398148148148149 0.6786458333333333 0.5296296296296297 0.684375 0.512962962962963 0.6916666666666667 0.5046296296296297 0.6911458333333333 0.5027777777777778 0.6885416666666667 0.5009259259259259 0.6885416666666667 0.5074074074074074 0.6854166666666667 0.5055555555555555 0.6838541666666667 0.5138888888888888 0.68125 0.5101851851851852 0.6807291666666667 0.5166666666666667 0.675 0.5185185185185185 0.66875 0.5305555555555556
1 0.6916666666666667 0.4842592592592593 0.6895833333333333 0.4935185185185185 0.6927083333333334 0.4981481481481482 0.7098958333333333 0.48703703703703705 0.7130208333333333 0.47314814814814815 0.7125 0.462037037037037 0.7104166666666667 0.45925925925925926 0.7020833333333333 0.462037037037037 0.6984375 0.4740740740740741 0.6953125 0.4759259259259259 0.696875 0.48055555555555557 0.6916666666666667 0.4842592592592593
1 0.42239583333333336 0.18333333333333332 0.43125 0.20925925925925926 0.43125 0.2175925925925926 0.4390625 0.22962962962962963 0.4479166666666667 0.23703703703703705 0.46875 0.28425925925925927 0.4703125 0.29814814814814816 0.46875 0.3314814814814815 0.46979166666666666 0.337037037037037 0.48020833333333335 0.3574074074074074 0.48333333333333334 0.3851851851851852 0.4869791666666667 0.4009259259259259 0.4875 0.42592592592592593 0.49166666666666664 0.4351851851851852 0.4973958333333333 0.44166666666666665 0.5078125 0.47129629629629627 0.5057291666666667 0.5074074074074074 0.5 0.5388888888888889 0.5020833333333333 0.549074074074074 0.5046875 0.5527777777777778 0.5098958333333333 0.5527777777777778 0.5135416666666667 0.5574074074074075 0.5208333333333334 0.5601851851851852 0.5296875 0.5601851851851852 0.5557291666666667 0.5712962962962963 0.5796875 0.5777777777777777 0.58125 0.5824074074074074 0.5869791666666667 0.5851851851851851 0.6098958333333333 0.5851851851851851 0.6255208333333333 0.5962962962962963 0.6364583333333333 0.5981481481481481 0.65 0.6055555555555555 0.6552083333333333 0.6046296296296296 0.6598958333333333 0.5935185185185186 0.6630208333333333 0.5916666666666667 0.6635416666666667 0.5740740740740741 0.6609375 0.5685185185185185 0.653125 0.5675925925925925 0.6520833333333333 0.562962962962963 0.6536458333333334 0.5601851851851852 0.65 0.5555555555555556 0.6473958333333333 0.5453703703703704 0.6432291666666666 0.5435185185185185 0.6364583333333333 0.5462962962962963 0.6328125 0.5435185185185185 0.63125 0.5388888888888889 0.6348958333333333 0.5185185185185185 0.6369791666666667 0.5148148148148148 0.6369791666666667 0.5018518518518519 0.6395833333333333 0.4981481481481482 0.64375 0.4759259259259259 0.6479166666666667 0.4666666666666667 0.6473958333333333 0.44814814814814813 0.6453125 0.44722222222222224 0.64375 0.4388888888888889 0.6395833333333333 0.43703703703703706 0.6421875 0.4305555555555556 0.6369791666666667 0.41574074074074074 0.6369791666666667 0.40925925925925927 0.6317708333333333 0.3907407407407407 0.63125 0.34814814814814815 0.6270833333333333 0.33425925925925926 0.625 0.3111111111111111 0.6244791666666667 0.2898148148148148 0.6260416666666667 0.275 0.6197916666666666 0.26296296296296295 0.6161458333333333 0.24444444444444444 0.60625 0.22962962962962963 0.6036458333333333 0.21203703703703702 0.5989583333333334 0.1962962962962963 0.5958333333333333 0.1935185185185185 0.5927083333333333 0.17777777777777778 0.5854166666666667 0.17592592592592593 0.5729166666666666 0.17777777777777778 0.5703125 0.18055555555555555 0.565625 0.17592592592592593 0.5515625 0.17777777777777778 0.5473958333333333 0.17407407407407408 0.5385416666666667 0.17314814814814813 0.5333333333333333 0.17592592592592593 0.5203125 0.17407407407407408 0.515625 0.17777777777777778 0.50625 0.17777777777777778 0.5046875 0.1824074074074074 0.49947916666666664 0.1824074074074074 0.4947916666666667 0.17407407407407408 0.49270833333333336 0.17407407407407408 0.4869791666666667 0.17962962962962964 0.4671875 0.17777777777777778 0.4661458333333333 0.18055555555555555 0.4557291666666667 0.18055555555555555 0.45416666666666666 0.17777777777777778 0.4432291666666667 0.17777777777777778 0.43802083333333336 0.18425925925925926 0.4354166666666667 0.18425925925925926 0.43333333333333335 0.17777777777777778 0.4265625 0.17777777777777778 0.42239583333333336 0.18333333333333332
3 0.0020833333333333333 0.26666666666666666 0 0.26851851851851855 0 0.3435185185185185 0.0015625 0.34629629629629627 0 0.35462962962962963 0 0.40555555555555556 0.0015625 0.4074074074074074 0 0.41203703703703703 0 0.5546296296296296 0.0015625 0.5574074074074075 0 0.562037037037037 0 0.6074074074074074 0.0015625 0.6111111111111112 0 0.6166666666666667 0 0.6648148148148149 0.0015625 0.6666666666666666 0 0.6731481481481482 0 0.6916666666666667 0.004166666666666667 0.7027777777777777 0.007291666666666667 0.7027777777777777 0.01875 0.6935185185185185 0.03229166666666667 0.6712962962962963 0.058854166666666666 0.6712962962962963 0.06666666666666667 0.6685185185185185 0.07447916666666667 0.6601851851851852 0.08072916666666667 0.6509259259259259 0.08645833333333333 0.6351851851851852 0.09114583333333333 0.6101851851851852 0.0921875 0.5935185185185186 0.09114583333333333 0.5824074074074074 0.08333333333333333 0.5592592592592592 0.08072916666666667 0.5388888888888889 0.075 0.5222222222222223 0.07447916666666667 0.5120370370370371 0.0671875 0.47962962962962963 0.0578125 0.44722222222222224 0.05572916666666667 0.4305555555555556 0.05260416666666667 0.42314814814814816 0.0484375 0.38333333333333336 0.050520833333333334 0.375 0.04635416666666667 0.3731481481481482 0.043229166666666666 0.3638888888888889 0.034895833333333334 0.33055555555555555 0.0328125 0.3277777777777778 0.028645833333333332 0.30277777777777776 0.0125 0.2712962962962963 0.0020833333333333333 0.26666666666666666
3 0.9411458333333333 0 0.9098958333333333 0 0.9057291666666667 0.002777777777777778 0.8953125 0 0.8255208333333334 0 0.8151041666666666 0.004629629629629629 0.8083333333333333 0 0.7916666666666666 0.002777777777777778 0.7807291666666667 0 0.5786458333333333 0.000925925925925926 0.5817708333333333 0.012037037037037037 0.5901041666666667 0.027777777777777776 0.6041666666666666 0.04351851851851852 0.61875 0.06666666666666667 0.6302083333333334 0.07777777777777778 0.6395833333333333 0.09351851851851851 0.6671875 0.125 0.6859375 0.1398148148148148 0.6875 0.14351851851851852 0.6901041666666666 0.14351851851851852 0.7119791666666667 0.1675925925925926 0.6770833333333334 0.18981481481481483 0.6640625 0.20277777777777778 0.65625 0.21574074074074073 0.6510416666666666 0.22592592592592592 0.64375 0.25462962962962965 0.6395833333333333 0.262037037037037 0.6395833333333333 0.2972222222222222 0.6515625 0.31666666666666665 0.6661458333333333 0.3277777777777778 0.6760416666666667 0.3277777777777778 0.6859375 0.32222222222222224 0.69375 0.3 0.6979166666666666 0.28055555555555556 0.7072916666666667 0.28703703703703703 0.7041666666666667 0.31296296296296294 0.7 0.31666666666666665 0.7010416666666667 0.32222222222222224 0.7046875 0.32592592592592595 0.7088541666666667 0.32592592592592595 0.7130208333333333 0.3212962962962963 0.7182291666666667 0.3074074074074074 0.7265625 0.31666666666666665 0.725 0.3277777777777778 0.7197916666666667 0.3416666666666667 0.7197916666666667 0.34814814814814815 0.7229166666666667 0.34814814814814815 0.7375 0.36018518518518516 0.7526041666666666 0.34444444444444444 0.7567708333333333 0.337037037037037 0.7739583333333333 0.32592592592592595 0.7880208333333333 0.3074074074074074 0.7932291666666667 0.30462962962962964 0.8177083333333334 0.275 0.83125 0.25277777777777777 0.8359375 0.25092592592592594 0.8453125 0.23703703703703705 0.8479166666666667 0.23703703703703705 0.8578125 0.22407407407407406 0.8609375 0.22314814814814815 0.8875 0.1712962962962963 0.8963541666666667 0.16203703703703703 0.9015625 0.15092592592592594 0.9057291666666667 0.14814814814814814 0.9078125 0.13703703703703704 0.9125 0.13425925925925927 0.9192708333333334 0.12314814814814815 0.925 0.11851851851851852 0.9265625 0.11481481481481481 0.925 0.1111111111111111 0.9296875 0.10555555555555556 0.9333333333333333 0.08981481481481482 0.9421875 0.07314814814814814 0.9416666666666667 0.06944444444444445 0.9447916666666667 0.062037037037037036 0.9447916666666667 0.05648148148148148 0.9489583333333333 0.046296296296296294 0.9505208333333334 0.025925925925925925 0.9494791666666667 0.014814814814814815 0.946875 0.004629629629629629 0.9411458333333333 0