4 0.6307291666666667 0.5388888888888889 0.6546875 0.5555555555555556 0.7041666666666667 0.575925925925926 0.7317708333333334 0.5787037037037037 0.771875 0.5935185185185186 0.7848958333333333 0.5898148148148148 0.7958333333333333 0.5962962962962963 0.8223958333333333 0.6027777777777777 0.834375 0.6101851851851852 0.8557291666666667 0.6083333333333333 0.8927083333333333 0.6203703703703703 0.9239583333333333 0.625 0.9994791666666667 0.6564814814814814 0.9994791666666667 0.8009259259259259 0.996875 0.8027777777777778 0.9994791666666667 0.8101851851851852 0.9994791666666667 0.8194444444444444 0.9973958333333334 0.8203703703703704 0.9953125 0.8296296296296296 0.9963541666666667 0.8351851851851851 0.9994791666666667 0.8379629629629629 0.9994791666666667 0.9962962962962963 0.9942708333333333 0.9990740740740741 0.9697916666666667 0.9990740740740741 0.9619791666666667 0.9962962962962963 0.8796875 0.9990740740740741 0.8776041666666666 0.9962962962962963 0.8453125 0.9972222222222222 0.8338541666666667 0.9944444444444445 0.8166666666666667 0.9592592592592593 0.7979166666666667 0.9333333333333333 0.7557291666666667 0.8583333333333333 0.7578125 0.8453703703703703 0.7734375 0.8388888888888889 0.7864583333333334 0.8398148148148148 0.8036458333333333 0.85 0.8109375 0.850925925925926 0.8239583333333333 0.8277777777777777 0.8255208333333334 0.8148148148148148 0.8208333333333333 0.8064814814814815 0.7666666666666667 0.775 0.7463541666666667 0.7675925925925926 0.7291666666666666 0.7472222222222222 0.7135416666666666 0.7416666666666667 0.7026041666666667 0.7324074074074074 0.6510416666666666 0.6768518518518518 0.6098958333333333 0.6527777777777778 0.6067708333333334 0.6574074074074074 0.6182291666666667 0.7138888888888889 0.6333333333333333 0.7509259259259259 0.6463541666666667 0.7777777777777778 0.65625 0.7925925925925926 0.6598958333333333 0.8027777777777778 0.6703125 0.8175925925925925 0.6880208333333333 0.8518518518518519 0.7067708333333333 0.875 0.7239583333333334 0.9055555555555556 0.7375 0.9138888888888889 0.740625 0.924074074074074 0.7458333333333333 0.9277777777777778 0.746875 0.9314814814814815 0.74375 0.9351851851851852 0.7458333333333333 0.9388888888888889 0.740625 0.9453703703703704 0.7463541666666667 0.9490740740740741 0.7484375 0.9592592592592593 0.7625 0.9685185185185186 0.7729166666666667 0.9675925925925926 0.7817708333333333 0.9777777777777777 0.7864583333333334 0.9796296296296296 0.7911458333333333 0.9898148148148148 0.7958333333333333 0.9944444444444445 0.7552083333333334 0.9944444444444445 0.7348958333333333 0.9990740740740741 0.6630208333333333 0.9944444444444445 0.6458333333333334 0.9777777777777777 0.6276041666666666 0.9537037037037037 0.6072916666666667 0.9324074074074075 0.5984375 0.9185185185185185 0.5869791666666667 0.8870370370370371 0.5802083333333333 0.8759259259259259 0.578125 0.862037037037037 0.5625 0.825 0.5625 0.8203703703703704 0.5536458333333333 0.7944444444444444 0.5484375 0.7518518518518519 0.5473958333333333 0.7101851851851851 0.5348958333333333 0.6611111111111111 0.5328125 0.6435185185185185 0.5328125 0.6175925925925926 0.5354166666666667 0.5981481481481481 0.5463541666666667 0.5842592592592593 0.553125 0.5805555555555556 0.5708333333333333 0.5814814814814815 0.575 0.5768518518518518 0.584375 0.5564814814814815 0.5942708333333333 0.5462962962962963 0.6052083333333333 0.5398148148148149 0.615625 0.5361111111111111 0.6302083333333334 0.5388888888888889
4 0.04479166666666667 0 0.06822916666666666 0 0.07864583333333333 0.003703703703703704 0.090625 0.002777777777777778 0.09270833333333334 0 0.1125 0 0.121875 0.004629629629629629 0.16927083333333334 0.004629629629629629 0.18177083333333333 0 0.21770833333333334 0.003703703703703704 0.2203125 0 0.22604166666666667 0.003703703703703704 0.24166666666666667 0.003703703703703704 0.24739583333333334 0.011111111111111112 0.2515625 0.003703703703703704 0.2875 0.003703703703703704 0.29635416666666664 0 0.3125 0.003703703703703704 0.3182291666666667 0.003703703703703704 0.3223958333333333 0 0.46197916666666666 0.003703703703703704 0.4703125 0.022222222222222223 0.4734375 0.03611111111111111 0.4734375 0.05740740740740741 0.48072916666666665 0.08333333333333333 0.48072916666666665 0.08796296296296297 0.47760416666666666 0.08981481481481482 0.4765625 0.09537037037037037 0.48072916666666665 0.09444444444444444 0.484375 0.1037037037037037 0.48385416666666664 0.12037037037037036 0.48541666666666666 0.13055555555555556 0.48333333333333334 0.13703703703703704 0.4875 0.14722222222222223 0.4890625 0.16296296296296298 0.4875 0.24444444444444444 0.484375 0.25462962962962965 0.48802083333333335 0.25833333333333336 0.48854166666666665 0.2796296296296296 0.4875 0.2833333333333333 0.484375 0.2833333333333333 0.47708333333333336 0.29259259259259257 0.46927083333333336 0.2953703703703704 0.46822916666666664 0.3 0.4635416666666667 0.30185185185185187 0.45989583333333334 0.30925925925925923 0.453125 0.3074074074074074 0.45416666666666666 0.28888888888888886 0.45 0.2851851851851852 0.44895833333333335 0.27870370370370373 0.44947916666666665 0.2722222222222222 0.45364583333333336 0.2638888888888889 0.4390625 0.24351851851851852 0.4390625 0.23425925925925925 0.43697916666666664 0.22870370370370371 0.4390625 0.20185185185185187 0.4421875 0.1935185185185185 0.4390625 0.18888888888888888 0.4359375 0.175 0.43385416666666665 0.14166666666666666 0.4354166666666667 0.12222222222222222 0.4203125 0.09814814814814815 0.4234375 0.08518518518518518 0.42135416666666664 0.06666666666666667 0.41458333333333336 0.06574074074074074 0.40729166666666666 0.05740740740740741 0.4005208333333333 0.040740740740740744 0.39010416666666664 0.04351851851851852 0.38697916666666665 0.05185185185185185 0.3880208333333333 0.06666666666666667 0.3848958333333333 0.07407407407407407 0.384375 0.08425925925925926 0.3875 0.09074074074074075 0.38697916666666665 0.10185185185185185 0.39010416666666664 0.10925925925925926 0.3854166666666667 0.12962962962962962 0.3890625 0.15 0.39114583333333336 0.18796296296296297 0.390625 0.20277777777777778 0.3880208333333333 0.2064814814814815 0.3875 0.21203703703703702 0.39010416666666664 0.21296296296296297 0.39166666666666666 0.21944444444444444 0.3927083333333333 0.2388888888888889 0.39114583333333336 0.25833333333333336 0.39375 0.27314814814814814 0.38645833333333335 0.275 0.3848958333333333 0.28055555555555556 0.39010416666666664 0.2935185185185185 0.3932291666666667 0.2851851851851852 0.39427083333333335 0.28703703703703703 0.39375 0.2972222222222222 0.39739583333333334 0.30462962962962964 0.39739583333333334 0.3101851851851852 0.3953125 0.3138888888888889 0.39791666666666664 0.32037037037037036 0.39739583333333334 0.34814814814814815 0.3890625 0.3611111111111111 0.38333333333333336 0.36574074074074076 0.37447916666666664 0.36666666666666664 0.3609375 0.35462962962962963 0.3578125 0.34814814814814815 0.35625 0.3194444444444444 0.3536458333333333 0.3101851851851852 0.35052083333333334 0.30648148148148147 0.3458333333333333 0.2814814814814815 0.34322916666666664 0.22685185185185186 0.33541666666666664 0.1925925925925926 0.3359375 0.1787037037037037 0.3338541666666667 0.17777777777777778 0.3338541666666667 0.19537037037037036 0.32135416666666666 0.2064814814814815 0.3067708333333333 0.20277777777777778 0.30052083333333335 0.1962962962962963 0.29270833333333335 0.18333333333333332 0.2838541666666667 0.1537037037037037 0.278125 0.14351851851851852 0.26927083333333335 0.09907407407407408 0.265625 0.09351851851851851 0.2635416666666667 0.09444444444444444 0.2625 0.09907407407407408 0.265625 0.10740740740740741 0.26614583333333336 0.11574074074074074 0.2598958333333333 0.12407407407407407 0.2598958333333333 0.13240740740740742 0.25677083333333334 0.1398148148148148 0.25833333333333336 0.15185185185185185 0.2520833333333333 0.17314814814814813 0.2484375 0.17407407407407408 0.24479166666666666 0.16666666666666666 0.2375 0.16574074074074074 0.23645833333333333 0.1675925925925926 0.23854166666666668 0.1712962962962963 0.23125 0.175 0.240625 0.18333333333333332 0.24947916666666667 0.18055555555555555 0.25052083333333336 0.18703703703703703 0.24739583333333334 0.18888888888888888 0.24791666666666667 0.19537037037037036 0.25104166666666666 0.20462962962962963 0.25364583333333335 0.2064814814814815 0.2552083333333333 0.21481481481481482 0.25833333333333336 0.2101851851851852 0.25833333333333336 0.20555555555555555 0.2604166666666667 0.21296296296296297 0.2604166666666667 0.22037037037037038 0.2578125 0.22314814814814815 0.25729166666666664 0.22870370370370371 0.25885416666666666 0.23333333333333334 0.25677083333333334 0.24444444444444444 0.2578125 0.25462962962962965 0.2755208333333333 0.2712962962962963 0.28802083333333334 0.29074074074074074 0.2921875 0.3074074074074074 0.29270833333333335 0.34074074074074073 0.28854166666666664 0.3768518518518518 0.27395833333333336 0.4212962962962963 0.27291666666666664 0.475 0.2708333333333333 0.49166666666666664 0.259375 0.5398148148148149 0.24947916666666667 0.5657407407407408 0.2421875 0.6166666666666667 0.23072916666666668 0.6574074074074074 0.1953125 0.7064814814814815 0.14270833333333333 0.7518518518518519 0.0890625 0.7611111111111111 0.005208333333333333 0.7648148148148148 0 0.7620370370370371 0 0.49074074074074076 0.003125 0.48703703703703705 0.0026041666666666665 0.4685185185185185 0 0.4666666666666667 0 0.28055555555555556 0.0020833333333333333 0.2796296296296296 0.0020833333333333333 0.275 0 0.2722222222222222 0.003125 0.26851851851851855 0 0.26481481481481484 0.0020833333333333333 0.26296296296296295 0.003125 0.2537037037037037 0.0026041666666666665 0.2490740740740741 0 0.24722222222222223 0 0.20462962962962963 0.005729166666666666 0.19907407407407407 0 0.19722222222222222 0 0.18888888888888888 0.0026041666666666665 0.18425925925925926 0.0020833333333333333 0.17685185185185184 0 0.17592592592592593 0 0.1425925925925926 0.0020833333333333333 0.14074074074074075 0.0020833333333333333 0.13703703703703704 0 0.13518518518518519 0 0.12777777777777777 0.0020833333333333333 0.12685185185185185 0 0.12407407407407407 0 0.11666666666666667 0.0015625 0.11574074074074074 0 0.1111111111111111 0.0026041666666666665 0.10925925925925926 0.0036458333333333334 0.10185185185185185 0.008333333333333333 0.09722222222222222 0.0026041666666666665 0.08796296296296297 0.0046875 0.07777777777777778 0.0020833333333333333 0.07037037037037037 0.0026041666666666665 0.06481481481481481 0 0.06296296296296296 0 0.058333333333333334 0.0026041666666666665 0.05648148148148148 0.0020833333333333333 0.046296296296296294 0 0.04537037037037037 0 0.040740740740740744 0.0020833333333333333 0.03981481481481482 0 0.03888888888888889 0 0.012037037037037037 0.004166666666666667 0.004629629629629629 0.0265625 0.006481481481481481 0.04479166666666667 0.000925925925925926
4 0.6109375 0.5398148148148149 0.6307291666666667 0.5425925925925926 0.6354166666666666 0.549074074074074 0.640625 0.549074074074074 0.6442708333333333 0.5564814814814815 0.6505208333333333 0.5601851851851852 0.6713541666666667 0.5638888888888889 0.6765625 0.5694444444444444 0.6901041666666666 0.5712962962962963 0.70625 0.5805555555555556 0.7244791666666667 0.5796296296296296 0.7614583333333333 0.5944444444444444 0.7739583333333333 0.5972222222222222 0.7869791666666667 0.5944444444444444 0.8072916666666666 0.6037037037037037 0.8213541666666667 0.6046296296296296 0.834375 0.6129629629629629 0.85 0.6111111111111112 0.8916666666666667 0.6231481481481481 0.93125 0.6296296296296297 0.9947916666666666 0.6574074074074074 0.9947916666666666 0.7231481481481481 0.996875 0.7268518518518519 0.996875 0.7379629629629629 0.9927083333333333 0.7657407407407407 0.9953125 0.7712962962962963 0.9953125 0.7861111111111111 0.9895833333333334 0.7916666666666666 0.990625 0.7953703703703704 0.9942708333333333 0.7962962962962963 0.9875 0.8037037037037037 0.9822916666666667 0.8018518518518518 0.9807291666666667 0.8064814814814815 0.9838541666666667 0.8157407407407408 0.9890625 0.8166666666666667 0.9911458333333333 0.8351851851851851 0.9942708333333333 0.8379629629629629 0.9921875 0.8444444444444444 0.9953125 0.8481481481481481 0.9958333333333333 0.8685185185185185 0.9942708333333333 0.8740740740740741 0.9901041666666667 0.8768518518518519 0.9916666666666667 0.8796296296296297 0.9916666666666667 0.8898148148148148 0.9973958333333334 0.8935185185185185 0.9958333333333333 0.9046296296296297 0.990625 0.9074074074074074 0.9953125 0.9138888888888889 0.9947916666666666 0.9175925925925926 0.9973958333333334 0.9231481481481482 0.9947916666666666 0.9277777777777778 0.9942708333333333 0.9342592592592592 0.9916666666666667 0.9351851851851852 0.9942708333333333 0.937962962962963 0.996875 0.95 0.9947916666666666 0.9824074074074074 0.9958333333333333 0.9916666666666667 0.9947916666666666 0.9944444444444445 0.9911458333333333 0.9916666666666667 0.9890625 0.9953703703703703 0.8901041666666667 0.9953703703703703 0.8796875 0.9925925925925926 0.846875 0.9944444444444445 0.8395833333333333 0.9907407407407407 0.8239583333333333 0.9666666666666667 0.821875 0.9564814814814815 0.8229166666666666 0.9490740740740741 0.8166666666666667 0.9490740740740741 0.803125 0.9351851851851852 0.7947916666666667 0.9166666666666666 0.7859375 0.9064814814814814 0.7817708333333333 0.8944444444444445 0.7848958333333333 0.8898148148148148 0.7817708333333333 0.8842592592592593 0.7838541666666666 0.8796296296296297 0.7833333333333333 0.8759259259259259 0.7796875 0.8796296296296297 0.771875 0.8759259259259259 0.7666666666666667 0.8657407407407407 0.7848958333333333 0.8638888888888889 0.7864583333333334 0.8611111111111112 0.7791666666666667 0.8592592592592593 0.7791666666666667 0.8564814814814815 0.7838541666666666 0.8555555555555555 0.7854166666666667 0.8518518518518519 0.7880208333333333 0.8518518518518519 0.7875 0.8555555555555555 0.7895833333333333 0.8564814814814815 0.790625 0.8518518518518519 0.79375 0.8518518518518519 0.8026041666666667 0.8583333333333333 0.8104166666666667 0.8592592592592593 0.8135416666666667 0.8675925925925926 0.8161458333333333 0.8666666666666667 0.81875 0.862037037037037 0.8166666666666667 0.8546296296296296 0.8203125 0.8435185185185186 0.8276041666666667 0.8398148148148148 0.8291666666666667 0.8351851851851851 0.8276041666666667 0.8212962962962963 0.8296875 0.8175925925925925 0.8296875 0.8092592592592592 0.8276041666666667 0.8027777777777778 0.8145833333333333 0.7962962962962963 0.8114583333333333 0.7898148148148149 0.80625 0.7916666666666666 0.8036458333333333 0.7851851851851852 0.8 0.7851851851851852 0.796875 0.7805555555555556 0.7890625 0.7833333333333333 0.775 0.7759259259259259 0.765625 0.7583333333333333 0.7484375 0.7638888888888888 0.7447916666666666 0.7583333333333333 0.7432291666666667 0.75 0.7322916666666667 0.7444444444444445 0.7276041666666667 0.7388888888888889 0.7197916666666667 0.7379629629629629 0.6927083333333334 0.7185185185185186 0.6890625 0.7111111111111111 0.6614583333333334 0.6851851851851852 0.6578125 0.6796296296296296 0.6578125 0.6731481481481482 0.6557291666666667 0.6694444444444444 0.6505208333333333 0.6722222222222223 0.6270833333333333 0.6574074074074074 0.6223958333333334 0.6574074074074074 0.615625 0.6481481481481481 0.6067708333333334 0.6453703703703704 0.5953125 0.6342592592592593 0.59375 0.6361111111111111 0.5947916666666667 0.6398148148148148 0.6041666666666666 0.6537037037037037 0.6072916666666667 0.6787037037037037 0.6098958333333333 0.6861111111111111 0.6088541666666667 0.6953703703703704 0.6130208333333333 0.6990740740740741 0.6145833333333334 0.7129629629629629 0.6229166666666667 0.7305555555555555 0.625 0.7518518518518519 0.6317708333333333 0.7583333333333333 0.6328125 0.7666666666666667 0.63125 0.7685185185185185 0.6369791666666667 0.7703703703703704 0.64375 0.7777777777777778 0.6442708333333333 0.7833333333333333 0.6505208333333333 0.7888888888888889 0.6541666666666667 0.7962962962962963 0.6526041666666667 0.8055555555555556 0.6546875 0.8101851851851852 0.6671875 0.8175925925925925 0.6708333333333333 0.8314814814814815 0.6739583333333333 0.8342592592592593 0.6708333333333333 0.8379629629629629 0.671875 0.8398148148148148 0.6802083333333333 0.8453703703703703 0.6833333333333333 0.8527777777777777 0.6921875 0.8592592592592593 0.6958333333333333 0.8675925925925926 0.7026041666666667 0.8740740740740741 0.7083333333333334 0.8861111111111111 0.7083333333333334 0.8925925925925926 0.715625 0.8972222222222223 0.7526041666666666 0.9833333333333333 0.75 0.9916666666666667 0.7453125 0.9944444444444445 0.7010416666666667 0.9953703703703703 0.6645833333333333 0.9916666666666667 0.65 0.9787037037037037 0.6166666666666667 0.937037037037037 0.6088541666666667 0.9305555555555556 0.5927083333333333 0.8981481481481481 0.5916666666666667 0.8898148148148148 0.584375 0.8759259259259259 0.5817708333333333 0.8657407407407407 0.5833333333333334 0.8629629629629629 0.5776041666666667 0.8546296296296296 0.5583333333333333 0.799074074074074 0.5536458333333333 0.7648148148148148 0.55 0.7518518518518519 0.5484375 0.7083333333333334 0.5364583333333334 0.6601851851851852 0.5338541666666666 0.6361111111111111 0.5359375 0.6018518518518519 0.546875 0.587037037037037 0.553125 0.5833333333333334 0.5723958333333333 0.5833333333333334 0.5802083333333333 0.5703703703703704 0.5817708333333333 0.5638888888888889 0.5942708333333333 0.5481481481481482 0.6104166666666667 0.5398148148148149
4 0.8151041666666666 0.23703703703703705 0.8354166666666667 0.25555555555555554 0.8395833333333333 0.2564814814814815 0.8421875 0.25277777777777777 0.8421875 0.2574074074074074 0.8453125 0.2611111111111111 0.8598958333333333 0.2574074074074074 0.8588541666666667 0.2657407407407407 0.8604166666666667 0.27037037037037037 0.8807291666666667 0.2722222222222222 0.8729166666666667 0.2833333333333333 0.8828125 0.29074074074074074 0.8859375 0.2898148148148148 0.8869791666666667 0.2861111111111111 0.8901041666666667 0.2916666666666667 0.8963541666666667 0.2898148148148148 0.9005208333333333 0.2935185185185185 0.9052083333333333 0.30648148148148147 0.9114583333333334 0.3148148148148148 0.9244791666666666 0.3212962962962963 0.9286458333333333 0.32037037037037036 0.9270833333333334 0.33425925925925926 0.9359375 0.34444444444444444 0.9416666666666667 0.35648148148148145 0.9614583333333333 0.3731481481481482 0.9697916666666667 0.38425925925925924 0.9744791666666667 0.3861111111111111 0.9807291666666667 0.39814814814814814 0.9859375 0.3990740740740741 0.9953125 0.4101851851851852 0.9958333333333333 0.41759259259259257 0.9994791666666667 0.4212962962962963 0.9994791666666667 0.5046296296296297 0.9947916666666666 0.5120370370370371 0.9963541666666667 0.5194444444444445 0.9994791666666667 0.5222222222222223 0.9994791666666667 0.5722222222222222 0.9963541666666667 0.575 0.9947916666666666 0.5814814814814815 0.99375 0.6018518518518519 0.9947916666666666 0.6129629629629629 0.9994791666666667 0.6212962962962963 0.9994791666666667 0.649074074074074 0.9875 0.6472222222222223 0.9744791666666667 0.6388888888888888 0.9661458333333334 0.637962962962963 0.9458333333333333 0.6268518518518519 0.921875 0.6194444444444445 0.8953125 0.6166666666666667 0.8505208333333333 0.6018518518518519 0.834375 0.6046296296296296 0.8229166666666666 0.5981481481481481 0.7984375 0.5935185185185186 0.7833333333333333 0.5833333333333334 0.7692708333333333 0.587037037037037 0.7354166666666667 0.5777777777777777 0.7255208333333333 0.5722222222222222 0.7026041666666667 0.5712962962962963 0.6958333333333333 0.5657407407407408 0.6796875 0.562037037037037 0.6682291666666667 0.5546296296296296 0.6520833333333333 0.55 0.640625 0.5388888888888889 0.625 0.5305555555555556 0.6135416666666667 0.5314814814814814 0.5984375 0.5398148148148149 0.5708333333333333 0.5064814814814815 0.5536458333333333 0.4925925925925926 0.5489583333333333 0.49166666666666664 0.5395833333333333 0.47962962962962963 0.5098958333333333 0.4537037037037037 0.4942708333333333 0.42685185185185187 0.46979166666666666 0.4064814814814815 0.45989583333333334 0.4064814814814815 0.4546875 0.40185185185185185 0.4484375 0.38333333333333336 0.44895833333333335 0.37592592592592594 0.46197916666666666 0.37222222222222223 0.4671875 0.3731481481481482 0.4671875 0.3768518518518518 0.47291666666666665 0.3768518518518518 0.47552083333333334 0.37222222222222223 0.4869791666666667 0.3685185185185185 0.5015625 0.35185185185185186 0.509375 0.3509259259259259 0.5291666666666667 0.33425925925925926 0.5328125 0.32037037037037036 0.5421875 0.3111111111111111 0.5885416666666666 0.2740740740740741 0.5989583333333334 0.2722222222222222 0.6411458333333333 0.2824074074074074 0.6791666666666667 0.2824074074074074 0.7005208333333334 0.2675925925925926 0.7161458333333334 0.2657407407407407 0.7463541666666667 0.24722222222222223 0.778125 0.23796296296296296 0.8145833333333333 0.23703703703703705
1 0.5109375 0.45925925925925926 0.51875 0.46296296296296297 0.5578125 0.4962962962962963 0.5786458333333333 0.5175925925925926 0.5911458333333334 0.5324074074074074 0.5932291666666667 0.537962962962963 0.5901041666666667 0.5435185185185185 0.5848958333333333 0.5425925925925926 0.5395833333333333 0.5037037037037037 0.515625 0.4703703703703704 0.5109375 0.4601851851851852
0 0.8505208333333333 0 0.8796875 0 0.8739583333333333 0.012962962962962963 0.8630208333333333 0.01574074074074074 0.8520833333333333 0.012037037037037037 0.8421875 0.022222222222222223 0.8380208333333333 0.023148148148148147 0.8208333333333333 0.05 0.8036458333333333 0.05 0.8036458333333333 0.046296296296296294 0.8078125 0.03981481481481482 0.8213541666666667 0.027777777777777776 0.8296875 0.024074074074074074 0.8432291666666667 0.010185185185185186 0.8453125 0.002777777777777778 0.8505208333333333 0.000925925925925926
0 0.7890625 0 0.8229166666666666 0 0.8208333333333333 0.007407407407407408 0.8010416666666667 0.023148148148148147 0.7963541666666667 0.018518518518518517 0.7890625 0.000925925925925926
0 0.8520833333333333 0 0.8765625 0 0.8697916666666666 0.012037037037037037 0.8520833333333333 0.012037037037037037 0.8364583333333333 0.025925925925925925 0.8276041666666667 0.04351851851851852 0.821875 0.05 0.8083333333333333 0.05277777777777778 0.803125 0.049074074074074076 0.8036458333333333 0.04351851851851852 0.8067708333333333 0.03888888888888889 0.8213541666666667 0.025925925925925925 0.8296875 0.023148148148148147 0.8317708333333333 0.018518518518518517 0.8416666666666667 0.011111111111111112 0.84375 0.002777777777777778 0.8520833333333333 0.000925925925925926
3 0.8651041666666667 0 0.99375 0 0.9869791666666666 0.011111111111111112 0.9854166666666667 0.018518518518518517 0.9723958333333333 0.03981481481481482 0.9484375 0.05555555555555555 0.9078125 0.09814814814814815 0.8942708333333333 0.10740740740740741 0.8802083333333334 0.10648148148148148 0.8692708333333333 0.10185185185185185 0.8625 0.09259259259259259 0.8567708333333334 0.07592592592592592 0.8557291666666667 0.05925925925925926 0.8578125 0.04814814814814815 0.8703125 0.011111111111111112 0.8697916666666666 0.007407407407407408 0.8625 0.005555555555555556 0.8651041666666667 0.000925925925925926
3 0.63125 0.5388888888888889 0.653125 0.5546296296296296 0.6817708333333333 0.5675925925925925 0.6932291666666667 0.5694444444444444 0.70625 0.5777777777777777 0.7307291666666667 0.5787037037037037 0.775 0.5944444444444444 0.7833333333333333 0.5898148148148148 0.7963541666666667 0.5981481481481481 0.8192708333333333 0.6018518518518519 0.834375 0.6101851851851852 0.8526041666666667 0.6083333333333333 0.8958333333333334 0.6222222222222222 0.9286458333333333 0.6268518518518519 0.9994791666666667 0.6574074074074074 0.9994791666666667 0.8203703703703704 0.9973958333333334 0.8212962962962963 0.9963541666666667 0.8287037037037037 0.996875 0.8351851851851851 0.9994791666666667 0.837037037037037 0.9994791666666667 0.9953703703703703 0.9390625 0.9962962962962963 0.9317708333333333 0.9990740740740741 0.88125 0.9990740740740741 0.878125 0.9962962962962963 0.834375 0.9944444444444445 0.8223958333333333 0.9694444444444444 0.8036458333333333 0.9425925925925925 0.7708333333333334 0.8851851851851852 0.7635416666666667 0.8759259259259259 0.7552083333333334 0.8564814814814815 0.7552083333333334 0.85 0.7583333333333333 0.8444444444444444 0.7755208333333333 0.8388888888888889 0.7875 0.8407407407407408 0.8109375 0.8527777777777777 0.825 0.825 0.825 0.8138888888888889 0.8223958333333333 0.8092592592592592 0.8161458333333333 0.8027777777777778 0.8010416666666667 0.7972222222222223 0.7770833333333333 0.7814814814814814 0.75 0.7722222222222223 0.7302083333333333 0.7490740740740741 0.7046875 0.7361111111111112 0.6515625 0.6777777777777778 0.6067708333333334 0.649074074074074 0.6046875 0.6509259259259259 0.6192708333333333 0.7157407407407408 0.6463541666666667 0.7768518518518519 0.6807291666666667 0.8351851851851851 0.6875 0.850925925925926 0.6989583333333333 0.8638888888888889 0.7192708333333333 0.8972222222222223 0.7229166666666667 0.9083333333333333 0.7333333333333333 0.925 0.7322916666666667 0.9287037037037037 0.7369791666666666 0.9435185185185185 0.7447916666666666 0.950925925925926 0.7515625 0.9629629629629629 0.7510416666666667 0.9796296296296296 0.7552083333333334 0.9879629629629629 0.7588541666666667 0.9824074074074074 0.7614583333333333 0.9861111111111112 0.7723958333333333 0.9861111111111112 0.7802083333333333 0.9944444444444445 0.7541666666666667 0.9944444444444445 0.7354166666666667 0.9990740740740741 0.6651041666666667 0.9944444444444445 0.6411458333333333 0.9712962962962963 0.6328125 0.9574074074074074 0.6260416666666667 0.9527777777777777 0.5994791666666667 0.9203703703703704 0.5885416666666666 0.8898148148148148 0.58125 0.8759259259259259 0.578125 0.8601851851851852 0.5625 0.8231481481481482 0.5557291666666667 0.8018518518518518 0.5484375 0.7527777777777778 0.5473958333333333 0.7092592592592593 0.534375 0.6555555555555556 0.5328125 0.6370370370370371 0.5338541666666666 0.6064814814814815 0.5364583333333334 0.5953703703703703 0.5463541666666667 0.5833333333333334 0.5739583333333333 0.5787037037037037 0.58125 0.5611111111111111 0.5942708333333333 0.5462962962962963 0.6151041666666667 0.5361111111111111 0.6307291666666667 0.5388888888888889
2 0.29270833333333335 0.39814814814814814 0.2869791666666667 0.41944444444444445 0.2791666666666667 0.42777777777777776 0.2791666666666667 0.4666666666666667 0.2760416666666667 0.4981481481481482 0.265625 0.5388888888888889 0.26614583333333336 0.5509259259259259 0.2640625 0.5537037037037037 0.2625 0.5824074074074074 0.25729166666666664 0.5944444444444444 0.2557291666666667 0.6138888888888889 0.2375 0.6583333333333333 0.23489583333333333 0.6777777777777778 0.2265625 0.6916666666666667 0.22083333333333333 0.6972222222222222 0.21302083333333333 0.6962962962962963 0.2046875 0.7027777777777777 0.1859375 0.7277777777777777 0.16614583333333333 0.7472222222222222 0.1578125 0.7611111111111111 0.15729166666666666 0.7759259259259259 0.1265625 0.8009259259259259 0.12291666666666666 0.799074074074074 0.09114583333333333 0.8055555555555556 0.05572916666666667 0.7888888888888889 0.016145833333333335 0.7805555555555556 0 0.7814814814814814 0 0.9990740740740741 0.6255208333333333 0.9990740740740741 0.6395833333333333 0.9935185185185185 0.6369791666666667 0.987037037037037 0.6296875 0.9833333333333333 0.6265625 0.9768518518518519 0.6104166666666667 0.9712962962962963 0.5572916666666666 0.8759259259259259 0.5546875 0.8416666666666667 0.5442708333333334 0.8 0.5427083333333333 0.7796296296296297 0.54375 0.7138888888888889 0.5322916666666667 0.6675925925925926 0.5182291666666666 0.6546296296296297 0.48333333333333334 0.6333333333333333 0.4234375 0.5888888888888889 0.3828125 0.5509259259259259 0.33489583333333334 0.47962962962962963 0.3072916666666667 0.43148148148148147 0.3015625 0.4185185185185185 0.2984375 0.40370370370370373
2 0.6 0.262037037037037 0.5994791666666667 0.26481481481481484 0.603125 0.26944444444444443 0.6328125 0.2777777777777778 0.675 0.2796296296296296 0.6859375 0.275 0.6963541666666667 0.2638888888888889 0.7182291666666667 0.2601851851851852 0.7411458333333333 0.24537037037037038 0.7776041666666667 0.23333333333333334 0.8072916666666666 0.23148148148148148 0.8239583333333333 0.21666666666666667 0.8401041666666667 0.20925925925925926 0.846875 0.21851851851851853 0.8677083333333333 0.22407407407407406 0.8729166666666667 0.22870370370370371 0.8869791666666667 0.2537037037037037 0.8911458333333333 0.25555555555555554 0.8994791666666667 0.26481481481481484 0.9046875 0.2759259259259259 0.9130208333333333 0.2824074074074074 0.9395833333333333 0.32222222222222224 0.9578125 0.33611111111111114 0.9604166666666667 0.34629629629629627 0.9692708333333333 0.3509259259259259 0.9739583333333334 0.36203703703703705 0.9947916666666666 0.38333333333333336 0.9994791666666667 0.38425925925925924 0.9994791666666667 0.06388888888888888 0.9666666666666667 0.05092592592592592 0.9583333333333334 0.06111111111111111 0.9348958333333334 0.07407407407407407 0.9260416666666667 0.08888888888888889 0.9067708333333333 0.1037037037037037 0.8973958333333333 0.11481481481481481 0.8661458333333333 0.10833333333333334 0.8583333333333333 0.0962962962962963 0.8557291666666667 0.08611111111111111 0.85 0.0787037037037037 0.8494791666666667 0.07314814814814814 0.8447916666666667 0.07407407407407407 0.703125 0.175 0.6994791666666667 0.1814814814814815 0.6875 0.18888888888888888 0.6859375 0.1935185185185185 0.66875 0.20277777777777778 0.6609375 0.21296296296296297 0.6145833333333334 0.2462962962962963
2 0.4942708333333333 0.1925925925925926 0.4953125 0.2101851851851852 0.49270833333333336 0.24074074074074073 0.4953125 0.27314814814814814 0.49895833333333334 0.2796296296296296 0.5119791666666667 0.2722222222222222 0.515625 0.2657407407407407 0.5270833333333333 0.25833333333333336 0.5578125 0.22777777777777777 0.5880208333333333 0.2064814814814815 0.6270833333333333 0.17037037037037037 0.6713541666666667 0.1361111111111111 0.7234375 0.08796296296296297 0.7557291666666667 0.06296296296296296 0.7958333333333333 0.025925925925925925 0.7958333333333333 0.016666666666666666 0.790625 0 0.58125 0 0.5723958333333333 0.020370370370370372 0.5588541666666667 0.030555555555555555 0.5557291666666667 0.03888888888888889 0.5552083333333333 0.05740740740740741 0.5604166666666667 0.11481481481481481 0.559375 0.12777777777777777 0.5458333333333333 0.18425925925925926 0.5359375 0.19722222222222222 0.52890625 0.19907407407407407 0.5177083333333333 0.18981481481481483 0.5041666666666667 0.1638888888888889 0.49947916666666664 0.1685185185185185
2 0.3953125 0.10925925925925926 0.39427083333333335 0.14166666666666666 0.39739583333333334 0.18333333333333332 0.396875 0.24537037037037038 0.39895833333333336 0.2601851851851852 0.42083333333333334 0.31574074074074077 0.4296875 0.32314814814814813 0.4348958333333333 0.33240740740740743 0.4421875 0.3333333333333333 0.446875 0.3277777777777778 0.446875 0.3212962962962963 0.4421875 0.3055555555555556 0.43645833333333334 0.26481481481481484 0.4317708333333333 0.2222222222222222 0.42864583333333334 0.15925925925925927 0.42552083333333335 0.14814814814814814 0.4270833333333333 0.1361111111111111 0.4244791666666667 0.12222222222222222 0.41822916666666665 0.10925925925925926 0.403125 0.09814814814814815 0.39739583333333334 0.09814814814814815
2 0.71875 0.12222222222222222 0.7255208333333333 0.12777777777777777 0.7411458333333333 0.12222222222222222 0.8546875 0.04351851851851852 0.8598958333333333 0.018518518518518517 0.8515625 0.017592592592592594 0.840625 0.023148148148148147 0.8234375 0.05277777777777778 0.8098958333333334 0.05740740740740741 0.8010416666666667 0.05185185185185185 0.7916666666666666 0.05462962962962963 0.7869791666666667 0.062037037037037036 0.73125 0.10925925925925926 0.7307291666666667 0.11666666666666667
3 0.16875 0.15833333333333333 0.19739583333333333 0.1712962962962963 0.2296875 0.17685185185185184 0.23958333333333334 0.18425925925925926 0.246875 0.19537037037037036 0.25364583333333335 0.21574074074074073 0.2557291666666667 0.23148148148148148 0.2552083333333333 0.25833333333333336 0.2765625 0.2722222222222222 0.2864583333333333 0.28888888888888886 0.2916666666666667 0.30648148148148147 0.29322916666666665 0.3287037037037037 0.29010416666666666 0.36666666666666664 0.2875 0.38333333333333336 0.275 0.41759259259259257 0.2713541666666667 0.4898148148148148 0.2609375 0.5351851851851852 0.25 0.5611111111111111 0.24322916666666666 0.6101851851851852 0.23697916666666666 0.637962962962963 0.22916666666666666 0.6601851851851852 0.19583333333333333 0.7064814814814815 0.1421875 0.7518518518518519 0.08489583333333334 0.7620370370370371 0.04791666666666667 0.7620370370370371 0.023958333333333335 0.7657407407407407 0.003125 0.762962962962963 0.0026041666666666665 0.7444444444444445 0 0.7425925925925926 0 0.7388888888888889 0.0020833333333333333 0.7379629629629629 0.004166666666666667 0.7166666666666667 0 0.7101851851851851 0 0.4898148148148148 0.003125 0.4842592592592593 0.0026041666666666665 0.46944444444444444 0 0.4666666666666667 0 0.2833333333333333 0.00625 0.27870370370370373 0.0078125 0.26851851851851855 0.016145833333333335 0.26851851851851855 0.009895833333333333 0.2722222222222222 0.016145833333333335 0.275 0.0171875 0.28703703703703703 0.020833333333333332 0.28703703703703703 0.022395833333333334 0.2824074074074074 0.029166666666666667 0.2861111111111111 0.0375 0.28055555555555556 0.04739583333333333 0.2796296296296296 0.051041666666666666 0.2759259259259259 0.051041666666666666 0.2722222222222222 0.03229166666666667 0.2601851851851852 0.019270833333333334 0.25555555555555554 0.014583333333333334 0.25833333333333336 0.011458333333333333 0.25 0 0.2462962962962963 0 0.20555555555555555 0.0375 0.18425925925925926 0.05677083333333333 0.17962962962962964 0.084375 0.1648148148148148 0.11458333333333333 0.1537037037037037 0.13177083333333334 0.1527777777777778 0.16822916666666668 0.15833333333333333
3 0.24895833333333334 0 0.2734375 0 0.2760416666666667 0.002777777777777778 0.2875 0 0.46510416666666665 0 0.4739583333333333 0.020370370370370372 0.47760416666666666 0.03796296296296296 0.47760416666666666 0.049074074074074076 0.490625 0.14537037037037037 0.49114583333333334 0.20092592592592592 0.4890625 0.22037037037037038 0.49114583333333334 0.27870370370370373 0.48802083333333335 0.29074074074074074 0.45625 0.3194444444444444 0.4473958333333333 0.3138888888888889 0.44375 0.30277777777777776 0.44166666666666665 0.2759259259259259 0.4354166666666667 0.24351851851851852 0.42916666666666664 0.12962962962962962 0.4239583333333333 0.11296296296296296 0.4125 0.09814814814814815 0.4125 0.08888888888888889 0.40625 0.07592592592592592 0.4015625 0.046296296296296294 0.39791666666666664 0.04259259259259259 0.39114583333333336 0.04537037037037037 0.3890625 0.05 0.39166666666666666 0.09814814814814815 0.390625 0.16111111111111112 0.39427083333333335 0.2222222222222222 0.39427083333333335 0.25462962962962965 0.39947916666666666 0.3138888888888889 0.39947916666666666 0.3435185185185185 0.39479166666666665 0.3611111111111111 0.3890625 0.3675925925925926 0.37552083333333336 0.37037037037037035 0.36614583333333334 0.36574074074074076 0.35572916666666665 0.3490740740740741 0.35208333333333336 0.3351851851851852 0.35104166666666664 0.31851851851851853 0.34322916666666664 0.2796296296296296 0.3390625 0.21574074074074073 0.33645833333333336 0.19907407407407407 0.33489583333333334 0.1962962962962963 0.32760416666666664 0.2101851851851852 0.31614583333333335 0.21296296296296297 0.30416666666666664 0.2037037037037037 0.2942708333333333 0.18703703703703703 0.2796875 0.14537037037037037 0.25833333333333336 0.06018518518518518 0.2526041666666667 0.032407407407407406 0.24895833333333334 0.000925925925925926