4 0.6869791666666667 0.002777777777777778 0.6838541666666667 0.005555555555555556 0.6838541666666667 0.009259259259259259 0.6916666666666667 0.023148148148148147 0.6947916666666667 0.03425925925925926 0.7015625 0.04351851851851852 0.7114583333333333 0.06481481481481481 0.7130208333333333 0.09166666666666666 0.7182291666666667 0.09166666666666666 0.7192708333333333 0.08888888888888889 0.7270833333333333 0.08703703703703704 0.7401041666666667 0.07777777777777778 0.7442708333333333 0.07962962962962963 0.7520833333333333 0.07314814814814814 0.7604166666666666 0.0712962962962963 0.7671875 0.06481481481481481 0.7723958333333333 0.06388888888888888 0.7734375 0.06666666666666667 0.7791666666666667 0.06851851851851852 0.7822916666666667 0.062037037037037036 0.8005208333333333 0.06388888888888888 0.8057291666666667 0.06018518518518518 0.8020833333333334 0.05740740740740741 0.8041666666666667 0.05092592592592592 0.809375 0.04722222222222222 0.8104166666666667 0.041666666666666664 0.8135416666666667 0.04351851851851852 0.8182291666666667 0.058333333333333334 0.81875 0.06759259259259259 0.8307291666666666 0.08703703703703704 0.8354166666666667 0.10277777777777777 0.8354166666666667 0.13055555555555556 0.8385416666666666 0.1638888888888889 0.84375 0.18055555555555555 0.85 0.18981481481481483 0.8572916666666667 0.21296296296296297 0.8614583333333333 0.21851851851851853 0.8708333333333333 0.21851851851851853 0.8729166666666667 0.21481481481481482 0.8755208333333333 0.2 0.8828125 0.2 0.8864583333333333 0.19537037037037036 0.8901041666666667 0.1638888888888889 0.8880208333333334 0.14351851851851852 0.8817708333333333 0.12037037037037036 0.88125 0.10462962962962963 0.878125 0.08518518518518518 0.8739583333333333 0.0712962962962963 0.8651041666666667 0.05462962962962963 0.8619791666666666 0.030555555555555555 0.8578125 0.023148148148148147 0.8572916666666667 0.013888888888888888 0.8546875 0.008333333333333333 0.8567708333333334 0.004629629629629629 0.8557291666666667 0.002777777777777778 0.8515625 0.002777777777777778 0.8505208333333333 0 0.8005208333333333 0 0.7973958333333333 0.002777777777777778 0.7546875 0.004629629629629629 0.7510416666666667 0.010185185185185186 0.7427083333333333 0.010185185185185186 0.7395833333333334 0.004629629629629629 0.7322916666666667 0.002777777777777778 0.73125 0 0.6869791666666667 0.002777777777777778
4 0.05572916666666667 0.6157407407407407 0.05520833333333333 0.6185185185185185 0.05677083333333333 0.6194444444444445 0.05625 0.6138888888888889 0.05572916666666667 0.6157407407407407
4 0.6463541666666667 0.5731481481481482 0.6442708333333333 0.5824074074074074 0.6463541666666667 0.5962962962962963 0.6515625 0.6055555555555555 0.6703125 0.6185185185185185 0.6671875 0.6388888888888888 0.6671875 0.6518518518518519 0.6744791666666666 0.6638888888888889 0.6703125 0.7027777777777777 0.6744791666666666 0.7138888888888889 0.6807291666666667 0.7231481481481481 0.68125 0.7305555555555555 0.6776041666666667 0.737037037037037 0.6765625 0.7527777777777778 0.6822916666666666 0.7712962962962963 0.6848958333333334 0.774074074074074 0.6854166666666667 0.7925925925925926 0.6942708333333333 0.812962962962963 0.703125 0.8231481481481482 0.7203125 0.8555555555555555 0.7244791666666667 0.8574074074074074 0.7411458333333333 0.8805555555555555 0.7447916666666666 0.8898148148148148 0.7515625 0.925 0.7447916666666666 0.9259259259259259 0.7239583333333334 0.9120370370370371 0.70625 0.9074074074074074 0.6947916666666667 0.9009259259259259 0.6921875 0.8962962962962963 0.6635416666666667 0.8842592592592593 0.6609375 0.8805555555555555 0.6473958333333333 0.8777777777777778 0.64375 0.8796296296296297 0.6369791666666667 0.8759259259259259 0.6015625 0.8805555555555555 0.5786458333333333 0.8962962962962963 0.5677083333333334 0.899074074074074 0.5635416666666667 0.9046296296296297 0.5395833333333333 0.9185185185185185 0.53125 0.9259259259259259 0.5276041666666667 0.9324074074074075 0.5036458333333333 0.9481481481481482 0.49270833333333336 0.962037037037037 0.45729166666666665 0.987037037037037 0.4552083333333333 0.9935185185185185 0.4875 0.9962962962962963 0.5171875 0.9916666666666667 0.5307291666666667 0.9935185185185185 0.5333333333333333 0.9962962962962963 0.5557291666666667 0.9962962962962963 0.5640625 0.9935185185185185 0.6057291666666667 0.9944444444444445 0.6109375 0.9916666666666667 0.6421875 0.9916666666666667 0.6526041666666667 0.9944444444444445 0.678125 0.9916666666666667 0.6916666666666667 0.9981481481481481 0.7171875 0.9962962962962963 0.7364583333333333 0.9898148148148148 0.7395833333333334 0.9935185185185185 0.7505208333333333 0.9962962962962963 0.7807291666666667 0.9944444444444445 0.8036458333333333 0.9981481481481481 0.815625 0.9935185185185185 0.8359375 0.9962962962962963 0.8572916666666667 0.9962962962962963 0.8630208333333333 0.9935185185185185 0.909375 0.9962962962962963 0.9145833333333333 0.9935185185185185 0.8828125 0.925 0.878125 0.9055555555555556 0.8640625 0.8675925925925926 0.8614583333333333 0.850925925925926 0.8572916666666667 0.8481481481481481 0.8510416666666667 0.8527777777777777 0.85 0.8574074074074074 0.8442708333333333 0.8555555555555555 0.8369791666666667 0.8240740740740741 0.825 0.8027777777777778 0.8135416666666667 0.7722222222222223 0.8114583333333333 0.7546296296296297 0.8057291666666667 0.7351851851851852 0.8 0.6990740740740741 0.79375 0.6814814814814815 0.790625 0.6648148148148149 0.7807291666666667 0.6481481481481481 0.7770833333333333 0.6462962962962963 0.7760416666666666 0.6351851851851852 0.7697916666666667 0.6296296296296297 0.7671875 0.6185185185185185 0.7625 0.6111111111111112 0.7619791666666667 0.6055555555555555 0.75625 0.5962962962962963 0.7453125 0.5851851851851851 0.7375 0.5842592592592593 0.7244791666666667 0.575925925925926 0.7130208333333333 0.575925925925926 0.7067708333333333 0.5805555555555556 0.7036458333333333 0.5925925925925926 0.696875 0.6 0.6942708333333333 0.6 0.6916666666666667 0.5916666666666667 0.6875 0.5925925925925926 0.6880208333333333 0.6064814814814815 0.6916666666666667 0.6074074074074074 0.6932291666666667 0.6101851851851852 0.6921875 0.6138888888888889 0.6770833333333334 0.6148148148148148 0.675 0.612037037037037 0.675 0.5944444444444444 0.6703125 0.5879629629629629 0.6708333333333333 0.5842592592592593 0.6682291666666667 0.575925925925926 0.6640625 0.5694444444444444 0.6510416666666666 0.5666666666666667 0.6463541666666667 0.5731481481481482
4 0.13802083333333334 0.9898148148148148 0.1375 0.9935185185185185 0.1390625 0.9962962962962963 0.14427083333333332 0.9981481481481481 0.1796875 0.9944444444444445 0.1859375 0.9981481481481481 0.22083333333333333 0.9981481481481481 0.24791666666666667 0.9916666666666667 0.271875 0.9935185185185185 0.275 0.9962962962962963 0.2890625 0.9981481481481481 0.3067708333333333 0.9944444444444445 0.3640625 0.9962962962962963 0.3828125 0.9935185185185185 0.3854166666666667 0.9888888888888889 0.3880208333333333 0.9694444444444444 0.39166666666666666 0.9592592592592593 0.3932291666666667 0.9268518518518518 0.3984375 0.9157407407407407 0.4203125 0.8444444444444444 0.434375 0.8074074074074075 0.4395833333333333 0.7787037037037037 0.446875 0.7527777777777778 0.45208333333333334 0.7157407407407408 0.45729166666666665 0.6981481481481482 0.4578125 0.6898148148148148 0.4713541666666667 0.6574074074074074 0.47239583333333335 0.649074074074074 0.48072916666666665 0.6259259259259259 0.4817708333333333 0.612037037037037 0.4875 0.600925925925926 0.4875 0.5953703703703703 0.49166666666666664 0.5851851851851851 0.4942708333333333 0.5685185185185185 0.4953125 0.5314814814814814 0.4984375 0.5259259259259259 0.5005208333333333 0.512962962962963 0.50625 0.5046296296296297 0.5177083333333333 0.47962962962962963 0.5197916666666667 0.4675925925925926 0.5234375 0.45925925925925926 0.5276041666666667 0.43425925925925923 0.5380208333333333 0.4064814814814815 0.5432291666666667 0.39814814814814814 0.5447916666666667 0.38333333333333336 0.5505208333333333 0.36203703703703705 0.5583333333333333 0.34629629629629627 0.5635416666666667 0.325 0.5744791666666667 0.2962962962962963 0.5765625 0.2796296296296296 0.575 0.2611111111111111 0.5776041666666667 0.25555555555555554 0.5786458333333333 0.2388888888888889 0.575 0.1787037037037037 0.5796875 0.16666666666666666 0.58125 0.15555555555555556 0.5770833333333333 0.14074074074074075 0.5734375 0.11481481481481481 0.5703125 0.11203703703703703 0.5630208333333333 0.11388888888888889 0.5572916666666666 0.12129629629629629 0.5536458333333333 0.13055555555555556 0.5494791666666666 0.13055555555555556 0.540625 0.10740740740740741 0.5270833333333333 0.10740740740740741 0.5140625 0.11481481481481481 0.5057291666666667 0.1259259259259259 0.5015625 0.12777777777777777 0.47604166666666664 0.1685185185185185 0.4713541666666667 0.1824074074074074 0.4703125 0.21203703703703702 0.4713541666666667 0.2601851851851852 0.4734375 0.27037037037037037 0.47708333333333336 0.2740740740740741 0.4744791666666667 0.27870370370370373 0.4734375 0.28703703703703703 0.4744791666666667 0.30925925925925923 0.46875 0.3416666666666667 0.4625 0.3509259259259259 0.45364583333333336 0.387037037037037 0.4473958333333333 0.3962962962962963 0.44114583333333335 0.4009259259259259 0.44166666666666665 0.4074074074074074 0.4354166666666667 0.41944444444444445 0.434375 0.42777777777777776 0.42604166666666665 0.45092592592592595 0.4140625 0.4527777777777778 0.4046875 0.462037037037037 0.3984375 0.4722222222222222 0.3875 0.5046296296296297 0.3828125 0.5111111111111111 0.37864583333333335 0.5259259259259259 0.3734375 0.5351851851851852 0.3651041666666667 0.5416666666666666 0.3572916666666667 0.5592592592592592 0.3255208333333333 0.6018518518518519 0.29322916666666665 0.6768518518518518 0.28541666666666665 0.6888888888888889 0.28229166666666666 0.6898148148148148 0.2598958333333333 0.7324074074074074 0.2578125 0.7324074074074074 0.2552083333333333 0.7388888888888889 0.23333333333333334 0.7666666666666667 0.23020833333333332 0.7870370370370371 0.2296875 0.8111111111111111 0.21354166666666666 0.8435185185185186 0.21145833333333333 0.8546296296296296 0.20625 0.8638888888888889 0.19739583333333333 0.9055555555555556 0.19375 0.9120370370370371 0.19114583333333332 0.925 0.18541666666666667 0.9351851851851852 0.18541666666666667 0.9388888888888889 0.17864583333333334 0.9518518518518518 0.16510416666666666 0.962037037037037 0.15625 0.975925925925926 0.14375 0.9824074074074074 0.13802083333333334 0.9898148148148148
4 0.9697916666666667 0.06111111111111111 0.9692708333333333 0.09351851851851851 0.9734375 0.10925925925925926 0.9791666666666666 0.11388888888888889 0.9833333333333333 0.12314814814814815 0.990625 0.12685185185185185 0.99375 0.13425925925925927 0.9994791666666667 0.12777777777777777 0.9963541666666667 0.12129629629629629 0.9994791666666667 0.11666666666666667 0.9994791666666667 0.002777777777777778 0.9963541666666667 0 0.9744791666666667 0 0.9739583333333334 0.027777777777777776 0.971875 0.03518518518518519 0.9723958333333333 0.05462962962962963 0.9697916666666667 0.06111111111111111
4 0.5630208333333333 0.09351851851851851 0.5630208333333333 0.0962962962962963 0.5666666666666667 0.09444444444444444 0.5630208333333333 0.09351851851851851
4 0.5875 0.08518518518518518 0.5838541666666667 0.09166666666666666 0.5848958333333333 0.09814814814814815 0.5875 0.09814814814814815 0.5875 0.08518518518518518
4 0.6036458333333333 0.046296296296296294 0.603125 0.0712962962962963 0.6010416666666667 0.07407407407407407 0.6057291666666667 0.08518518518518518 0.60625 0.12685185185185185 0.6098958333333333 0.1388888888888889 0.6130208333333333 0.16666666666666666 0.6192708333333333 0.18518518518518517 0.6265625 0.18703703703703703 0.6333333333333333 0.18425925925925926 0.6359375 0.18703703703703703 0.6364583333333333 0.21296296296296297 0.6385416666666667 0.21666666666666667 0.64375 0.21666666666666667 0.65625 0.18888888888888888 0.6739583333333333 0.1712962962962963 0.696875 0.13796296296296295 0.7010416666666667 0.11944444444444445 0.70625 0.10925925925925926 0.7072916666666667 0.06388888888888888 0.6942708333333333 0.040740740740740744 0.6859375 0.021296296296296296 0.6770833333333334 0.009259259259259259 0.6786458333333333 0.005555555555555556 0.6776041666666667 0.002777777777777778 0.6765625 0.006481481481481481 0.6708333333333333 0 0.6510416666666666 0 0.65 0.039197222222222224 0.634375 0.037037037037037035 0.6359375 0 0.6130208333333333 0 0.6109375 0.025925925925925925 0.6052083333333333 0.03796296296296296 0.6036458333333333 0.046296296296296294
4 0.6104166666666667 0 0.6 0.000925925925925926 0.6057291666666667 0.005555555555555556 0.6098958333333333 0.005555555555555556 0.6104166666666667 0
4 0.1421875 0 0.14322916666666666 0.021296296296296296 0.15989583333333332 0.0824074074074074 0.16302083333333334 0.10185185185185185 0.17395833333333333 0.13148148148148148 0.18802083333333333 0.19166666666666668 0.20416666666666666 0.22962962962962963 0.2203125 0.2324074074074074 0.2234375 0.2351851851851852 0.22708333333333333 0.24814814814814815 0.23229166666666667 0.25555555555555554 0.25729166666666664 0.25092592592592594 0.34427083333333336 0.25555555555555554 0.3484375 0.25277777777777777 0.3651041666666667 0.25277777777777777 0.3723958333333333 0.2462962962962963 0.384375 0.24166666666666667 0.39479166666666665 0.22777777777777777 0.41302083333333334 0.18888888888888888 0.415625 0.17777777777777778 0.415625 0.16018518518518518 0.4125 0.13703703703703704 0.42239583333333336 0.13240740740740742 0.434375 0.12129629629629629 0.4421875 0.11851851851851852 0.4473958333333333 0.10740740740740741 0.4510416666666667 0.09166666666666666 0.4661458333333333 0.06666666666666667 0.4791666666666667 0.06388888888888888 0.5057291666666667 0.06851851851851852 0.5151041666666667 0.07314814814814814 0.5270833333333333 0.0712962962962963 0.5359375 0.06666666666666667 0.5427083333333333 0.05555555555555555 0.5494791666666666 0.05092592592592592 0.5572916666666666 0.03888888888888889 0.5630208333333333 0.023148148148148147 0.5692708333333333 0.012962962962962963 0.5723958333333333 0.012037037037037037 0.5755208333333334 0.016666666666666666 0.5848958333333333 0.016666666666666666 0.5890625 0.012037037037037037 0.5885416666666666 0.005555555555555556 0.5822916666666667 0.002777777777777778 0.5765625 0.002777777777777778 0.5703125 0.010185185185185186 0.5677083333333334 0 0.3640625 0 0.35885416666666664 0.005555555555555556 0.35520833333333335 0.002777777777777778 0.34427083333333336 0.002777777777777778 0.34270833333333334 0 0.32708333333333334 0 0.32447916666666665 0.002777777777777778 0.2796875 0 0.2755208333333333 0.002777777777777778 0.25104166666666666 0.004629629629629629 0.22447916666666667 0 0.2109375 0.005555555555555556 0.19322916666666667 0.002777777777777778 0.19114583333333332 0 0.1421875 0
1 0.5609375 0.35 0.5630208333333333 0.362962962962963 0.5682291666666667 0.375 0.5635416666666667 0.3824074074074074 0.5625 0.3888888888888889 0.5567708333333333 0.4009259259259259 0.5635416666666667 0.4388888888888889 0.5765625 0.46944444444444444 0.59375 0.4935185185185185 0.6046875 0.5027777777777778 0.6119791666666666 0.5166666666666667 0.6416666666666667 0.5259259259259259 0.6463541666666667 0.524074074074074 0.6432291666666666 0.5055555555555555 0.6333333333333333 0.4935185185185185 0.6328125 0.4898148148148148 0.6302083333333334 0.4888888888888889 0.6192708333333333 0.4666666666666667 0.6197916666666666 0.462037037037037 0.6151041666666667 0.45740740740740743 0.6177083333333333 0.4527777777777778 0.6244791666666667 0.45555555555555555 0.6322916666666667 0.4685185185185185 0.6364583333333333 0.47129629629629627 0.6567708333333333 0.5101851851851852 0.6723958333333333 0.5101851851851852 0.6802083333333333 0.4962962962962963 0.68125 0.4888888888888889 0.675 0.4685185185185185 0.675 0.462037037037037 0.6697916666666667 0.4527777777777778 0.6682291666666667 0.43425925925925923 0.6609375 0.4398148148148148 0.65625 0.4388888888888889 0.6494791666666667 0.42777777777777776 0.6494791666666667 0.42314814814814816 0.6291666666666667 0.38981481481481484 0.628125 0.36203703703703705 0.6260416666666667 0.36018518518518516 0.625 0.3648148148148148 0.6234375 0.36018518518518516 0.6130208333333333 0.3592592592592593 0.6145833333333334 0.33425925925925926 0.6125 0.3138888888888889 0.609375 0.30277777777777776 0.5979166666666667 0.2824074074074074 0.5869791666666667 0.27314814814814814 0.58125 0.275 0.5791666666666667 0.2898148148148148 0.5744791666666667 0.30648148148148147 0.56875 0.31851851851851853 0.5609375 0.35
1 0.5270833333333333 0.6324074074074074 0.5276041666666667 0.6537037037037037 0.5328125 0.6592592592592592 0.5395833333333333 0.6601851851851852 0.546875 0.6666666666666666 0.55625 0.6527777777777778 0.5729166666666666 0.6370370370370371 0.5802083333333333 0.6231481481481481 0.5802083333333333 0.6185185185185185 0.5682291666666667 0.6055555555555555 0.5567708333333333 0.5981481481481481 0.5552083333333333 0.6185185185185185 0.5510416666666667 0.6259259259259259 0.546875 0.6305555555555555 0.5270833333333333 0.6324074074074074
1 0.5604166666666667 0.5509259259259259 0.5583333333333333 0.5527777777777778 0.5598958333333334 0.5574074074074075 0.56875 0.5638888888888889 0.5677083333333334 0.5527777777777778 0.5604166666666667 0.5509259259259259
1 0.5609375 0.3472222222222222 0.5619791666666667 0.3611111111111111 0.5677083333333334 0.375 0.5625 0.3814814814814815 0.55625 0.3990740740740741 0.5583333333333333 0.4185185185185185 0.5630208333333333 0.43796296296296294 0.5760416666666667 0.46944444444444444 0.5921875 0.49166666666666664 0.6057291666666667 0.5046296296296297 0.6109375 0.5166666666666667 0.6395833333333333 0.5259259259259259 0.6473958333333333 0.524074074074074 0.6427083333333333 0.5037037037037037 0.6291666666666667 0.48703703703703705 0.6265625 0.4777777777777778 0.6213541666666667 0.47129629629629627 0.61875 0.4601851851851852 0.6151041666666667 0.45740740740740743 0.6166666666666667 0.4527777777777778 0.621875 0.4527777777777778 0.6364583333333333 0.47129629629629627 0.65625 0.5101851851851852 0.6682291666666667 0.5138888888888888 0.6739583333333333 0.5092592592592593 0.6760416666666667 0.5027777777777778 0.6802083333333333 0.4981481481481482 0.6817708333333333 0.4898148148148148 0.6755208333333333 0.4703703703703704 0.675 0.4601851851851852 0.6708333333333333 0.45092592592592595 0.6671875 0.4351851851851852 0.6682291666666667 0.4324074074074074 0.6614583333333334 0.4398148148148148 0.6552083333333333 0.43796296296296294 0.6494791666666667 0.42777777777777776 0.6484375 0.4212962962962963 0.6442708333333333 0.4185185185185185 0.6359375 0.4009259259259259 0.6296875 0.39351851851851855 0.628125 0.36666666666666664 0.6260416666666667 0.36203703703703705 0.6229166666666667 0.3712962962962963 0.6234375 0.37592592592592594 0.6177083333333333 0.412962962962963 0.6125 0.42314814814814816 0.6114583333333333 0.4212962962962963 0.6140625 0.39166666666666666 0.6140625 0.32314814814814813 0.6104166666666667 0.3055555555555556 0.5973958333333333 0.28055555555555556 0.5869791666666667 0.27314814814814814 0.5822916666666667 0.27314814814814814 0.5807291666666666 0.2759259259259259 0.5786458333333333 0.2916666666666667 0.5723958333333333 0.31203703703703706 0.5697916666666667 0.3148148148148148 0.5609375 0.3472222222222222
3 0.8130208333333333 0 0.8130208333333333 0.026851851851851852 0.8192708333333333 0.06111111111111111 0.8354166666666667 0.09722222222222222 0.8375 0.11666666666666667 0.8369791666666667 0.15 0.8390625 0.16666666666666666 0.8442708333333333 0.18055555555555555 0.853125 0.1962962962962963 0.8588541666666667 0.2175925925925926 0.8630208333333333 0.2212962962962963 0.8729166666666667 0.2212962962962963 0.875 0.21851851851851853 0.875 0.20185185185185187 0.8828125 0.2 0.8875 0.19166666666666668 0.8890625 0.1685185185185185 0.8885416666666667 0.14629629629629629 0.8828125 0.125 0.8791666666666667 0.08888888888888889 0.8744791666666667 0.07314814814814814 0.8635416666666667 0.05277777777777778 0.8619791666666666 0.03888888888888889 0.85 0 0.8130208333333333 0
3 0.6453125 0.575925925925926 0.6463541666666667 0.5962962962962963 0.6494791666666667 0.6027777777777777 0.6541666666666667 0.6092592592592593 0.6666666666666666 0.6175925925925926 0.6677083333333333 0.6212962962962963 0.665625 0.6546296296296297 0.671875 0.6685185185185185 0.6692708333333334 0.6916666666666667 0.6697916666666667 0.7037037037037037 0.6770833333333334 0.7222222222222222 0.6760416666666667 0.7546296296296297 0.6807291666666667 0.7666666666666667 0.6859375 0.7962962962962963 0.7208333333333333 0.8574074074074074 0.7291666666666666 0.8648148148148148 0.7432291666666667 0.8842592592592593 0.7489583333333333 0.899074074074074 0.7510416666666667 0.9120370370370371 0.7583333333333333 0.9277777777777778 0.7692708333333333 0.9388888888888889 0.7869791666666667 0.937037037037037 0.8114583333333333 0.9120370370370371 0.8328125 0.8814814814814815 0.8416666666666667 0.8555555555555555 0.8421875 0.8481481481481481 0.8401041666666667 0.8425925925925926 0.8390625 0.8305555555555556 0.8364583333333333 0.8222222222222222 0.8244791666666667 0.8009259259259259 0.8135416666666667 0.7722222222222223 0.8125 0.7574074074074074 0.80625 0.7361111111111112 0.8036458333333333 0.7138888888888889 0.79375 0.6796296296296296 0.790625 0.6620370370370371 0.7807291666666667 0.6462962962962963 0.7786458333333334 0.6462962962962963 0.7734375 0.6564814814814814 0.7651041666666667 0.6638888888888889 0.7515625 0.6638888888888889 0.7479166666666667 0.6611111111111111 0.75 0.6527777777777778 0.7552083333333334 0.6527777777777778 0.7567708333333333 0.649074074074074 0.7619791666666667 0.6527777777777778 0.7645833333333333 0.6481481481481481 0.7677083333333333 0.6481481481481481 0.7739583333333333 0.6370370370370371 0.7708333333333334 0.6296296296296297 0.7697916666666667 0.6212962962962963 0.7640625 0.612037037037037 0.7604166666666666 0.600925925925926 0.7453125 0.5824074074074074 0.7322916666666667 0.5796296296296296 0.7234375 0.5740740740740741 0.7151041666666667 0.5740740740740741 0.7072916666666667 0.5777777777777777 0.7020833333333333 0.5898148148148148 0.6927083333333334 0.5824074074074074 0.6880208333333333 0.5888888888888889 0.6854166666666667 0.587037037037037 0.6848958333333334 0.5953703703703703 0.6885416666666667 0.6111111111111112 0.6854166666666667 0.6138888888888889 0.6760416666666667 0.6138888888888889 0.675 0.6111111111111112 0.6765625 0.600925925925926 0.675 0.5888888888888889 0.6677083333333333 0.5712962962962963 0.6598958333333333 0.5648148148148148 0.6536458333333334 0.5638888888888889 0.6473958333333333 0.5694444444444444 0.6453125 0.575925925925926
3 0.46979166666666666 0.1824074074074074 0.46979166666666666 0.2638888888888889 0.47291666666666665 0.287962962962963 0.47239583333333335 0.31851851851851853 0.46875 0.33240740740740743 0.46822916666666664 0.3416666666666667 0.45729166666666665 0.3574074074074074 0.4552083333333333 0.3731481481481482 0.4505208333333333 0.3861111111111111 0.4375 0.4009259259259259 0.434375 0.42592592592592593 0.43125 0.43333333333333335 0.42916666666666664 0.4462962962962963 0.4453125 0.4666666666666667 0.4479166666666667 0.4666666666666667 0.4588541666666667 0.48518518518518516 0.46822916666666664 0.4935185185185185 0.46979166666666666 0.4981481481481482 0.4791666666666667 0.5074074074074074 0.4942708333333333 0.5296296296296297 0.4979166666666667 0.5296296296296297 0.5020833333333333 0.5138888888888888 0.509375 0.5009259259259259 0.5125 0.4888888888888889 0.5223958333333333 0.47314814814814815 0.5244791666666667 0.45185185185185184 0.53125 0.42685185185185187 0.5375 0.41203703703703703 0.5432291666666667 0.4046296296296296 0.5494791666666666 0.3675925925925926 0.5604166666666667 0.3435185185185185 0.5697916666666667 0.30833333333333335 0.571875 0.3074074074074074 0.5744791666666667 0.3 0.5796875 0.2638888888888889 0.5770833333333333 0.1814814814814815 0.5776041666666667 0.175 0.5817708333333333 0.1638888888888889 0.5817708333333333 0.1527777777777778 0.5786458333333333 0.14074074074074075 0.5776041666666667 0.12314814814814815 0.5729166666666666 0.11203703703703703 0.5630208333333333 0.11203703703703703 0.5526041666666667 0.12962962962962962 0.5494791666666666 0.12685185185185185 0.540625 0.10555555555555556 0.5270833333333333 0.10555555555555556 0.5151041666666667 0.11203703703703703 0.5005208333333333 0.12777777777777777 0.4796875 0.16203703703703703 0.4744791666666667 0.16666666666666666 0.46979166666666666 0.1824074074074074
3 0.5682291666666667 0 0.43862343750000005 0 0.4375 0.002777777777777778 0.435978125 0 0.43333333333333335 0.000925925925925926 0.4588541666666667 0.027777777777777776 0.46145833333333336 0.032407407407407406 0.46458333333333335 0.05092592592592592 0.46927083333333336 0.062037037037037036 0.5145833333333333 0.0712962962962963 0.5276041666666667 0.0712962962962963 0.5364583333333334 0.06666666666666667 0.5458333333333333 0.05277777777777778 0.5520833333333334 0.04814814814814815 0.5677083333333334 0.013888888888888888 0.5682291666666667 0
3 0.35572916666666665 0.013888888888888888 0.35572916666666665 0.04537037037037037 0.3651041666666667 0.07777777777777778 0.375 0.0962962962962963 0.3770833333333333 0.1111111111111111 0.3828125 0.12685185185185185 0.3880208333333333 0.13425925925925927 0.39947916666666666 0.13240740740740742 0.4125 0.13518518518518519 0.42291666666666666 0.13055555555555556 0.43333333333333335 0.12129629629629629 0.44166666666666665 0.11851851851851852 0.44895833333333335 0.1 0.44947916666666665 0.09444444444444444 0.4635416666666667 0.06944444444444445 0.4708333333333333 0.062037037037037036 0.503125 0.06851851851851852 0.5260416666666666 0.06944444444444445 0.5354166666666667 0.06666666666666667 0.546875 0.05092592592592592 0.55 0.05 0.5614583333333333 0.02962962962962963 0.5677083333333334 0.010185185185185186 0.5682291666666667 0 0.5510416666666667 0 0.5447916666666667 0.002777777777777778 0.5385416666666667 0.002777777777777778 0.5375 0 0.36354166666666665 0 0.35572916666666665 0.013888888888888888
3 0.9703125 0.06481481481481481 0.9697916666666667 0.09537037037037037 0.9739583333333334 0.10925925925925926 0.9833333333333333 0.11481481481481481 0.9994791666666667 0.11203703703703703 0.9994791666666667 0 0.9755208333333333 0.000925925925925926 0.9723958333333333 0.05648148148148148 0.9703125 0.06481481481481481
3 0.5520833333333334 0.3509259259259259 0.5515625 0.35648148148148145 0.5494791666666666 0.35833333333333334 0.5510416666666667 0.35833333333333334 0.55 0.36203703703703705 0.5520833333333334 0.35462962962962963 0.5536458333333333 0.3574074074074074 0.5541666666666667 0.35555555555555557 0.5541666666666667 0.3509259259259259 0.5520833333333334 0.3509259259259259
3 0.56328125 0.32222222222222224 0.0005208333333333333 0.001851851851851852
3 0.46979166666666666 0.1814814814814815 0.46979166666666666 0.25833333333333336 0.4739583333333333 0.30277777777777776 0.478125 0.29814814814814816 0.4791666666666667 0.2916666666666667 0.4828125 0.2851851851851852 0.4859375 0.28425925925925927 0.4947916666666667 0.27314814814814814 0.5046875 0.26666666666666666 0.515625 0.26666666666666666 0.5296875 0.2759259259259259 0.5557291666666667 0.3074074074074074 0.5625 0.31203703703703706 0.5640625 0.31851851851851853 0.5682291666666667 0.31666666666666665 0.56875 0.3101851851851852 0.5744791666666667 0.3 0.5786458333333333 0.2796296296296296 0.5802083333333333 0.25555555555555554 0.5796875 0.21666666666666667 0.5770833333333333 0.18055555555555555 0.58125 0.16666666666666666 0.5822916666666667 0.15462962962962962 0.5796875 0.14537037037037037 0.5776041666666667 0.12314814814814815 0.5734375 0.11203703703703703 0.5630208333333333 0.11203703703703703 0.5536458333333333 0.12962962962962962 0.5510416666666667 0.12962962962962962 0.5447916666666667 0.11481481481481481 0.5380208333333333 0.10462962962962963 0.5260416666666666 0.10555555555555556 0.5151041666666667 0.11203703703703703 0.4942708333333333 0.13518518518518519 0.48072916666666665 0.16018518518518518 0.4734375 0.1685185185185185 0.46979166666666666 0.1814814814814815
3 0.6052083333333333 0.04722222222222222 0.6057291666666667 0.10833333333333334 0.6125 0.175 0.61875 0.18703703703703703 0.625 0.18888888888888888 0.634375 0.18611111111111112 0.6348958333333333 0.21851851851851853 0.6364583333333333 0.2212962962962963 0.64375 0.2212962962962963 0.6484375 0.2064814814814815 0.6567708333333333 0.19166666666666668 0.6739583333333333 0.17314814814814813 0.6885416666666667 0.14814814814814814 0.6973958333333333 0.1388888888888889 0.7072916666666667 0.10555555555555556 0.7078125 0.06388888888888888 0.6770833333333334 0.007407407407407408 0.6786458333333333 0.002777777777777778 0.6770833333333334 0.006481481481481481 0.6752604166666667 0.002777777777777778 0.6697916666666667 0 0.6523807291666667 0 0.6494791666666667 0.005 0.6494791666666667 0 0.6161458333333333 0 0.6119791666666666 0.025925925925925925 0.6052083333333333 0.04722222222222222
3 0.8338541666666667 0.07777777777777778 0.8333333333333334 0.08425925925925926 0.8354166666666667 0.09166666666666666 0.8380208333333333 0.11944444444444445 0.8375 0.15648148148148147 0.8395833333333333 0.1685185185185185 0.8520833333333333 0.1935185185185185 0.8583333333333333 0.21666666666666667 0.8661458333333333 0.2212962962962963 0.8734375 0.21851851851851853 0.8755208333333333 0.20092592592592592 0.8807291666666667 0.20277777777777778 0.8864583333333333 0.1962962962962963 0.8890625 0.16666666666666666 0.8869791666666667 0.13518518518518519 0.8822916666666667 0.12222222222222222 0.8791666666666667 0.08888888888888889 0.8744791666666667 0.07314814814814814 0.8635416666666667 0.05555555555555555 0.8625 0.05092592592592592 0.8473958333333333 0.05740740740740741 0.8380208333333333 0.06666666666666667 0.8338541666666667 0.07777777777777778