1 0.5901041666666667 0.9824074074074074 0.5895833333333333 0.987037037037037 0.5916666666666667 0.9935185185185185 0.5942708333333333 0.9944444444444445 0.625 0.9944444444444445 0.6260416666666667 0.9898148148148148 0.6296875 0.9935185185185185 0.625 0.987037037037037 0.6145833333333334 0.9805555555555555 0.5947916666666667 0.9777777777777777 0.5901041666666667 0.9824074074074074
1 0.6096354166666667 0.5152777777777777 0.0005208333333333333 0.002777777777777778
1 0.6223958333333334 0.5074074074074074 0.6177083333333333 0.5074074074074074 0.6192708333333333 0.5101851851851852 0.6223958333333334 0.5074074074074074
1 0.6125 0.5046296296296297 0.6109375 0.5074074074074074 0.6119791666666666 0.5101851851851852 0.6145833333333334 0.5074074074074074 0.6125 0.5046296296296297
1 0.509375 0.42314814814814816 0.5083333333333333 0.425 0.5125 0.425 0.5125 0.4212962962962963 0.509375 0.42314814814814816
1 0.5109375 0.4305555555555556 0.5104166666666666 0.4351851851851852 0.5140625 0.4462962962962963 0.5166666666666667 0.44907407407407407 0.51875 0.45740740740740743 0.5223958333333333 0.4601851851851852 0.5291666666666667 0.4601851851851852 0.5348958333333333 0.44166666666666665 0.5375 0.44907407407407407 0.5421875 0.44907407407407407 0.55 0.4601851851851852 0.5630208333333333 0.4601851851851852 0.5666666666666667 0.4638888888888889 0.5723958333333333 0.4638888888888889 0.5802083333333333 0.462037037037037 0.5817708333333333 0.45555555555555555 0.5848958333333333 0.4527777777777778 0.5854166666666667 0.44537037037037036 0.5880208333333333 0.4388888888888889 0.5875 0.42777777777777776 0.5901041666666667 0.425 0.5875 0.4203703703703704 0.5848958333333333 0.4074074074074074 0.5744791666666667 0.425 0.5666666666666667 0.4287037037037037 0.5592015625 0.42777777777777776 0.5604166666666667 0.4324074074074074 0.5565395833333333 0.42777777777777776 0.5432291666666667 0.42777777777777776 0.5333333333333333 0.4305555555555556 0.5317708333333333 0.4388888888888889 0.5255208333333333 0.44166666666666665 0.5182291666666666 0.4305555555555556 0.5177083333333333 0.4351851851851852 0.5145833333333333 0.42962962962962964 0.5109375 0.4305555555555556
1 0.4895833333333333 0.40555555555555556 0.4895833333333333 0.4166666666666667 0.5 0.42777777777777776 0.503125 0.42777777777777776 0.5083333333333333 0.4185185185185185 0.5083333333333333 0.4148148148148148 0.5010416666666667 0.40555555555555556 0.4895833333333333 0.40555555555555556
1 0.49322916666666666 0.3861111111111111 0.49270833333333336 0.3888888888888889 0.4979166666666667 0.39351851851851855 0.5010416666666667 0.39351851851851855 0.503125 0.3888888888888889 0.49947916666666664 0.3824074074074074 0.49322916666666666 0.3861111111111111
1 0.5078125 0.3731481481481482 0.50625 0.37592592592592594 0.5109375 0.37592592592592594 0.5078125 0.3731481481481482
1 0.6671875 0.32314814814814813 0.6666666666666666 0.32685185185185184 0.6682291666666667 0.3277777777777778 0.6692708333333334 0.32314814814814813 0.6671875 0.32314814814814813
1 0.4078125 0.5046296296296297 0.40677083333333336 0.5138888888888888 0.4088541666666667 0.5425925925925926 0.4083333333333333 0.5796296296296296 0.42083333333333334 0.6370370370370371 0.42552083333333335 0.6481481481481481 0.428125 0.6481481481481481 0.43125 0.6527777777777778 0.4276041666666667 0.6555555555555556 0.4276041666666667 0.6592592592592592 0.4375 0.6638888888888889 0.44427083333333334 0.6777777777777778 0.4427083333333333 0.6805555555555556 0.4432291666666667 0.6851851851851852 0.45364583333333336 0.6888888888888889 0.45625 0.700925925925926 0.4625 0.7055555555555556 0.4609375 0.7166666666666667 0.4640625 0.725925925925926 0.4640625 0.7435185185185185 0.4703125 0.7555555555555555 0.4734375 0.7574074074074074 0.4765625 0.7666666666666667 0.48489583333333336 0.7694444444444445 0.49114583333333334 0.7759259259259259 0.49166666666666664 0.7777777777777778 0.4875 0.7805555555555556 0.4864583333333333 0.7851851851851852 0.4979166666666667 0.8194444444444444 0.5078125 0.8305555555555556 0.5192708333333333 0.8351851851851851 0.5432291666666667 0.8685185185185185 0.5546875 0.8731481481481481 0.5776041666666667 0.8759259259259259 0.5958333333333333 0.8824074074074074 0.6005208333333333 0.8870370370370371 0.6223958333333334 0.8898148148148148 0.6572916666666667 0.9055555555555556 0.6822916666666666 0.9277777777777778 0.6927083333333334 0.9324074074074075 0.71875 0.950925925925926 0.7328125 0.9685185185185186 0.7578125 0.9935185185185185 0.76875 0.9981481481481481 0.8197916666666667 0.9981481481481481 0.8265625 0.9944444444444445 0.8567708333333334 0.9981481481481481 0.8911458333333333 0.9981481481481481 0.9036458333333334 0.9944444444444445 0.9473958333333333 0.9944444444444445 0.9557291666666666 0.9981481481481481 0.9786458333333333 0.9981481481481481 0.9916666666666667 0.9935185185185185 0.9958333333333333 0.9805555555555555 0.9994791666666667 0.9805555555555555 0.9994791666666667 0.9027777777777778 0.9963541666666667 0.9009259259259259 0.9994791666666667 0.8981481481481481 0.9994791666666667 0.8527777777777777 0.9963541666666667 0.850925925925926 0.9947916666666666 0.8462962962962963 0.9947916666666666 0.8435185185185186 0.9994791666666667 0.837037037037037 0.9994791666666667 0.7546296296296297 0.9958333333333333 0.7509259259259259 0.9994791666666667 0.7462962962962963 0.9994791666666667 0.737037037037037 0.9958333333333333 0.7342592592592593 0.9994791666666667 0.7305555555555555 0.9994791666666667 0.6148148148148148 0.9953125 0.612037037037037 0.9942708333333333 0.5953703703703703 0.9958333333333333 0.5916666666666667 0.9994791666666667 0.5916666666666667 0.9994791666666667 0.5324074074074074 0.9963541666666667 0.5287037037037037 0.9932291666666667 0.5138888888888888 0.9973958333333334 0.49907407407407406 0.9994791666666667 0.4981481481481482 0.9994791666666667 0.48055555555555557 0.9901041666666667 0.46944444444444444 0.9916666666666667 0.4666666666666667 0.9901041666666667 0.462037037037037 0.9916666666666667 0.45740740740740743 0.9994791666666667 0.4546296296296296 0.9994791666666667 0.42314814814814816 0.9895833333333334 0.41388888888888886 0.9932291666666667 0.4074074074074074 0.9895833333333334 0.39351851851851855 0.9911458333333333 0.38981481481481484 0.9901041666666667 0.3851851851851852 0.9927083333333333 0.3824074074074074 0.9932291666666667 0.3731481481481482 0.9994791666666667 0.3648148148148148 0.9994791666666667 0.32314814814814813 0.9973958333333334 0.32222222222222224 0.9973958333333334 0.3194444444444444 0.9994791666666667 0.31851851851851853 0.9994791666666667 0.2796296296296296 0.9973958333333334 0.27870370370370373 0.9973958333333334 0.2759259259259259 0.9994791666666667 0.275 0.9994791666666667 0.2 0.996875 0.19907407407407407 0.9942708333333333 0.1925925925925926 0.9921875 0.1787037037037037 0.9921875 0.1648148148148148 0.9973958333333334 0.16018518518518518 0.9963541666666667 0.1574074074074074 0.9994791666666667 0.1527777777777778 0.9994791666666667 0.08055555555555556 0.9947916666666666 0.07592592592592592 0.9802083333333333 0.07314814814814814 0.9734375 0.06851851851851852 0.9630208333333333 0.06851851851851852 0.9494791666666667 0.08055555555555556 0.9192708333333334 0.08055555555555556 0.9119791666666667 0.08425925925925926 0.8916666666666667 0.08703703703703704 0.8822916666666667 0.09351851851851851 0.8729166666666667 0.09444444444444444 0.8515625 0.11018518518518519 0.8364583333333333 0.13518518518518519 0.83125 0.1388888888888889 0.8177083333333334 0.16018518518518518 0.8088541666666667 0.16944444444444445 0.7953125 0.1962962962962963 0.7890625 0.20277777777777778 0.7666666666666667 0.23703703703703705 0.7510416666666667 0.27314814814814814 0.734375 0.3351851851851852 0.721875 0.3574074074074074 0.7119791666666667 0.3685185185185185 0.7036458333333333 0.3851851851851852 0.7010416666666667 0.387037037037037 0.6807291666666667 0.42314814814814816 0.6802083333333333 0.42962962962962964 0.6708333333333333 0.4462962962962963 0.6651041666666667 0.4527777777777778 0.6572916666666667 0.45555555555555555 0.6515625 0.44814814814814813 0.6416666666666667 0.4462962962962963 0.6359375 0.44166666666666665 0.6244791666666667 0.44166666666666665 0.61875 0.4462962962962963 0.6140625 0.45555555555555555 0.6135416666666667 0.462037037037037 0.6171875 0.4685185185185185 0.6161458333333333 0.47314814814814815 0.6182291666666667 0.47962962962962963 0.63125 0.4842592592592593 0.63125 0.4925925925925926 0.6333333333333333 0.49444444444444446 0.6322916666666667 0.49722222222222223 0.6380208333333334 0.5101851851851852 0.6369791666666667 0.5212962962962963 0.6328125 0.5277777777777778 0.6286458333333333 0.5296296296296297 0.6265625 0.5231481481481481 0.6291666666666667 0.5231481481481481 0.6307291666666667 0.5194444444444445 0.61875 0.5120370370370371 0.61875 0.5416666666666666 0.6135416666666667 0.5388888888888889 0.609375 0.5277777777777778 0.6057291666666667 0.5324074074074074 0.6046875 0.55 0.6015625 0.5518518518518518 0.6015625 0.5574074074074075 0.6036458333333333 0.5592592592592592 0.6 0.562037037037037 0.5979166666666667 0.5703703703703704 0.5953125 0.5731481481481482 0.5958333333333333 0.5796296296296296 0.59375 0.5916666666666667 0.5895833333333333 0.5981481481481481 0.5895833333333333 0.6046296296296296 0.5854166666666667 0.6138888888888889 0.5817708333333333 0.6148148148148148 0.5890625 0.6296296296296297 0.5864583333333333 0.6388888888888888 0.5828125 0.6435185185185185 0.5854166666666667 0.6509259259259259 0.5786458333333333 0.6638888888888889 0.5760416666666667 0.6638888888888889 0.5739583333333333 0.6694444444444444 0.5682291666666667 0.675 0.5598958333333334 0.6759259259259259 0.5541666666666667 0.6666666666666666 0.5572916666666666 0.6574074074074074 0.5526041666666667 0.6527777777777778 0.5520833333333334 0.6444444444444445 0.5640625 0.6370370370370371 0.5614583333333333 0.6351851851851852 0.5588541666666667 0.6388888888888888 0.5585067708333333 0.6351851851851852 0.5555557291666666 0.6351851851851852 0.5546875 0.6398148148148148 0.55 0.6305555555555555 0.55 0.6259259259259259 0.5510416666666667 0.6222222222222222 0.5583333333333333 0.6185185185185185 0.5588541666666667 0.6018518518518519 0.5645833333333333 0.587037037037037 0.5635416666666667 0.575925925925926 0.559375 0.5703703703703704 0.5598958333333334 0.5675925925925925 0.5635416666666667 0.5685185185185185 0.5666666666666667 0.5638888888888889 0.5703125 0.5638888888888889 0.5729166666666666 0.5527777777777778 0.5703125 0.5444444444444444 0.5645833333333333 0.5407407407407407 0.5682291666666667 0.5351851851851852 0.5645833333333333 0.5324074074074074 0.5640625 0.5277777777777778 0.56875 0.5212962962962963 0.5703125 0.5101851851851852 0.5645833333333333 0.5120370370370371 0.5588541666666667 0.5092592592592593 0.55625 0.5148148148148148 0.5505208333333333 0.5138888888888888 0.5432291666666667 0.5027777777777778 0.5380208333333333 0.5009259259259259 0.5380208333333333 0.4962962962962963 0.540625 0.4925925925925926 0.5317708333333333 0.4925925925925926 0.5307291666666667 0.4759259259259259 0.525 0.4759259259259259 0.5255208333333333 0.4824074074074074 0.53125 0.48703703703703705 0.53125 0.49074074074074076 0.5265625 0.4935185185185185 0.5286458333333334 0.5175925925925926 0.5286458333333334 0.5444444444444444 0.5171875 0.5842592592592593 0.5145833333333333 0.587037037037037 0.5135416666666667 0.6064814814814815 0.5109375 0.6194444444444445 0.5072916666666667 0.6259259259259259 0.5078125 0.6305555555555555 0.5041666666666667 0.6351851851851852 0.4979166666666667 0.6351851851851852 0.4895833333333333 0.6287037037037037 0.4901041666666667 0.6212962962962963 0.48802083333333335 0.6138888888888889 0.4817708333333333 0.612037037037037 0.4817708333333333 0.6074074074074074 0.48541666666666666 0.6027777777777777 0.4875 0.6055555555555555 0.4875 0.5814814814814815 0.496875 0.5416666666666666 0.4979166666666667 0.5231481481481481 0.4942708333333333 0.5055555555555555 0.4869791666666667 0.4898148148148148 0.475 0.47962962962962963 0.4739583333333333 0.4759259259259259 0.46979166666666666 0.4759259259259259 0.4666666666666667 0.46944444444444444 0.4421875 0.4601851851851852 0.43645833333333334 0.4648148148148148 0.43385416666666665 0.4740740740740741 0.4276041666666667 0.4740740740740741 0.4203125 0.48055555555555557 0.4197916666666667 0.48703703703703705 0.4078125 0.5046296296296297
1 0.43333333333333335 0.2935185185185185 0.43333333333333335 0.30277777777777776 0.4359375 0.3101851851851852 0.45208333333333334 0.32592592592592595 0.4625 0.3212962962962963 0.46822916666666664 0.3101851851851852 0.46770833333333334 0.30277777777777776 0.4625 0.29444444444444445 0.446875 0.2851851851851852 0.43802083333333336 0.2851851851851852 0.43333333333333335 0.2935185185185185
3 0.003125 0.004629629629629629 0.003125 0.009259259259259259 0 0.012037037037037037 0 0.28703703703703703 0.0015625 0.28888888888888886 0.0015625 0.30462962962962964 0 0.3055555555555556 0 0.4666666666666667 0.004166666666666667 0.4685185185185185 0.0046875 0.49166666666666664 0.0036458333333333334 0.5138888888888888 0 0.5185185185185185 0 0.5574074074074075 0.0109375 0.5648148148148148 0.019270833333333334 0.5777777777777777 0.023958333333333335 0.5796296296296296 0.025520833333333333 0.5851851851851851 0.029166666666666667 0.5879629629629629 0.03229166666666667 0.5981481481481481 0.043229166666666666 0.6138888888888889 0.04583333333333333 0.6231481481481481 0.0546875 0.6351851851851852 0.06145833333333333 0.6592592592592592 0.06458333333333334 0.6638888888888889 0.06458333333333334 0.6712962962962963 0.06822916666666666 0.6842592592592592 0.084375 0.712037037037037 0.08854166666666667 0.7277777777777777 0.09427083333333333 0.7305555555555555 0.10104166666666667 0.7416666666666667 0.10677083333333333 0.7462962962962963 0.12447916666666667 0.7527777777777778 0.13229166666666667 0.7592592592592593 0.1453125 0.7601851851851852 0.15520833333333334 0.7546296296296297 0.18333333333333332 0.7166666666666667 0.19895833333333332 0.7027777777777777 0.20677083333333332 0.6768518518518518 0.2171875 0.6592592592592592 0.22552083333333334 0.6370370370370371 0.2359375 0.6185185185185185 0.23854166666666668 0.6101851851851852 0.2484375 0.5953703703703703 0.25364583333333335 0.5805555555555556 0.25677083333333334 0.5601851851851852 0.27447916666666666 0.4981481481481482 0.28020833333333334 0.44814814814814813 0.28020833333333334 0.37222222222222223 0.290625 0.3212962962962963 0.2921875 0.2972222222222222 0.2984375 0.2574074074074074 0.30052083333333335 0.2111111111111111 0.30520833333333336 0.1962962962962963 0.30625 0.18518518518518517 0.31302083333333336 0.16666666666666666 0.31614583333333335 0.1638888888888889 0.3255208333333333 0.1638888888888889 0.32864583333333336 0.1685185185185185 0.33489583333333334 0.1712962962962963 0.3390625 0.1685185185185185 0.34427083333333336 0.17777777777777778 0.34427083333333336 0.1824074074074074 0.3484375 0.1824074074074074 0.35 0.17592592592592593 0.35520833333333335 0.17407407407407408 0.3567708333333333 0.1685185185185185 0.359375 0.1675925925925926 0.36666666666666664 0.15555555555555556 0.3692708333333333 0.15555555555555556 0.378125 0.14074074074074075 0.390625 0.12685185185185185 0.39427083333333335 0.11666666666666667 0.39739583333333334 0.11666666666666667 0.40520833333333334 0.10555555555555556 0.4088541666666667 0.09444444444444444 0.4114583333333333 0.09351851851851851 0.41354166666666664 0.08703703703703704 0.4505208333333333 0.032407407407407406 0.46041666666666664 0.021296296296296296 0.4640625 0.012037037037037037 0.4703125 0.004629629629629629 0.4708333333333333 0 0.43125 0 0.425 0.004629629629629629 0.4239583333333333 0.009259259259259259 0.4166666666666667 0.018518518518518517 0.4140625 0.018518518518518517 0.4109375 0.025925925925925925 0.4041666666666667 0.027777777777777776 0.3848958333333333 0.05092592592592592 0.37604166666666666 0.053703703703703705 0.37447916666666664 0.05 0.375 0.03981481481481482 0.3854166666666667 0.013888888888888888 0.3880208333333333 0 0.2125 0 0.209375 0.002777777777777778 0.1921875 0.002777777777777778 0.18958333333333333 0 0.13125 0 0.12864583333333332 0.002777777777777778 0.1203125 0.002777777777777778 0.11822916666666666 0 0.0125 0 0.011458333333333333 0.002777777777777778 0.0078125 0.000925925925925926 0.003125 0.004629629629629629