4 0.04010416666666667 0 0.050520833333333334 0 0.0546875 0.003703703703703704 0.109375 0.002777777777777778 0.1140625 0.05092592592592592 0.11458333333333333 0.08055555555555556 0.11354166666666667 0.1398148148148148 0.11145833333333334 0.15092592592592594 0.10729166666666666 0.24722222222222223 0.09635416666666667 0.36666666666666664 0.0875 0.4 0.08802083333333334 0.44537037037037036 0.07708333333333334 0.5009259259259259 0.06875 0.5277777777777778 0.065625 0.5638888888888889 0.065625 0.5851851851851851 0.05416666666666667 0.6861111111111111 0.043229166666666666 0.7407407407407407 0.04010416666666667 0.7481481481481481 0.03958333333333333 0.7555555555555555 0.0359375 0.7620370370370371 0.036458333333333336 0.7842592592592592 0.043229166666666666 0.8157407407407408 0.052083333333333336 0.812962962962963 0.07760416666666667 0.7953703703703704 0.12239583333333333 0.7861111111111111 0.14010416666666667 0.7759259259259259 0.19166666666666668 0.7101851851851851 0.22604166666666667 0.6175925925925926 0.25729166666666664 0.562962962962963 0.2630208333333333 0.5398148148148149 0.265625 0.5361111111111111 0.2708333333333333 0.5351851851851852 0.284375 0.537962962962963 0.29010416666666666 0.5361111111111111 0.3223958333333333 0.49722222222222223 0.328125 0.48703703703703705 0.3328125 0.46944444444444444 0.34270833333333334 0.4546296296296296 0.35104166666666664 0.4462962962962963 0.3703125 0.4351851851851852 0.4015625 0.43703703703703706 0.4192708333333333 0.4444444444444444 0.4328125 0.4564814814814815 0.43333333333333335 0.4777777777777778 0.42864583333333334 0.5101851851851852 0.4203125 0.5314814814814814 0.40677083333333336 0.5537037037037037 0.4041666666666667 0.5805555555555556 0.40677083333333336 0.6435185185185185 0.4140625 0.6648148148148149 0.425 0.6833333333333333 0.4317708333333333 0.6888888888888889 0.4515625 0.6509259259259259 0.4817708333333333 0.6342592592592593 0.4953125 0.6361111111111111 0.5088541666666667 0.6462962962962963 0.5177083333333333 0.6555555555555556 0.5223958333333333 0.6675925925925926 0.5223958333333333 0.687037037037037 0.5177083333333333 0.7398148148148148 0.51875 0.7925925925925926 0.5171875 0.8185185185185185 0.51875 0.8240740740740741 0.51875 0.8425925925925926 0.5151041666666667 0.8712962962962963 0.5166666666666667 0.8861111111111111 0.5140625 0.8962962962962963 0.5151041666666667 0.9009259259259259 0.5098958333333333 0.9148148148148149 0.49895833333333334 0.9324074074074075 0.49270833333333336 0.95 0.49322916666666666 0.9564814814814815 0.4875 0.9685185185185186 0.4791666666666667 0.975925925925926 0.4739583333333333 0.9851851851851852 0.453125 0.9925925925925926 0.42239583333333336 0.9944444444444445 0.05572916666666667 0.9925925925925926 0.011979166666666667 0.9953703703703703 0 0.9916666666666667 0 0.9601851851851851 0.0020833333333333333 0.9574074074074074 0 0.9527777777777777 0.0020833333333333333 0.9490740740740741 0 0.9425925925925925 0 0.9120370370370371 0.0020833333333333333 0.9092592592592592 0 0.9055555555555556 0 0.8907407407407407 0.0020833333333333333 0.8861111111111111 0.0026041666666666665 0.8481481481481481 0.0020833333333333333 0.7620370370370371 0 0.7583333333333333 0.0020833333333333333 0.7546296296296297 0.0026041666666666665 0.7314814814814815 0.0020833333333333333 0.6407407407407407 0 0.637962962962963 0.0020833333333333333 0.6333333333333333 0 0.6194444444444445 0.0020833333333333333 0.6175925925925926 0.0026041666666666665 0.43703703703703706 0 0.4305555555555556 0 0.4212962962962963 0.0026041666666666665 0.41759259259259257 0.0015625 0.2962962962962963 0.003125 0.287962962962963 0.0020833333333333333 0.15648148148148147 0 0.1537037037037037 0.0015625 0.1527777777777778 0 0.14907407407407408 0 0.14444444444444443 0.0015625 0.14351851851851852 0 0.1425925925925926 0 0.13148148148148148 0.0020833333333333333 0.13055555555555556 0.0020833333333333333 0.1259259259259259 0 0.12407407407407407 0 0.1037037037037037 0.0020833333333333333 0.10185185185185185 0 0.09722222222222222 0 0.07685185185185185 0.0020833333333333333 0.07314814814814814 0.0015625 0.06481481481481481 0 0.06388888888888888 0.0020833333333333333 0.03796296296296296 0 0.037037037037037035 0 0.03148148148148148 0.0020833333333333333 0.027777777777777776 0 0.025 0.0020833333333333333 0.024074074074074074 0.0026041666666666665 0.018518518518518517 0.0020833333333333333 0.012037037037037037 0 0.011111111111111112 0 0.004629629629629629 0.04010416666666667 0.000925925925925926
1 0.7807291666666667 0.6453703703703704 0.803125 0.6509259259259259 0.825 0.6518518518518519 0.8125 0.6675925925925926 0.8140625 0.6712962962962963 0.8125 0.6777777777777778 0.8135416666666667 0.6814814814814815 0.790625 0.7203703703703703 0.7869791666666667 0.7342592592592593 0.7791666666666667 0.7435185185185185 0.7713541666666667 0.7472222222222222 0.7609375 0.7388888888888889 0.7510416666666667 0.737037037037037 0.7416666666666667 0.7305555555555555 0.7255208333333333 0.7361111111111112 0.7229166666666667 0.7416666666666667 0.7177083333333333 0.7361111111111112 0.7171875 0.7296296296296296 0.7098958333333333 0.7333333333333333 0.70625 0.7240740740740741 0.696875 0.7231481481481481 0.6927083333333334 0.7185185185185186 0.6817708333333333 0.7240740740740741 0.6723958333333333 0.7138888888888889 0.65 0.7074074074074074 0.6380208333333334 0.7129629629629629 0.6302083333333334 0.7231481481481481 0.6145833333333334 0.7203703703703703 0.6046875 0.7333333333333333 0.5958333333333333 0.7509259259259259 0.5895833333333333 0.7555555555555555 0.5848958333333333 0.7490740740740741 0.5859375 0.7379629629629629 0.584375 0.7342592592592593 0.5875 0.7268518518518519 0.5895833333333333 0.7129629629629629 0.5661458333333333 0.6675925925925926 0.5619791666666667 0.6537037037037037 0.5635416666666667 0.65 0.6203125 0.6481481481481481 0.6322916666666667 0.6574074074074074 0.6317708333333333 0.6638888888888889 0.6333333333333333 0.6685185185185185 0.6369791666666667 0.6675925925925926 0.6354166666666666 0.6712962962962963 0.6369791666666667 0.6759259259259259 0.640625 0.6759259259259259 0.64375 0.6675925925925926 0.65 0.6731481481481482 0.6526041666666667 0.6722222222222223 0.653125 0.6555555555555556 0.6489583333333333 0.6527777777777778 0.64375 0.6564814814814814 0.6421875 0.6509259259259259 0.6541666666666667 0.65 0.65625 0.6611111111111111 0.6546875 0.6712962962962963 0.6614583333333334 0.6759259259259259 0.6697916666666667 0.6675925925925926 0.6734375 0.6675925925925926 0.6734375 0.6722222222222223 0.6791666666666667 0.6731481481481482 0.6802083333333333 0.6666666666666666 0.6854166666666667 0.6601851851851852 0.6916666666666667 0.6555555555555556 0.7026041666666667 0.6564814814814814 0.709375 0.649074074074074 0.7166666666666667 0.6527777777777778 0.7338541666666667 0.6462962962962963 0.7723958333333333 0.649074074074074 0.7755208333333333 0.6453703703703704 0.7802083333333333 0.6453703703703704
1 0.6921875 0.7731481481481481 0.6953125 0.7898148148148149 0.709375 0.7981481481481482 0.7135416666666666 0.8148148148148148 0.7208333333333333 0.8287037037037037 0.7223958333333333 0.8388888888888889 0.7192708333333333 0.8592592592592593 0.6979166666666666 0.8518518518518519 0.69375 0.8314814814814815 0.6869791666666667 0.8175925925925925 0.6817708333333333 0.8138888888888889 0.665625 0.8111111111111111 0.6609375 0.8046296296296296 0.659375 0.7888888888888889 0.6614583333333334 0.7842592592592592 0.6692708333333334 0.7787037037037037 0.675 0.7787037037037037 0.6786458333333333 0.7861111111111111 0.6807291666666667 0.7861111111111111 0.6875 0.7694444444444445 0.6890625 0.7685185185185185 0.6916666666666667 0.7731481481481481
1 0.5213541666666667 0 0.5395833333333333 0 0.5427083333333333 0.012037037037037037 0.5421875 0.018518518518518517 0.5395833333333333 0.021296296296296296 0.5234375 0.016666666666666666 0.5213541666666667 0.011111111111111112 0.5213541666666667 0.000925925925925926
1 0.6177083333333333 0.03981481481481482 0.6197916666666666 0.04537037037037037 0.6192708333333333 0.09074074074074075 0.6177083333333333 0.10092592592592593 0.609375 0.13518518518518519 0.5833333333333334 0.2 0.5796875 0.19814814814814816 0.5791666666666667 0.18703703703703703 0.5864583333333333 0.16574074074074074 0.590625 0.14074074074074075 0.5947916666666667 0.10277777777777777 0.5932291666666667 0.08425925925925926 0.603125 0.07685185185185185 0.6088541666666667 0.04722222222222222 0.6125 0.03981481481481482 0.6171875 0.03981481481481482
1 0.6625 0.11203703703703703 0.6635416666666667 0.12222222222222222 0.6609375 0.16296296296296298 0.6614583333333334 0.1824074074074074 0.6541666666666667 0.20185185185185187 0.6505208333333333 0.2 0.6484375 0.20277777777777778 0.6489583333333333 0.20925925925925926 0.6427083333333333 0.21944444444444444 0.6395833333333333 0.21944444444444444 0.6375 0.21574074074074073 0.6359375 0.19537037037037036 0.6401041666666667 0.18518518518518517 0.64375 0.18611111111111112 0.6453125 0.1824074074074074 0.6432291666666666 0.16018518518518518 0.6442708333333333 0.1398148148148148 0.6526041666666667 0.11851851851851852 0.6619791666666667 0.11203703703703703
0 0.7390625 0.002777777777777778 0.9078125 0.004629629629629629 0.9151041666666667 0.011111111111111112 0.921875 0.022222222222222223 0.9453125 0.037037037037037035 0.95625 0.053703703703703705 0.9583333333333334 0.06666666666666667 0.9515625 0.10555555555555556 0.9526041666666667 0.14351851851851852 0.9427083333333334 0.17407407407407408 0.9359375 0.18518518518518517 0.9135416666666667 0.2361111111111111 0.9046875 0.2490740740740741 0.8973958333333333 0.275 0.8927083333333333 0.2824074074074074 0.890625 0.2962962962962963 0.8833333333333333 0.3037037037037037 0.8734375 0.29814814814814816 0.8640625 0.28055555555555556 0.859375 0.2759259259259259 0.8453125 0.2796296296296296 0.8182291666666667 0.2759259259259259 0.8036458333333333 0.26851851851851855 0.796875 0.27037037037037037 0.7765625 0.2675925925925926 0.7625 0.2601851851851852 0.74375 0.25833333333333336 0.7223958333333333 0.2490740740740741 0.7046875 0.2518518518518518 0.6885416666666667 0.2601851851851852 0.6755208333333333 0.26296296296296295 0.6645833333333333 0.2611111111111111 0.6645833333333333 0.22685185185185186 0.6697916666666667 0.1925925925925926 0.66875 0.17685185185185184 0.675 0.13425925925925927 0.6786458333333333 0.12685185185185185 0.6817708333333333 0.12407407407407407 0.6848958333333334 0.13148148148148148 0.6989583333333333 0.14814814814814814 0.7182291666666667 0.16018518518518518 0.7302083333333333 0.15925925925925927 0.7401041666666667 0.1527777777777778 0.7447916666666666 0.14629629629629629 0.746875 0.13240740740740742 0.7541666666666667 0.11296296296296296 0.7541666666666667 0.09444444444444444 0.7463541666666667 0.06574074074074074 0.7276041666666667 0.026851851851851852 0.7223958333333333 0.006481481481481481 0.7255208333333333 0.003703703703703704 0.7385416666666667 0.002777777777777778
0 0.6572916666666667 0.7138888888888889 0.6760416666666667 0.7222222222222222 0.6921875 0.7416666666666667 0.6994791666666667 0.7462962962962963 0.7057291666666666 0.7462962962962963 0.7171875 0.7555555555555555 0.7270833333333333 0.7731481481481481 0.7588541666666667 0.8046296296296296 0.7723958333333333 0.825 0.790625 0.8351851851851851 0.8072916666666666 0.8601851851851852 0.8171875 0.862037037037037 0.8197916666666667 0.8675925925925926 0.8177083333333334 0.8935185185185185 0.8213541666666667 0.9388888888888889 0.8177083333333334 0.9490740740740741 0.8161458333333333 0.975925925925926 0.8166666666666667 0.9805555555555555 0.8203125 0.9842592592592593 0.8166666666666667 0.9944444444444445 0.7588541666666667 0.9944444444444445 0.7578125 0.9935185185185185 0.7625 0.9805555555555555 0.7604166666666666 0.9740740740740741 0.7625 0.9629629629629629 0.7578125 0.9555555555555556 0.7541666666666667 0.9592592592592593 0.7536458333333333 0.9657407407407408 0.7515625 0.9685185185185186 0.7442708333333333 0.9657407407407408 0.7302083333333333 0.9703703703703703 0.7328125 0.9731481481481481 0.7296875 0.9796296296296296 0.7322916666666667 0.9833333333333333 0.7307291666666667 0.9879629629629629 0.734375 0.9898148148148148 0.7375 0.9851851851851852 0.7395833333333334 0.9888888888888889 0.7395833333333334 0.9944444444444445 0.7072916666666667 0.9944444444444445 0.709375 0.9907407407407407 0.70625 0.9888888888888889 0.70625 0.9935185185185185 0.7036458333333333 0.9962962962962963 0.5317708333333333 0.9962962962962963 0.5067708333333333 0.9953703703703703 0.5020833333333333 0.9907407407407407 0.5020833333333333 0.9842592592592593 0.5140625 0.9629629629629629 0.5296875 0.950925925925926 0.559375 0.9092592592592592 0.5776041666666667 0.8777777777777778 0.5901041666666667 0.850925925925926 0.5911458333333334 0.8388888888888889 0.5880208333333333 0.8305555555555556 0.5854166666666667 0.8277777777777777 0.575 0.8287037037037037 0.5739583333333333 0.825925925925926 0.5786458333333333 0.7898148148148149 0.5875 0.7675925925925926 0.615625 0.725 0.6229166666666667 0.7240740740740741 0.6322916666666667 0.7287037037037037 0.6458333333333334 0.7148148148148148 0.6567708333333333 0.7138888888888889
0 0.6614583333333334 0.7175925925925926 0.6682291666666667 0.7203703703703703 0.671875 0.7277777777777777 0.6755208333333333 0.7268518518518519 0.6822916666666666 0.7333333333333333 0.6838541666666667 0.7407407407407407 0.6921875 0.7509259259259259 0.7166666666666667 0.7601851851851852 0.7229166666666667 0.7731481481481481 0.7307291666666667 0.7787037037037037 0.7432291666666667 0.7953703703703704 0.7583333333333333 0.8092592592592592 0.7703125 0.8287037037037037 0.7848958333333333 0.8342592592592593 0.7963541666666667 0.8453703703703703 0.803125 0.8601851851851852 0.8036458333333333 0.8675925925925926 0.8109375 0.8694444444444445 0.8145833333333333 0.8759259259259259 0.8140625 0.8796296296296297 0.8098958333333334 0.8787037037037037 0.8083333333333333 0.8833333333333333 0.8026041666666667 0.8833333333333333 0.7973958333333333 0.8898148148148148 0.7989583333333333 0.8925925925925926 0.8078125 0.8925925925925926 0.8104166666666667 0.8972222222222223 0.8083333333333333 0.9 0.8109375 0.9037037037037037 0.8088541666666667 0.9074074074074074 0.8119791666666667 0.9111111111111111 0.8072916666666666 0.9138888888888889 0.8026041666666667 0.9111111111111111 0.8041666666666667 0.9074074074074074 0.8010416666666667 0.9018518518518519 0.7958333333333333 0.9037037037037037 0.7947916666666667 0.9 0.7901041666666667 0.8981481481481481 0.7791666666666667 0.9009259259259259 0.775 0.8972222222222223 0.775 0.8925925925925926 0.7682291666666666 0.8907407407407407 0.771875 0.8870370370370371 0.7692708333333333 0.8824074074074074 0.7817708333333333 0.8777777777777778 0.7885416666666667 0.8814814814814815 0.8026041666666667 0.8814814814814815 0.8036458333333333 0.8796296296296297 0.8005208333333333 0.8759259259259259 0.8041666666666667 0.8740740740740741 0.8041666666666667 0.8712962962962963 0.7708333333333334 0.8675925925925926 0.7380208333333333 0.8861111111111111 0.7328125 0.8972222222222223 0.7203125 0.9074074074074074 0.7114583333333333 0.9212962962962963 0.70625 0.950925925925926 0.7057291666666666 0.9861111111111112 0.7026041666666667 0.9944444444444445 0.6895833333333333 0.9916666666666667 0.5984375 0.9944444444444445 0.5854166666666667 0.9907407407407407 0.578125 0.9944444444444445 0.5578125 0.9916666666666667 0.5333333333333333 0.9944444444444445 0.5109375 0.9935185185185185 0.5057291666666667 0.9879629629629629 0.5119791666666667 0.9694444444444444 0.5307291666666667 0.9546296296296296 0.5473958333333333 0.9324074074074075 0.5572916666666666 0.9148148148148149 0.5625 0.9101851851851852 0.5708333333333333 0.8925925925925926 0.5802083333333333 0.8805555555555555 0.584375 0.8675925925925926 0.5921875 0.8546296296296296 0.59375 0.8435185185185186 0.590625 0.8305555555555556 0.5848958333333333 0.825 0.5776041666666667 0.825 0.5760416666666667 0.8166666666666667 0.58125 0.7888888888888889 0.5927083333333333 0.7620370370370371 0.5989583333333334 0.7564814814814815 0.6098958333333333 0.7333333333333333 0.6161458333333333 0.7277777777777777 0.6239583333333333 0.7268518518518519 0.6317708333333333 0.7305555555555555 0.646875 0.7166666666666667 0.6609375 0.7175925925925926
3 0.9791666666666666 0 0.9953125 0 0.9994791666666667 0.003703703703703704 0.9994791666666667 0.12407407407407407 0.9875 0.13703703703703704 0.9729166666666667 0.1398148148148148 0.9625 0.13703703703703704 0.9598958333333333 0.13333333333333333 0.9567708333333333 0.11851851851851852 0.9578125 0.0962962962962963 0.9640625 0.05740740740740741 0.9729166666666667 0.02962962962962963 0.9791666666666666 0.000925925925925926
3 0.8833333333333333 0.7314814814814815 0.8869791666666667 0.7388888888888889 0.8921875 0.7638888888888888 0.9010416666666666 0.7925925925925926 0.9088541666666666 0.8018518518518518 0.9223958333333333 0.8055555555555556 0.9380208333333333 0.8166666666666667 0.9463541666666667 0.8185185185185185 0.9526041666666667 0.8138888888888889 0.9510416666666667 0.7833333333333333 0.946875 0.7555555555555555 0.9859375 0.7574074074074074 0.9947916666666666 0.7611111111111111 0.9994791666666667 0.7675925925925926 0.9994791666666667 0.8018518518518518 0.9979166666666667 0.8027777777777778 0.9994791666666667 0.8046296296296296 0.9994791666666667 0.8574074074074074 0.9979166666666667 0.8583333333333333 0.9994791666666667 0.8629629629629629 0.9973958333333334 0.8657407407407407 0.9994791666666667 0.8712962962962963 0.9994791666666667 0.9074074074074074 0.9973958333333334 0.9111111111111111 0.9979166666666667 0.9185185185185185 0.9994791666666667 0.9194444444444444 0.9994791666666667 0.924074074074074 0.9979166666666667 0.925 0.9994791666666667 0.9259259259259259 0.9994791666666667 0.9407407407407408 0.9979166666666667 0.9416666666666667 0.9994791666666667 0.9444444444444444 0.9994791666666667 0.9898148148148148 0.9973958333333334 0.9944444444444445 0.8489583333333334 0.9962962962962963 0.840625 0.9935185185185185 0.8442708333333333 0.9907407407407407 0.8447916666666667 0.9842592592592593 0.8526041666666667 0.9675925925925926 0.8572916666666667 0.9490740740740741 0.840625 0.9407407407407408 0.8260416666666667 0.9175925925925926 0.8223958333333333 0.8935185185185185 0.8260416666666667 0.8527777777777777 0.8375 0.8240740740740741 0.859375 0.7972222222222223 0.8614583333333333 0.7675925925925926 0.865625 0.7490740740740741 0.8697916666666666 0.7425925925925926 0.8828125 0.7324074074074074
3 0.3802083333333333 0.43333333333333335 0.3984375 0.4361111111111111 0.41770833333333335 0.44351851851851853 0.434375 0.4601851851851852 0.434375 0.48055555555555557 0.42864583333333334 0.5148148148148148 0.41770833333333335 0.5416666666666666 0.40729166666666666 0.5592592592592592 0.4046875 0.5824074074074074 0.40729166666666666 0.6425925925925926 0.4140625 0.6620370370370371 0.41770833333333335 0.6648148148148149 0.421875 0.6759259259259259 0.42604166666666665 0.6777777777777778 0.42864583333333334 0.6888888888888889 0.434375 0.6842592592592592 0.43802083333333336 0.674074074074074 0.4515625 0.6509259259259259 0.4791666666666667 0.6351851851851852 0.4942708333333333 0.6351851851851852 0.5078125 0.6444444444444445 0.5171875 0.6537037037037037 0.5223958333333333 0.6675925925925926 0.5223958333333333 0.6953703703703704 0.51875 0.7351851851851852 0.5197916666666667 0.8425925925925926 0.515625 0.8694444444444445 0.5161458333333333 0.8833333333333333 0.5197916666666667 0.8870370370370371 0.5161458333333333 0.9009259259259259 0.5109375 0.9138888888888889 0.49895833333333334 0.9333333333333333 0.4875 0.9694444444444444 0.4796875 0.975925925925926 0.4734375 0.987037037037037 0.46875 0.9907407407407407 0.4328125 0.9944444444444445 0.365625 0.9935185185185185 0.3578125 0.9879629629629629 0.3609375 0.962037037037037 0.3578125 0.9305555555555556 0.3609375 0.925 0.3625 0.9148148148148149 0.35989583333333336 0.9 0.35989583333333336 0.8759259259259259 0.35833333333333334 0.8712962962962963 0.359375 0.862037037037037 0.35260416666666666 0.8240740740740741 0.3541666666666667 0.8212962962962963 0.353125 0.799074074074074 0.3421875 0.75 0.334375 0.7314814814814815 0.3177083333333333 0.7083333333333334 0.2875 0.687962962962963 0.2786458333333333 0.6861111111111111 0.2713541666666667 0.6898148148148148 0.26197916666666665 0.6833333333333333 0.2203125 0.6944444444444444 0.21354166666666666 0.6990740740740741 0.20885416666666667 0.7092592592592593 0.19375 0.7138888888888889 0.19895833333333332 0.6907407407407408 0.225 0.6194444444444445 0.25104166666666666 0.5722222222222222 0.26510416666666664 0.5564814814814815 0.26197916666666665 0.5527777777777778 0.26458333333333334 0.55 0.265625 0.537962962962963 0.2703125 0.5351851851851852 0.28125 0.5388888888888889 0.28958333333333336 0.5370370370370371 0.3234375 0.4962962962962963 0.33645833333333336 0.462037037037037 0.3421875 0.4546296296296296 0.36666666666666664 0.43703703703703706 0.3796875 0.43333333333333335
3 0.4119791666666667 0 0.43333333333333335 0 0.43854166666666666 0.002777777777777778 0.4859375 0 0.49322916666666666 0.002777777777777778 0.4973958333333333 0.004629629629629629 0.5005208333333333 0.016666666666666666 0.5119791666666667 0.04259259259259259 0.515625 0.027777777777777776 0.5171875 0.004629629629629629 0.5255208333333333 0 0.7109375 0.002777777777777778 0.7166666666666667 0.010185185185185186 0.7265625 0.037037037037037035 0.7447916666666666 0.07407407407407407 0.7505208333333333 0.1 0.75 0.1111111111111111 0.7416666666666667 0.1388888888888889 0.7354166666666667 0.14444444444444443 0.7270833333333333 0.14444444444444443 0.715625 0.14351851851851852 0.6994791666666667 0.13333333333333333 0.6869791666666667 0.11388888888888889 0.68125 0.09814814814814815 0.678125 0.09722222222222222 0.6671875 0.1675925925925926 0.6661458333333333 0.19537037037037036 0.6614583333333334 0.21944444444444444 0.659375 0.25833333333333336 0.6541666666666667 0.2898148148148148 0.64375 0.31666666666666665 0.6369791666666667 0.32314814814814813 0.6286458333333333 0.32314814814814813 0.6166666666666667 0.3175925925925926 0.6114583333333333 0.3101851851851852 0.6057291666666667 0.29259259259259257 0.6020833333333333 0.2638888888888889 0.5989583333333334 0.26481481481481484 0.5817708333333333 0.2861111111111111 0.5708333333333333 0.29259259259259257 0.5572916666666666 0.28425925925925927 0.5515625 0.27314814814814814 0.546875 0.25092592592592594 0.5432291666666667 0.24444444444444444 0.5359375 0.25092592592592594 0.525 0.26851851851851855 0.5182291666666666 0.26944444444444443 0.5052083333333334 0.2574074074074074 0.5005208333333333 0.2490740740740741 0.4947916666666667 0.22592592592592592 0.49375 0.17962962962962964 0.4953125 0.1638888888888889 0.47708333333333336 0.1638888888888889 0.4630208333333333 0.13333333333333333 0.43697916666666664 0.09166666666666666 0.4197916666666667 0.05555555555555555 0.38645833333333335 0.004629629629629629 0.3880208333333333 0.001851851851851852 0.4119791666666667 0.000925925925925926