4 0.4859375 0.7055555555555556 0.4828125 0.7092592592592593 0.4875 0.7101851851851851 0.4875 0.7055555555555556 0.4859375 0.7055555555555556
4 0.38177083333333334 0.6944444444444444 0.38125 0.6981481481481482 0.3859375 0.6962962962962963 0.3828125 0.6916666666666667 0.38177083333333334 0.6944444444444444
4 0.36875 0.649074074074074 0.36666666666666664 0.6527777777777778 0.36875 0.6592592592592592 0.37447916666666664 0.6555555555555556 0.3765625 0.6509259259259259 0.37604166666666666 0.6481481481481481 0.36875 0.649074074074074
4 0.35572916666666665 0.6481481481481481 0.3546875 0.6509259259259259 0.3619791666666667 0.6555555555555556 0.3645833333333333 0.6527777777777778 0.3625 0.6462962962962963 0.3572916666666667 0.6509259259259259 0.35572916666666665 0.6481481481481481
4 0.3453125 0.5935185185185186 0.34375 0.5935185185185186 0.34479166666666666 0.5981481481481481 0.3453125 0.5935185185185186
4 0.34375 0.575 0.34270833333333334 0.5787037037037037 0.34479166666666666 0.5851851851851851 0.3484375 0.587037037037037 0.3536458333333333 0.5805555555555556 0.3494791666666667 0.5740740740740741 0.34375 0.575
4 0.3729166666666667 0.42314814814814816 0.36875 0.425 0.3729166666666667 0.42592592592592593 0.3729166666666667 0.42314814814814816
4 0.0020833333333333333 0.002777777777777778 0 0.004629629629629629 0 0.03888888888888889 0.0015625 0.041666666666666664 0.0015625 0.05092592592592592 0 0.05277777777777778 0 0.0824074074074074 0.0020833333333333333 0.1287037037037037 0.0015625 0.19444444444444445 0 0.19814814814814816 0.0015625 0.20925925925925926 0 0.21666666666666667 0.0015625 0.21944444444444444 0.0015625 0.24444444444444444 0 0.2462962962962963 0 0.26851851851851855 0.0015625 0.26944444444444443 0 0.27314814814814814 0.0015625 0.28703703703703703 0 0.30277777777777776 0.0015625 0.30462962962962964 0.0015625 0.36666666666666664 0 0.3685185185185185 0.0015625 0.4074074074074074 0 0.40925925925925927 0 0.44351851851851853 0.0015625 0.44722222222222224 0.0015625 0.45740740740740743 0 0.4638888888888889 0.0015625 0.4675925925925926 0.003125 0.4898148148148148 0.0020833333333333333 0.5 0.004166666666666667 0.5074074074074074 0.0020833333333333333 0.5388888888888889 0.003125 0.6462962962962963 0.0010416666666666667 0.6768518518518518 0.0015625 0.7601851851851852 0.003125 0.7675925925925926 0.0015625 0.812962962962963 0.003125 0.8398148148148148 0.0015625 0.8574074074074074 0.0020833333333333333 0.9518518518518518 0 0.9666666666666667 0.0015625 0.9694444444444444 0.0020833333333333333 0.9935185185185185 0.016666666666666666 0.9935185185185185 0.025520833333333333 0.9981481481481481 0.036458333333333336 0.9944444444444445 0.05 0.9944444444444445 0.05364583333333333 0.9824074074074074 0.058333333333333334 0.9305555555555556 0.058333333333333334 0.8703703703703703 0.06041666666666667 0.8351851851851851 0.06041666666666667 0.8231481481481482 0.058333333333333334 0.8203703703703704 0.058333333333333334 0.8018518518518518 0.0609375 0.7935185185185185 0.0625 0.674074074074074 0.06458333333333334 0.6666666666666666 0.0640625 0.5861111111111111 0.06614583333333333 0.5805555555555556 0.07552083333333333 0.5888888888888889 0.08541666666666667 0.5916666666666667 0.08802083333333334 0.5981481481481481 0.10520833333333333 0.6101851851851852 0.11666666666666667 0.625 0.1359375 0.6388888888888888 0.13802083333333334 0.6435185185185185 0.1484375 0.649074074074074 0.15729166666666666 0.6620370370370371 0.16510416666666666 0.6851851851851852 0.17447916666666666 0.6944444444444444 0.1875 0.7138888888888889 0.20572916666666666 0.7351851851851852 0.22239583333333332 0.7462962962962963 0.23854166666666668 0.7509259259259259 0.2484375 0.75 0.2546875 0.7462962962962963 0.26510416666666664 0.7324074074074074 0.2755208333333333 0.7074074074074074 0.2786458333333333 0.6842592592592592 0.2786458333333333 0.6444444444444445 0.28125 0.6277777777777778 0.28125 0.6083333333333333 0.29375 0.5824074074074074 0.2953125 0.5722222222222222 0.2994791666666667 0.5638888888888889 0.3020833333333333 0.5444444444444444 0.3104166666666667 0.5092592592592593 0.32135416666666666 0.5111111111111111 0.3234375 0.5212962962962963 0.32760416666666664 0.5259259259259259 0.33125 0.524074074074074 0.34375 0.5305555555555556 0.36614583333333334 0.5277777777777778 0.36875 0.5305555555555556 0.3802083333333333 0.5324074074074074 0.3880208333333333 0.5388888888888889 0.39479166666666665 0.5398148148148149 0.4015625 0.55 0.40625 0.55 0.40520833333333334 0.5388888888888889 0.4 0.5361111111111111 0.39947916666666666 0.5277777777777778 0.39375 0.5185185185185185 0.39375 0.5138888888888888 0.38645833333333335 0.5009259259259259 0.3776041666666667 0.49166666666666664 0.3729166666666667 0.4777777777777778 0.4010416666666667 0.4324074074074074 0.4119791666666667 0.45185185185185184 0.4265625 0.4888888888888889 0.45416666666666666 0.5416666666666666 0.46822916666666664 0.5722222222222222 0.4703125 0.5805555555555556 0.4796875 0.5981481481481481 0.4875 0.6212962962962963 0.49895833333333334 0.6462962962962963 0.5005208333333333 0.6555555555555556 0.509375 0.675 0.5125 0.7101851851851851 0.5140625 0.7175925925925926 0.5177083333333333 0.7231481481481481 0.5307291666666667 0.7231481481481481 0.5328125 0.7194444444444444 0.5375 0.7185185185185186 0.546875 0.7064814814814815 0.5536458333333333 0.6916666666666667 0.5552083333333333 0.6592592592592592 0.5479166666666667 0.6185185185185185 0.5453125 0.6129629629629629 0.5442708333333334 0.6046296296296296 0.546875 0.6027777777777777 0.5625 0.6351851851851852 0.5666666666666667 0.649074074074074 0.5697916666666667 0.6703703703703704 0.5723958333333333 0.675 0.5739583333333333 0.6888888888888889 0.5802083333333333 0.7046296296296296 0.58125 0.7166666666666667 0.5848958333333333 0.7231481481481481 0.5854166666666667 0.7194444444444444 0.5916666666666667 0.7268518518518519 0.59375 0.737037037037037 0.6036458333333333 0.737037037037037 0.6078125 0.7416666666666667 0.6135416666666667 0.7416666666666667 0.6213541666666667 0.737037037037037 0.6328125 0.737037037037037 0.6369791666666667 0.7212962962962963 0.634375 0.6620370370370371 0.6296875 0.6416666666666667 0.6270833333333333 0.6388888888888888 0.628125 0.6259259259259259 0.6239583333333333 0.600925925925926 0.6213541666666667 0.5944444444444444 0.61875 0.5768518518518518 0.6182291666666667 0.5555555555555556 0.6119791666666666 0.5231481481481481 0.6005208333333333 0.4861111111111111 0.5932291666666667 0.4537037037037037 0.5880208333333333 0.44166666666666665 0.5848958333333333 0.4212962962962963 0.5723958333333333 0.4 0.5640625 0.37962962962962965 0.5578125 0.3592592592592593 0.5536458333333333 0.337037037037037 0.55 0.32685185185185184 0.55 0.3212962962962963 0.5427083333333333 0.30277777777777776 0.5385416666666667 0.30092592592592593 0.5291666666666667 0.28888888888888886 0.5203125 0.2851851851851852 0.5125 0.275 0.5119791666666667 0.2712962962962963 0.5052083333333334 0.26481481481481484 0.496875 0.2574074074074074 0.4822916666666667 0.25 0.47239583333333335 0.2388888888888889 0.4578125 0.22962962962962963 0.45625 0.22592592592592592 0.43125 0.2101851851851852 0.4171875 0.19814814814814816 0.3921875 0.18425925925925926 0.3859375 0.17777777777777778 0.38125 0.17777777777777778 0.371875 0.16944444444444445 0.36614583333333334 0.1685185185185185 0.3625 0.1638888888888889 0.35833333333333334 0.1648148148148148 0.35572916666666665 0.175 0.3546875 0.19444444444444445 0.35052083333333334 0.2074074074074074 0.35052083333333334 0.2175925925925926 0.3489583333333333 0.2212962962962963 0.33958333333333335 0.20555555555555555 0.33645833333333336 0.18518518518518517 0.3307291666666667 0.1787037037037037 0.32864583333333336 0.16666666666666666 0.30364583333333334 0.13055555555555556 0.2921875 0.12314814814814815 0.2864583333333333 0.11388888888888889 0.2838541666666667 0.11388888888888889 0.275 0.10277777777777777 0.2708333333333333 0.10092592592592593 0.26510416666666664 0.09166666666666666 0.2526041666666667 0.08425925925925926 0.24375 0.07314814814814814 0.21979166666666666 0.05740740740740741 0.19166666666666668 0.032407407407407406 0.18541666666666667 0.030555555555555555 0.16614583333333333 0.016666666666666666 0.13125 0.002777777777777778 0.0020833333333333333 0.002777777777777778
4 0.9942708333333333 0.10092592592592593 0.99375 0.10555555555555556 0.9942708333333333 0.10092592592592593
4 0.99375 0.06018518518518518 0.9942708333333333 0.0712962962962963 0.99375 0.06018518518518518
4 0.99375 0.037037037037037035 0.9932291666666667 0.04351851851851852 0.99375 0.037037037037037035
4 0.9864583333333333 0.004629629629629629 0.9921875 0.011111111111111112 0.9921875 0.022222222222222223 0.9875 0.025 0.9854166666666667 0.02962962962962963 0.9916666666666667 0.02962962962962963 0.99375 0.032407407407407406 0.9947916666666666 0.023148148148148147 0.9921875 0.021296296296296296 0.9942708333333333 0.01728425925925926 0.9927083333333333 0.01574074074074074 0.9942708333333333 0.012345370370370371 0.9927083333333333 0.009259259259259259 0.9942708333333333 0.007407407407407408 0.9927083333333333 0.004629629629629629 0.9864583333333333 0.004629629629629629
4 0.8197916666666667 0.005092592592592593 0.0020833333333333333 0.000925925925925926
4 0.6666666666666666 0.004629629629629629 0.6661458333333333 0.012037037037037037 0.6682291666666667 0.018518518518518517 0.6744791666666666 0.025925925925925925 0.675 0.030555555555555555 0.68125 0.03888888888888889 0.6854166666666667 0.040740740740740744 0.6890625 0.04814814814814815 0.70625 0.06388888888888888 0.7177083333333333 0.06388888888888888 0.7333333333333333 0.05277777777777778 0.7536458333333333 0.046296296296296294 0.7630208333333334 0.03888888888888889 0.7666666666666667 0.040740740740740744 0.7630208333333334 0.058333333333333334 0.7635416666666667 0.06944444444444445 0.7614583333333333 0.075 0.7609375 0.09814814814814815 0.7625 0.10462962962962963 0.7723958333333333 0.11944444444444445 0.7729166666666667 0.12962962962962962 0.7640625 0.1398148148148148 0.7510416666666667 0.1648148148148148 0.7442708333333333 0.20185185185185187 0.7453125 0.22592592592592592 0.7505208333333333 0.24537037037037038 0.7557291666666667 0.2574074074074074 0.75625 0.26851851851851855 0.7473958333333334 0.2796296296296296 0.7380208333333333 0.2851851851851852 0.7328125 0.29444444444444445 0.7265625 0.30833333333333335 0.7234375 0.3333333333333333 0.7255208333333333 0.362962962962963 0.7380208333333333 0.3888888888888889 0.7489583333333333 0.4027777777777778 0.7390625 0.4185185185185185 0.7359375 0.4425925925925926 0.7359375 0.45740740740740743 0.7401041666666667 0.48518518518518516 0.7505208333333333 0.5074074074074074 0.7645833333333333 0.5212962962962963 0.7744791666666667 0.5231481481481481 0.8020833333333334 0.5416666666666666 0.8213541666666667 0.5481481481481482 0.8401041666666667 0.562037037037037 0.8739583333333333 0.5777777777777777 0.8890625 0.5888888888888889 0.9276041666666667 0.6055555555555555 0.9645833333333333 0.6277777777777778 0.9932291666666667 0.6342592592592593 0.9994791666666667 0.6296296296296297 0.9994791666666667 0.5824074074074074 0.9979166666666667 0.5814814814814815 0.9994791666666667 0.5796296296296296 0.9994791666666667 0.49166666666666664 0.9973958333333334 0.487962962962963 0.9973958333333334 0.4824074074074074 0.9994791666666667 0.48055555555555557 0.9994791666666667 0.47129629629629627 0.9979166666666667 0.4703703703703704 0.9994791666666667 0.4648148148148148 0.9973958333333334 0.46296296296296297 0.9994791666666667 0.45740740740740743 0.9994791666666667 0.43425925925925923 0.9979166666666667 0.43333333333333335 0.9979166666666667 0.4287037037037037 0.9994791666666667 0.42777777777777776 0.9994791666666667 0.39351851851851855 0.9973958333333334 0.38796296296296295 0.9973958333333334 0.35185185185185186 0.9994791666666667 0.34814814814814815 0.9994791666666667 0.3296296296296296 0.9973958333333334 0.3277777777777778 0.9973958333333334 0.32314814814814813 0.9994791666666667 0.3212962962962963 0.9973958333333334 0.31666666666666665 0.9994791666666667 0.3138888888888889 0.9994791666666667 0.3101851851851852 0.9973958333333334 0.30833333333333335 0.9973958333333334 0.2861111111111111 0.9994791666666667 0.28425925925925927 0.9994791666666667 0.2759259259259259 0.9973958333333334 0.2740740740740741 0.9973958333333334 0.24814814814814815 0.9994791666666667 0.2462962962962963 0.9994791666666667 0.20555555555555555 0.9979166666666667 0.20462962962962963 0.9973958333333334 0.19537037037037036 0.9994791666666667 0.19166666666666668 0.9994791666666667 0.1712962962962963 0.9979166666666667 0.17037037037037037 0.9973958333333334 0.15925925925925927 0.9947916666666666 0.15185185185185185 0.9848958333333333 0.14351851851851852 0.9697916666666667 0.1388888888888889 0.95625 0.12777777777777777 0.9526041666666667 0.11666666666666667 0.9442708333333333 0.10555555555555556 0.9380208333333333 0.10555555555555556 0.9322916666666666 0.10092592592592593 0.9197916666666667 0.1 0.9140625 0.09351851851851851 0.9067708333333333 0.09351851851851851 0.9010416666666666 0.10092592592592593 0.8942708333333333 0.1 0.884375 0.08888888888888889 0.8578125 0.06851851851851852 0.8552083333333333 0.062037037037037036 0.8442708333333333 0.05 0.8432291666666667 0.046296296296296294 0.8197916666666667 0.025925925925925925 0.8119791666666667 0.010185185185185186 0.8057291666666667 0.002777777777777778 0.7927083333333333 0.002777777777777778 0.7890625 0.005555555555555556 0.7817708333333333 0.002777777777777778 0.6666666666666666 0.004629629629629629
4 0.055989583333333336 0.825462962962963 0.0005208333333333333 0.004629629629629629
4 0.0421875 0.7185185185185186 0.042708333333333334 0.7212962962962963 0.05 0.7194444444444444 0.0421875 0.7185185185185186
4 0.3489583333333333 0.5935185185185186 0.34375 0.5953703703703703 0.3458333333333333 0.5981481481481481 0.3489583333333333 0.5962962962962963 0.3489583333333333 0.5935185185185186
4 0.34375 0.575925925925926 0.3421875 0.5777777777777777 0.3463541666666667 0.587037037037037 0.35208333333333336 0.5851851851851851 0.3546875 0.5805555555555556 0.35052083333333334 0.5796296296296296 0.3484375 0.575925925925926 0.34375 0.575925925925926
4 0.0036458333333333334 0.5472222222222223 0.003125 0.6787037037037037 0.0046875 0.6925925925925925 0.0020833333333333333 0.7324074074074074 0.0036458333333333334 0.7388888888888889 0.003125 0.8111111111111111 0.0046875 0.85 0.003125 0.8611111111111112 0.003125 0.975925925925926 0.0067708333333333336 0.9824074074074074 0.0036458333333333334 0.9842592592592593 0.005208333333333333 0.9888888888888889 0.0078125 0.9805555555555555 0.011979166666666667 0.9805555555555555 0.015104166666666667 0.9842592592592593 0.013541666666666667 0.987037037037037 0.016145833333333335 0.9888888888888889 0.016145833333333335 0.9935185185185185 0.044270833333333336 0.9935185185185185 0.046875 0.987037037037037 0.044270833333333336 0.9842592592592593 0.046875 0.9805555555555555 0.05 0.9805555555555555 0.05 0.975925925925926 0.05416666666666667 0.9666666666666667 0.05260416666666667 0.9472222222222222 0.05572916666666667 0.9388888888888889 0.05260416666666667 0.9342592592592592 0.05625 0.9324074074074075 0.05677083333333333 0.9259259259259259 0.05416666666666667 0.9212962962962963 0.05520833333333333 0.9175925925925926 0.05677083333333333 0.9185185185185185 0.05625 0.9148148148148149 0.053125 0.9231481481481482 0.051041666666666666 0.9212962962962963 0.050520833333333334 0.9120370370370371 0.04479166666666667 0.9074074074074074 0.046875 0.9027777777777778 0.044270833333333336 0.899074074074074 0.04583333333333333 0.8962962962962963 0.050520833333333334 0.8981481481481481 0.05260416666666667 0.8935185185185185 0.05677083333333333 0.8981481481481481 0.05677083333333333 0.8922842592592592 0.05416666666666667 0.8944444444444445 0.05364583333333333 0.8916666666666667 0.05520833333333333 0.8861111111111111 0.05677083333333333 0.8864194444444444 0.0546875 0.8824074074074074 0.05677083333333333 0.8805555555555555 0.05520833333333333 0.8759259259259259 0.057291666666666664 0.8666666666666667 0.05677083333333333 0.8342592592592593 0.04479166666666667 0.8240740740740741 0.04583333333333333 0.8175925925925925 0.05 0.8166666666666667 0.051041666666666666 0.8138888888888889 0.05 0.8055555555555556 0.04479166666666667 0.8027777777777778 0.051041666666666666 0.7962962962962963 0.05677083333333333 0.7962962962962963 0.05677083333333333 0.7898148148148149 0.049479166666666664 0.7824074074074074 0.049479166666666664 0.7796296296296297 0.052083333333333336 0.7777777777777778 0.05625 0.7796296296296297 0.05625 0.7759259259259259 0.05260416666666667 0.775 0.05625 0.7685185185185185 0.05625 0.7648148148148148 0.05260416666666667 0.7648148148148148 0.0484375 0.7601851851851852 0.049479166666666664 0.7546296296296297 0.058333333333333334 0.7481481481481481 0.057291666666666664 0.7416666666666667 0.058854166666666666 0.7398148148148148 0.0546875 0.737037037037037 0.05260416666666667 0.7435185185185185 0.0390625 0.7416666666666667 0.03697916666666667 0.7361111111111112 0.040625 0.7324074074074074 0.040625 0.7212962962962963 0.0375 0.7185185185185186 0.0375 0.7055555555555556 0.040625 0.700925925925926 0.03177083333333333 0.700925925925926 0.029166666666666667 0.6916666666666667 0.03229166666666667 0.6842592592592592 0.03802083333333333 0.687037037037037 0.044270833333333336 0.6851851851851852 0.0453125 0.6824074074074075 0.04895833333333333 0.6851851851851852 0.0515625 0.6824074074074075 0.05625 0.6842592592592592 0.0578125 0.6805555555555556 0.05677083333333333 0.6759259259259259 0.06197916666666667 0.6685185185185185 0.0625 0.649074074074074 0.059895833333333336 0.6481481481481481 0.05677083333333333 0.6416666666666667 0.052083333333333336 0.6416666666666667 0.050520833333333334 0.6388888888888888 0.051041666666666666 0.6351851851851852 0.058854166666666666 0.6231481481481481 0.05572916666666667 0.6138888888888889 0.05520833333333333 0.5962962962962963 0.059895833333333336 0.5935185185185186 0.057291666666666664 0.5916666666666667 0.0578125 0.5833333333333334 0.05260416666666667 0.5805555555555556 0.04739583333333333 0.5694444444444444 0.03854166666666667 0.5685185185185185 0.0359375 0.5712962962962963 0.034895833333333334 0.5685185185185185 0.030729166666666665 0.5685185185185185 0.0265625 0.562037037037037 0.0234375 0.562037037037037 0.024479166666666666 0.5555555555555556 0.021354166666666667 0.5537037037037037 0.025520833333333333 0.55 0.022916666666666665 0.5462962962962963 0.022916666666666665 0.5351851851851852 0.019270833333333334 0.5342592592592592 0.01875 0.5277777777777778 0.017708333333333333 0.5314814814814814 0.011979166666666667 0.5259259259259259 0.0046875 0.5259259259259259 0.0036458333333333334 0.5472222222222223
4 0.008854166666666666 0.5212962962962963 0.005208333333333333 0.5222222222222223 0.008854166666666666 0.5212962962962963
4 0.3416666666666667 0.42777777777777776 0.33958333333333335 0.42777777777777776 0.3416666666666667 0.42777777777777776
4 0.7260416666666667 0.3175925925925926 0.725 0.3453703703703704 0.7265625 0.36018518518518516 0.7302083333333333 0.3648148148148148 0.73125 0.37037037037037035 0.7401041666666667 0.38796296296296295 0.7536458333333333 0.4027777777777778 0.7494791666666667 0.41388888888888886 0.7442708333333333 0.4166666666666667 0.7401041666666667 0.42592592592592593 0.7375 0.4564814814814815 0.7380208333333333 0.4685185185185185 0.7432291666666667 0.4888888888888889 0.7505208333333333 0.5055555555555555 0.7572916666666667 0.5138888888888888 0.7609375 0.5148148148148148 0.7625 0.5185185185185185 0.7677083333333333 0.5185185185185185 0.7817708333333333 0.5277777777777778 0.7947916666666667 0.5324074074074074 0.8088541666666667 0.5435185185185185 0.8213541666666667 0.5462962962962963 0.8354166666666667 0.5574074074074075 0.8536458333333333 0.5638888888888889 0.8578125 0.5685185185185185 0.8786458333333333 0.5777777777777777 0.8875 0.5851851851851851 0.9234375 0.600925925925926 0.9390625 0.612037037037037 0.9598958333333333 0.6194444444444445 0.9682291666666667 0.6259259259259259 0.9953125 0.6296296296296297 0.9947916666666666 0.6064814814814815 0.9963541666666667 0.5935185185185186 0.9942708333333333 0.5518518518518518 0.9958333333333333 0.5435185185185185 0.9958333333333333 0.43703703703703706 0.9942708333333333 0.41574074074074074 0.9958333333333333 0.39814814814814814 0.9958333333333333 0.16666666666666666 0.9927083333333333 0.1527777777777778 0.9703125 0.14351851851851852 0.9510416666666667 0.12777777777777777 0.9453125 0.12777777777777777 0.9385416666666667 0.11666666666666667 0.9125 0.11203703703703703 0.9072916666666667 0.11018518518518519 0.9046875 0.10555555555555556 0.8958333333333334 0.10555555555555556 0.875 0.08518518518518518 0.8640625 0.08055555555555556 0.8625 0.07592592592592592 0.8578125 0.07314814814814814 0.8515625 0.06388888888888888 0.8447916666666667 0.06018518518518518 0.8442708333333333 0.05555555555555555 0.8380208333333333 0.05185185185185185 0.8322916666666667 0.041666666666666664 0.825 0.03888888888888889 0.8244791666666667 0.03518518518518519 0.8151041666666666 0.026851851851851852 0.8135416666666667 0.021296296296296296 0.8067708333333333 0.012037037037037037 0.7880208333333333 0.012037037037037037 0.78125 0.018518518518518517 0.7713541666666667 0.037037037037037035 0.7666666666666667 0.05555555555555555 0.7671875 0.06851851851851852 0.7640625 0.07314814814814814 0.7645833333333333 0.09537037037037037 0.7744791666666667 0.11666666666666667 0.7822916666666667 0.1398148148148148 0.7802083333333333 0.14351851851851852 0.76875 0.14444444444444443 0.7604166666666666 0.15555555555555556 0.7578125 0.15555555555555556 0.75 0.17685185185185184 0.7494791666666667 0.18888888888888888 0.7479166666666667 0.19166666666666668 0.7479166666666667 0.2212962962962963 0.7505208333333333 0.23703703703703705 0.753125 0.24166666666666667 0.7583333333333333 0.26481481481481484 0.753125 0.2759259259259259 0.7375 0.28888888888888886 0.7260416666666667 0.3175925925925926
4 0.0036458333333333334 0.002777777777777778 0 0.004629629629629629 0 0.012037037037037037 0.0020833333333333333 0.016666666666666666 0.0020833333333333333 0.05092592592592592 0.0015625 0.062037037037037036 0 0.06388888888888888 0.0020833333333333333 0.06944444444444445 0.003125 0.11203703703703703 0.0020833333333333333 0.25462962962962965 0 0.2601851851851852 0.0020833333333333333 0.26944444444444443 0.003125 0.36574074074074076 0.0015625 0.3712962962962963 0.0015625 0.38425925925925924 0 0.3851851851851852 0.0026041666666666665 0.3972222222222222 0.0020833333333333333 0.4222222222222222 0 0.42777777777777776 0.0015625 0.4305555555555556 0.003125 0.4537037037037037 0.0020833333333333333 0.4601851851851852 0.0036458333333333334 0.46944444444444444 0.0036458333333333334 0.5 0.0046875 0.5055555555555555 0.025520833333333333 0.5259259259259259 0.03333333333333333 0.5388888888888889 0.043229166666666666 0.5462962962962963 0.052083333333333336 0.5638888888888889 0.06041666666666667 0.5694444444444444 0.07395833333333333 0.5851851851851851 0.084375 0.587037037037037 0.0890625 0.5916666666666667 0.096875 0.5935185185185186 0.10260416666666666 0.6055555555555555 0.15052083333333333 0.6509259259259259 0.153125 0.6509259259259259 0.15677083333333333 0.6601851851851852 0.1609375 0.6648148148148149 0.16197916666666667 0.674074074074074 0.16510416666666666 0.6824074074074075 0.2078125 0.7342592592592593 0.21979166666666666 0.7435185185185185 0.2296875 0.7444444444444445 0.23489583333333333 0.7481481481481481 0.24739583333333334 0.7481481481481481 0.2609375 0.7351851851851852 0.27291666666666664 0.7101851851851851 0.2765625 0.6824074074074075 0.2755208333333333 0.6537037037037037 0.2796875 0.6324074074074074 0.28125 0.6055555555555555 0.2875 0.5898148148148148 0.29270833333333335 0.5842592592592593 0.2942708333333333 0.5694444444444444 0.2984375 0.5601851851851852 0.30052083333333335 0.55 0.30052083333333335 0.537962962962963 0.30364583333333334 0.5305555555555556 0.30364583333333334 0.5212962962962963 0.30833333333333335 0.5037037037037037 0.31197916666666664 0.5009259259259259 0.31302083333333336 0.5092592592592593 0.3177083333333333 0.5092592592592593 0.3307291666666667 0.5231481481481481 0.3359375 0.5231481481481481 0.34427083333333336 0.5296296296296297 0.365625 0.5259259259259259 0.37552083333333336 0.5324074074074074 0.38697916666666665 0.5351851851851852 0.3885416666666667 0.5388888888888889 0.39739583333333334 0.5398148148148149 0.39947916666666666 0.5462962962962963 0.4041666666666667 0.5509259259259259 0.40572916666666664 0.5444444444444444 0.3984375 0.5361111111111111 0.3984375 0.5277777777777778 0.3953125 0.5259259259259259 0.39375 0.5194444444444445 0.3890625 0.5148148148148148 0.38958333333333334 0.5120370370370371 0.38645833333333335 0.5055555555555555 0.384375 0.5055555555555555 0.3770833333333333 0.49537037037037035 0.37447916666666664 0.49074074074074076 0.37395833333333334 0.4842592592592593 0.40520833333333334 0.4351851851851852 0.40729166666666666 0.44166666666666665 0.415625 0.4527777777777778 0.41770833333333335 0.46296296296296297 0.4239583333333333 0.4740740740740741 0.425 0.48055555555555557 0.42916666666666664 0.4861111111111111 0.43125 0.49444444444444446 0.43802083333333336 0.5037037037037037 0.4432291666666667 0.5185185185185185 0.4625 0.5555555555555556 0.4625 0.5592592592592592 0.46875 0.5685185185185185 0.4734375 0.5842592592592593 0.4822916666666667 0.600925925925926 0.49375 0.6342592592592593 0.496875 0.6370370370370371 0.5046875 0.6638888888888889 0.5098958333333333 0.6731481481481482 0.5151041666666667 0.7194444444444444 0.5239583333333333 0.7231481481481481 0.5291666666666667 0.7212962962962963 0.5354166666666667 0.7138888888888889 0.5390625 0.7138888888888889 0.5442708333333334 0.7055555555555556 0.546875 0.7055555555555556 0.546875 0.700925925925926 0.5505208333333333 0.6962962962962963 0.5510416666666667 0.687962962962963 0.5536458333333333 0.6851851851851852 0.5536458333333333 0.6527777777777778 0.5510416666666667 0.6472222222222223 0.5473958333333333 0.6231481481481481 0.540625 0.5953703703703703 0.5427083333333333 0.5888888888888889 0.5661458333333333 0.6444444444444445 0.5697916666666667 0.6722222222222223 0.5729166666666666 0.6777777777777778 0.5744791666666667 0.6916666666666667 0.58125 0.7074074074074074 0.5822916666666667 0.7157407407407408 0.5859375 0.7185185185185186 0.5859375 0.7231481481481481 0.5869791666666667 0.7212962962962963 0.5885416666666666 0.725 0.5921875 0.725925925925926 0.5953125 0.737037037037037 0.6182291666666667 0.7351851851851852 0.6203125 0.7324074074074074 0.628125 0.7351851851851852 0.6291666666666667 0.7324074074074074 0.6328125 0.7324074074074074 0.6364583333333333 0.7138888888888889 0.6333333333333333 0.6574074074074074 0.6265625 0.6398148148148148 0.6260416666666667 0.6148148148148148 0.6213541666666667 0.6055555555555555 0.61875 0.5731481481481482 0.6171875 0.5694444444444444 0.6177083333333333 0.5574074074074075 0.6140625 0.5453703703703704 0.6109375 0.5231481481481481 0.60625 0.5092592592592593 0.6057291666666667 0.5009259259259259 0.6015625 0.4925925925925926 0.5916666666666667 0.45092592592592595 0.5869791666666667 0.44166666666666665 0.5848958333333333 0.42592592592592593 0.58125 0.4148148148148148 0.5703125 0.4009259259259259 0.5635416666666667 0.3851851851851852 0.5536458333333333 0.3416666666666667 0.5505208333333333 0.337037037037037 0.55 0.33055555555555555 0.5479166666666667 0.3277777777777778 0.546875 0.3194444444444444 0.54375 0.3148148148148148 0.5427083333333333 0.3074074074074074 0.5244791666666667 0.28888888888888886 0.5213541666666667 0.28888888888888886 0.4979166666666667 0.2601851851851852 0.4744791666666667 0.2462962962962963 0.4708333333333333 0.23981481481481481 0.46458333333333335 0.2388888888888889 0.45364583333333336 0.22592592592592592 0.4505208333333333 0.22592592592592592 0.4354166666666667 0.21203703703703702 0.4317708333333333 0.21203703703703702 0.4166666666666667 0.19814814814814816 0.4005208333333333 0.19166666666666668 0.39739583333333334 0.18703703703703703 0.39010416666666664 0.18425925925925926 0.38333333333333336 0.17777777777777778 0.37916666666666665 0.17777777777777778 0.371875 0.1712962962962963 0.3625 0.1685185185185185 0.3578125 0.17685185185185184 0.35572916666666665 0.20092592592592592 0.3541666666666667 0.20555555555555555 0.3515625 0.2064814814814815 0.35208333333333336 0.22407407407407406 0.3489583333333333 0.22592592592592592 0.34270833333333334 0.21203703703703702 0.3375 0.20833333333333334 0.33541666666666664 0.19166666666666668 0.32447916666666665 0.1638888888888889 0.3020833333333333 0.13240740740740742 0.29583333333333334 0.12962962962962962 0.2859375 0.11666666666666667 0.26927083333333335 0.10277777777777777 0.2609375 0.09166666666666666 0.25416666666666665 0.08888888888888889 0.23489583333333333 0.06944444444444445 0.22604166666666667 0.06666666666666667 0.21770833333333334 0.05740740740740741 0.2125 0.05555555555555555 0.20572916666666666 0.046296296296296294 0.1796875 0.027777777777777776 0.1703125 0.025 0.16770833333333332 0.021296296296296296 0.14739583333333334 0.010185185185185186 0.13072916666666667 0.004629629629629629 0.0036458333333333334 0.002777777777777778
1 0.5526041666666667 0.6296296296296297 0.5598958333333334 0.6685185185185185 0.5598958333333334 0.6842592592592592 0.5567708333333333 0.6888888888888889 0.5520833333333334 0.712037037037037 0.5489583333333333 0.7185185185185186 0.5458333333333333 0.7185185185185186 0.5427083333333333 0.725925925925926 0.5541666666666667 0.7194444444444444 0.5604166666666667 0.7194444444444444 0.5708333333333333 0.725 0.5739583333333333 0.7194444444444444 0.5729166666666666 0.6990740740740741 0.5677083333333334 0.6888888888888889 0.5671875 0.6824074074074075 0.5635416666666667 0.6777777777777778 0.5635416666666667 0.6574074074074074 0.5604166666666667 0.6435185185185185 0.5578125 0.6351851851851852 0.5536458333333333 0.6277777777777778 0.5526041666666667 0.6296296296296297
1 0.6270833333333333 0.5666666666666667 0.625 0.5666666666666667 0.6260416666666667 0.575925925925926 0.6270833333333333 0.5666666666666667
1 0.6078125 0.4824074074074074 0.6083333333333333 0.4861111111111111 0.6125 0.4861111111111111 0.6083333333333333 0.49444444444444446 0.6119791666666666 0.5027777777777778 0.6125 0.5101851851851852 0.6145833333333334 0.5120370370370371 0.61875 0.5361111111111111 0.6223958333333334 0.5416666666666666 0.6213541666666667 0.5481481481481482 0.6260416666666667 0.5546296296296296 0.625 0.5555555555555556 0.6427083333333333 0.5574074074074075 0.64375 0.5722222222222222 0.6416666666666667 0.5777777777777777 0.6401041666666667 0.5731481481481482 0.6380208333333334 0.575925925925926 0.6427083333333333 0.5805555555555556 0.6359375 0.5935185185185186 0.63125 0.5944444444444444 0.6307291666666667 0.600925925925926 0.6317708333333333 0.6231481481481481 0.6369791666666667 0.6518518518518519 0.6411458333333333 0.7277777777777777 0.6390625 0.7435185185185185 0.6359375 0.7509259259259259 0.6296875 0.7509259259259259 0.625 0.7462962962962963 0.6140625 0.7462962962962963 0.6098958333333333 0.75 0.5869791666666667 0.7462962962962963 0.5875 0.75 0.5932291666666667 0.7546296296296297 0.6020833333333333 0.7731481481481481 0.61875 0.7777777777777778 0.65625 0.7759259259259259 0.66875 0.7851851851851852 0.6755208333333333 0.7870370370370371 0.68125 0.7962962962962963 0.6953125 0.8074074074074075 0.7104166666666667 0.8074074074074075 0.7375 0.8231481481481482 0.7348958333333333 0.8101851851851852 0.7307291666666667 0.8027777777777778 0.725 0.8009259259259259 0.7130208333333333 0.7777777777777778 0.7083333333333334 0.762962962962963 0.7088541666666667 0.7592592592592593 0.7135416666666666 0.7527777777777778 0.7177083333333333 0.7527777777777778 0.7411458333333333 0.7388888888888889 0.7744791666666667 0.712037037037037 0.7989583333333333 0.6824074074074075 0.8161458333333333 0.6685185185185185 0.8244791666666667 0.6546296296296297 0.8291666666666667 0.6296296296296297 0.8291666666666667 0.6074074074074074 0.8244791666666667 0.5814814814814815 0.8244791666666667 0.5601851851851852 0.8223958333333333 0.5555555555555556 0.80625 0.55 0.7916666666666666 0.5370370370370371 0.7802083333333333 0.5305555555555556 0.7651041666666667 0.5259259259259259 0.7442708333333333 0.5092592592592593 0.7385416666666667 0.5138888888888888 0.7333333333333333 0.5259259259259259 0.7302083333333333 0.5416666666666666 0.7192708333333333 0.5694444444444444 0.7119791666666667 0.5962962962962963 0.7072916666666667 0.6055555555555555 0.6921875 0.5898148148148148 0.6994791666666667 0.5518518518518518 0.7046875 0.5370370370370371 0.7078125 0.5111111111111111 0.7104166666666667 0.5046296296296297 0.7098958333333333 0.48703703703703705 0.6927083333333334 0.49166666666666664 0.6885416666666667 0.48703703703703705 0.6791666666666667 0.48703703703703705 0.6640625 0.48055555555555557 0.6536458333333334 0.4824074074074074 0.64375 0.47962962962962963 0.6395833333333333 0.48518518518518516 0.6302083333333334 0.4842592592592593 0.6270833333333333 0.48055555555555557 0.621875 0.48518518518518516 0.6192708333333333 0.4824074074074074 0.61875 0.48703703703703705 0.615625 0.49166666666666664 0.6130208333333333 0.4888888888888889 0.6125 0.4824074074074074 0.6078125 0.4824074074074074
1 0.7375 0.9944444444444445 0.7369791666666666 0.9981481481481481 0.8192708333333333 0.9981481481481481 0.821875 0.9944444444444445 0.8239583333333333 0.9851851851851852 0.8286458333333333 0.9824074074074074 0.8348958333333333 0.9731481481481481 0.8348958333333333 0.9648148148148148 0.83125 0.9555555555555556 0.8270833333333333 0.9527777777777777 0.821875 0.962037037037037 0.8135416666666667 0.9685185185185186 0.8057291666666667 0.9805555555555555 0.7791666666666667 0.9842592592592593 0.7692708333333333 0.975925925925926 0.7567708333333333 0.975 0.7453125 0.9824074074074074 0.7375 0.9944444444444445
1 0.3302083333333333 0.7851851851851852 0.3302083333333333 0.7962962962962963 0.33645833333333336 0.8027777777777778 0.34375 0.8185185185185185 0.34791666666666665 0.8212962962962963 0.35989583333333336 0.8212962962962963 0.36614583333333334 0.8166666666666667 0.371875 0.8074074074074075 0.371875 0.8 0.36770833333333336 0.7898148148148149 0.353125 0.774074074074074 0.33697916666666666 0.7731481481481481 0.3302083333333333 0.7851851851851852
1 0.6755208333333333 0.8305555555555556 0.675 0.8416666666666667 0.6786458333333333 0.8481481481481481 0.6833333333333333 0.8481481481481481 0.6885416666666667 0.8435185185185186 0.6963541666666667 0.8435185185185186 0.7088541666666667 0.8601851851851852 0.7255208333333333 0.862037037037037 0.7375 0.8666666666666667 0.7483333333333333 0.8666666666666667 0.7484375 0.862037037037037 0.7505208333333333 0.862037037037037 0.7510416666666667 0.8666666666666667 0.753125 0.8648148148148148 0.7411458333333333 0.8435185185185186 0.7265625 0.8305555555555556 0.7192708333333333 0.8277777777777777 0.7 0.8305555555555556 0.6942708333333333 0.8277777777777777 0.6875 0.8194444444444444 0.6817708333333333 0.8212962962962963 0.6755208333333333 0.8305555555555556
3 0.01875 0.4962962962962963 0.018229166666666668 0.4981481481481482 0.020833333333333332 0.4981481481481482 0.01875 0.4962962962962963
3 0.046875 0.4689814814814815 0.0020833333333333333 0.000925925925925926
3 0.005729166666666666 0.4537037037037037 0.005208333333333333 0.45555555555555555 0.005729166666666666 0.4537037037037037
3 0.017447916666666667 0.45185185185185184 0.005729166666666666 0.001851851851851852
3 0.011979166666666667 0.4462962962962963 0.0109375 0.45 0.013541666666666667 0.45092592592592595 0.0140625 0.44814814814814813 0.011979166666666667 0.4462962962962963
3 0.03125 0.42592592592592593 0.029166666666666667 0.42962962962962964 0.030729166666666665 0.4305555555555556 0.03229166666666667 0.42685185185185187 0.03333333333333333 0.4305555555555556 0.034895833333333334 0.42777777777777776 0.03125 0.42592592592592593
3 0.029166666666666667 0.40925925925925927 0.027083333333333334 0.4101851851851852 0.029166666666666667 0.41388888888888886 0.035416666666666666 0.41388888888888886 0.034375 0.4101851851851852 0.029166666666666667 0.40925925925925927
3 0.0046875 0.4101851851851852 0.007291666666666667 0.4166666666666667 0.00625 0.41944444444444445 0.004166666666666667 0.4185185185185185 0.00625 0.425 0.0046875 0.425462962962963 0.00625 0.4305555555555556 0.0046875 0.43148148148148147 0.004166666666666667 0.4388888888888889 0.00625 0.4351851851851852 0.0078125 0.44166666666666665 0.004166666666666667 0.44722222222222224 0.00625 0.45092592592592595 0.007291666666666667 0.4425925925925926 0.0109375 0.44166666666666665 0.0125 0.4351851851851852 0.007291666666666667 0.41574074074074074 0.008333333333333333 0.4101851851851852 0.0046875 0.4101851851851852
3 0.0140625 0.4083333333333333 0.013541666666666667 0.4101851851851852 0.016145833333333335 0.41203703703703703 0.016666666666666666 0.4101851851851852 0.0140625 0.4083333333333333
3 0.005208333333333333 0.38055555555555554 0.0046875 0.38425925925925924 0.00625 0.3824074074074074 0.005208333333333333 0.38055555555555554
3 0.0359375 0.337037037037037 0.035416666666666666 0.3416666666666667 0.03958333333333333 0.3416666666666667 0.0359375 0.337037037037037
3 0.0125 0.11481481481481481 0.0125 0.12129629629629629 0.018229166666666668 0.11851851851851852 0.0125 0.11481481481481481
3 0.014583333333333334 0.07777777777777778 0.0140625 0.08055555555555556 0.016145833333333335 0.08055555555555556 0.014583333333333334 0.07777777777777778
3 0.012239583333333333 0.03611111111111111 0.0005208333333333333 0.001851851851851852
3 0.028645833333333332 0.03425925925925926 0.0265625 0.03518518518518519 0.034895833333333334 0.03518518518518519 0.028645833333333332 0.03425925925925926
3 0.0046875 0.006481481481481481 0.004166666666666667 0.018518518518518517 0.0067708333333333336 0.021296296296296296 0.005729166666666666 0.024074074074074074 0.004166666666666667 0.023148148148148147 0.005729166666666666 0.05092592592592592 0.005729166666666666 0.04259259259259259 0.0078125 0.03888888888888889 0.0109375 0.03888888888888889 0.00625 0.014814814814814815 0.007291666666666667 0.012037037037037037 0.005729166666666666 0.005555555555555556 0.0046875 0.006481481481481481
3 0.004166666666666667 0.07592592592592592 0.005729166666666666 0.08518518518518518 0.0036458333333333334 0.09259259259259259 0.005208333333333333 0.10925925925925926 0.004166666666666667 0.13055555555555556 0.00625 0.12962962962962962 0.007291666666666667 0.13240740740740742 0.00625 0.13796296296296295 0.004166666666666667 0.1361111111111111 0.004166666666666667 0.14074074074074075 0.00625 0.1388888888888889 0.0078125 0.14351851851851852 0.007291666666666667 0.15185185185185185 0.004166666666666667 0.14907407407407408 0.00625 0.15462962962962962 0.004166666666666667 0.15555555555555556 0.0036458333333333334 0.16018518518518518 0.0036458333333333334 0.3138888888888889 0.004166666666666667 0.3351851851851852 0.0067708333333333336 0.3388888888888889 0.004166666666666667 0.34074074074074073 0.0067708333333333336 0.3425925925925926 0.004166666666666667 0.35185185185185186 0.00625 0.35 0.0078125 0.35555555555555557 0.004166666666666667 0.35833333333333334 0.00625 0.36018518518518516 0.005208333333333333 0.36666666666666664 0.009375 0.35648148148148145 0.013020833333333334 0.3592592592592593 0.0109375 0.35462962962962963 0.0125 0.3509259259259259 0.016145833333333335 0.3527777777777778 0.016666666666666666 0.3592592592592593 0.0171875 0.325 0.01875 0.32314814814814813 0.022395833333333334 0.32314814814814813 0.024479166666666666 0.3277777777777778 0.029166666666666667 0.3296296296296296 0.030729166666666665 0.3277777777777778 0.030729166666666665 0.3212962962962963 0.043229166666666666 0.3212962962962963 0.0484375 0.3138888888888889 0.0453125 0.3101851851851852 0.04635416666666667 0.30833333333333335 0.05520833333333333 0.3101851851851852 0.05677083333333333 0.3055555555555556 0.058854166666666666 0.3074074074074074 0.058854166666666666 0.3138888888888889 0.06197916666666667 0.32222222222222224 0.06145833333333333 0.3351851851851852 0.057291666666666664 0.3398148148148148 0.058854166666666666 0.3435185185185185 0.058854166666666666 0.3527777777777778 0.0515625 0.36203703703703705 0.050520833333333334 0.36944444444444446 0.04791666666666667 0.3685185185185185 0.051041666666666666 0.37777777777777777 0.050520833333333334 0.38333333333333336 0.049479166666666664 0.3851851851851852 0.04583333333333333 0.3824074074074074 0.0453125 0.3925925925925926 0.042708333333333334 0.39537037037037037 0.04739583333333333 0.4046296296296296 0.04739583333333333 0.4083333333333333 0.041666666666666664 0.41203703703703703 0.044270833333333336 0.4203703703703704 0.04114583333333333 0.43148148148148147 0.03333333333333333 0.43703703703703706 0.029166666666666667 0.43703703703703706 0.028125 0.44351851851851853 0.030208333333333334 0.44537037037037036 0.023958333333333335 0.44814814814814813 0.029166666666666667 0.4546296296296296 0.03125 0.4527777777777778 0.030729166666666665 0.4462962962962963 0.0359375 0.4462962962962963 0.0390625 0.4388888888888889 0.041666666666666664 0.4388888888888889 0.04583333333333333 0.44722222222222224 0.05260416666666667 0.44907407407407407 0.05625 0.45555555555555555 0.058854166666666666 0.45555555555555555 0.059895833333333336 0.462037037037037 0.05625 0.4638888888888889 0.04895833333333333 0.4759259259259259 0.04375 0.48055555555555557 0.043229166666666666 0.4888888888888889 0.03229166666666667 0.4888888888888889 0.029166666666666667 0.4935185185185185 0.024479166666666666 0.49444444444444446 0.01875 0.5101851851851852 0.025520833333333333 0.5212962962962963 0.034375 0.5296296296296297 0.036458333333333336 0.5370370370370371 0.04375 0.5435185185185185 0.050520833333333334 0.5574074074074075 0.06197916666666667 0.5685185185185185 0.07291666666666667 0.5851851851851851 0.08489583333333334 0.5916666666666667 0.08802083333333334 0.5981481481481481 0.10572916666666667 0.6101851851851852 0.13020833333333334 0.6370370370370371 0.1359375 0.6388888888888888 0.13854166666666667 0.6435185185185185 0.15416666666666667 0.6555555555555556 0.15989583333333332 0.6666666666666666 0.16458333333333333 0.6824074074074075 0.20833333333333334 0.737037037037037 0.23020833333333332 0.7481481481481481 0.24583333333333332 0.75 0.25364583333333335 0.7462962962962963 0.2640625 0.7342592592592593 0.275 0.712037037037037 0.278125 0.6935185185185185 0.2791666666666667 0.675 0.2765625 0.6611111111111111 0.2786458333333333 0.6546296296296297 0.28125 0.6074074074074074 0.2838541666666667 0.5981481481481481 0.29322916666666665 0.5805555555555556 0.29375 0.5740740740740741 0.3 0.5592592592592592 0.30364583333333334 0.5416666666666666 0.3078125 0.5009259259259259 0.3140625 0.48055555555555557 0.3140625 0.46944444444444444 0.3177083333333333 0.4601851851851852 0.3182291666666667 0.44907407407407407 0.3229166666666667 0.43703703703703706 0.3260416666666667 0.4166666666666667 0.33125 0.40555555555555556 0.33697916666666666 0.4027777777777778 0.3390625 0.39814814814814814 0.3421875 0.39814814814814814 0.35104166666666664 0.387037037037037 0.36614583333333334 0.3527777777777778 0.3640625 0.3277777777777778 0.35520833333333335 0.32037037037037036 0.35572916666666665 0.3138888888888889 0.3625 0.3055555555555556 0.3625 0.2759259259259259 0.3572916666666667 0.2564814814814815 0.35572916666666665 0.24351851851851852 0.35208333333333336 0.2388888888888889 0.3489583333333333 0.22592592592592592 0.3380208333333333 0.20462962962962963 0.33489583333333334 0.18703703703703703 0.3307291666666667 0.18055555555555555 0.3296875 0.17407407407407408 0.3229166666666667 0.15925925925925927 0.30625 0.13518518518518519 0.3015625 0.13240740740740742 0.2994791666666667 0.12777777777777777 0.2942708333333333 0.1259259259259259 0.2916666666666667 0.12129629629629629 0.2890625 0.12129629629629629 0.2864583333333333 0.11481481481481481 0.2828125 0.11388888888888889 0.26666666666666666 0.09444444444444444 0.2520833333333333 0.08425925925925926 0.23697916666666666 0.06851851851851852 0.2265625 0.06388888888888888 0.215625 0.05277777777777778 0.21302083333333333 0.05277777777777778 0.21041666666666667 0.04814814814814815 0.20208333333333334 0.04351851851851852 0.19114583333333332 0.032407407407407406 0.17083333333333334 0.023148148148148147 0.1640625 0.016666666666666666 0.14375 0.009259259259259259 0.14114583333333333 0.005555555555555556 0.08541666666666667 0.004629629629629629 0.07708333333333334 0.010185185185185186 0.07604166666666666 0.007407407407407408 0.06510416666666667 0.004629629629629629 0.008333333333333333 0.004629629629629629 0.0109375 0.007407407407407408 0.008854166666666666 0.012037037037037037 0.0109375 0.014814814814814815 0.011458333333333333 0.023148148148148147 0.0140625 0.023148148148148147 0.0125 0.016666666666666666 0.016666666666666666 0.012037037037037037 0.027604166666666666 0.014814814814814815 0.030729166666666665 0.021296296296296296 0.028125 0.025925925925925925 0.03177083333333333 0.025925925925925925 0.03854166666666667 0.03425925925925926 0.04739583333333333 0.03888888888888889 0.04791666666666667 0.04351851851851852 0.0453125 0.04814814814814815 0.042708333333333334 0.04814814814814815 0.03958333333333333 0.05462962962962963 0.0375 0.05092592592592592 0.034375 0.05740740740740741 0.0328125 0.05092592592592592 0.03125 0.05092592592592592 0.03229166666666667 0.05462962962962963 0.027083333333333334 0.05092592592592592 0.022395833333333334 0.05462962962962963 0.0140625 0.05 0.0125 0.05277777777777778 0.013541666666666667 0.06018518518518518 0.008854166666666666 0.06388888888888888 0.005208333333333333 0.06018518518518518 0.0046875 0.062037037037037036 0.0078125 0.06481481481481481 0.0067708333333333336 0.06851851851851852 0.0046875 0.06851851851851852 0.00625 0.075 0.004166666666666667 0.07592592592592592
3 0.725 0.31666666666666665 0.7234375 0.3435185185185185 0.7255208333333333 0.36203703703703705 0.7364583333333333 0.38425925925925924 0.7505208333333333 0.40370370370370373 0.7484375 0.40925925925925927 0.7395833333333334 0.4185185185185185 0.7375 0.42777777777777776 0.7359375 0.4462962962962963 0.7375 0.4722222222222222 0.7432291666666667 0.49166666666666664 0.7578125 0.5166666666666667 0.7921875 0.5324074074074074 0.8057291666666667 0.5435185185185185 0.8223958333333333 0.5481481481481482 0.8369791666666667 0.5592592592592592 0.8458333333333333 0.562037037037037 0.8630208333333333 0.5731481481481482 0.8734375 0.575925925925926 0.9067708333333333 0.5962962962962963 0.925 0.6027777777777777 0.9583333333333334 0.6231481481481481 0.9765625 0.6296296296296297 0.9947916666666666 0.6296296296296297 0.9963541666666667 0.6212962962962963 0.9953125 0.45185185185185184 0.9973958333333334 0.4462962962962963 0.9947916666666666 0.4101851851851852 0.9973958333333334 0.3648148148148148 0.9963541666666667 0.3388888888888889 0.9942708333333333 0.33425925925925926 0.9942708333333333 0.3175925925925926 0.9958333333333333 0.24537037037037038 0.9973958333333334 0.24166666666666667 0.9973958333333334 0.17592592592592593 0.9963541666666667 0.16018518518518518 0.9932291666666667 0.1527777777777778 0.9630208333333333 0.13703703703703704 0.9510416666666667 0.12129629629629629 0.9489583333333333 0.12129629629629629 0.946875 0.11481481481481481 0.9411458333333333 0.11388888888888889 0.9359375 0.10740740740740741 0.9130208333333333 0.1 0.9046875 0.1 0.9 0.10462962962962963 0.8958333333333334 0.10277777777777777 0.8723958333333334 0.08055555555555556 0.8635416666666667 0.07592592592592592 0.8494791666666667 0.05555555555555555 0.8447916666666667 0.05277777777777778 0.8348958333333333 0.03981481481481482 0.8208333333333333 0.02962962962962963 0.80625 0.005555555555555556 0.7947916666666667 0.004629629629629629 0.7890625 0.007407407407407408 0.7875 0.012037037037037037 0.7833333333333333 0.013888888888888888 0.7786458333333334 0.021296296296296296 0.7697916666666667 0.03796296296296296 0.7651041666666667 0.05092592592592592 0.7645833333333333 0.06666666666666667 0.7619791666666667 0.07685185185185185 0.7619791666666667 0.09722222222222222 0.7723958333333333 0.11481481481481481 0.7760416666666666 0.12962962962962962 0.7734375 0.13518518518518519 0.7645833333333333 0.14166666666666666 0.7619791666666667 0.14814814814814814 0.75625 0.1537037037037037 0.7515625 0.1648148148148148 0.7458333333333333 0.18981481481481483 0.7453125 0.22314814814814815 0.7505208333333333 0.24351851851851852 0.75625 0.2574074074074074 0.7567708333333333 0.26851851851851855 0.7473958333333334 0.28055555555555556 0.7442708333333333 0.28055555555555556 0.7375 0.28703703703703703 0.725 0.31666666666666665
3 0.2864583333333333 0.6083333333333333 0.2869791666666667 0.6222222222222222 0.28489583333333335 0.6305555555555555 0.2864583333333333 0.6592592592592592 0.303125 0.6648148148148149 0.33697916666666666 0.6851851851851852 0.3484375 0.6888888888888889 0.36041666666666666 0.6888888888888889 0.36875 0.6935185185185185 0.40208333333333335 0.725 0.4192708333333333 0.7351851851851852 0.43802083333333336 0.737037037037037 0.46822916666666664 0.7296296296296296 0.4875 0.7185185185185186 0.49270833333333336 0.7101851851851851 0.4921875 0.7055555555555556 0.4869791666666667 0.6962962962962963 0.4822916666666667 0.6935185185185185 0.4796875 0.6851851851851852 0.47604166666666664 0.6805555555555556 0.47291666666666665 0.6666666666666666 0.46979166666666666 0.6666666666666666 0.46822916666666664 0.6620370370370371 0.4510416666666667 0.6435185185185185 0.4479166666666667 0.6370370370370371 0.4401041666666667 0.6342592592592593 0.42916666666666664 0.6212962962962963 0.4161458333333333 0.6138888888888889 0.40572916666666664 0.600925925925926 0.3932291666666667 0.5962962962962963 0.3609375 0.5740740740740741 0.3536458333333333 0.5731481481481482 0.34270833333333334 0.5648148148148148 0.3067708333333333 0.5555555555555556 0.29791666666666666 0.5824074074074074 0.2864583333333333 0.6083333333333333
3 0.31302083333333336 0.5101851851851852 0.31302083333333336 0.5185185185185185 0.32708333333333334 0.5296296296296297 0.3375 0.5324074074074074 0.3692708333333333 0.5305555555555556 0.39114583333333336 0.5416666666666666 0.3953125 0.5481481481481482 0.4078125 0.5555555555555556 0.4109375 0.5601851851851852 0.41302083333333334 0.5574074074074075 0.4078125 0.5398148148148149 0.39895833333333336 0.5203703703703704 0.38333333333333336 0.4981481481481482 0.37916666666666665 0.48703703703703705 0.3463541666666667 0.4305555555555556 0.340625 0.4166666666666667 0.33125 0.41944444444444445 0.3203125 0.46574074074074073 0.3177083333333333 0.5 0.31302083333333336 0.5101851851851852
3 0.35572916666666665 0.38981481481481484 0.35104166666666664 0.3972222222222222 0.3619791666666667 0.4148148148148148 0.3645833333333333 0.42314814814814816 0.3734375 0.4351851851851852 0.375 0.43333333333333335 0.37552083333333336 0.4388888888888889 0.3765625 0.43425925925925923 0.37864583333333335 0.4351851851851852 0.38177083333333334 0.4527777777777778 0.3890625 0.4527777777777778 0.38697916666666665 0.44351851851851853 0.3807291666666667 0.4388888888888889 0.37604166666666666 0.42962962962962964 0.3765625 0.425 0.3734375 0.41388888888888886 0.3692708333333333 0.40925925925925927 0.3625 0.3888888888888889 0.359375 0.387037037037037 0.35572916666666665 0.38981481481481484
3 0.35052083333333334 0.2064814814814815 0.3515625 0.2212962962962963 0.35989583333333336 0.24351851851851852 0.36770833333333336 0.2824074074074074 0.3697916666666667 0.30833333333333335 0.3703125 0.3638888888888889 0.3921875 0.4074074074074074 0.4 0.4305555555555556 0.41041666666666665 0.45092592592592595 0.42083333333333334 0.4777777777777778 0.4546875 0.5435185185185185 0.4583333333333333 0.5546296296296296 0.46875 0.5740740740740741 0.46979166666666666 0.5805555555555556 0.48072916666666665 0.600925925925926 0.5041666666666667 0.6648148148148149 0.5109375 0.6925925925925925 0.5140625 0.7231481481481481 0.5182291666666666 0.725925925925926 0.5302083333333333 0.725925925925926 0.5375 0.7212962962962963 0.5494791666666666 0.7046296296296296 0.5552083333333333 0.6888888888888889 0.5557291666666667 0.6555555555555556 0.5473958333333333 0.6175925925925926 0.5505208333333333 0.6129629629629629 0.5609375 0.6351851851851852 0.565625 0.6518518518518519 0.56875 0.6796296296296296 0.5770833333333333 0.7092592592592593 0.5765625 0.7305555555555555 0.58125 0.7388888888888889 0.59375 0.7435185185185185 0.6322916666666667 0.7435185185185185 0.6369791666666667 0.7342592592592593 0.6375 0.7055555555555556 0.6354166666666666 0.6620370370370371 0.628125 0.6148148148148148 0.6213541666666667 0.5879629629629629 0.6177083333333333 0.5509259259259259 0.6145833333333334 0.5407407407407407 0.6114583333333333 0.5185185185185185 0.60625 0.5046296296296297 0.5932291666666667 0.45092592592592595 0.5885416666666666 0.44074074074074077 0.5848958333333333 0.41944444444444445 0.5697916666666667 0.39444444444444443 0.5557291666666667 0.3509259259259259 0.55 0.3194444444444444 0.54375 0.3074074074074074 0.5432291666666667 0.30277777777777776 0.534375 0.2935185185185185 0.53125 0.2935185185185185 0.5291666666666667 0.28888888888888886 0.5213541666666667 0.2851851851851852 0.5036458333333333 0.262037037037037 0.4817708333333333 0.24814814814814815 0.4427083333333333 0.21388888888888888 0.4395833333333333 0.21388888888888888 0.41770833333333335 0.1962962962962963 0.40208333333333335 0.18888888888888888 0.3932291666666667 0.18055555555555555 0.3609375 0.16203703703703703 0.3572916666666667 0.1638888888888889 0.3541666666666667 0.19537037037037036 0.35052083333333334 0.2064814814814815
3 0.8109375 0.002777777777777778 0.8104166666666667 0.005555555555555556 0.8145833333333333 0.013888888888888888 0.8203125 0.023148148148148147 0.8244791666666667 0.025 0.8348958333333333 0.023148148148148147 0.8395833333333333 0.01574074074074074 0.8390625 0.008333333333333333 0.8416666666666667 0.004629629629629629 0.8354166666666667 0.000925925925925926 0.8109375 0.002777777777777778
3 0.6609375 0 0.6598958333333333 0.004629629629629629 0.6630208333333333 0.013888888888888888 0.675 0.037037037037037035 0.6796875 0.03981481481481482 0.6942708333333333 0.06018518518518518 0.7057291666666666 0.06851851851851852 0.7182291666666667 0.06666666666666667 0.7322916666666667 0.05740740740740741 0.7380208333333333 0.05740740740740741 0.75 0.05277777777777778 0.7546875 0.04814814814814815 0.7604166666666666 0.04814814814814815 0.78125 0.012037037037037037 0.7875 0.004629629629629629 0.7854166666666667 0 0.6609375 0