4 0.5671875 0.9888888888888889 0.5645833333333333 0.9935185185185185 0.5703125 0.9935185185185185 0.5671875 0.9888888888888889
4 0.5677083333333334 0.9712962962962963 0.5671875 0.975 0.56875 0.9731481481481481 0.5677083333333334 0.9712962962962963
4 0.5848958333333333 0.9481481481481482 0.5833333333333334 0.9481481481481482 0.5838541666666667 0.9527777777777777 0.5848958333333333 0.9481481481481482
4 0.5755208333333334 0.8101851851851852 0.575 0.8138888888888889 0.5833333333333334 0.8166666666666667 0.5796875 0.8231481481481482 0.5796875 0.8277777777777777 0.5901041666666667 0.8277777777777777 0.5848958333333333 0.8166666666666667 0.5869791666666667 0.8138888888888889 0.5848958333333333 0.8074074074074075 0.5755208333333334 0.8101851851851852
4 0.45208333333333334 0.7074074074074074 0.4510416666666667 0.7092592592592593 0.453125 0.7101851851851851 0.45208333333333334 0.7074074074074074
4 0.46979166666666666 0.6953703703703704 0.0010416666666666667 0.001851851851851852
4 0.5151041666666667 0.6435185185185185 0.5151041666666667 0.6481481481481481 0.51875 0.649074074074074 0.5208333333333334 0.6462962962962963 0.5192708333333333 0.6351851851851852 0.5151041666666667 0.6435185185185185
4 0.5364583333333334 0.5916666666666667 0.5364583333333334 0.6046296296296296 0.5322916666666667 0.612037037037037 0.5348958333333333 0.6231481481481481 0.5328125 0.6462962962962963 0.5380208333333333 0.6546296296296297 0.5364583333333334 0.6731481481481482 0.5375 0.7027777777777777 0.5390625 0.7074074074074074 0.5552083333333333 0.7055555555555556 0.5609375 0.6962962962962963 0.5682291666666667 0.6935185185185185 0.5770833333333333 0.6759259259259259 0.5854166666666667 0.6666666666666666 0.5885416666666666 0.6583333333333333 0.6005208333333333 0.6805555555555556 0.5958333333333333 0.6916666666666667 0.6 0.7472222222222222 0.59375 0.7574074074074074 0.5927083333333333 0.7888888888888889 0.5911458333333334 0.7916666666666666 0.5869791666666667 0.7870370370370371 0.5869791666666667 0.7796296296296297 0.5838541666666667 0.7777777777777778 0.5828125 0.7685185185185185 0.5802083333333333 0.7712962962962963 0.5833333333333334 0.7759259259259259 0.58125 0.7791666666666667 0.58125 0.7935185185185185 0.5869791666666667 0.7898148148148149 0.5869791666666667 0.8 0.5901041666666667 0.8037037037037037 0.5895833333333333 0.8138888888888889 0.5932291666666667 0.8166666666666667 0.5927083333333333 0.8342592592592593 0.5854166666666667 0.8444444444444444 0.5869791666666667 0.85 0.5854166666666667 0.8685185185185185 0.5822916666666667 0.8740740740740741 0.5802083333333333 0.8870370370370371 0.5765625 0.8898148148148148 0.5692708333333333 0.8870370370370371 0.5723958333333333 0.8824074074074074 0.5723958333333333 0.8759259259259259 0.5703125 0.8712962962962963 0.5640625 0.8851851851851852 0.5604166666666667 0.8870370370370371 0.5557291666666667 0.8842592592592593 0.5541666666666667 0.8888888888888888 0.5510416666666667 0.8851851851851852 0.5489583333333333 0.8851851851851852 0.5479166666666667 0.8888888888888888 0.5458333333333333 0.8851851851851852 0.5447916666666667 0.8916666666666667 0.5390625 0.8916666666666667 0.5458333333333333 0.8962962962962963 0.5447916666666667 0.9009259259259259 0.5473958333333333 0.9037037037037037 0.5432291666666667 0.9101851851851852 0.5442708333333334 0.9120370370370371 0.5510416666666667 0.9120370370370371 0.5541666666666667 0.9092592592592592 0.5578125 0.9138888888888889 0.5544270833333333 0.925 0.5515625 0.925 0.5614583333333333 0.9259259259259259 0.5614583333333333 0.9194444444444444 0.5671875 0.9148148148148149 0.5677083333333334 0.9185185185185185 0.571875 0.9157407407407407 0.5708333333333333 0.9212962962962963 0.5744791666666667 0.9296296296296296 0.6125 0.9305555555555556 0.6276041666666666 0.9444444444444444 0.6333333333333333 0.9527777777777777 0.6552083333333333 0.9574074074074074 0.6677083333333333 0.9712962962962963 0.6885416666666667 0.9712962962962963 0.690625 0.9685185185185186 0.7177083333333333 0.9712962962962963 0.7255208333333333 0.9601851851851851 0.7401041666666667 0.9546296296296296 0.7557291666666667 0.9435185185185185 0.76875 0.9435185185185185 0.775 0.9527777777777777 0.7786458333333334 0.9527777777777777 0.7817708333333333 0.9574074074074074 0.8010416666666667 0.9685185185185186 0.8078125 0.975925925925926 0.8286458333333333 0.9888888888888889 0.8317708333333333 0.9935185185185185 0.8572916666666667 0.9935185185185185 0.8645833333333334 0.9898148148148148 0.8984375 0.9935185185185185 0.9130208333333333 0.962037037037037 0.9161458333333333 0.9592592592592593 0.91875 0.950925925925926 0.9244791666666666 0.9435185185185185 0.9255208333333333 0.9351851851851852 0.9307291666666667 0.925 0.9375 0.8953703703703704 0.94375 0.8777777777777778 0.9453125 0.8648148148148148 0.9546875 0.825925925925926 0.9572916666666667 0.8037037037037037 0.9598958333333333 0.7981481481481482 0.9625 0.7833333333333333 0.9682291666666667 0.7712962962962963 0.96875 0.7638888888888888 0.9729166666666667 0.7592592592592593 0.975 0.7444444444444445 0.9786458333333333 0.7388888888888889 0.978125 0.7342592592592593 0.9828125 0.7166666666666667 0.9875 0.7092592592592593 0.9973958333333334 0.6824074074074075 0.9953125 0.6638888888888889 0.9973958333333334 0.6601851851851852 0.9963541666666667 0.65 0.9973958333333334 0.6416666666666667 0.9994791666666667 0.6388888888888888 0.9994791666666667 0.6324074074074074 0.9947916666666666 0.6259259259259259 0.9947916666666666 0.6222222222222222 0.9963541666666667 0.6185185185185185 0.9953125 0.6111111111111112 0.9994791666666667 0.6055555555555555 0.9994791666666667 0.5296296296296297 0.9979166666666667 0.5287037037037037 0.9953125 0.5175925925925926 0.9921875 0.4898148148148148 0.9895833333333334 0.48703703703703705 0.9869791666666666 0.4759259259259259 0.9739583333333334 0.4527777777777778 0.9651041666666667 0.4462962962962963 0.95625 0.42777777777777776 0.9421875 0.4212962962962963 0.9369791666666667 0.41388888888888886 0.9125 0.39351851851851855 0.9052083333333333 0.3824074074074074 0.8947916666666667 0.37777777777777777 0.8911458333333333 0.3731481481481482 0.8807291666666667 0.3712962962962963 0.8708333333333333 0.3574074074074074 0.8682291666666667 0.3509259259259259 0.8666666666666667 0.337037037037037 0.8625 0.33055555555555555 0.859375 0.3296296296296296 0.8520833333333333 0.31203703703703706 0.8286458333333333 0.30092592592592593 0.7994791666666666 0.30277777777777776 0.796875 0.3055555555555556 0.7875 0.3055555555555556 0.7796875 0.30925925925925923 0.7583333333333333 0.3074074074074074 0.75 0.30277777777777776 0.7322916666666667 0.31851851851851853 0.71875 0.337037037037037 0.7114583333333333 0.3509259259259259 0.7067708333333333 0.3527777777777778 0.68125 0.38055555555555554 0.6796875 0.3851851851851852 0.6505208333333333 0.41388888888888886 0.6416666666666667 0.4361111111111111 0.6270833333333333 0.44814814814814813 0.6171875 0.4666666666666667 0.6119791666666666 0.4722222222222222 0.603125 0.49166666666666664 0.5880208333333333 0.5101851851851852 0.5770833333333333 0.5305555555555556 0.5578125 0.5509259259259259 0.5557291666666667 0.5546296296296296 0.5541666666666667 0.5694444444444444 0.5494791666666666 0.5796296296296296 0.5411458333333333 0.5824074074074074 0.5364583333333334 0.5916666666666667
4 0.9286458333333333 0.2759259259259259 0.925 0.275 0.9265625 0.2777777777777778 0.9286458333333333 0.2759259259259259
4 0.36614583333333334 0.7648148148148148 0.3645833333333333 0.7685185185185185 0.36666666666666664 0.7685185185185185 0.36614583333333334 0.7648148148148148
4 0.3828125 0.7555555555555555 0.3828125 0.7620370370370371 0.3875 0.7620370370370371 0.3885416666666667 0.7574074074074074 0.3828125 0.7555555555555555
4 0.3890625 0.7333333333333333 0.0010416666666666667 0.001851851851851852
4 0.013020833333333334 0.07222222222222222 0.013541666666666667 0.1287037037037037 0.0265625 0.17037037037037037 0.035416666666666666 0.18703703703703703 0.046875 0.20092592592592592 0.058854166666666666 0.22592592592592592 0.071875 0.24259259259259258 0.075 0.25092592592592594 0.08125 0.25925925925925924 0.09166666666666666 0.26851851851851855 0.11145833333333334 0.27314814814814814 0.11822916666666666 0.2824074074074074 0.13177083333333334 0.2916666666666667 0.13697916666666668 0.30092592592592593 0.1484375 0.3101851851851852 0.15364583333333334 0.3194444444444444 0.15052083333333333 0.32407407407407407 0.14895833333333333 0.3333333333333333 0.1453125 0.337037037037037 0.1328125 0.37407407407407406 0.13072916666666667 0.40555555555555556 0.12708333333333333 0.4185185185185185 0.125 0.4398148148148148 0.12083333333333333 0.4537037037037037 0.11927083333333334 0.47314814814814815 0.12083333333333333 0.5018518518518519 0.12395833333333334 0.5194444444444445 0.12395833333333334 0.5861111111111111 0.12760416666666666 0.6166666666666667 0.13020833333333334 0.6231481481481481 0.13229166666666667 0.6398148148148148 0.13385416666666666 0.7194444444444444 0.15104166666666666 0.7648148148148148 0.1515625 0.7861111111111111 0.1484375 0.8379629629629629 0.1515625 0.9259259259259259 0.15520833333333334 0.9546296296296296 0.15729166666666666 0.9944444444444445 0.1609375 0.9944444444444445 0.1640625 0.9981481481481481 0.2453125 0.9981481481481481 0.25625 0.9935185185185185 0.2864583333333333 0.9935185185185185 0.28854166666666664 0.987037037037037 0.290625 0.987037037037037 0.2916666666666667 0.9824074074074074 0.2942708333333333 0.9805555555555555 0.29583333333333334 0.9685185185185186 0.30052083333333335 0.9685185185185186 0.3098958333333333 0.962037037037037 0.31927083333333334 0.950925925925926 0.3255208333333333 0.9351851851851852 0.32760416666666664 0.9120370370370371 0.35052083333333334 0.9120370370370371 0.35520833333333335 0.9092592592592592 0.3640625 0.8962962962962963 0.3765625 0.8916666666666667 0.4 0.8981481481481481 0.42864583333333334 0.8981481481481481 0.4432291666666667 0.8731481481481481 0.44895833333333335 0.8675925925925926 0.46041666666666664 0.8490740740740741 0.46770833333333334 0.8324074074074074 0.4817708333333333 0.8305555555555556 0.48333333333333334 0.8277777777777777 0.484375 0.8166666666666667 0.4796875 0.8101851851851852 0.46927083333333336 0.8055555555555556 0.46822916666666664 0.8027777777777778 0.4578125 0.8009259259259259 0.45625 0.7981481481481482 0.44375 0.7935185185185185 0.4296875 0.7759259259259259 0.42604166666666665 0.7648148148148148 0.425 0.75 0.41822916666666665 0.7453703703703703 0.41822916666666665 0.7111111111111111 0.421875 0.7101851851851851 0.4244791666666667 0.7055555555555556 0.4354166666666667 0.7074074074074074 0.44479166666666664 0.6944444444444444 0.4546875 0.6888888888888889 0.46145833333333336 0.6796296296296296 0.46145833333333336 0.6731481481481482 0.4744791666666667 0.6824074074074075 0.49375 0.6851851851851852 0.496875 0.6731481481481482 0.5046875 0.6638888888888889 0.50625 0.649074074074074 0.509375 0.6388888888888888 0.5135416666666667 0.600925925925926 0.5114583333333333 0.5722222222222222 0.5125 0.5583333333333333 0.5166666666666667 0.5574074074074075 0.51875 0.5509259259259259 0.5307291666666667 0.5509259259259259 0.5421875 0.5416666666666666 0.55625 0.5416666666666666 0.5578125 0.5370370370370371 0.5572916666666666 0.5259259259259259 0.5536458333333333 0.5120370370370371 0.5375 0.4824074074074074 0.5369791666666667 0.4703703703703704 0.5385416666666667 0.43148148148148147 0.5536458333333333 0.4009259259259259 0.5567708333333333 0.3851851851851852 0.55625 0.3712962962962963 0.5552083333333333 0.3648148148148148 0.55 0.3537037037037037 0.5432291666666667 0.30925925925925923 0.5432291666666667 0.25277777777777777 0.5260416666666666 0.21666666666666667 0.5223958333333333 0.20462962962962963 0.509375 0.18518518518518517 0.48854166666666665 0.16018518518518518 0.47291666666666665 0.13518518518518519 0.45989583333333334 0.12314814814814815 0.42239583333333336 0.07592592592592592 0.40520833333333334 0.06666666666666667 0.39010416666666664 0.062037037037037036 0.3770833333333333 0.062037037037037036 0.34322916666666664 0.07314814814814814 0.3265625 0.0824074074074074 0.3182291666666667 0.08055555555555556 0.3078125 0.07314814814814814 0.3026041666666667 0.07314814814814814 0.29739583333333336 0.08055555555555556 0.2838541666666667 0.08888888888888889 0.2734375 0.10555555555555556 0.26875 0.10555555555555556 0.24739583333333334 0.049074074074074076 0.246875 0.03888888888888889 0.24114583333333334 0.016666666666666666 0.2328125 0 0.14322916666666666 0 0.14010416666666667 0.002777777777777778 0.13697916666666668 0 0.028125 0 0.025520833333333333 0.002777777777777778 0.016666666666666666 0.037037037037037035 0.013020833333333334 0.07222222222222222
4 0.6421875 0.012962962962962963 0.6416666666666667 0.03611111111111111 0.6489583333333333 0.09814814814814815 0.6494791666666667 0.16574074074074074 0.6536458333333334 0.20185185185185187 0.6510416666666666 0.24537037037037038 0.6510416666666666 0.3814814814814815 0.6520833333333333 0.39814814814814814 0.6541666666666667 0.4046296296296296 0.6614583333333334 0.4 0.6708333333333333 0.387037037037037 0.6744791666666666 0.3851851851851852 0.6833333333333333 0.3712962962962963 0.7036458333333333 0.3509259259259259 0.7078125 0.3435185185185185 0.7171875 0.33425925925925926 0.7260416666666667 0.3194444444444444 0.7458333333333333 0.29814814814814816 0.7604166666666666 0.30277777777777776 0.7807291666666667 0.30277777777777776 0.8244791666666667 0.2935185185185185 0.8364583333333333 0.28703703703703703 0.8380208333333333 0.2824074074074074 0.84375 0.2851851851851852 0.8505208333333333 0.28425925925925927 0.8541666666666666 0.2796296296296296 0.8541666666666666 0.2675925925925926 0.8567708333333334 0.2611111111111111 0.859375 0.26666666666666666 0.8598958333333333 0.2638888888888889 0.8578125 0.2601851851851852 0.8619791666666666 0.25925925925925924 0.8651041666666667 0.2490740740740741 0.8671875 0.2462962962962963 0.8770833333333333 0.2462962962962963 0.8796875 0.2388888888888889 0.884375 0.2351851851851852 0.8854166666666666 0.22777777777777777 0.8911458333333333 0.22592592592592592 0.8895833333333333 0.2222222222222222 0.890625 0.2175925925925926 0.8979166666666667 0.21666666666666667 0.9005208333333333 0.2101851851851852 0.9036458333333334 0.2101851851851852 0.90625 0.19814814814814816 0.9052083333333333 0.1925925925925926 0.9067708333333333 0.18981481481481483 0.9177083333333333 0.18888888888888888 0.91875 0.18425925925925926 0.9208333333333333 0.18888888888888888 0.921875 0.17407407407407408 0.9369791666666667 0.16018518518518518 0.9427083333333334 0.14814814814814814 0.9473958333333333 0.12962962962962962 0.946875 0.11018518518518519 0.9432291666666667 0.09814814814814815 0.9302083333333333 0.0824074074074074 0.9166666666666666 0.07777777777777778 0.8869791666666667 0.07777777777777778 0.8869791666666667 0.05277777777777778 0.8802083333333334 0.027777777777777776 0.8572916666666667 0 0.8020833333333334 0 0.7817708333333333 0.002777777777777778 0.7791666666666667 0.005555555555555556 0.7614583333333333 0.002777777777777778 0.7583333333333333 0 0.64375 0 0.6421875 0.012962962962962963
4 0.4505208333333333 0.9351851851851852 0.4484375 0.9731481481481481 0.44375 0.9888888888888889 0.44427083333333334 0.9981481481481481 0.83125 0.9981481481481481 0.8307291666666666 0.9935185185185185 0.8286458333333333 0.9916666666666667 0.8088541666666667 0.9796296296296296 0.7984375 0.9694444444444444 0.7822916666666667 0.962037037037037 0.7645833333333333 0.9444444444444444 0.7494791666666667 0.9481481481481482 0.7427083333333333 0.9546296296296296 0.7375 0.9555555555555556 0.734375 0.9601851851851851 0.7270833333333333 0.9601851851851851 0.7130208333333333 0.975 0.7026041666666667 0.9712962962962963 0.6953125 0.975925925925926 0.6802083333333333 0.975925925925926 0.6645833333333333 0.9712962962962963 0.6541666666666667 0.9574074074074074 0.6322916666666667 0.950925925925926 0.6104166666666667 0.9305555555555556 0.5708333333333333 0.9305555555555556 0.5546875 0.9481481481481482 0.5322916666666667 0.962037037037037 0.5276041666666667 0.9731481481481481 0.5234375 0.9777777777777777 0.5182291666666666 0.9740740740740741 0.5177083333333333 0.9638888888888889 0.5151041666666667 0.9583333333333334 0.5145833333333333 0.9490740740740741 0.5177083333333333 0.9416666666666667 0.5151041666666667 0.9333333333333333 0.5203125 0.9083333333333333 0.525 0.9027777777777778 0.5291666666666667 0.9027777777777778 0.5260416666666666 0.899074074074074 0.5354166666666667 0.8759259259259259 0.5296875 0.8666666666666667 0.50625 0.8555555555555555 0.48072916666666665 0.8601851851851852 0.4744791666666667 0.8666666666666667 0.45677083333333335 0.9074074074074074 0.4505208333333333 0.9351851851851852
1 0.48854166666666665 0.7185185185185186 0.48854166666666665 0.7425925925925926 0.4942708333333333 0.7731481481481481 0.4895833333333333 0.7814814814814814 0.4895833333333333 0.7962962962962963 0.49375 0.8009259259259259 0.5119791666666667 0.8101851851851852 0.5411458333333333 0.8185185185185185 0.5473958333333333 0.8231481481481482 0.553125 0.8333333333333334 0.5375 0.8351851851851851 0.5208333333333334 0.8305555555555556 0.5005208333333333 0.8305555555555556 0.496875 0.8277777777777777 0.49375 0.8305555555555556 0.49322916666666666 0.8416666666666667 0.49114583333333334 0.8444444444444444 0.49322916666666666 0.850925925925926 0.5171875 0.8555555555555555 0.5197916666666667 0.8592592592592593 0.5307291666666667 0.8638888888888889 0.5385416666666667 0.8777777777777778 0.5421875 0.8796296296296297 0.5536458333333333 0.8777777777777778 0.5598958333333334 0.8731481481481481 0.5708333333333333 0.8481481481481481 0.5666666666666667 0.8222222222222222 0.5671875 0.7981481481481482 0.565625 0.7777777777777778 0.5630208333333333 0.7685185185185185 0.5421875 0.7398148148148148 0.5364583333333334 0.7388888888888889 0.5354166666666667 0.7425925925925926 0.5270833333333333 0.7416666666666667 0.5276041666666667 0.7277777777777777 0.5244791666666667 0.712037037037037 0.5151041666666667 0.7027777777777777 0.5041666666666667 0.7027777777777777 0.5036458333333333 0.7074074074074074 0.5078125 0.7185185185185186 0.5046875 0.725925925925926 0.49375 0.7138888888888889 0.4901041666666667 0.7148148148148148 0.48854166666666665 0.7185185185185186
3 0.8640625 0.0962962962962963 0.8625 0.09814814814814815 0.8697916666666666 0.10277777777777777 0.875 0.11944444444444445 0.875 0.125 0.8802083333333334 0.13518518518518519 0.8833333333333333 0.14814814814814814 0.8911458333333333 0.14814814814814814 0.9203125 0.1685185185185185 0.9307291666666667 0.1685185185185185 0.9427083333333334 0.15092592592592594 0.9479166666666666 0.13055555555555556 0.9479166666666666 0.11388888888888889 0.9447916666666667 0.10092592592592593 0.9359375 0.08703703703703704 0.9276041666666667 0.08055555555555556 0.9192708333333334 0.07777777777777778 0.89375 0.07777777777777778 0.875 0.08703703703703704 0.8640625 0.0962962962962963
3 0.8322916666666667 0.006481481481481481 0.83125 0.018518518518518517 0.8338541666666667 0.032407407407407406 0.8447916666666667 0.05092592592592592 0.846875 0.05092592592592592 0.8609375 0.06851851851851852 0.8625 0.08425925925925926 0.8651041666666667 0.08888888888888889 0.8796875 0.08425925925925926 0.8864583333333333 0.07592592592592592 0.8869791666666667 0.04814814814814815 0.8796875 0.025925925925925925 0.875 0.019444444444444445 0.8630208333333333 0.009259259259259259 0.8572916666666667 0 0.8359375 0 0.8322916666666667 0.006481481481481481
3 0.4453125 0.9787037037037037 0.4453125 0.9981481481481481 0.5166666666666667 0.9962962962962963 0.5296875 0.9712962962962963 0.5322916666666667 0.9574074074074074 0.5328125 0.9111111111111111 0.534375 0.9074074074074074 0.5328125 0.8935185185185185 0.5348958333333333 0.8898148148148148 0.5359375 0.8759259259259259 0.5296875 0.8666666666666667 0.5072916666666667 0.8555555555555555 0.49583333333333335 0.8555555555555555 0.4765625 0.8638888888888889 0.46979166666666666 0.8759259259259259 0.4671875 0.8851851851851852 0.4625 0.8916666666666667 0.46197916666666666 0.8981481481481481 0.45677083333333335 0.9074074074074074 0.45208333333333334 0.9231481481481482 0.4479166666666667 0.9722222222222222 0.4453125 0.9787037037037037
3 0.3098958333333333 0.8037037037037037 0.30833333333333335 0.8194444444444444 0.3145833333333333 0.8694444444444445 0.3145833333333333 0.8916666666666667 0.3255208333333333 0.9074074074074074 0.33489583333333334 0.9120370370370371 0.35572916666666665 0.9101851851851852 0.3645833333333333 0.8935185185185185 0.371875 0.8888888888888888 0.3796875 0.8888888888888888 0.3984375 0.8981481481481481 0.4276041666666667 0.9009259259259259 0.4359375 0.8916666666666667 0.45 0.8666666666666667 0.4583333333333333 0.8555555555555555 0.46041666666666664 0.8555555555555555 0.46822916666666664 0.8351851851851851 0.48541666666666666 0.8351851851851851 0.4875 0.8342592592592593 0.48854166666666665 0.8296296296296296 0.4869791666666667 0.8166666666666667 0.4786458333333333 0.8074074074074075 0.46770833333333334 0.8009259259259259 0.45 0.7962962962962963 0.4390625 0.7870370370370371 0.43020833333333336 0.7712962962962963 0.42864583333333334 0.7546296296296297 0.43072916666666666 0.7509259259259259 0.42916666666666664 0.7527777777777778 0.4244791666666667 0.7444444444444445 0.4197916666666667 0.7416666666666667 0.41354166666666664 0.7416666666666667 0.3854166666666667 0.7685185185185185 0.3697916666666667 0.7759259259259259 0.3546875 0.7777777777777778 0.3411458333333333 0.7851851851851852 0.3338541666666667 0.7851851851851852 0.3234375 0.7935185185185185 0.3125 0.7981481481481482 0.3098958333333333 0.8037037037037037
3 0.44427083333333334 0.5453703703703704 0.44427083333333334 0.5592592592592592 0.4473958333333333 0.575925925925926 0.44375 0.5944444444444444 0.4453125 0.612037037037037 0.46145833333333336 0.6212962962962963 0.465625 0.6185185185185185 0.46927083333333336 0.6101851851851852 0.48020833333333335 0.6074074074074074 0.48489583333333336 0.625 0.4859375 0.6388888888888888 0.48333333333333334 0.6435185185185185 0.47291666666666665 0.6509259259259259 0.45989583333333334 0.6527777777777778 0.45677083333333335 0.6583333333333333 0.45729166666666665 0.6657407407407407 0.45989583333333334 0.6712962962962963 0.47604166666666664 0.6888888888888889 0.49166666666666664 0.6916666666666667 0.4973958333333333 0.6851851851851852 0.5057291666666667 0.6666666666666666 0.509375 0.6527777777777778 0.5119791666666667 0.6175925925925926 0.5140625 0.6092592592592593 0.5104166666666666 0.525 0.5197916666666667 0.48703703703703705 0.5192708333333333 0.45925925925925926 0.5151041666666667 0.44351851851851853 0.5078125 0.4305555555555556 0.4979166666666667 0.425 0.490625 0.425 0.48333333333333334 0.4324074074074074 0.4791666666666667 0.45092592592592595 0.47239583333333335 0.47129629629629627 0.46979166666666666 0.4740740740740741 0.4635416666666667 0.5027777777777778 0.45989583333333334 0.5120370370370371 0.46822916666666664 0.5481481481481482 0.46979166666666666 0.562962962962963 0.4666666666666667 0.575925925925926 0.46458333333333335 0.5731481481481482 0.45364583333333336 0.5305555555555556 0.45 0.5305555555555556 0.4453125 0.5388888888888889 0.44427083333333334 0.5453703703703704