4 0.0453125 0 0.24427083333333333 0 0.24635416666666668 0.002777777777777778 0.2677083333333333 0.003703703703703704 0.3151041666666667 0 0.3307291666666667 0.004629629629629629 0.3734375 0.003703703703703704 0.3796875 0 0.4421875 0 0.45416666666666666 0.004629629629629629 0.4765625 0.002777777777777778 0.4786458333333333 0 0.5145833333333333 0 0.51875 0.002777777777777778 0.5458333333333333 0.004629629629629629 0.5484375 0.032407407407407406 0.5484375 0.0787037037037037 0.5588541666666667 0.1111111111111111 0.5635416666666667 0.1388888888888889 0.5755208333333334 0.17592592592592593 0.5791666666666667 0.20092592592592592 0.5880208333333333 0.2111111111111111 0.5942708333333333 0.22314814814814815 0.6057291666666667 0.22870370370370371 0.6125 0.23796296296296296 0.6125 0.26851851851851855 0.6182291666666667 0.2796296296296296 0.6223958333333334 0.2953703703703704 0.6380208333333334 0.33425925925925926 0.646875 0.34444444444444444 0.6786458333333333 0.3648148148148148 0.6989583333333333 0.38981481481481484 0.7135416666666666 0.41574074074074074 0.721875 0.4462962962962963 0.7208333333333333 0.4583333333333333 0.715625 0.4648148148148148 0.71875 0.49074074074074076 0.7182291666666667 0.5083333333333333 0.7104166666666667 0.5157407407407407 0.7052083333333333 0.5277777777777778 0.6901041666666666 0.5305555555555556 0.684375 0.5268518518518519 0.6807291666666667 0.5203703703703704 0.6807291666666667 0.5111111111111111 0.675 0.48518518518518516 0.6640625 0.4527777777777778 0.6546875 0.43796296296296294 0.6473958333333333 0.43796296296296294 0.6432291666666666 0.44351851851851853 0.6416666666666667 0.4527777777777778 0.6552083333333333 0.4935185185185185 0.659375 0.5120370370370371 0.659375 0.524074074074074 0.6567708333333333 0.5305555555555556 0.6489583333333333 0.5296296296296297 0.6395833333333333 0.5148148148148148 0.61875 0.4666666666666667 0.6130208333333333 0.44351851851851853 0.6072916666666667 0.42962962962962964 0.6026041666666667 0.4027777777777778 0.5932291666666667 0.3814814814814815 0.5786458333333333 0.3333333333333333 0.5682291666666667 0.3194444444444444 0.5505208333333333 0.3055555555555556 0.5296875 0.27037037037037037 0.4979166666666667 0.24259259259259258 0.4973958333333333 0.25925925925925924 0.503125 0.2962962962962963 0.5036458333333333 0.3138888888888889 0.5067708333333333 0.33240740740740743 0.515625 0.3611111111111111 0.5208333333333334 0.39166666666666666 0.5229166666666667 0.41759259259259257 0.5223958333333333 0.4583333333333333 0.4984375 0.48703703703703705 0.49322916666666666 0.5018518518518519 0.4796875 0.5259259259259259 0.4734375 0.5435185185185185 0.45729166666666665 0.5675925925925925 0.45729166666666665 0.5731481481481482 0.459375 0.5740740740740741 0.4505208333333333 0.5796296296296296 0.4479166666666667 0.5842592592592593 0.45 0.5916666666666667 0.44635416666666666 0.5944444444444444 0.44427083333333334 0.6018518518518519 0.4354166666666667 0.6092592592592593 0.4375 0.6194444444444445 0.43125 0.6212962962962963 0.43020833333333336 0.6268518518518519 0.42291666666666666 0.6342592592592593 0.421875 0.6407407407407407 0.3927083333333333 0.6638888888888889 0.39114583333333336 0.6685185185185185 0.3859375 0.6712962962962963 0.3765625 0.687962962962963 0.371875 0.6898148148148148 0.36302083333333335 0.7027777777777777 0.3572916666666667 0.7046296296296296 0.35625 0.7129629629629629 0.35104166666666664 0.7185185185185186 0.3484375 0.7277777777777777 0.3380208333333333 0.7240740740740741 0.33645833333333336 0.7305555555555555 0.328125 0.7361111111111112 0.3203125 0.7342592592592593 0.3145833333333333 0.7444444444444445 0.3104166666666667 0.7462962962962963 0.30104166666666665 0.7722222222222223 0.28177083333333336 0.8018518518518518 0.28229166666666666 0.8148148148148148 0.28854166666666664 0.8314814814814815 0.3145833333333333 0.8740740740740741 0.3234375 0.8981481481481481 0.3494791666666667 0.95 0.3645833333333333 0.9907407407407407 0.36302083333333335 0.9953703703703703 0.3546875 0.9990740740740741 0.3385416666666667 0.9990740740740741 0.3328125 0.9925925925925926 0.3020833333333333 0.9990740740740741 0.28229166666666666 0.9990740740740741 0.2791666666666667 0.9935185185185185 0.2765625 0.9564814814814815 0.26927083333333335 0.9277777777777778 0.26197916666666665 0.9157407407407407 0.2552083333333333 0.912962962962963 0.240625 0.9138888888888889 0.23645833333333333 0.9083333333333333 0.23645833333333333 0.9018518518518519 0.23385416666666667 0.8972222222222223 0.23645833333333333 0.8898148148148148 0.22708333333333333 0.8527777777777777 0.21822916666666667 0.8425925925925926 0.20104166666666667 0.8111111111111111 0.19635416666666666 0.7972222222222223 0.18645833333333334 0.7805555555555556 0.1828125 0.7685185185185185 0.175 0.7546296296296297 0.16875 0.7518518518518519 0.16875 0.7444444444444445 0.1546875 0.6972222222222222 0.13958333333333334 0.6962962962962963 0.13229166666666667 0.6925925925925925 0.10364583333333334 0.6527777777777778 0.09166666666666666 0.6296296296296297 0.08125 0.6157407407407407 0.06614583333333333 0.5833333333333334 0.049479166666666664 0.5574074074074075 0.03333333333333333 0.5259259259259259 0 0.4425925925925926 0 0.30833333333333335 0.0026041666666666665 0.30462962962962964 0 0.30092592592592593 0 0.17407407407407408 0.0020833333333333333 0.17314814814814813 0.009375 0.13333333333333333 0.0171875 0.1037037037037037 0.028645833333333332 0.07962962962962963 0.0421875 0.03981481481481482 0.0453125 0.000925925925925926
4 0.5807291666666666 0 0.6026041666666667 0 0.6098958333333333 0.003703703703703704 0.6223958333333334 0 0.6838541666666667 0 0.6885416666666667 0.002777777777777778 0.71875 0 0.7208333333333333 0.002777777777777778 0.740625 0.005555555555555556 0.790625 0.004629629629629629 0.8015625 0 0.8791666666666667 0 0.8755208333333333 0.008333333333333333 0.8776041666666666 0.012037037037037037 0.875 0.018518518518518517 0.8734375 0.03796296296296296 0.8729166666666667 0.12314814814814815 0.8692708333333333 0.15 0.8713541666666667 0.17685185185185184 0.8703125 0.20555555555555555 0.8723958333333334 0.22037037037037038 0.8713541666666667 0.24537037037037038 0.8739583333333333 0.3287037037037037 0.8651041666666667 0.36203703703703705 0.8614583333333333 0.36944444444444446 0.8567708333333334 0.3731481481481482 0.8453125 0.37407407407407406 0.83125 0.3712962962962963 0.828125 0.3675925925925926 0.8072916666666666 0.31574074074074077 0.7921875 0.2851851851851852 0.7859375 0.27870370370370373 0.7744791666666667 0.2759259259259259 0.7515625 0.2601851851851852 0.7375 0.25925925925925924 0.7234375 0.2824074074074074 0.7130208333333333 0.29074074074074074 0.6994791666666667 0.2962962962962963 0.6875 0.2972222222222222 0.675 0.2935185185185185 0.6645833333333333 0.2814814814814815 0.6520833333333333 0.2722222222222222 0.6390625 0.2740740740740741 0.6296875 0.27870370370370373 0.6265625 0.2833333333333333 0.61875 0.26944444444444443 0.6197916666666666 0.24074074074074073 0.6182291666666667 0.2361111111111111 0.609375 0.22314814814814815 0.5953125 0.21666666666666667 0.5927083333333333 0.20555555555555555 0.5916666666666667 0.15555555555555556 0.5869791666666667 0.12314814814814815 0.578125 0.08703703703703704 0.5776041666666667 0.013888888888888888 0.578125 0.004629629629629629 0.5807291666666666 0.000925925925925926
1 0.5432291666666667 0.7379629629629629 0.5713541666666667 0.7444444444444445 0.5765625 0.7592592592592593 0.6130208333333333 0.8074074074074075 0.6161458333333333 0.8175925925925925 0.6166666666666667 0.8277777777777777 0.625 0.85 0.6260416666666667 0.8601851851851852 0.6223958333333334 0.8685185185185185 0.6208333333333333 0.8861111111111111 0.6140625 0.9037037037037037 0.5817708333333333 0.9166666666666666 0.5791666666666667 0.9157407407407407 0.5661458333333333 0.8888888888888888 0.5520833333333334 0.8712962962962963 0.5494791666666666 0.8518518518518519 0.5395833333333333 0.8314814814814815 0.5291666666666667 0.825925925925926 0.521875 0.8398148148148148 0.5171875 0.8416666666666667 0.5151041666666667 0.8388888888888889 0.5145833333333333 0.7953703703703704 0.5119791666666667 0.7592592592592593 0.51875 0.7472222222222222 0.5286458333333334 0.7388888888888889 0.5338541666666666 0.7361111111111112 0.5427083333333333 0.7379629629629629
0 0.9005208333333333 0.16944444444444445 0.928125 0.19907407407407407 0.9375 0.22037037037037038 0.9380208333333333 0.2361111111111111 0.9354166666666667 0.24722222222222223 0.928125 0.2574074074074074 0.9005208333333333 0.262037037037037 0.8989583333333333 0.2675925925925926 0.9015625 0.27685185185185185 0.9026041666666667 0.29259259259259257 0.9 0.3055555555555556 0.8953125 0.31203703703703706 0.8817708333333333 0.30648148148148147 0.8760416666666667 0.29444444444444445 0.871875 0.1962962962962963 0.8755208333333333 0.1925925925925926 0.8833333333333333 0.1925925925925926 0.8864583333333333 0.175 0.8895833333333333 0.16944444444444445 0.9 0.16944444444444445
0 0.5848958333333333 0.9037037037037037 0.59375 0.9111111111111111 0.6015625 0.9064814814814814 0.6161458333333333 0.9064814814814814 0.6229166666666667 0.912962962962963 0.6338541666666667 0.9314814814814815 0.634375 0.9453703703703704 0.6302083333333334 0.9583333333333334 0.6229166666666667 0.9666666666666667 0.6239583333333333 0.9694444444444444 0.61875 0.987037037037037 0.6057291666666667 0.9990740740740741 0.5817708333333333 0.9990740740740741 0.5786458333333333 0.9944444444444445 0.5791666666666667 0.987037037037037 0.5755208333333334 0.9796296296296296 0.5697916666666667 0.975925925925926 0.5635416666666667 0.9805555555555555 0.565625 0.9657407407407408 0.5739583333333333 0.9453703703703704 0.5765625 0.924074074074074 0.5822916666666667 0.9138888888888889 0.5817708333333333 0.9074074074074074 0.584375 0.9046296296296297
0 0.578125 0.6972222222222222 0.5828125 0.6990740740740741 0.5890625 0.7092592592592593 0.5885416666666666 0.7166666666666667 0.5822916666666667 0.7305555555555555 0.5708333333333333 0.7425925925925926 0.553125 0.7425925925925926 0.5505208333333333 0.7518518518518519 0.5578125 0.7546296296296297 0.5546875 0.7583333333333333 0.5598958333333334 0.7620370370370371 0.5598958333333334 0.7731481481481481 0.5661458333333333 0.774074074074074 0.5625 0.7620370370370371 0.5645833333333333 0.7620370370370371 0.5640625 0.7675925925925926 0.5677083333333334 0.7685185185185185 0.5692708333333333 0.775 0.5807291666666666 0.775 0.5880208333333333 0.7898148148148149 0.5921875 0.7898148148148149 0.590625 0.7962962962962963 0.5848958333333333 0.7944444444444444 0.5807291666666666 0.8 0.5791666666666667 0.8055555555555556 0.5802083333333333 0.8083333333333333 0.5885416666666666 0.8055555555555556 0.5916666666666667 0.8009259259259259 0.6057291666666667 0.8037037037037037 0.6083333333333333 0.8092592592592592 0.6083333333333333 0.8203703703703704 0.6161458333333333 0.8277777777777777 0.615625 0.837037037037037 0.6192708333333333 0.8425925925925926 0.6260416666666667 0.8453703703703703 0.6229166666666667 0.8481481481481481 0.6239583333333333 0.85 0.6286458333333333 0.85 0.6270833333333333 0.8453703703703703 0.6302083333333334 0.8444444444444444 0.6328125 0.8518518518518519 0.6265625 0.8638888888888889 0.6244791666666667 0.8611111111111112 0.621875 0.8629629629629629 0.6213541666666667 0.8694444444444445 0.6151041666666667 0.8787037037037037 0.6151041666666667 0.8870370370370371 0.6088541666666667 0.8981481481481481 0.6109375 0.9037037037037037 0.6208333333333333 0.9101851851851852 0.6333333333333333 0.9305555555555556 0.6348958333333333 0.9361111111111111 0.6338541666666667 0.95 0.6182291666666667 0.9879629629629629 0.60625 0.9990740740740741 0.5515625 0.9990740740740741 0.55 0.9962962962962963 0.5421875 0.9990740740740741 0.5385416666666667 0.9944444444444445 0.5458333333333333 0.9916666666666667 0.5479166666666667 0.9833333333333333 0.5604166666666667 0.9740740740740741 0.5677083333333334 0.9592592592592593 0.5723958333333333 0.9462962962962963 0.5723958333333333 0.9351851851851852 0.575 0.9324074074074075 0.5734375 0.9212962962962963 0.5760416666666667 0.9175925925925926 0.5739583333333333 0.9148148148148149 0.575 0.9101851851851852 0.5682291666666667 0.9046296296296297 0.5635416666666667 0.9046296296296297 0.559375 0.899074074074074 0.5526041666666667 0.899074074074074 0.5505208333333333 0.9064814814814814 0.5515625 0.9111111111111111 0.559375 0.9212962962962963 0.546875 0.9138888888888889 0.5432291666666667 0.9166666666666666 0.5395833333333333 0.9111111111111111 0.5432291666666667 0.9037037037037037 0.5338541666666666 0.8972222222222223 0.5463541666666667 0.8981481481481481 0.55 0.8898148148148148 0.5484375 0.8833333333333333 0.546875 0.8805555555555555 0.540625 0.8814814814814815 0.5333333333333333 0.875 0.5286458333333334 0.8768518518518519 0.5255208333333333 0.8740740740740741 0.5223958333333333 0.8787037037037037 0.5208333333333334 0.8611111111111112 0.5151041666666667 0.850925925925926 0.5119791666666667 0.85 0.5036458333333333 0.8574074074074074 0.49635416666666665 0.8731481481481481 0.4895833333333333 0.899074074074074 0.48854166666666665 0.925 0.484375 0.925 0.48385416666666664 0.9194444444444444 0.47708333333333336 0.9185185185185185 0.4822916666666667 0.912962962962963 0.48072916666666665 0.9092592592592592 0.47760416666666666 0.912962962962963 0.47604166666666664 0.9111111111111111 0.4739583333333333 0.9027777777777778 0.4786458333333333 0.8972222222222223 0.47239583333333335 0.8898148148148148 0.4739583333333333 0.8833333333333333 0.47239583333333335 0.8740740740740741 0.4739583333333333 0.862037037037037 0.4703125 0.8574074074074074 0.46927083333333336 0.8453703703703703 0.4734375 0.8416666666666667 0.4703125 0.8398148148148148 0.46875 0.825925925925926 0.4703125 0.8203703703703704 0.46979166666666666 0.8037037037037037 0.47604166666666664 0.7787037037037037 0.48020833333333335 0.7712962962962963 0.4875 0.7675925925925926 0.4890625 0.7592592592592593 0.49270833333333336 0.7537037037037037 0.5015625 0.7462962962962963 0.5052083333333334 0.7462962962962963 0.5125 0.7611111111111111 0.515625 0.7611111111111111 0.51875 0.7537037037037037 0.5223958333333333 0.7555555555555555 0.5270833333333333 0.7509259259259259 0.51875 0.7481481481481481 0.5260416666666666 0.7407407407407407 0.5302083333333333 0.7398148148148148 0.5328125 0.7453703703703703 0.5369791666666667 0.7416666666666667 0.5395833333333333 0.7379629629629629 0.5348958333333333 0.7333333333333333 0.5322916666666667 0.7194444444444444 0.5348958333333333 0.7129629629629629 0.5536458333333333 0.7027777777777777 0.5776041666666667 0.6972222222222222
3 0 0.8222222222222222 0.009375 0.8231481481481482 0.0296875 0.8342592592592593 0.03958333333333333 0.8444444444444444 0.042708333333333334 0.8518518518518519 0.03958333333333333 0.8592592592592593 0.025 0.8777777777777778 0 0.8768518518518519 0 0.8231481481481482
3 0.7833333333333333 0.9666666666666667 0.7963541666666667 0.9703703703703703 0.8276041666666667 0.987037037037037 0.8385416666666666 0.9944444444444445 0.8401041666666667 0.9990740740740741 0.70625 0.9990740740740741 0.7067708333333333 0.9935185185185185 0.7135416666666666 0.9842592592592593 0.7296875 0.9731481481481481 0.7604166666666666 0.9666666666666667 0.7828125 0.9666666666666667
3 0.3177083333333333 0.9046296296296297 0.32708333333333334 0.9074074074074074 0.3385416666666667 0.925 0.36666666666666664 0.9925925925925926 0.3671875 0.9990740740740741 0.2791666666666667 0.9990740740740741 0.27239583333333334 0.9314814814814815 0.2796875 0.9305555555555556 0.3046875 0.9092592592592592 0.3171875 0.9046296296296297
3 0.8015625 0.21296296296296297 0.8359375 0.24537037037037038 0.8442708333333333 0.2574074074074074 0.8536458333333333 0.28055555555555556 0.8609375 0.30925925925925923 0.8619791666666666 0.33796296296296297 0.865625 0.35185185185185186 0.8625 0.3675925925925926 0.85625 0.375 0.8401041666666667 0.375 0.8291666666666667 0.3712962962962963 0.80625 0.3138888888888889 0.7869791666666667 0.275 0.7890625 0.22777777777777777 0.7947916666666667 0.2111111111111111 0.8010416666666667 0.21296296296296297
3 0.8541666666666666 0.2351851851851852 0.8703125 0.23796296296296296 0.8734375 0.24814814814814815 0.875 0.3277777777777778 0.8661458333333333 0.362962962962963 0.8630208333333333 0.3648148148148148 0.8635416666666667 0.35 0.859375 0.3296296296296296 0.85625 0.2962962962962963 0.8447916666666667 0.25555555555555554 0.8479166666666667 0.23796296296296296 0.8536458333333333 0.2351851851851852
3 0.6302083333333334 0.32314814814814813 0.64375 0.34074074074074073 0.6822916666666666 0.36666666666666664 0.7 0.38981481481481484 0.7151041666666667 0.4166666666666667 0.7234375 0.45185185185185184 0.7223958333333333 0.45925925925925926 0.7166666666666667 0.46574074074074073 0.7203125 0.49722222222222223 0.7182291666666667 0.5120370370370371 0.7098958333333333 0.5157407407407407 0.7057291666666666 0.5296296296296297 0.6953125 0.5277777777777778 0.6885416666666667 0.5333333333333333 0.6807291666666667 0.5259259259259259 0.6744791666666666 0.4898148148148148 0.6625 0.45185185185185184 0.6520833333333333 0.4351851851851852 0.6479166666666667 0.43703703703703706 0.6432291666666666 0.44537037037037036 0.6421875 0.4527777777777778 0.6604166666666667 0.512962962962963 0.6598958333333333 0.5287037037037037 0.6552083333333333 0.5342592592592592 0.65 0.5333333333333333 0.6390625 0.5148148148148148 0.6166666666666667 0.46296296296296297 0.6104166666666667 0.4425925925925926 0.603125 0.4046296296296296 0.5973958333333333 0.38796296296296295 0.6005208333333333 0.3824074074074074 0.6020833333333333 0.3592592592592593 0.6057291666666667 0.3472222222222222 0.6161458333333333 0.3314814814814815 0.6296875 0.32314814814814813
3 0.6114583333333333 0.27037037037037037 0.6177083333333333 0.2777777777777778 0.6317708333333333 0.31851851851851853 0.6411458333333333 0.33796296296296297 0.6822916666666666 0.3675925925925926 0.70625 0.4 0.7166666666666667 0.4212962962962963 0.7229166666666667 0.44907407407407407 0.7223958333333333 0.4583333333333333 0.7166666666666667 0.46574074074074073 0.7203125 0.49907407407407406 0.7182291666666667 0.5111111111111111 0.715625 0.5148148148148148 0.7098958333333333 0.5157407407407407 0.7057291666666666 0.5296296296296297 0.7015625 0.5305555555555556 0.6958333333333333 0.5268518518518519 0.6885416666666667 0.5333333333333333 0.6807291666666667 0.525 0.6744791666666666 0.4888888888888889 0.6619791666666667 0.45 0.653125 0.4361111111111111 0.65 0.4351851851851852 0.646875 0.4388888888888889 0.6427083333333333 0.44722222222222224 0.6421875 0.4537037037037037 0.6604166666666667 0.5120370370370371 0.6604166666666667 0.5268518518518519 0.6557291666666667 0.5342592592592592 0.65 0.5333333333333333 0.6369791666666667 0.5111111111111111 0.6166666666666667 0.46296296296296297 0.6104166666666667 0.4425925925925926 0.6020833333333333 0.4027777777777778 0.5942708333333333 0.3851851851851852 0.5802083333333333 0.3351851851851852 0.5703125 0.3212962962962963 0.5677083333333334 0.3111111111111111 0.5708333333333333 0.2916666666666667 0.5744791666666667 0.2824074074074074 0.5802083333333333 0.2759259259259259 0.5942708333333333 0.2675925925925926 0.6109375 0.27037037037037037