4 0.6484375 0.037037037037037035 0.6473958333333333 0.06018518518518518 0.6494791666666667 0.11203703703703703 0.6536458333333334 0.11851851851851852 0.659375 0.1398148148148148 0.6572916666666667 0.14351851851851852 0.6557291666666667 0.16111111111111112 0.6505208333333333 0.18333333333333332 0.6473958333333333 0.22592592592592592 0.6557291666666667 0.26944444444444443 0.65625 0.3101851851851852 0.6614583333333334 0.34814814814814815 0.6661458333333333 0.3574074074074074 0.6645833333333333 0.36203703703703705 0.6677083333333333 0.36018518518518516 0.6677083333333333 0.3648148148148148 0.6848958333333334 0.36666666666666664 0.7026041666666667 0.387037037037037 0.734375 0.387037037037037 0.7484375 0.4046296296296296 0.7583333333333333 0.4212962962962963 0.7729166666666667 0.42962962962962964 0.78125 0.44074074074074077 0.7875 0.46296296296296297 0.7921875 0.47314814814814815 0.8020833333333334 0.5120370370370371 0.8140625 0.5231481481481481 0.8307291666666666 0.5305555555555556 0.84375 0.5481481481481482 0.8479166666666667 0.5481481481481482 0.85 0.5435185185185185 0.853125 0.49722222222222223 0.8552083333333333 0.49444444444444446 0.8604166666666667 0.5046296296296297 0.8625 0.5324074074074074 0.86875 0.5462962962962963 0.8734375 0.5435185185185185 0.8765625 0.5231481481481481 0.88125 0.5166666666666667 0.884375 0.5055555555555555 0.8817708333333333 0.4842592592592593 0.8817708333333333 0.4601851851851852 0.8854166666666666 0.4444444444444444 0.8854166666666666 0.4324074074074074 0.8828125 0.4166666666666667 0.8760416666666667 0.4083333333333333 0.8713541666666667 0.39537037037037037 0.8713541666666667 0.37407407407407406 0.8734375 0.35648148148148145 0.88125 0.34629629629629627 0.8817708333333333 0.33796296296296297 0.8854166666666666 0.33055555555555555 0.8854166666666666 0.28888888888888886 0.8828125 0.26481481481481484 0.8932291666666666 0.22592592592592592 0.8989583333333333 0.21574074074074073 0.8994791666666667 0.2111111111111111 0.9057291666666667 0.20277777777777778 0.9067708333333333 0.18055555555555555 0.909375 0.17592592592592593 0.9104166666666667 0.1685185185185185 0.9182291666666667 0.1574074074074074 0.9203125 0.13425925925925927 0.9192708333333334 0.09259259259259259 0.9208333333333333 0.08518518518518518 0.9182291666666667 0 0.75 0 0.74375 0.002777777777777778 0.7286458333333333 0.002777777777777778 0.7260416666666667 0 0.659375 0 0.6520833333333333 0.014814814814814815 0.6484375 0.037037037037037035
4 0.6380208333333334 0.8814814814814815 0.6390625 0.9064814814814814 0.6453125 0.9194444444444444 0.65 0.9259259259259259 0.6541666666666667 0.9259259259259259 0.65625 0.9314814814814815 0.65625 0.9462962962962963 0.6536458333333334 0.9611111111111111 0.6489583333333333 0.9694444444444444 0.6447916666666667 0.9712962962962963 0.6385416666666667 0.9805555555555555 0.6380208333333334 0.9953703703703703 0.6401041666666667 0.9981481481481481 0.6786458333333333 0.9981481481481481 0.6984375 0.9935185185185185 0.7197916666666667 0.9944444444444445 0.7203125 0.9842592592592593 0.7244791666666667 0.9777777777777777 0.7390625 0.9601851851851851 0.7510416666666667 0.9546296296296296 0.7630208333333334 0.9555555555555556 0.7776041666666667 0.9666666666666667 0.7901041666666667 0.9666666666666667 0.7927083333333333 0.9694444444444444 0.7947916666666667 0.9935185185185185 0.80625 0.9981481481481481 0.8817708333333333 0.9981481481481481 0.9109375 0.9962962962962963 0.9166666666666666 0.9935185185185185 0.9333333333333333 0.9935185185185185 0.9411458333333333 0.9962962962962963 0.9911458333333333 0.9962962962962963 0.9994791666666667 0.9916666666666667 0.9994791666666667 0.8731481481481481 0.9682291666666667 0.850925925925926 0.9494791666666667 0.8462962962962963 0.9322916666666666 0.8462962962962963 0.9239583333333333 0.8351851851851851 0.9098958333333333 0.825925925925926 0.8989583333333333 0.8138888888888889 0.8875 0.8074074074074075 0.8729166666666667 0.7805555555555556 0.8682291666666667 0.7759259259259259 0.8536458333333333 0.7759259259259259 0.8442708333333333 0.7805555555555556 0.8375 0.7870370370370371 0.8276041666666667 0.8027777777777778 0.8203125 0.8027777777777778 0.8125 0.7916666666666666 0.7927083333333333 0.7944444444444444 0.7723958333333333 0.7851851851851852 0.7635416666666667 0.7851851851851852 0.7515625 0.7805555555555556 0.7411458333333333 0.7805555555555556 0.734375 0.7851851851851852 0.7291666666666666 0.7851851851851852 0.7151041666666667 0.7962962962962963 0.675 0.812037037037037 0.6671875 0.8194444444444444 0.6442708333333333 0.850925925925926 0.6401041666666667 0.8638888888888889 0.6380208333333334 0.8814814814814815
4 0.2640625 0.9824074074074074 0.26458333333333334 0.9981481481481481 0.3223958333333333 0.9981481481481481 0.3338541666666667 0.9944444444444445 0.3421875 0.9981481481481481 0.3875 0.9981481481481481 0.4041666666666667 0.9935185185185185 0.41770833333333335 0.9944444444444445 0.4265625 0.9981481481481481 0.44947916666666665 0.9981481481481481 0.4588541666666667 0.9916666666666667 0.46197916666666666 0.9787037037037037 0.46770833333333334 0.9685185185185186 0.47604166666666664 0.9351851851851852 0.48072916666666665 0.9259259259259259 0.4875 0.8805555555555555 0.49375 0.8601851851851852 0.4942708333333333 0.8518518518518519 0.4984375 0.8416666666666667 0.5 0.8268518518518518 0.509375 0.8101851851851852 0.5125 0.775 0.5229166666666667 0.7435185185185185 0.5239583333333333 0.7277777777777777 0.5208333333333334 0.7166666666666667 0.5161458333333333 0.7101851851851851 0.4979166666666667 0.7101851851851851 0.49375 0.7055555555555556 0.49322916666666666 0.7101851851851851 0.4864583333333333 0.7101851851851851 0.48072916666666665 0.7148148148148148 0.478125 0.7203703703703703 0.478125 0.725925925925926 0.46770833333333334 0.7435185185185185 0.46770833333333334 0.7481481481481481 0.45729166666666665 0.7694444444444445 0.45416666666666666 0.7842592592592592 0.4432291666666667 0.812037037037037 0.4432291666666667 0.8194444444444444 0.4348958333333333 0.8305555555555556 0.428125 0.8212962962962963 0.4265625 0.8157407407407408 0.43020833333333336 0.8092592592592592 0.43072916666666666 0.8018518518518518 0.43333333333333335 0.7962962962962963 0.43333333333333335 0.7787037037037037 0.4375 0.7546296296296297 0.43802083333333336 0.7351851851851852 0.44375 0.725 0.44479166666666664 0.7194444444444444 0.45260416666666664 0.7092592592592593 0.453125 0.7046296296296296 0.4609375 0.6962962962962963 0.4625 0.6861111111111111 0.4661458333333333 0.6824074074074075 0.46979166666666666 0.6731481481481482 0.4828125 0.6666666666666666 0.49895833333333334 0.6685185185185185 0.5010416666666667 0.6712962962962963 0.5041666666666667 0.6685185185185185 0.5166666666666667 0.6685185185185185 0.51875 0.6638888888888889 0.5276041666666667 0.6620370370370371 0.5328125 0.6509259259259259 0.5317708333333333 0.6259259259259259 0.5223958333333333 0.6185185185185185 0.5182291666666666 0.6212962962962963 0.5166666666666667 0.612037037037037 0.5140625 0.612037037037037 0.5109375 0.6074074074074074 0.503125 0.6074074074074074 0.4984375 0.5981481481481481 0.4921875 0.5981481481481481 0.48125 0.5916666666666667 0.46927083333333336 0.5935185185185186 0.46822916666666664 0.5898148148148148 0.4479166666666667 0.5916666666666667 0.4317708333333333 0.6027777777777777 0.4125 0.6296296296296297 0.38645833333333335 0.6509259259259259 0.3614583333333333 0.6805555555555556 0.35208333333333336 0.6851851851851852 0.3375 0.6981481481481482 0.3328125 0.7101851851851851 0.32708333333333334 0.737037037037037 0.3229166666666667 0.7666666666666667 0.31354166666666666 0.7944444444444444 0.309375 0.8175925925925925 0.30625 0.825925925925926 0.30572916666666666 0.8351851851851851 0.3 0.8583333333333333 0.29739583333333336 0.8851851851851852 0.2869791666666667 0.937037037037037 0.2703125 0.9601851851851851 0.2640625 0.9824074074074074
4 0.46953125 0.5879629629629629 0.0005208333333333333 0.001851851851851852
4 0.025 0.18888888888888888 0.025 0.24166666666666667 0.03802083333333333 0.3074074074074074 0.041666666666666664 0.3148148148148148 0.044270833333333336 0.3296296296296296 0.052083333333333336 0.35555555555555557 0.0546875 0.3574074074074074 0.06197916666666667 0.3814814814814815 0.06770833333333333 0.39166666666666666 0.075 0.4166666666666667 0.09322916666666667 0.45555555555555555 0.09375 0.46111111111111114 0.11197916666666667 0.5101851851851852 0.12083333333333333 0.5166666666666667 0.1390625 0.5166666666666667 0.146875 0.5231481481481481 0.15416666666666667 0.5555555555555556 0.1640625 0.562037037037037 0.17552083333333332 0.587037037037037 0.18645833333333334 0.5981481481481481 0.19010416666666666 0.6055555555555555 0.19895833333333332 0.6138888888888889 0.20364583333333333 0.6138888888888889 0.20625 0.6388888888888888 0.20833333333333334 0.6435185185185185 0.23333333333333334 0.675 0.24895833333333334 0.6888888888888889 0.2520833333333333 0.7351851851851852 0.2557291666666667 0.75 0.28489583333333335 0.7796296296296297 0.30625 0.7870370370370371 0.3104166666666667 0.7851851851851852 0.3177083333333333 0.7712962962962963 0.3182291666666667 0.7648148148148148 0.321875 0.7555555555555555 0.3223958333333333 0.7222222222222222 0.32864583333333336 0.7138888888888889 0.33125 0.7055555555555556 0.33177083333333335 0.6898148148148148 0.3333333333333333 0.687037037037037 0.346875 0.6851851851851852 0.35104166666666664 0.6805555555555556 0.3546875 0.6805555555555556 0.3625 0.6712962962962963 0.3645833333333333 0.6601851851851852 0.3723958333333333 0.6574074074074074 0.37864583333333335 0.649074074074074 0.384375 0.6462962962962963 0.3875 0.6398148148148148 0.4041666666666667 0.6296296296296297 0.40677083333333336 0.6231481481481481 0.4114583333333333 0.6212962962962963 0.41510416666666666 0.612037037037037 0.42604166666666665 0.5981481481481481 0.44479166666666664 0.5824074074074074 0.46145833333333336 0.5777777777777777 0.4640625 0.5731481481481482 0.4734375 0.5666666666666667 0.48072916666666665 0.5527777777777778 0.4822916666666667 0.5444444444444444 0.4869791666666667 0.5398148148148149 0.490625 0.5314814814814814 0.49322916666666666 0.5305555555555556 0.49583333333333335 0.5222222222222223 0.5052083333333334 0.5138888888888888 0.5182291666666666 0.4925925925925926 0.5223958333333333 0.4842592592592593 0.5239583333333333 0.47129629629629627 0.5276041666666667 0.36574074074074076 0.5296875 0.3592592592592593 0.5307291666666667 0.3425925925925926 0.5375 0.32314814814814813 0.5385416666666667 0.3138888888888889 0.5427083333333333 0.30833333333333335 0.5473958333333333 0.31851851851851853 0.5619791666666667 0.3731481481481482 0.5708333333333333 0.3824074074074074 0.5734375 0.387037037037037 0.5744791666666667 0.3962962962962963 0.5786458333333333 0.4027777777777778 0.5744791666666667 0.4101851851851852 0.5739583333333333 0.4222222222222222 0.575 0.45555555555555555 0.5776041666666667 0.462037037037037 0.5765625 0.4685185185185185 0.5786458333333333 0.5203703703703704 0.58125 0.549074074074074 0.5864583333333333 0.5648148148148148 0.5880208333333333 0.5805555555555556 0.59375 0.5944444444444444 0.5947916666666667 0.6046296296296296 0.5984375 0.6074074074074074 0.6083333333333333 0.6259259259259259 0.6140625 0.6259259259259259 0.61875 0.6296296296296297 0.6223958333333334 0.6212962962962963 0.6291666666666667 0.6185185185185185 0.6489583333333333 0.5851851851851851 0.6505208333333333 0.5777777777777777 0.6609375 0.5685185185185185 0.6640625 0.562037037037037 0.6619791666666667 0.5444444444444444 0.6453125 0.5055555555555555 0.6401041666666667 0.48055555555555557 0.6442708333333333 0.4583333333333333 0.6489583333333333 0.4462962962962963 0.65 0.43425925925925923 0.6494791666666667 0.4185185185185185 0.6442708333333333 0.39537037037037037 0.6463541666666667 0.38981481481481484 0.65625 0.3851851851851852 0.6578125 0.3824074074074074 0.6578125 0.37592592592592594 0.6546875 0.3425925925925926 0.6515625 0.26851851851851855 0.6473958333333333 0.23981481481481481 0.64375 0.22962962962962963 0.6390625 0.2037037037037037 0.6463541666666667 0.19166666666666668 0.6515625 0.1527777777777778 0.6520833333333333 0.13703703703703704 0.6447916666666667 0.11296296296296296 0.64375 0.06388888888888888 0.6380208333333334 0.03425925925925926 0.6369791666666667 0.012037037037037037 0.6328125 0.002777777777777778 0.5864583333333333 0 0.5677083333333334 0.004629629629629629 0.5609375 0.000925925925925926 0.5442708333333334 0.000925925925925926 0.5291666666666667 0.004629629629629629 0.4973958333333333 0.005555555555555556 0.4947916666666667 0.002777777777777778 0.4671875 0.002777777777777778 0.4640625 0 0.4203125 0 0.4171875 0.002777777777777778 0.4114583333333333 0 0.3692708333333333 0.002777777777777778 0.3645833333333333 0 0.34791666666666665 0.002777777777777778 0.3182291666666667 0.000925925925925926 0.2947916666666667 0.002777777777777778 0.2890625 0.005555555555555556 0.2859375 0.002777777777777778 0.26197916666666665 0.002777777777777778 0.246875 0.007407407407407408 0.23854166666666668 0.002777777777777778 0.20260416666666667 0.002777777777777778 0.19947916666666668 0 0.19166666666666668 0.002777777777777778 0.16770833333333332 0.002777777777777778 0.16354166666666667 0 0.12291666666666666 0.002777777777777778 0.11927083333333334 0 0.10833333333333334 0 0.09947916666666666 0.004629629629629629 0.08229166666666667 0.002777777777777778 0.08020833333333334 0 0.058333333333333334 0 0.05260416666666667 0.010185185185185186 0.05 0.025925925925925925 0.0375 0.06388888888888888 0.03177083333333333 0.10555555555555556 0.030729166666666665 0.15462962962962962 0.025 0.18888888888888888
1 0.8541666666666666 0.6527777777777778 0.8536458333333333 0.6657407407407407 0.8557291666666667 0.6759259259259259 0.8578125 0.6805555555555556 0.8625 0.6805555555555556 0.8640625 0.6685185185185185 0.8614583333333333 0.6555555555555556 0.8583333333333333 0.6509259259259259 0.8541666666666666 0.6527777777777778
1 0.8104166666666667 0.6148148148148148 0.8083333333333333 0.6194444444444445 0.8083333333333333 0.6277777777777778 0.8119791666666667 0.6425925925925926 0.8130208333333333 0.6638888888888889 0.81875 0.6731481481481482 0.8239583333333333 0.6972222222222222 0.8276041666666667 0.700925925925926 0.8307291666666666 0.6981481481481482 0.83125 0.6935185185185185 0.8244791666666667 0.6722222222222223 0.821875 0.6370370370370371 0.815625 0.6185185185185185 0.8135416666666667 0.6148148148148148 0.8104166666666667 0.6148148148148148
1 0.5140625 0.7870370370370371 0.5135416666666667 0.8046296296296296 0.5192708333333333 0.8046296296296296 0.5234375 0.8092592592592592 0.525 0.8212962962962963 0.5307291666666667 0.8305555555555556 0.5333333333333333 0.8592592592592593 0.5432291666666667 0.8759259259259259 0.5442708333333334 0.8814814814814815 0.5380208333333333 0.8851851851851852 0.5385416666666667 0.8888888888888888 0.5416666666666666 0.8898148148148148 0.5526041666666667 0.9055555555555556 0.5635416666666667 0.9101851851851852 0.5645833333333333 0.9074074074074074 0.5739583333333333 0.9027777777777778 0.6057291666666667 0.8981481481481481 0.6125 0.8935185185185185 0.6234375 0.8712962962962963 0.625 0.862037037037037 0.6244791666666667 0.850925925925926 0.6208333333333333 0.8407407407407408 0.6166666666666667 0.8138888888888889 0.6135416666666667 0.8064814814814815 0.6125 0.7935185185185185 0.6177083333333333 0.7824074074074074 0.6197916666666666 0.7712962962962963 0.609375 0.75 0.6052083333333333 0.7444444444444445 0.596875 0.7416666666666667 0.5864583333333333 0.7212962962962963 0.5536458333333333 0.725925925925926 0.5380208333333333 0.7185185185185186 0.5364583333333334 0.7148148148148148 0.5322916666666667 0.7148148148148148 0.5239583333333333 0.7481481481481481 0.5192708333333333 0.7601851851851852 0.5140625 0.7870370370370371
1 0.7921875 0.7287037037037037 0.7895833333333333 0.7388888888888889 0.7895833333333333 0.7481481481481481 0.7916666666666666 0.7527777777777778 0.7953125 0.7527777777777778 0.8 0.7444444444444445 0.8010416666666667 0.7351851851851852 0.7994791666666666 0.7287037037037037 0.796875 0.725925925925926 0.7932291666666667 0.725925925925926 0.7921875 0.7287037037037037
3 0.24114583333333334 0.6425925925925926 0.2421875 0.6509259259259259 0.23958333333333334 0.6574074074074074 0.240625 0.6601851851851852 0.23854166666666668 0.6638888888888889 0.23854166666666668 0.6685185185185185 0.24895833333333334 0.6916666666666667 0.25104166666666666 0.737037037037037 0.2552083333333333 0.7518518518518519 0.2677083333333333 0.7638888888888888 0.28020833333333334 0.7824074074074074 0.2921875 0.7824074074074074 0.29375 0.7851851851851852 0.30625 0.7888888888888889 0.31145833333333334 0.7870370370370371 0.3177083333333333 0.7759259259259259 0.31927083333333334 0.7648148148148148 0.321875 0.7601851851851852 0.32447916666666665 0.7324074074074074 0.3328125 0.7092592592592593 0.3333333333333333 0.6861111111111111 0.33489583333333334 0.6842592592592592 0.33645833333333336 0.687037037037037 0.3463541666666667 0.687037037037037 0.35052083333333334 0.6824074074074075 0.359375 0.6796296296296296 0.3640625 0.6712962962962963 0.3625 0.6601851851851852 0.340625 0.6148148148148148 0.32708333333333334 0.5981481481481481 0.32447916666666665 0.5916666666666667 0.31145833333333334 0.5805555555555556 0.2869791666666667 0.5805555555555556 0.2713541666666667 0.587037037037037 0.2625 0.5972222222222222 0.25052083333333336 0.6166666666666667 0.2484375 0.6259259259259259 0.24427083333333333 0.6324074074074074 0.24114583333333334 0.6425925925925926
3 0.49322916666666666 0.6620370370370371 0.49114583333333334 0.6666666666666666 0.48489583333333336 0.6666666666666666 0.48541666666666666 0.6712962962962963 0.48802083333333335 0.6666666666666666 0.48819427083333333 0.6712962962962963 0.4947916666666667 0.6731481481481482 0.5229166666666667 0.6712962962962963 0.5265625 0.6638888888888889 0.5286458333333334 0.6638888888888889 0.49322916666666666 0.6620370370370371
3 0.5197916666666667 0.6259259259259259 0.5151041666666667 0.6277777777777778 0.5203125 0.6277777777777778 0.5223958333333333 0.6324074074074074 0.5255208333333333 0.6324074074074074 0.5197916666666667 0.6259259259259259
3 0.3015625 0.8518518518518519 0.296875 0.8861111111111111 0.28489583333333335 0.9481481481481482 0.29791666666666666 0.975925925925926 0.30625 0.9824074074074074 0.31197916666666664 0.9935185185185185 0.31614583333333335 0.9962962962962963 0.33489583333333334 0.9944444444444445 0.340625 0.9981481481481481 0.38697916666666665 0.9981481481481481 0.4005208333333333 0.9944444444444445 0.44947916666666665 0.9962962962962963 0.45625 0.9935185185185185 0.45989583333333334 0.987037037037037 0.4625 0.975925925925926 0.4671875 0.9685185185185186 0.47291666666666665 0.950925925925926 0.4744791666666667 0.9388888888888889 0.48072916666666665 0.925 0.48802083333333335 0.8777777777777778 0.4921875 0.8685185185185185 0.4979166666666667 0.8462962962962963 0.5015625 0.8240740740740741 0.5104166666666666 0.8101851851851852 0.5135416666666667 0.774074074074074 0.5223958333333333 0.7462962962962963 0.5239583333333333 0.7351851851851852 0.5229166666666667 0.7166666666666667 0.5114583333333333 0.7101851851851851 0.4984375 0.7101851851851851 0.4875 0.7138888888888889 0.47552083333333334 0.7296296296296296 0.4578125 0.6981481481481482 0.4734375 0.6685185185185185 0.4822916666666667 0.6685185185185185 0.48333333333333334 0.6592592592592592 0.5041666666666667 0.6592592592592592 0.5114583333333333 0.6527777777777778 0.5130208333333334 0.6555555555555556 0.51875 0.6555555555555556 0.5213541666666667 0.649074074074074 0.5291666666666667 0.6462962962962963 0.5296875 0.6416666666666667 0.5265625 0.6416666666666667 0.5260416666666666 0.6462962962962963 0.5229166666666667 0.6481481481481481 0.5234375 0.6416666666666667 0.51875 0.6388888888888888 0.509375 0.6416666666666667 0.5072916666666667 0.6388888888888888 0.5083333333333333 0.6351851851851852 0.50625 0.6296296296296297 0.5083333333333333 0.6231481481481481 0.5125 0.6185185185185185 0.5104166666666666 0.6138888888888889 0.5057291666666667 0.6101851851851852 0.4979166666666667 0.6101851851851852 0.4984375 0.5981481481481481 0.4901041666666667 0.5962962962962963 0.48541666666666666 0.5916666666666667 0.4671875 0.5935185185185186 0.45260416666666664 0.5888888888888889 0.44375 0.5916666666666667 0.4328125 0.600925925925926 0.41041666666666665 0.6305555555555555 0.38958333333333334 0.6462962962962963 0.3614583333333333 0.6805555555555556 0.34479166666666666 0.6888888888888889 0.3375 0.6990740740740741 0.3328125 0.712037037037037 0.33125 0.7231481481481481 0.32708333333333334 0.7324074074074074 0.3229166666666667 0.7675925925925926 0.31302083333333336 0.7944444444444444 0.3015625 0.8518518518518519
3 0.5802083333333333 0.4148148148148148 0.5802083333333333 0.4546296296296296 0.5770833333333333 0.4722222222222222 0.5760416666666667 0.5101851851851852 0.5817708333333333 0.5666666666666667 0.5947916666666667 0.6166666666666667 0.5984375 0.6212962962962963 0.6046875 0.6231481481481481 0.6192708333333333 0.6416666666666667 0.6223958333333334 0.6416666666666667 0.6265625 0.6240740740740741 0.64375 0.5962962962962963 0.6494791666666667 0.5916666666666667 0.6510416666666666 0.5851851851851851 0.6661458333333333 0.562037037037037 0.6619791666666667 0.5398148148148149 0.6546875 0.5194444444444445 0.6453125 0.5009259259259259 0.6421875 0.48148148148148145 0.6442708333333333 0.4638888888888889 0.6473958333333333 0.45925925925925926 0.6505208333333333 0.44351851851851853 0.6510416666666666 0.425 0.6494791666666667 0.41203703703703703 0.6411458333333333 0.387037037037037 0.6296875 0.3685185185185185 0.6234375 0.3638888888888889 0.6114583333333333 0.3638888888888889 0.6020833333333333 0.3685185185185185 0.5953125 0.37592592592592594 0.5833333333333334 0.3990740740740741 0.5802083333333333 0.4148148148148148
3 0.71015625 0.9925925925925926 0.0005208333333333333 0.001851851851851852
3 0.6380208333333334 0.8833333333333333 0.6375 0.9009259259259259 0.6395833333333333 0.9101851851851852 0.6479166666666667 0.925 0.6536458333333334 0.9259259259259259 0.65625 0.9333333333333333 0.65625 0.9453703703703704 0.6536458333333334 0.9611111111111111 0.6395833333333333 0.9824074074074074 0.6401041666666667 0.9981481481481481 0.6859375 0.9962962962962963 0.7 0.9935185185185185 0.7125 0.987037037037037 0.7161458333333334 0.9888888888888889 0.7182291666666667 0.9861111111111112 0.7197916666666667 0.9935185185185185 0.7182291666666667 0.9824074074074074 0.7369791666666666 0.9601851851851851 0.75 0.9527777777777777 0.759375 0.9527777777777777 0.7760416666666666 0.9666666666666667 0.7864583333333334 0.9666666666666667 0.8057291666666667 0.9416666666666667 0.8104166666666667 0.9305555555555556 0.8125 0.9083333333333333 0.81875 0.8796296296296297 0.8192708333333333 0.8694444444444445 0.8244791666666667 0.850925925925926 0.8244791666666667 0.8074074074074075 0.81875 0.8027777777777778 0.8114583333333333 0.7916666666666666 0.7927083333333333 0.7962962962962963 0.7786458333333334 0.7870370370370371 0.7692708333333333 0.7870370370370371 0.7489583333333333 0.7805555555555556 0.7375 0.7824074074074074 0.7192708333333333 0.7916666666666666 0.715625 0.7962962962962963 0.6989583333333333 0.8009259259259259 0.671875 0.8148148148148148 0.6625 0.8296296296296296 0.6515625 0.8398148148148148 0.64375 0.8527777777777777 0.6401041666666667 0.8648148148148148 0.6380208333333334 0.8833333333333333
3 0.8489583333333334 0.4888888888888889 0.8479166666666667 0.4935185185185185 0.85 0.49444444444444446 0.8515625 0.5009259259259259 0.8520833333333333 0.4898148148148148 0.8489583333333334 0.4888888888888889
3 0.8421875 0.3962962962962963 0.8421875 0.4185185185185185 0.84375 0.425 0.8614583333333333 0.45740740740740743 0.8682291666666667 0.47685185185185186 0.8692708333333333 0.48703703703703705 0.8666666666666667 0.4935185185185185 0.8619791666666666 0.49444444444444446 0.8609375 0.5120370370370371 0.8625 0.5351851851851852 0.8677083333333333 0.549074074074074 0.8697916666666666 0.55 0.8734375 0.5462962962962963 0.8770833333333333 0.524074074074074 0.8833333333333333 0.5092592592592593 0.8822916666666667 0.4601851851851852 0.8864583333333333 0.44166666666666665 0.884375 0.41944444444444445 0.8755208333333333 0.41203703703703703 0.8734375 0.40555555555555556 0.8692708333333333 0.4009259259259259 0.8494791666666667 0.39351851851851855 0.8421875 0.3962962962962963
3 0.7713541666666667 0.4027777777777778 0.7729166666666667 0.425 0.7817708333333333 0.44166666666666665 0.7916666666666666 0.47129629629629627 0.7979166666666667 0.4935185185185185 0.8005208333333333 0.5101851851851852 0.80625 0.5185185185185185 0.8296875 0.5305555555555556 0.8447916666666667 0.5509259259259259 0.8489583333333334 0.55 0.8510416666666667 0.5388888888888889 0.8505208333333333 0.5185185185185185 0.846875 0.5055555555555555 0.84375 0.5009259259259259 0.8411458333333334 0.4722222222222222 0.8442708333333333 0.47314814814814815 0.8520833333333333 0.48703703703703705 0.8578125 0.4888888888888889 0.8635416666666667 0.4962962962962963 0.86875 0.4888888888888889 0.8692708333333333 0.4824074074074074 0.8614583333333333 0.45740740740740743 0.8520833333333333 0.44351851851851853 0.84375 0.42592592592592593 0.8375 0.4212962962962963 0.81875 0.39814814814814814 0.8067708333333333 0.3888888888888889 0.7958333333333333 0.3731481481481482 0.7875 0.3731481481481482 0.7833333333333333 0.37777777777777777 0.7739583333333333 0.4009259259259259 0.7713541666666667 0.4027777777777778
3 0.20572916666666666 0.5768518518518518 0.20677083333333332 0.6407407407407407 0.23333333333333334 0.675 0.24739583333333334 0.6861111111111111 0.25 0.6962962962962963 0.2526041666666667 0.7435185185185185 0.25625 0.7527777777777778 0.2677083333333333 0.7638888888888888 0.2760416666666667 0.7796296296296297 0.28125 0.7842592592592592 0.3015625 0.7870370370370371 0.31197916666666664 0.7851851851851852 0.3177083333333333 0.7731481481481481 0.31875 0.7648148148148148 0.321875 0.7574074074074074 0.3234375 0.7324074074074074 0.33125 0.7138888888888889 0.3333333333333333 0.6861111111111111 0.3489583333333333 0.6851851851851852 0.36354166666666665 0.6731481481481482 0.36302083333333335 0.6620370370370371 0.35208333333333336 0.6416666666666667 0.3453125 0.6231481481481481 0.321875 0.5888888888888889 0.3104166666666667 0.5805555555555556 0.29322916666666665 0.5824074074074074 0.2890625 0.5796296296296296 0.28020833333333334 0.5666666666666667 0.2578125 0.5509259259259259 0.24895833333333334 0.5388888888888889 0.240625 0.5324074074074074 0.22708333333333333 0.5324074074074074 0.21927083333333333 0.5388888888888889 0.2125 0.55 0.20572916666666666 0.5768518518518518
3 0.58125 0.6435185185185185 0.5802083333333333 0.6638888888888889 0.5822916666666667 0.687037037037037 0.5869791666666667 0.7129629629629629 0.59375 0.7342592592592593 0.6005208333333333 0.7416666666666667 0.6161458333333333 0.7435185185185185 0.6255208333333333 0.7574074074074074 0.628125 0.7574074074074074 0.6322916666666667 0.7509259259259259 0.6401041666666667 0.7481481481481481 0.6395833333333333 0.7388888888888889 0.64375 0.737037037037037 0.6442708333333333 0.7342592592592593 0.6421875 0.7305555555555555 0.6432291666666666 0.7194444444444444 0.6489583333333333 0.7166666666666667 0.6494791666666667 0.7111111111111111 0.6546875 0.7046296296296296 0.6567708333333333 0.6925925925925925 0.6619791666666667 0.6805555555555556 0.66875 0.6444444444444445 0.6729166666666667 0.6351851851851852 0.6755208333333333 0.6175925925925926 0.6791666666666667 0.6092592592592593 0.6791666666666667 0.5935185185185186 0.6755208333333333 0.587037037037037 0.6682291666666667 0.5888888888888889 0.6614583333333334 0.6027777777777777 0.6541666666666667 0.612037037037037 0.6427083333333333 0.6416666666666667 0.6302083333333334 0.6601851851851852 0.6255208333333333 0.6592592592592592 0.6125 0.6342592592592593 0.5989583333333334 0.6212962962962963 0.5916666666666667 0.6342592592592593 0.5864583333333333 0.6351851851851852 0.58125 0.6435185185185185
3 0.8489583333333334 0.4824074074074074 0.84375 0.4824074074074074 0.8442708333333333 0.4925925925925926 0.8473958333333333 0.49722222222222223 0.8484375 0.5046296296296297 0.8520833333333333 0.4981481481481482 0.8520833333333333 0.4898148148148148 0.8494791666666667 0.487962962962963 0.8489583333333334 0.4824074074074074
3 0.8369791666666667 0.3472222222222222 0.8328125 0.35648148148148145 0.8328125 0.3638888888888889 0.8411458333333334 0.3990740740740741 0.8416666666666667 0.4185185185185185 0.8458333333333333 0.4305555555555556 0.8614583333333333 0.45740740740740743 0.8677083333333333 0.4740740740740741 0.8697916666666666 0.48703703703703705 0.8609375 0.4962962962962963 0.8619791666666666 0.5296296296296297 0.8640625 0.5388888888888889 0.8682291666666667 0.5444444444444444 0.8682291666666667 0.5481481481481482 0.8729166666666667 0.5462962962962963 0.8765625 0.524074074074074 0.8828125 0.5120370370370371 0.8817708333333333 0.46111111111111114 0.8859375 0.4444444444444444 0.884375 0.4185185185185185 0.875 0.4074074074074074 0.8734375 0.3972222222222222 0.8729166666666667 0.35555555555555557 0.8661458333333333 0.3388888888888889 0.8510416666666667 0.3351851851851852 0.8369791666666667 0.3472222222222222