4 0.56875 0.987037037037037 0.5682291666666667 0.9935185185185185 0.5739583333333333 0.9935185185185185 0.571875 0.9851851851851852 0.56875 0.987037037037037
4 0.38958333333333334 0.9694444444444444 0.38645833333333335 0.9805555555555555 0.39895833333333336 0.9805555555555555 0.39947916666666666 0.975925925925926 0.39739583333333334 0.9712962962962963 0.38958333333333334 0.9694444444444444
4 0.6119791666666666 0.9574074074074074 0.6109375 0.9592592592592593 0.6145833333333334 0.9592592592592593 0.6119791666666666 0.9574074074074074
4 0.4010416666666667 0.9518518518518518 0.4 0.9638888888888889 0.4041666666666667 0.9666666666666667 0.40729166666666666 0.9638888888888889 0.4109375 0.9685185185185186 0.41354166666666664 0.9666666666666667 0.4140625 0.9574074074074074 0.40729166666666666 0.9555555555555556 0.40572916666666664 0.9444444444444444 0.4010416666666667 0.9518518518518518
4 0.5609375 0.9435185185185185 0.5625 0.9462962962962963 0.5703125 0.9425925925925925 0.571875 0.9444444444444444 0.5703125 0.9416666666666667 0.5609375 0.9435185185185185
4 0.5119791666666667 0.9324074074074075 0.5114583333333333 0.9351851851851852 0.5140625 0.9361111111111111 0.5135416666666667 0.9435185185185185 0.5151041666666667 0.9435185185185185 0.5151041666666667 0.937037037037037 0.5119791666666667 0.9324074074074075
4 0.6359375 0.899074074074074 0.6328125 0.9009259259259259 0.6364583333333333 0.9055555555555556 0.6427083333333333 0.9046296296296297 0.6401041666666667 0.899074074074074 0.6359375 0.899074074074074
4 0.6411458333333333 0.8777777777777778 0.6390625 0.8796296296296297 0.6395833333333333 0.8824074074074074 0.64375 0.8805555555555555 0.64375 0.8759259259259259 0.6411458333333333 0.8777777777777778
4 0.5770833333333333 0.8574074074074074 0.5765625 0.8601851851851852 0.5791666666666667 0.8592592592592593 0.5770833333333333 0.8574074074074074
4 0.41822916666666665 0.8462962962962963 0.41822916666666665 0.85 0.4203125 0.8444444444444444 0.421875 0.85 0.4244791666666667 0.8481481481481481 0.42239583333333336 0.8435185185185186 0.41822916666666665 0.8462962962962963
4 0.4171875 0.8268518518518518 0.4166666666666667 0.8342592592592593 0.41822916666666665 0.8351851851851851 0.4171875 0.8296296296296296 0.42083333333333334 0.8305555555555556 0.4203125 0.825925925925926 0.41822916666666665 0.8240740740740741 0.4171875 0.8268518518518518
4 0.5182291666666666 0.8027777777777778 0.51875 0.8074074074074075 0.5197916666666667 0.8027777777777778 0.5182291666666666 0.8027777777777778
4 0.4317708333333333 0.7925925925925926 0.0010416666666666667 0.001851851851851852
4 0.4203125 0.8194444444444444 0.42083333333333334 0.8231481481481482 0.4265625 0.8212962962962963 0.4276041666666667 0.825 0.42604166666666665 0.8324074074074074 0.4296875 0.8324074074074074 0.4354166666666667 0.8416666666666667 0.4276041666666667 0.8444444444444444 0.43020833333333336 0.8481481481481481 0.42916666666666664 0.8537037037037037 0.421875 0.8574074074074074 0.4197916666666667 0.8611111111111112 0.4244791666666667 0.8685185185185185 0.41822916666666665 0.8759259259259259 0.425 0.8805555555555555 0.4265625 0.8851851851851852 0.42604166666666665 0.9046296296296297 0.42239583333333336 0.9212962962962963 0.41458333333333336 0.9296296296296296 0.4088541666666667 0.9305555555555556 0.40625 0.937037037037037 0.4119791666666667 0.9416666666666667 0.4088541666666667 0.9462962962962963 0.4140625 0.9527777777777777 0.41822916666666665 0.9527777777777777 0.42083333333333334 0.9481481481481482 0.4239583333333333 0.9481481481481482 0.425 0.9574074074074074 0.42864583333333334 0.9555555555555556 0.42864583333333334 0.962037037037037 0.42552083333333335 0.9666666666666667 0.4276041666666667 0.9685185185185186 0.425 0.9805555555555555 0.4265625 0.9935185185185185 0.4395833333333333 0.9962962962962963 0.478125 0.9935185185185185 0.48125 0.987037037037037 0.4875 0.9851851851851852 0.4942708333333333 0.9777777777777777 0.4979166666666667 0.9777777777777777 0.50625 0.9685185185185186 0.5067708333333333 0.962037037037037 0.5114583333333333 0.9601851851851851 0.5171875 0.950925925925926 0.5171875 0.9481481481481482 0.5119791666666667 0.9462962962962963 0.5088541666666667 0.937962962962963 0.5130208333333334 0.9305555555555556 0.51875 0.9305555555555556 0.5192708333333333 0.9259259259259259 0.5223958333333333 0.9231481481481482 0.5229166666666667 0.9101851851851852 0.5203125 0.9092592592592592 0.51875 0.9046296296296297 0.5223958333333333 0.8962962962962963 0.5203125 0.8925925925925926 0.5260416666666666 0.8935185185185185 0.5291666666666667 0.899074074074074 0.5296875 0.8925925925925926 0.5369791666666667 0.8824074074074074 0.5369791666666667 0.8731481481481481 0.5328125 0.8648148148148148 0.5208333333333334 0.8648148148148148 0.5223958333333333 0.862037037037037 0.5229166666666667 0.8351851851851851 0.5197916666666667 0.8296296296296296 0.51875 0.8148148148148148 0.5166666666666667 0.8138888888888889 0.515625 0.8092592592592592 0.5140625 0.8101851851851852 0.5135416666666667 0.8185185185185185 0.5114583333333333 0.8212962962962963 0.509375 0.812037037037037 0.503125 0.8074074074074075 0.4973958333333333 0.8074074074074075 0.4979166666666667 0.812962962962963 0.4942708333333333 0.8148148148148148 0.4901041666666667 0.8222222222222222 0.4875 0.8101851851851852 0.484375 0.812037037037037 0.48072916666666665 0.8055555555555556 0.4786458333333333 0.8055555555555556 0.47708333333333336 0.8138888888888889 0.4791666666666667 0.8185185185185185 0.47708333333333336 0.8305555555555556 0.4744791666666667 0.825925925925926 0.46875 0.8277777777777777 0.4640625 0.8185185185185185 0.459375 0.8185185185185185 0.4552083333333333 0.8240740740740741 0.44947916666666665 0.8212962962962963 0.44947916666666665 0.8138888888888889 0.45364583333333336 0.8092592592592592 0.45625 0.8009259259259259 0.4630208333333333 0.8 0.4640625 0.7944444444444444 0.45729166666666665 0.7907407407407407 0.4609375 0.7870370370370371 0.4666666666666667 0.7870370370370371 0.46770833333333334 0.7777777777777778 0.465625 0.7722222222222223 0.46822916666666664 0.7685185185185185 0.4671875 0.7601851851851852 0.45989583333333334 0.7574074074074074 0.4510416666666667 0.7648148148148148 0.4484375 0.7712962962962963 0.44114583333333335 0.7787037037037037 0.43645833333333334 0.7888888888888889 0.4348958333333333 0.7981481481481482 0.43125 0.7981481481481482 0.42864583333333334 0.7935185185185185 0.425 0.8027777777777778 0.4244791666666667 0.812037037037037 0.4203125 0.8194444444444444
4 0.63125 0.7944444444444444 0.6328125 0.8009259259259259 0.6411458333333333 0.8027777777777778 0.6385416666666667 0.8055555555555556 0.6385416666666667 0.8101851851851852 0.6411458333333333 0.8138888888888889 0.64375 0.837037037037037 0.6317708333333333 0.8416666666666667 0.6302083333333334 0.8444444444444444 0.63125 0.8462962962962963 0.6333333333333333 0.8416666666666667 0.6354166666666666 0.8481481481481481 0.6411458333333333 0.850925925925926 0.640625 0.8555555555555555 0.6302083333333334 0.8574074074074074 0.6296875 0.8611111111111112 0.6416666666666667 0.8666666666666667 0.64375 0.8712962962962963 0.6541666666666667 0.8712962962962963 0.65625 0.875 0.6651041666666667 0.8787037037037037 0.6666666666666666 0.8851851851851852 0.6796875 0.9009259259259259 0.6880208333333333 0.9166666666666666 0.6921875 0.9185185185185185 0.7125 0.9462962962962963 0.7166666666666667 0.9481481481481482 0.7307291666666667 0.9712962962962963 0.7416666666666667 0.9824074074074074 0.7421875 0.9935185185185185 0.7453125 0.9981481481481481 0.9109375 0.9981481481481481 0.9098958333333333 0.9935185185185185 0.8869791666666667 0.9685185185185186 0.8640625 0.9546296296296296 0.8458333333333333 0.9388888888888889 0.8151041666666666 0.8981481481481481 0.7895833333333333 0.8981481481481481 0.7848958333333333 0.8851851851851852 0.7708333333333334 0.8759259259259259 0.7578125 0.8601851851851852 0.7369791666666666 0.8268518518518518 0.7348958333333333 0.8185185185185185 0.7244791666666667 0.8009259259259259 0.7203125 0.7888888888888889 0.7119791666666667 0.7805555555555556 0.7104166666666667 0.7759259259259259 0.7083333333333334 0.7759259259259259 0.7036458333333333 0.7666666666666667 0.6932291666666667 0.7574074074074074 0.6557291666666667 0.7546296296296297 0.6432291666666666 0.7731481481481481 0.6369791666666667 0.7759259259259259 0.63125 0.7944444444444444
4 0.41796875 0.8013888888888889 0.0005208333333333333 0.002777777777777778
4 0.41770833333333335 0.7805555555555556 0.4171875 0.7824074074074074 0.41770833333333335 0.7805555555555556
4 0.41875 0.774074074074074 0.4192708333333333 0.7796296296296297 0.4265625 0.7777777777777778 0.4234375 0.7731481481481481 0.41875 0.774074074074074
4 0.0359375 0.16666666666666666 0.0375 0.20925925925925926 0.04375 0.24166666666666667 0.051041666666666666 0.262037037037037 0.06770833333333333 0.2824074074074074 0.07552083333333333 0.29814814814814816 0.07708333333333334 0.32314814814814813 0.08020833333333334 0.3314814814814815 0.09375 0.3435185185185185 0.11666666666666667 0.3509259259259259 0.12604166666666666 0.3509259259259259 0.13697916666666668 0.3638888888888889 0.1546875 0.3962962962962963 0.15625 0.4148148148148148 0.15208333333333332 0.4398148148148148 0.15 0.47129629629629627 0.1390625 0.5101851851851852 0.13125 0.5611111111111111 0.13489583333333333 0.6111111111111112 0.14322916666666666 0.6351851851851852 0.1578125 0.7092592592592593 0.17916666666666667 0.7574074074074074 0.19427083333333334 0.8138888888888889 0.2125 0.8444444444444444 0.21458333333333332 0.8527777777777777 0.2203125 0.8592592592592593 0.21927083333333333 0.862037037037037 0.23333333333333334 0.8694444444444445 0.24270833333333333 0.8842592592592593 0.25729166666666664 0.8981481481481481 0.3015625 0.9101851851851852 0.3109375 0.9027777777777778 0.31302083333333336 0.8981481481481481 0.3302083333333333 0.8888888888888888 0.33541666666666664 0.8824074074074074 0.35 0.8462962962962963 0.3625 0.8481481481481481 0.36666666666666664 0.8416666666666667 0.378125 0.8351851851851851 0.38645833333333335 0.8231481481481482 0.39791666666666664 0.8194444444444444 0.4 0.8111111111111111 0.403125 0.8101851851851852 0.403125 0.7916666666666666 0.40520833333333334 0.7870370370370371 0.41041666666666665 0.7851851851851852 0.409375 0.7731481481481481 0.42083333333333334 0.7666666666666667 0.43125 0.7712962962962963 0.43697916666666664 0.7666666666666667 0.4395833333333333 0.7620370370370371 0.4375 0.7509259259259259 0.4395833333333333 0.7481481481481481 0.44114583333333335 0.7388888888888889 0.4552083333333333 0.7416666666666667 0.45989583333333334 0.737037037037037 0.46458333333333335 0.7175925925925926 0.4744791666666667 0.7166666666666667 0.4869791666666667 0.7027777777777777 0.49322916666666666 0.6898148148148148 0.5005208333333333 0.6842592592592592 0.5135416666666667 0.6574074074074074 0.5302083333333333 0.6481481481481481 0.5572916666666666 0.600925925925926 0.5796875 0.5851851851851851 0.6114583333333333 0.5388888888888889 0.6177083333333333 0.5351851851851852 0.6197916666666666 0.5305555555555556 0.6203125 0.5148148148148148 0.6177083333333333 0.5055555555555555 0.5817708333333333 0.5009259259259259 0.5734375 0.4962962962962963 0.5515625 0.4935185185185185 0.5416666666666666 0.48703703703703705 0.5229166666666667 0.48703703703703705 0.5130208333333334 0.49166666666666664 0.5078125 0.49166666666666664 0.5046875 0.487962962962963 0.5072916666666667 0.4462962962962963 0.5057291666666667 0.39444444444444443 0.4791666666666667 0.3138888888888889 0.45729166666666665 0.275 0.4510416666666667 0.2601851851851852 0.4453125 0.25277777777777777 0.4005208333333333 0.2324074074074074 0.3734375 0.2074074074074074 0.35833333333333334 0.20092592592592592 0.3359375 0.18518518518518517 0.32447916666666665 0.18518518518518517 0.3020833333333333 0.19166666666666668 0.2713541666666667 0.21666666666666667 0.259375 0.2324074074074074 0.2552083333333333 0.2351851851851852 0.24114583333333334 0.2351851851851852 0.2359375 0.225 0.23072916666666668 0.19814814814814816 0.2203125 0.175 0.21770833333333334 0.1638888888888889 0.20989583333333334 0.14629629629629629 0.20572916666666666 0.14351851851851852 0.2015625 0.13333333333333333 0.19895833333333332 0.11388888888888889 0.19010416666666666 0.09074074074074075 0.1875 0.0712962962962963 0.18489583333333334 0.06388888888888888 0.171875 0.041666666666666664 0.16197916666666667 0.03425925925925926 0.15416666666666667 0.013888888888888888 0.14375 0.002777777777777778 0.10729166666666666 0.002777777777777778 0.0828125 0.027777777777777776 0.06927083333333334 0.046296296296296294 0.057291666666666664 0.07222222222222222 0.05520833333333333 0.08055555555555556 0.05 0.08888888888888889 0.04583333333333333 0.10277777777777777 0.03854166666666667 0.13703703703703704 0.0359375 0.16666666666666666
4 0.6052083333333333 0.16944444444444445 0.6057291666666667 0.25555555555555554 0.6125 0.3138888888888889 0.6182291666666667 0.3333333333333333 0.6223958333333334 0.33796296296296297 0.6244791666666667 0.34444444444444444 0.6255208333333333 0.3731481481481482 0.6421875 0.3824074074074074 0.6489583333333333 0.4 0.6536458333333334 0.40555555555555556 0.65625 0.41388888888888886 0.6572916666666667 0.44074074074074077 0.6619791666666667 0.45555555555555555 0.6682291666666667 0.4546296296296296 0.6786458333333333 0.4388888888888889 0.6854166666666667 0.4361111111111111 0.690625 0.4388888888888889 0.6932291666666667 0.44351851851851853 0.696875 0.4601851851851852 0.7010416666666667 0.5037037037037037 0.7078125 0.5185185185185185 0.7130208333333333 0.5231481481481481 0.7229166666666667 0.5296296296296297 0.7291666666666666 0.5296296296296297 0.7348958333333333 0.5185185185185185 0.7385416666666667 0.5018518518518519 0.7458333333333333 0.4962962962962963 0.7489583333333333 0.4981481481481482 0.7484375 0.5018518518518519 0.7510416666666667 0.5092592592592593 0.7677083333333333 0.5074074074074074 0.7703125 0.5009259259259259 0.7697916666666667 0.4935185185185185 0.7729166666666667 0.48703703703703705 0.7723958333333333 0.4759259259259259 0.76875 0.47129629629629627 0.7760416666666666 0.45092592592592595 0.7890625 0.4666666666666667 0.7958333333333333 0.47129629629629627 0.8255208333333334 0.47314814814814815 0.8416666666666667 0.4546296296296296 0.859375 0.42685185185185187 0.8635416666666667 0.41388888888888886 0.8723958333333334 0.3962962962962963 0.875 0.35185185185185186 0.8822916666666667 0.31203703703703706 0.8869791666666667 0.2740740740740741 0.8921875 0.25555555555555554 0.8973958333333333 0.17777777777777778 0.8880208333333334 0.14537037037037037 0.8854166666666666 0.12129629629629629 0.8833333333333333 0.11851851851851852 0.8817708333333333 0.10833333333333334 0.88125 0.07314814814814814 0.8770833333333333 0.04814814814814815 0.875 0.014814814814814815 0.8692708333333333 0 0.8322916666666667 0 0.8291666666666667 0.002777777777777778 0.8072916666666666 0.002777777777777778 0.7979166666666667 0 0.7677083333333333 0.002777777777777778 0.7645833333333333 0 0.7375 0 0.7338541666666667 0.002777777777777778 0.6932291666666667 0.005555555555555556 0.6822916666666666 0 0.6151041666666667 0 0.6104166666666667 0.013888888888888888 0.6083333333333333 0.027777777777777776 0.609375 0.06574074074074074 0.6078125 0.07592592592592592 0.6052083333333333 0.16944444444444445
4 0.64375 0.7777777777777778 0.6432291666666666 0.8 0.6458333333333334 0.8101851851851852 0.6453125 0.8305555555555556 0.6494791666666667 0.8601851851851852 0.6609375 0.8685185185185185 0.6671875 0.8768518518518519 0.6682291666666667 0.8824074074074074 0.675 0.8935185185185185 0.6828125 0.9018518518518519 0.6875 0.9138888888888889 0.6921875 0.9166666666666666 0.7020833333333333 0.9324074074074075 0.7171875 0.9481481481481482 0.7260416666666667 0.9638888888888889 0.7421875 0.9805555555555555 0.7447916666666666 0.9981481481481481 0.9109375 0.9981481481481481 0.9098958333333333 0.9935185185185185 0.8869791666666667 0.9685185185185186 0.8744791666666667 0.962037037037037 0.8484375 0.9416666666666667 0.8359375 0.9259259259259259 0.8338541666666667 0.9259259259259259 0.8161458333333333 0.899074074074074 0.7973958333333333 0.8981481481481481 0.7895833333333333 0.9009259259259259 0.784375 0.8851851851851852 0.7697916666666667 0.875 0.7661458333333333 0.8685185185185185 0.7567708333333333 0.8601851851851852 0.7453125 0.8425925925925926 0.7380208333333333 0.8296296296296296 0.7348958333333333 0.8185185185185185 0.7270833333333333 0.8074074074074075 0.7203125 0.7888888888888889 0.6953125 0.7601851851851852 0.6916666666666667 0.7574074074074074 0.6625 0.7555555555555555 0.6578125 0.7574074074074074 0.64375 0.7777777777777778
4 0.45729166666666665 0.8231481481481482 0.45364583333333336 0.8351851851851851 0.4515625 0.837037037037037 0.4505208333333333 0.8481481481481481 0.4432291666666667 0.8574074074074074 0.4427083333333333 0.862037037037037 0.4322916666666667 0.8805555555555555 0.4192708333333333 0.9222222222222223 0.415625 0.9277777777777778 0.40729166666666666 0.9305555555555556 0.4036458333333333 0.937037037037037 0.4 0.950925925925926 0.3921875 0.9638888888888889 0.38697916666666665 0.9685185185185186 0.3796875 0.9851851851851852 0.37395833333333334 0.9898148148148148 0.3645833333333333 0.9898148148148148 0.3619791666666667 0.9962962962962963 0.47552083333333334 0.9962962962962963 0.4859375 0.9916666666666667 0.4895833333333333 0.9851851851851852 0.4979166666666667 0.9796296296296296 0.5005208333333333 0.9731481481481481 0.5125 0.9574074074074074 0.5177083333333333 0.9462962962962963 0.5265625 0.9083333333333333 0.5369791666666667 0.8888888888888888 0.5385416666666667 0.8777777777777778 0.5364583333333334 0.8638888888888889 0.525 0.8638888888888889 0.5229166666666667 0.8592592592592593 0.5265625 0.8305555555555556 0.5265625 0.7916666666666666 0.51875 0.7916666666666666 0.5114583333333333 0.8074074074074075 0.4973958333333333 0.8055555555555556 0.484375 0.8101851851851852 0.4708333333333333 0.8101851851851852 0.4630208333333333 0.8148148148148148 0.45729166666666665 0.8231481481481482
4 0.39166666666666666 0 0.39114583333333336 0.008333333333333333 0.39427083333333335 0.025 0.4 0.032407407407407406 0.4078125 0.037037037037037035 0.42552083333333335 0.06851851851851852 0.4296875 0.0712962962962963 0.43854166666666666 0.0712962962962963 0.4453125 0.06481481481481481 0.45 0.06574074074074074 0.46197916666666666 0.1175925925925926 0.46822916666666664 0.13333333333333333 0.4708333333333333 0.14537037037037037 0.48541666666666666 0.17962962962962964 0.49895833333333334 0.19907407407407407 0.5213541666666667 0.26944444444444443 0.5348958333333333 0.29814814814814816 0.5432291666666667 0.32314814814814813 0.5536458333333333 0.3416666666666667 0.5625 0.35555555555555557 0.56875 0.36018518518518516 0.5979166666666667 0.36203703703703705 0.6109375 0.3685185185185185 0.6197916666666666 0.3685185185185185 0.6203125 0.34444444444444444 0.6125 0.3314814814814815 0.6078125 0.30462962962962964 0.6057291666666667 0.2712962962962963 0.6 0.2351851851851852 0.5895833333333333 0.2 0.5854166666666667 0.17407407407407408 0.5697916666666667 0.11574074074074074 0.56875 0.10555555555555556 0.55 0.04259259259259259 0.546875 0.025925925925925925 0.5442708333333334 0.022222222222222223 0.5432291666666667 0.013888888888888888 0.5380208333333333 0.004629629629629629 0.5375 0 0.39166666666666666 0
1 0.5239583333333333 0.8564814814814815 0.5244791666666667 0.862037037037037 0.5364583333333334 0.862037037037037 0.540625 0.8759259259259259 0.5364583333333334 0.8916666666666667 0.5260416666666666 0.912962962962963 0.5213541666666667 0.9305555555555556 0.5213541666666667 0.937037037037037 0.55 0.9388888888888889 0.5604166666666667 0.9305555555555556 0.571875 0.9027777777777778 0.5734375 0.8944444444444445 0.56875 0.8324074074074074 0.5661458333333333 0.8231481481481482 0.5458333333333333 0.7944444444444444 0.5432291666666667 0.7944444444444444 0.5411458333333333 0.7981481481481482 0.53125 0.7944444444444444 0.5239583333333333 0.8564814814814815
1 0.47291666666666665 0.762962962962963 0.47291666666666665 0.7787037037037037 0.4765625 0.7916666666666666 0.48125 0.8 0.4859375 0.8027777777777778 0.5119791666666667 0.8055555555555556 0.5182291666666666 0.7898148148148149 0.5244791666666667 0.7888888888888889 0.5265625 0.7851851851851852 0.5234375 0.7722222222222223 0.5208333333333334 0.7712962962962963 0.5119791666666667 0.7555555555555555 0.49895833333333334 0.7481481481481481 0.4817708333333333 0.7481481481481481 0.475 0.7546296296296297 0.47291666666666665 0.762962962962963
3 0.7791666666666667 0.39166666666666666 0.7786458333333334 0.4203703703703704 0.7760416666666666 0.42592592592592593 0.76875 0.42777777777777776 0.76875 0.4351851851851852 0.7713541666666667 0.44351851851851853 0.7880208333333333 0.4666666666666667 0.7947916666666667 0.47129629629629627 0.825 0.4759259259259259 0.8364583333333333 0.4638888888888889 0.8489583333333334 0.4444444444444444 0.8598958333333333 0.425 0.8723958333333334 0.3962962962962963 0.8770833333333333 0.3388888888888889 0.8770833333333333 0.3148148148148148 0.8723958333333334 0.3055555555555556 0.8682291666666667 0.30277777777777776 0.8515625 0.30277777777777776 0.8442708333333333 0.3101851851851852 0.8401041666666667 0.3194444444444444 0.8411458333333334 0.35462962962962963 0.8390625 0.37592592592592594 0.809375 0.3888888888888889 0.8036458333333333 0.3888888888888889 0.7984375 0.38055555555555554 0.7895833333333333 0.37962962962962965 0.7791666666666667 0.39166666666666666
3 0.38229166666666664 0.9833333333333333 0.38177083333333334 0.9898148148148148 0.38333333333333336 0.9935185185185185 0.39427083333333335 0.9935185185185185 0.39739583333333334 0.9916666666666667 0.39895833333333336 0.987037037037037 0.4 0.9916666666666667 0.40520833333333334 0.9796296296296296 0.40729166666666666 0.9685185185185186 0.41458333333333336 0.9685185185185186 0.421875 0.9638888888888889 0.42291666666666666 0.9666666666666667 0.42083333333333334 0.9694444444444444 0.42239583333333336 0.9722222222222222 0.4203125 0.975925925925926 0.4239583333333333 0.9805555555555555 0.42864583333333334 0.9777777777777777 0.43125 0.9842592592592593 0.42864583333333334 0.9898148148148148 0.4328125 0.9935185185185185 0.4427083333333333 0.9962962962962963 0.47291666666666665 0.9962962962962963 0.490625 0.9851851851851852 0.503125 0.9712962962962963 0.5171875 0.9462962962962963 0.5255208333333333 0.9111111111111111 0.5364583333333334 0.8888888888888888 0.5390625 0.8777777777777778 0.5390625 0.8712962962962963 0.5364583333333334 0.8648148148148148 0.5223958333333333 0.862037037037037 0.5286458333333334 0.8074074074074075 0.5270833333333333 0.7944444444444444 0.5255208333333333 0.7916666666666666 0.5203125 0.7916666666666666 0.5098958333333333 0.8092592592592592 0.5010416666666667 0.8055555555555556 0.4791666666666667 0.8055555555555556 0.4630208333333333 0.8148148148148148 0.45729166666666665 0.8231481481481482 0.45416666666666666 0.837037037037037 0.4484375 0.85 0.4421875 0.8555555555555555 0.4395833333333333 0.8666666666666667 0.43333333333333335 0.8777777777777778 0.4270833333333333 0.8944444444444445 0.4234375 0.9148148148148149 0.4203125 0.9231481481481482 0.4166666666666667 0.9305555555555556 0.4140625 0.9305555555555556 0.4125 0.9342592592592592 0.4114583333333333 0.9305555555555556 0.41041666666666665 0.9361111111111111 0.40729166666666666 0.9351851851851852 0.4078125 0.937962962962963 0.4041666666666667 0.9416666666666667 0.4 0.9592592592592593 0.3880208333333333 0.9712962962962963 0.38229166666666664 0.9833333333333333
3 0.6447916666666667 0.7777777777777778 0.6484375 0.7824074074074074 0.6473958333333333 0.7861111111111111 0.64375 0.787962962962963 0.64375 0.8 0.6484375 0.8037037037037037 0.6463541666666667 0.812037037037037 0.6473958333333333 0.8166666666666667 0.6458333333333334 0.8305555555555556 0.6515625 0.8574074074074074 0.65625 0.8638888888888889 0.6604166666666667 0.8638888888888889 0.6651041666666667 0.8694444444444445 0.6703125 0.8824074074074074 0.6786458333333333 0.8935185185185185 0.6890625 0.9138888888888889 0.721875 0.9527777777777777 0.7270833333333333 0.9638888888888889 0.7380208333333333 0.975 0.7484375 0.975925925925926 0.7546875 0.9694444444444444 0.7651041666666667 0.9462962962962963 0.7692708333333333 0.9324074074074075 0.7864583333333334 0.9074074074074074 0.7875 0.8935185185185185 0.7854166666666667 0.8870370370370371 0.7708333333333334 0.8777777777777778 0.7520833333333333 0.8546296296296296 0.7359375 0.825925925925926 0.7307291666666667 0.812037037037037 0.7265625 0.8074074074074075 0.7203125 0.7888888888888889 0.6994791666666667 0.7638888888888888 0.6885416666666667 0.7574074074074074 0.6572916666666667 0.7555555555555555 0.65625 0.7620370370370371 0.6447916666666667 0.7777777777777778
3 0.8479166666666667 0.5324074074074074 0.8479166666666667 0.5416666666666666 0.8536458333333333 0.5462962962962963 0.85 0.5527777777777778 0.85 0.5592592592592592 0.8630208333333333 0.5694444444444444 0.86875 0.5694444444444444 0.8802083333333334 0.562037037037037 0.8916666666666667 0.5462962962962963 0.896875 0.5462962962962963 0.9036458333333334 0.5527777777777778 0.9125 0.5509259259259259 0.9182291666666667 0.5398148148148149 0.9208333333333333 0.5259259259259259 0.9208333333333333 0.5018518518518519 0.925 0.49166666666666664 0.925 0.47129629629629627 0.921875 0.462037037037037 0.91875 0.4601851851851852 0.9104166666666667 0.4601851851851852 0.9010416666666666 0.46944444444444444 0.86875 0.4685185185185185 0.8645833333333334 0.47314814814814815 0.8619791666666666 0.48055555555555557 0.8557291666666667 0.5148148148148148 0.8479166666666667 0.5324074074074074
3 0.38177083333333334 0.6435185185185185 0.3807291666666667 0.6925925925925925 0.3880208333333333 0.7277777777777777 0.39375 0.7277777777777777 0.3963541666666667 0.725 0.4010416666666667 0.712037037037037 0.40677083333333336 0.7166666666666667 0.41354166666666664 0.7166666666666667 0.42083333333333334 0.725 0.4276041666666667 0.725925925925926 0.43645833333333334 0.7388888888888889 0.44583333333333336 0.7388888888888889 0.4505208333333333 0.7435185185185185 0.45625 0.7435185185185185 0.46197916666666666 0.7342592592592593 0.465625 0.712037037037037 0.4666666666666667 0.6935185185185185 0.465625 0.6620370370370371 0.4625 0.6361111111111111 0.4625 0.6101851851851852 0.4578125 0.6046296296296296 0.45416666666666666 0.5805555555555556 0.44947916666666665 0.5712962962962963 0.43125 0.5712962962962963 0.41354166666666664 0.5861111111111111 0.41041666666666665 0.6018518518518519 0.40520833333333334 0.6101851851851852 0.4 0.6138888888888889 0.39427083333333335 0.6259259259259259 0.403125 0.6509259259259259 0.4010416666666667 0.6574074074074074 0.39114583333333336 0.6435185185185185 0.38177083333333334 0.6435185185185185
3 0.29375 0.6194444444444445 0.29322916666666665 0.6435185185185185 0.296875 0.6638888888888889 0.3026041666666667 0.6824074074074075 0.3307291666666667 0.7027777777777777 0.34375 0.7027777777777777 0.353125 0.6935185185185185 0.359375 0.6759259259259259 0.35885416666666664 0.6703703703703704 0.3625 0.6666666666666666 0.3625 0.6574074074074074 0.359375 0.6638888888888889 0.3567708333333333 0.6620370370370371 0.35625 0.6462962962962963 0.3625 0.6435185185185185 0.3651041666666667 0.6351851851851852 0.36875 0.6398148148148148 0.3703125 0.6305555555555555 0.37604166666666666 0.6194444444444445 0.384375 0.6166666666666667 0.39479166666666665 0.6055555555555555 0.39739583333333334 0.6055555555555555 0.4192708333333333 0.5777777777777777 0.42291666666666666 0.5777777777777777 0.4328125 0.5694444444444444 0.44947916666666665 0.5685185185185185 0.45260416666666664 0.5638888888888889 0.4666666666666667 0.5592592592592592 0.46875 0.5416666666666666 0.4583333333333333 0.5277777777777778 0.4630208333333333 0.5231481481481481 0.48333333333333334 0.5212962962962963 0.4875 0.5166666666666667 0.48854166666666665 0.49074074074074076 0.49114583333333334 0.4824074074074074 0.49166666666666664 0.4685185185185185 0.4859375 0.45740740740740743 0.4765625 0.44907407407407407 0.4661458333333333 0.42777777777777776 0.4432291666666667 0.41388888888888886 0.4203125 0.41388888888888886 0.38697916666666665 0.4305555555555556 0.3651041666666667 0.4601851851851852 0.34270833333333334 0.5046296296296297 0.3140625 0.5462962962962963 0.3072916666666667 0.5601851851851852 0.3020833333333333 0.5777777777777777 0.29375 0.6194444444444445
3 0.6911458333333333 0.4027777777777778 0.6911458333333333 0.4324074074074074 0.6979166666666666 0.4777777777777778 0.6994791666666667 0.5027777777777778 0.7072916666666667 0.5185185185185185 0.7197916666666667 0.5296296296296297 0.7296875 0.5324074074074074 0.7348958333333333 0.5231481481481481 0.7390625 0.5046296296296297 0.7442708333333333 0.49722222222222223 0.75 0.5120370370370371 0.75 0.5212962962962963 0.74375 0.5351851851851852 0.7442708333333333 0.5416666666666666 0.7552083333333334 0.5388888888888889 0.76875 0.5194444444444445 0.7723958333333333 0.5101851851851852 0.7734375 0.4962962962962963 0.7734375 0.48055555555555557 0.7713541666666667 0.4722222222222222 0.76875 0.46944444444444444 0.7635416666666667 0.47129629629629627 0.75625 0.48518518518518516 0.7510416666666667 0.4888888888888889 0.75 0.4824074074074074 0.7432291666666667 0.4666666666666667 0.7375 0.4388888888888889 0.73125 0.4324074074074074 0.7239583333333334 0.4101851851851852 0.7171875 0.3962962962962963 0.70625 0.39351851851851855 0.7 0.4 0.6921875 0.4 0.6911458333333333 0.4027777777777778
3 0.7791666666666667 0.39166666666666666 0.7776041666666667 0.4009259259259259 0.7786458333333334 0.4185185185185185 0.7760416666666666 0.425 0.76875 0.42777777777777776 0.7703125 0.44166666666666665 0.790625 0.4685185185185185 0.8161458333333333 0.4759259259259259 0.825 0.4759259259259259 0.8359375 0.4638888888888889 0.8546875 0.43425925925925923 0.8677083333333333 0.4074074074074074 0.8703125 0.39814814814814814 0.8703125 0.39351851851851855 0.8677083333333333 0.38796296296296295 0.8489583333333334 0.3731481481481482 0.8203125 0.3824074074074074 0.809375 0.3888888888888889 0.8041666666666667 0.3888888888888889 0.7989583333333333 0.38055555555555554 0.7927083333333333 0.37777777777777777 0.7854166666666667 0.3851851851851852 0.7822916666666667 0.3851851851851852 0.7791666666666667 0.39166666666666666