4 0.575 0.22777777777777777 0.56875 0.28703703703703703 0.5640625 0.3055555555555556 0.5598958333333334 0.36574074074074076 0.5567708333333333 0.37777777777777777 0.5536458333333333 0.40925925925925927 0.55 0.4212962962962963 0.5489583333333333 0.43425925925925923 0.54375 0.4527777777777778 0.5411458333333333 0.4722222222222222 0.5375 0.4824074074074074 0.5375 0.49444444444444446 0.5494791666666666 0.5148148148148148 0.5557291666666667 0.5574074074074075 0.58125 0.6027777777777777 0.5807291666666666 0.6351851851851852 0.5833333333333334 0.6481481481481481 0.6 0.6759259259259259 0.6010416666666667 0.6824074074074075 0.6083333333333333 0.6851851851851852 0.6104166666666667 0.6916666666666667 0.6171875 0.6981481481481482 0.625 0.7351851851851852 0.6338541666666667 0.7425925925925926 0.6369791666666667 0.7481481481481481 0.64375 0.774074074074074 0.6458333333333334 0.7898148148148149 0.64375 0.7972222222222223 0.6421875 0.825925925925926 0.64375 0.8351851851851851 0.6541666666666667 0.8388888888888889 0.6630208333333333 0.8305555555555556 0.6723958333333333 0.8277777777777777 0.6895833333333333 0.8148148148148148 0.7026041666666667 0.812037037037037 0.7088541666666667 0.8027777777777778 0.7770833333333333 0.8453703703703703 0.7755208333333333 0.862037037037037 0.7770833333333333 0.8712962962962963 0.7802083333333333 0.8759259259259259 0.7791666666666667 0.8824074074074074 0.7817708333333333 0.8851851851851852 0.78125 0.8962962962962963 0.7828125 0.8981481481481481 0.7828125 0.9074074074074074 0.7854166666666667 0.9148148148148149 0.7854166666666667 0.9185185185185185 0.7822916666666667 0.9231481481481482 0.7828125 0.9324074074074075 0.78125 0.9388888888888889 0.7828125 0.9425925925925925 0.7869791666666667 0.9462962962962963 0.7958333333333333 0.9435185185185185 0.8036458333333333 0.9462962962962963 0.8208333333333333 0.9462962962962963 0.8244791666666667 0.9435185185185185 0.8375 0.9148148148148149 0.8416666666666667 0.9287037037037037 0.84375 0.9305555555555556 0.8447916666666667 0.9490740740740741 0.8505208333333333 0.9462962962962963 0.853125 0.9388888888888889 0.853125 0.9231481481481482 0.8510416666666667 0.9175925925925926 0.8515625 0.9101851851851852 0.85 0.9046296296296297 0.8505208333333333 0.8592592592592593 0.8479166666666667 0.8314814814814815 0.8479166666666667 0.8018518518518518 0.8510416666666667 0.7731481481481481 0.8541666666666666 0.7685185185185185 0.8567708333333334 0.7555555555555555 0.8677083333333333 0.7435185185185185 0.8703125 0.7296296296296296 0.86875 0.7101851851851851 0.8708333333333333 0.7037037037037037 0.878125 0.6898148148148148 0.8864583333333333 0.6888888888888889 0.8911458333333333 0.6851851851851852 0.8994791666666667 0.6666666666666666 0.9026041666666667 0.6064814814814815 0.9041666666666667 0.5981481481481481 0.9109375 0.5842592592592593 0.9166666666666666 0.5546296296296296 0.9208333333333333 0.5175925925925926 0.925 0.4981481481481482 0.9348958333333334 0.47129629629629627 0.94375 0.42314814814814816 0.9447916666666667 0.36944444444444446 0.946875 0.36203703703703705 0.9494791666666667 0.2972222222222222 0.9536458333333333 0.26851851851851855 0.9541666666666667 0.25092592592592594 0.946875 0.19814814814814816 0.9385416666666667 0.17037037037037037 0.9296875 0.13055555555555556 0.925 0.1175925925925926 0.921875 0.1 0.9114583333333334 0.06944444444444445 0.9005208333333333 0.05277777777777778 0.9020833333333333 0.04537037037037037 0.9119791666666667 0.027777777777777776 0.915625 0.016666666666666666 0.9182291666666667 0.005555555555555556 0.9177083333333333 0 0.6380208333333334 0 0.6364583333333333 0.001851851851851852 0.6359375 0.012962962962962963 0.6395833333333333 0.046296296296296294 0.6411458333333333 0.049074074074074076 0.6328125 0.05277777777777778 0.6192708333333333 0.06666666666666667 0.6083333333333333 0.08518518518518518 0.6015625 0.10277777777777777 0.5890625 0.15092592592592594 0.5869791666666667 0.17037037037037037 0.58125 0.19166666666666668 0.5807291666666666 0.20185185185185187
4 0.2734375 0.5185185185185185 0.2682291666666667 0.5185185185185185 0.2755208333333333 0.5212962962962963
4 0.0020833333333333333 0.3435185185185185 0 0.34444444444444444 0 0.3824074074074074 0.0015625 0.3851851851851852 0.0015625 0.3972222222222222 0.0036458333333333334 0.40555555555555556 0.003125 0.41759259259259257 0.0010416666666666667 0.42407407407407405 0.0036458333333333334 0.43425925925925923 0 0.44166666666666665 0 0.48055555555555557 0.004166666666666667 0.4842592592592593 0 0.4935185185185185 0 0.5416666666666666 0.0015625 0.5435185185185185 0 0.5555555555555556 0.004166666666666667 0.5712962962962963 0.022395833333333334 0.5712962962962963 0.028645833333333332 0.5648148148148148 0.036458333333333336 0.5638888888888889 0.0453125 0.5666666666666667 0.049479166666666664 0.5851851851851851 0.050520833333333334 0.612037037037037 0.05260416666666667 0.6212962962962963 0.0765625 0.6666666666666666 0.09791666666666667 0.6962962962962963 0.109375 0.7185185185185186 0.10520833333333333 0.7398148148148148 0.10364583333333334 0.7601851851851852 0.0984375 0.7851851851851852 0.08541666666666667 0.8166666666666667 0.07708333333333334 0.8240740740740741 0.07135416666666666 0.8351851851851851 0.06458333333333334 0.8574074074074074 0.06770833333333333 0.8824074074074074 0.07552083333333333 0.8981481481481481 0.08072916666666667 0.9009259259259259 0.09270833333333334 0.8981481481481481 0.1 0.8916666666666667 0.1046875 0.8824074074074074 0.11145833333333334 0.8601851851851852 0.11302083333333333 0.8305555555555556 0.13541666666666666 0.7851851851851852 0.14791666666666667 0.75 0.15 0.7268518518518519 0.153125 0.7185185185185186 0.15416666666666667 0.7092592592592593 0.16145833333333334 0.7101851851851851 0.1765625 0.7277777777777777 0.1875 0.7351851851851852 0.20208333333333334 0.7592592592592593 0.20625 0.7601851851851852 0.20989583333333334 0.7546296296296297 0.21927083333333333 0.7 0.22447916666666667 0.6805555555555556 0.22552083333333334 0.6657407407407407 0.23125 0.6333333333333333 0.24375 0.575 0.2520833333333333 0.5407407407407407 0.2635416666666667 0.5166666666666667 0.26458333333333334 0.48518518518518516 0.27395833333333336 0.44351851851851853 0.27447916666666666 0.41203703703703703 0.26979166666666665 0.3990740740740741 0.2609375 0.387037037037037 0.23645833333333333 0.37037037037037035 0.23333333333333334 0.3537037037037037 0.2328125 0.31851851851851853 0.22916666666666666 0.31203703703703706 0.18541666666666667 0.3148148148148148 0.1328125 0.3138888888888889 0.1203125 0.32314814814814813 0.10989583333333333 0.3388888888888889 0.10260416666666666 0.34444444444444444 0.1 0.3509259259259259 0.08385416666666666 0.3712962962962963 0.07708333333333334 0.3851851851851852 0.071875 0.38981481481481484 0.06979166666666667 0.3888888888888889 0.0703125 0.36018518518518516 0.06614583333333333 0.34814814814814815 0.05572916666666667 0.337037037037037 0.03177083333333333 0.337037037037037
4 0.38229166666666664 0.13333333333333333 0.38125 0.13796296296296295 0.38333333333333336 0.14166666666666666 0.39375 0.15092592592592594 0.403125 0.15092592592592594 0.4119791666666667 0.14629629629629629 0.43072916666666666 0.13055555555555556 0.4475692708333333 0.1043212962962963 0.45260416666666664 0.09166666666666666 0.46041666666666664 0.08888888888888889 0.478125 0.11666666666666667 0.48072916666666665 0.125 0.49895833333333334 0.15555555555555556 0.5067708333333333 0.175 0.5177083333333333 0.18981481481481483 0.5390625 0.2324074074074074 0.5546875 0.24814814814814815 0.5661458333333333 0.25 0.571875 0.2351851851851852 0.5770833333333333 0.19166666666666668 0.58125 0.18055555555555555 0.5895833333333333 0.13333333333333333 0.596875 0.11203703703703703 0.6005208333333333 0.09259259259259259 0.6046875 0.08425925925925926 0.6052083333333333 0.07592592592592592 0.5916666666666667 0.037037037037037035 0.5890625 0.03425925925925926 0.5848958333333333 0.016666666666666666 0.5770833333333333 0 0.4427083333333333 0 0.4359375 0.05462962962962963 0.42552083333333335 0.07777777777777778 0.41822916666666665 0.09907407407407408 0.41770833333333335 0.10555555555555556 0.40729166666666666 0.1259259259259259 0.38958333333333334 0.12777777777777777
3 0.775 0.850925925925926 0.7739583333333333 0.8685185185185185 0.7692708333333333 0.8796296296296297 0.76875 0.8888888888888888 0.7661458333333333 0.8935185185185185 0.7661458333333333 0.9046296296296297 0.7614583333333333 0.9138888888888889 0.7635416666666667 0.9222222222222223 0.7630208333333334 0.9324074074074075 0.7682291666666666 0.9388888888888889 0.76875 0.9435185185185185 0.784375 0.950925925925926 0.796875 0.950925925925926 0.8 0.9481481481481482 0.80625 0.9555555555555556 0.8203125 0.9546296296296296 0.8270833333333333 0.9462962962962963 0.83125 0.9287037037037037 0.8380208333333333 0.9166666666666666 0.8427083333333333 0.9388888888888889 0.84375 0.9601851851851851 0.8526041666666667 0.9601851851851851 0.8557291666666667 0.9574074074074074 0.8557291666666667 0.9388888888888889 0.8515625 0.9037037037037037 0.8479166666666667 0.8268518518518518 0.8489583333333334 0.7833333333333333 0.8536458333333333 0.7574074074074074 0.8364583333333333 0.7574074074074074 0.8145833333333333 0.7481481481481481 0.8098958333333334 0.7481481481481481 0.8067708333333333 0.7518518518518519 0.7989583333333333 0.7824074074074074 0.7942708333333334 0.7916666666666666
3 0.06458333333333334 0.8527777777777777 0.06354166666666666 0.8629629629629629 0.06614583333333333 0.8833333333333333 0.07395833333333333 0.9009259259259259 0.09322916666666667 0.9009259259259259 0.10520833333333333 0.887962962962963 0.11041666666666666 0.8712962962962963 0.11197916666666667 0.862037037037037 0.11197916666666667 0.8240740740740741 0.09739583333333333 0.812037037037037 0.0875 0.8138888888888889 0.08541666666666667 0.8185185185185185 0.07708333333333334 0.8240740740740741
3 0.17864583333333334 0.6083333333333333 0.17708333333333334 0.6351851851851852 0.18072916666666666 0.6444444444444445 0.18177083333333333 0.6620370370370371 0.18697916666666667 0.6712962962962963 0.1953125 0.6712962962962963 0.19895833333333332 0.6685185185185185 0.21354166666666666 0.6462962962962963 0.22916666666666666 0.6370370370370371 0.234375 0.625 0.234375 0.612037037037037 0.2296875 0.5740740740740741 0.22239583333333332 0.5712962962962963 0.2109375 0.5601851851851852 0.20260416666666667 0.5601851851851852 0.19635416666666666 0.5694444444444444 0.18125 0.5981481481481481
3 0.6390625 0.7324074074074074 0.6369791666666667 0.7388888888888889 0.6369791666666667 0.7490740740740741 0.6421875 0.7685185185185185 0.64375 0.7824074074074074 0.6421875 0.8092592592592592 0.6401041666666667 0.8138888888888889 0.6385416666666667 0.8277777777777777 0.6401041666666667 0.8444444444444444 0.6625 0.8388888888888889 0.6760416666666667 0.825925925925926 0.6942708333333333 0.8148148148148148 0.7026041666666667 0.8138888888888889 0.7098958333333333 0.8074074074074075 0.7104166666666667 0.7981481481481482 0.7026041666666667 0.7694444444444445 0.6921875 0.7388888888888889 0.6890625 0.7342592592592593 0.6817708333333333 0.7055555555555556 0.6786458333333333 0.700925925925926 0.6515625 0.7148148148148148 0.64375 0.7231481481481481
3 0.375 0.13518518518518519 0.37552083333333336 0.14814814814814814 0.38333333333333336 0.14814814814814814 0.3963541666666667 0.15555555555555556 0.403125 0.15462962962962962 0.41041666666666665 0.14351851851851852 0.40625 0.12962962962962962 0.3984375 0.1259259259259259 0.38697916666666665 0.1259259259259259 0.3776041666666667 0.13055555555555556
3 0.4744791666666667 0.38796296296296295 0.4739583333333333 0.42962962962962964 0.48489583333333336 0.4351851851851852 0.4942708333333333 0.4462962962962963 0.4984375 0.4462962962962963 0.5057291666666667 0.42592592592592593 0.5109375 0.3962962962962963 0.5109375 0.3851851851851852 0.50625 0.37037037037037035 0.4973958333333333 0.3527777777777778 0.49322916666666666 0.3509259259259259 0.48333333333333334 0.3648148148148148
3 0.7385416666666667 0.8638888888888889 0.7375 0.8648148148148148 0.7432291666666667 0.8712962962962963 0.7453125 0.8685185185185185 0.74375 0.862037037037037 0.7411458333333333 0.8666666666666667
3 0.6385416666666667 0.8564814814814815 0.6286458333333333 0.9194444444444444 0.6119791666666666 0.9805555555555555 0.6083333333333333 0.9851851851851852 0.6072916666666667 0.9935185185185185 0.6119791666666666 0.9962962962962963 0.63125 0.9981481481481481 0.7145833333333333 0.9962962962962963 0.7348958333333333 0.9435185185185185 0.7385416666666667 0.9185185185185185 0.7421875 0.9120370370370371 0.7473958333333334 0.8888888888888888 0.7442708333333333 0.8777777777777778 0.7348958333333333 0.8759259259259259 0.7322916666666667 0.8555555555555555 0.7364583333333333 0.8555555555555555 0.7385416666666667 0.850925925925926 0.7359375 0.8305555555555556 0.7302083333333333 0.8212962962962963 0.7166666666666667 0.8092592592592592 0.7026041666666667 0.812037037037037 0.6833333333333333 0.8212962962962963 0.6760416666666667 0.825925925925926 0.665625 0.8388888888888889 0.6447916666666667 0.8462962962962963
3 0.5473958333333333 0.1935185185185185 0.546875 0.2111111111111111 0.5505208333333333 0.22962962962962963 0.5604166666666667 0.2462962962962963 0.5677083333333334 0.24814814814814815 0.571875 0.23703703703703705 0.5744791666666667 0.22314814814814815 0.5770833333333333 0.19444444444444445 0.5744791666666667 0.1685185185185185 0.5708333333333333 0.1574074074074074 0.5536458333333333 0.1574074074074074 0.5494791666666666 0.1712962962962963
2 0.5708333333333333 0.7981481481481482 0.5713541666666667 0.8212962962962963 0.56875 0.8416666666666667 0.5708333333333333 0.8574074074074074 0.5703125 0.9092592592592592 0.5588541666666667 0.9518518518518518 0.55625 0.9814814814814815 0.5578125 0.9851851851851852 0.5703125 0.9898148148148148 0.5994791666666667 0.9842592592592593 0.5989583333333334 0.975925925925926 0.609375 0.9703703703703703 0.6208333333333333 0.9481481481481482 0.6244791666666667 0.9333333333333333 0.6385416666666667 0.8527777777777777 0.6380208333333334 0.825 0.6421875 0.799074074074074 0.6416666666666667 0.7814814814814814 0.6364583333333333 0.774074074074074 0.6286458333333333 0.774074074074074 0.6119791666666666 0.7851851851851852 0.5932291666666667 0.7907407407407407 0.5760416666666667 0.7870370370370371
2 0.7166666666666667 0.9944444444444445 0.715625 0.9990740740740741 0.8848958333333333 0.9990740740740741 0.8854166666666666 0.9861111111111112 0.8838541666666667 0.9768518518518519 0.8692708333333333 0.9574074074074074 0.8432291666666667 0.9629629629629629 0.8296875 0.9537037037037037 0.8213541666666667 0.9574074074074074 0.8067708333333333 0.9546296296296296 0.7979166666666667 0.9583333333333334 0.7703125 0.95 0.7572916666666667 0.9361111111111111 0.7572916666666667 0.9287037037037037 0.7479166666666667 0.9083333333333333 0.74375 0.9148148148148149 0.728125 0.9666666666666667
2 0.7380208333333333 0.8305555555555556 0.740625 0.8351851851851851 0.740625 0.8416666666666667 0.7473958333333334 0.8472222222222222 0.7494791666666667 0.8592592592592593 0.7489583333333333 0.8731481481481481 0.7515625 0.8814814814814815 0.7552083333333334 0.8870370370370371 0.7598958333333333 0.8870370370370371 0.7640625 0.8629629629629629 0.7723958333333333 0.8592592592592593 0.7744791666666667 0.8453703703703703 0.7729166666666667 0.8342592592592593 0.7619791666666667 0.8194444444444444