4 0.6838541666666667 0.8379629629629629 0.7135416666666666 0.8648148148148148 0.7442708333333333 0.8759259259259259 0.7651041666666667 0.9 0.7796875 0.9333333333333333 0.7885416666666667 0.9944444444444445 0.7864583333333334 0.9990740740740741 0.6776041666666667 0.9990740740740741 0.6703125 0.9611111111111111 0.6697916666666667 0.9416666666666667 0.6677083333333333 0.9314814814814815 0.6682291666666667 0.9185185185185185 0.6708333333333333 0.912962962962963 0.6791666666666667 0.9111111111111111 0.6895833333333333 0.9194444444444444 0.7 0.9425925925925925 0.7026041666666667 0.9546296296296296 0.7057291666666666 0.9583333333333334 0.7109375 0.9453703703703704 0.7046875 0.9166666666666666 0.6947916666666667 0.8907407407407407 0.6786458333333333 0.8611111111111112 0.6723958333333333 0.8564814814814815 0.6682291666666667 0.8481481481481481 0.6682291666666667 0.8435185185185186 0.6713541666666667 0.8388888888888889 0.6833333333333333 0.8379629629629629
4 0.15885416666666666 0 0.22239583333333332 0 0.23177083333333334 0.004629629629629629 0.2598958333333333 0.002777777777777778 0.2755208333333333 0.007407407407407408 0.29010416666666666 0 0.3078125 0 0.3177083333333333 0.005555555555555556 0.33125 0.002777777777777778 0.3609375 0.004629629629629629 0.39166666666666666 0.001851851851851852 0.4276041666666667 0.006481481481481481 0.45989583333333334 0.004629629629629629 0.47291666666666665 0.008333333333333333 0.49114583333333334 0 0.5026041666666666 0 0.5119791666666667 0.004629629629629629 0.5270833333333333 0 0.5364583333333334 0.003703703703703704 0.5395833333333333 0.008333333333333333 0.5635416666666667 0 0.6197916666666666 0 0.621875 0.012037037037037037 0.6208333333333333 0.022222222222222223 0.6244791666666667 0.06296296296296296 0.6390625 0.1259259259259259 0.6328125 0.18703703703703703 0.6255208333333333 0.23425925925925925 0.6145833333333334 0.287962962962963 0.6104166666666667 0.33055555555555555 0.6078125 0.3388888888888889 0.5869791666666667 0.3768518518518518 0.5786458333333333 0.38425925925925924 0.5677083333333334 0.387037037037037 0.5635416666666667 0.3925925925925926 0.559375 0.4101851851851852 0.5494791666666666 0.43148148148148147 0.55 0.44907407407407407 0.5479166666666667 0.45555555555555555 0.546875 0.4740740740740741 0.5421875 0.4898148148148148 0.5088541666666667 0.49722222222222223 0.50625 0.5222222222222223 0.49635416666666665 0.5675925925925925 0.4869791666666667 0.5814814814814815 0.47708333333333336 0.5824074074074074 0.46979166666666666 0.5787037037037037 0.4578125 0.5666666666666667 0.44947916666666665 0.549074074074074 0.4421875 0.5509259259259259 0.43802083333333336 0.5462962962962963 0.4390625 0.5425925925925926 0.4354166666666667 0.5370370370370371 0.43072916666666666 0.5370370370370371 0.4276041666666667 0.5398148148148149 0.4322916666666667 0.549074074074074 0.4270833333333333 0.5527777777777778 0.42604166666666665 0.5648148148148148 0.428125 0.5712962962962963 0.425 0.5824074074074074 0.42135416666666664 0.5777777777777777 0.41822916666666665 0.5824074074074074 0.403125 0.5851851851851851 0.39375 0.5953703703703703 0.3729166666666667 0.5981481481481481 0.35260416666666666 0.5916666666666667 0.34791666666666665 0.5787037037037037 0.3416666666666667 0.5796296296296296 0.3385416666666667 0.5731481481481482 0.33125 0.5712962962962963 0.3307291666666667 0.5638888888888889 0.32083333333333336 0.537962962962963 0.3203125 0.5287037037037037 0.31197916666666664 0.5046296296296297 0.3109375 0.49722222222222223 0.31302083333333336 0.4861111111111111 0.3098958333333333 0.4777777777777778 0.3098958333333333 0.4685185185185185 0.30364583333333334 0.44166666666666665 0.2916666666666667 0.4212962962962963 0.2864583333333333 0.40185185185185185 0.2765625 0.3814814814814815 0.2625 0.3314814814814815 0.25833333333333336 0.325 0.24583333333333332 0.3194444444444444 0.21354166666666666 0.3138888888888889 0.21145833333333333 0.32037037037037036 0.21197916666666666 0.36574074074074076 0.20885416666666667 0.37777777777777777 0.20104166666666667 0.3814814814814815 0.18854166666666666 0.36944444444444446 0.1859375 0.37777777777777777 0.1875 0.39814814814814814 0.18489583333333334 0.40370370370370373 0.16302083333333334 0.42314814814814816 0.14427083333333332 0.43425925925925923 0.12916666666666668 0.4361111111111111 0.10833333333333334 0.42962962962962964 0.090625 0.4083333333333333 0.07864583333333333 0.37962962962962965 0.07239583333333334 0.35833333333333334 0.071875 0.34814814814814815 0.08020833333333334 0.31203703703703706 0.0953125 0.2759259259259259 0.0953125 0.2712962962962963 0.0890625 0.2574074074074074 0.09010416666666667 0.23796296296296296 0.11041666666666666 0.17777777777777778 0.12708333333333333 0.1398148148148148 0.13541666666666666 0.09907407407407408 0.13541666666666666 0.06666666666666667 0.13697916666666668 0.05648148148148148 0.15885416666666666 0.000925925925925926
4 0.753125 0 0.8635416666666667 0 0.8723958333333334 0.004629629629629629 0.8864583333333333 0 0.9276041666666667 0 0.9359375 0.003703703703703704 0.9380208333333333 0.011111111111111112 0.9364583333333333 0.032407407407407406 0.9395833333333333 0.075 0.9369791666666667 0.10925925925925926 0.9322916666666666 0.13148148148148148 0.9317708333333333 0.14907407407407408 0.9375 0.17962962962962964 0.9375 0.20092592592592592 0.9552083333333333 0.24166666666666667 0.9645833333333333 0.2537037037037037 0.9885416666666667 0.2972222222222222 0.9880208333333333 0.30648148148148147 0.98125 0.3212962962962963 0.9739583333333334 0.33425925925925926 0.9666666666666667 0.34074074074074073 0.95625 0.3212962962962963 0.946875 0.2898148148148148 0.9338541666666667 0.26851851851851855 0.9317708333333333 0.2611111111111111 0.9213541666666667 0.25277777777777777 0.9109375 0.2490740740740741 0.8947916666666667 0.25555555555555554 0.890625 0.2537037037037037 0.8854166666666666 0.2351851851851852 0.8864583333333333 0.21851851851851853 0.8838541666666667 0.21203703703703702 0.8796875 0.21851851851851853 0.8708333333333333 0.24537037037037038 0.8515625 0.26851851851851855 0.8473958333333333 0.2796296296296296 0.8473958333333333 0.29259259259259257 0.8520833333333333 0.30277777777777776 0.8682291666666667 0.31851851851851853 0.8869791666666667 0.34629629629629627 0.9057291666666667 0.3592592592592593 0.9234375 0.37962962962962965 0.9338541666666667 0.4 0.9401041666666666 0.4212962962962963 0.940625 0.4388888888888889 0.9369791666666667 0.4462962962962963 0.9151041666666667 0.46944444444444444 0.9041666666666667 0.4703703703703704 0.9015625 0.4675925925925926 0.871875 0.41203703703703703 0.85625 0.38796296296296295 0.846875 0.38333333333333336 0.8354166666666667 0.3685185185185185 0.8182291666666667 0.3537037037037037 0.8005208333333333 0.3712962962962963 0.7776041666666667 0.37222222222222223 0.7614583333333333 0.3861111111111111 0.7411458333333333 0.3888888888888889 0.7119791666666667 0.4009259259259259 0.6692708333333334 0.40925925925925927 0.6541666666666667 0.41944444444444445 0.6552083333333333 0.3990740740740741 0.6666666666666666 0.36574074074074076 0.690625 0.2574074074074074 0.6927083333333334 0.23981481481481481 0.7078125 0.18888888888888888 0.7135416666666666 0.14907407407407408 0.7145833333333333 0.11851851851851852 0.7177083333333333 0.10277777777777777 0.7223958333333333 0.09074074074074075 0.7286458333333333 0.05740740740740741 0.74375 0.017592592592592594 0.753125 0.000925925925925926
4 0.2578125 0.4324074074074074 0.2671875 0.43333333333333335 0.2713541666666667 0.43703703703703706 0.28020833333333334 0.45 0.2833333333333333 0.46111111111111114 0.3 0.48333333333333334 0.3015625 0.5027777777777778 0.29791666666666666 0.5148148148148148 0.3015625 0.5194444444444445 0.30364583333333334 0.5305555555555556 0.30885416666666665 0.5333333333333333 0.3098958333333333 0.5435185185185185 0.31354166666666666 0.5472222222222223 0.3145833333333333 0.5527777777777778 0.3140625 0.5564814814814815 0.31145833333333334 0.5518518518518518 0.3046875 0.5546296296296296 0.2984375 0.5666666666666667 0.2984375 0.5712962962962963 0.3026041666666667 0.5787037037037037 0.30885416666666665 0.5805555555555556 0.31197916666666664 0.5879629629629629 0.3109375 0.5916666666666667 0.3140625 0.5944444444444444 0.3140625 0.5990740740740741 0.3104166666666667 0.5990740740740741 0.29791666666666666 0.6157407407407407 0.30104166666666665 0.6212962962962963 0.3104166666666667 0.6222222222222222 0.3359375 0.6148148148148148 0.3416666666666667 0.6166666666666667 0.34322916666666664 0.6259259259259259 0.34791666666666665 0.6287037037037037 0.3546875 0.6212962962962963 0.36614583333333334 0.6222222222222222 0.3802083333333333 0.6175925925925926 0.38333333333333336 0.6277777777777778 0.384375 0.6222222222222222 0.39375 0.6111111111111112 0.39947916666666666 0.6138888888888889 0.4005208333333333 0.612037037037037 0.39739583333333334 0.6083333333333333 0.39791666666666664 0.6018518518518519 0.40625 0.6018518518518519 0.4036458333333333 0.6055555555555555 0.4078125 0.6064814814814815 0.4083333333333333 0.6018518518518519 0.4119791666666667 0.600925925925926 0.4119791666666667 0.6138888888888889 0.4192708333333333 0.6148148148148148 0.42135416666666664 0.6203703703703703 0.4359375 0.6157407407407407 0.4421875 0.6222222222222222 0.4473958333333333 0.6231481481481481 0.4427083333333333 0.6231481481481481 0.44114583333333335 0.6259259259259259 0.4421875 0.6277777777777778 0.4473958333333333 0.6296296296296297 0.45 0.6259259259259259 0.4546875 0.6296296296296297 0.4557291666666667 0.6342592592592593 0.46197916666666666 0.6305555555555555 0.4625 0.625 0.46875 0.6194444444444445 0.46770833333333334 0.6157407407407407 0.46979166666666666 0.612037037037037 0.4739583333333333 0.6138888888888889 0.47708333333333336 0.6259259259259259 0.48072916666666665 0.6259259259259259 0.47708333333333336 0.6259259259259259 0.46979166666666666 0.6305555555555555 0.4671875 0.6361111111111111 0.45625 0.6407407407407407 0.4421875 0.6648148148148149 0.4359375 0.6916666666666667 0.43645833333333334 0.6972222222222222 0.43333333333333335 0.7037037037037037 0.4322916666666667 0.7157407407407408 0.4276041666666667 0.7296296296296296 0.43020833333333336 0.7342592592592593 0.4322916666666667 0.7472222222222222 0.4322916666666667 0.762962962962963 0.4265625 0.7685185185185185 0.4276041666666667 0.7722222222222223 0.4161458333333333 0.775 0.41770833333333335 0.7787037037037037 0.4166666666666667 0.7935185185185185 0.4078125 0.7962962962962963 0.4041666666666667 0.8074074074074075 0.4010416666666667 0.7953703703703704 0.39895833333333336 0.8027777777777778 0.39895833333333336 0.8138888888888889 0.384375 0.8240740740740741 0.38333333333333336 0.8351851851851851 0.3848958333333333 0.8574074074074074 0.3546875 0.8842592592592593 0.3453125 0.8861111111111111 0.3421875 0.8907407407407407 0.34427083333333336 0.9009259259259259 0.3515625 0.9111111111111111 0.35104166666666664 0.925 0.35625 0.9296296296296296 0.359375 0.9305555555555556 0.3927083333333333 0.9037037037037037 0.4015625 0.9018518518518519 0.40729166666666666 0.9064814814814814 0.40677083333333336 0.9111111111111111 0.41041666666666665 0.9148148148148149 0.41458333333333336 0.9268518518518518 0.4192708333333333 0.9259259259259259 0.4171875 0.9148148148148149 0.41822916666666665 0.9083333333333333 0.4234375 0.9074074074074074 0.42552083333333335 0.9148148148148149 0.42135416666666664 0.912962962962963 0.4203125 0.9175925925925926 0.42552083333333335 0.9212962962962963 0.4192708333333333 0.9277777777777778 0.42135416666666664 0.9361111111111111 0.4244791666666667 0.9324074074074075 0.42916666666666664 0.9333333333333333 0.43072916666666666 0.9314814814814815 0.42916666666666664 0.9287037037037037 0.43385416666666665 0.925 0.4317708333333333 0.912962962962963 0.43802083333333336 0.9166666666666666 0.440625 0.9148148148148149 0.43697916666666664 0.912962962962963 0.4354166666666667 0.9083333333333333 0.4317708333333333 0.9101851851851852 0.4265625 0.9074074074074074 0.4270833333333333 0.9009259259259259 0.4354166666666667 0.8888888888888888 0.43645833333333334 0.8935185185185185 0.43333333333333335 0.8972222222222223 0.4359375 0.9074074074074074 0.4427083333333333 0.9083333333333333 0.44583333333333336 0.912962962962963 0.45 0.9120370370370371 0.453125 0.9055555555555556 0.45729166666666665 0.9037037037037037 0.45677083333333335 0.8972222222222223 0.453125 0.8935185185185185 0.4546875 0.8907407407407407 0.45364583333333336 0.8870370370370371 0.4473958333333333 0.8796296296296297 0.44947916666666665 0.8703703703703703 0.4546875 0.875 0.45989583333333334 0.8722222222222222 0.46197916666666666 0.8805555555555555 0.4739583333333333 0.8962962962962963 0.475 0.9 0.4708333333333333 0.9027777777777778 0.46145833333333336 0.925 0.453125 0.9351851851851852 0.4427083333333333 0.9398148148148148 0.4270833333333333 0.937037037037037 0.425 0.9425925925925925 0.42916666666666664 0.95 0.43125 0.962037037037037 0.43125 0.9703703703703703 0.4276041666666667 0.9796296296296296 0.4171875 0.9935185185185185 0.4010416666666667 0.9990740740740741 0.37864583333333335 0.9953703703703703 0.35833333333333334 0.9990740740740741 0.35625 0.9962962962962963 0.3359375 0.9944444444444445 0.28854166666666664 0.9962962962962963 0.28541666666666665 0.9990740740740741 0.2682291666666667 0.9962962962962963 0.26614583333333336 0.9990740740740741 0.25729166666666664 0.9990740740740741 0.2526041666666667 0.9953703703703703 0.22760416666666666 0.9944444444444445 0.22239583333333332 0.9824074074074074 0.21875 0.9842592592592593 0.21979166666666666 0.9879629629629629 0.2171875 0.9944444444444445 0.20104166666666667 0.9962962962962963 0.19895833333333332 0.9990740740740741 0.18385416666666668 0.9990740740740741 0.18229166666666666 0.9962962962962963 0.15052083333333333 0.9990740740740741 0.14114583333333333 0.9935185185185185 0.11822916666666666 0.9962962962962963 0.115625 0.9990740740740741 0.0859375 0.9944444444444445 0.0515625 0.9990740740740741 0.04635416666666667 0.9944444444444445 0.043229166666666666 0.9712962962962963 0.04479166666666667 0.9648148148148148 0.041666666666666664 0.9518518518518518 0.043229166666666666 0.937037037037037 0.0421875 0.9277777777777778 0.04583333333333333 0.9138888888888889 0.041666666666666664 0.9074074074074074 0.040625 0.8916666666666667 0.0421875 0.8592592592592593 0.04010416666666667 0.8407407407407408 0.04010416666666667 0.8101851851851852 0.04375 0.7518518518518519 0.042708333333333334 0.725 0.04583333333333333 0.6990740740740741 0.04739583333333333 0.637962962962963 0.052083333333333336 0.6231481481481481 0.05 0.6157407407407407 0.053125 0.5694444444444444 0.06041666666666667 0.5287037037037037 0.06770833333333333 0.5222222222222223 0.0875 0.5185185185185185 0.17447916666666666 0.5175925925925926 0.19739583333333333 0.5138888888888888 0.19947916666666668 0.5212962962962963 0.19583333333333333 0.525 0.1921875 0.5222222222222223 0.19114583333333332 0.5296296296296297 0.19739583333333333 0.5361111111111111 0.20260416666666667 0.5351851851851852 0.20625 0.5425925925925926 0.20572916666666666 0.5555555555555556 0.2078125 0.5601851851851852 0.2109375 0.5898148148148148 0.21197916666666666 0.6268518518518519 0.21770833333333334 0.6527777777777778 0.21875 0.6685185185185185 0.2234375 0.6759259259259259 0.23072916666666668 0.674074074074074 0.24114583333333334 0.6814814814814815 0.24791666666666667 0.6777777777777778 0.2520833333333333 0.6805555555555556 0.253125 0.6787037037037037 0.25 0.674074074074074 0.24427083333333333 0.6712962962962963 0.24427083333333333 0.6648148148148149 0.2421875 0.6611111111111111 0.24427083333333333 0.65 0.2421875 0.6462962962962963 0.2515625 0.6416666666666667 0.2515625 0.6388888888888888 0.24895833333333334 0.637962962962963 0.24895833333333334 0.6333333333333333 0.2578125 0.6305555555555555 0.25885416666666666 0.6268518518518519 0.2453125 0.6194444444444445 0.2390625 0.6268518518518519 0.24010416666666667 0.6296296296296297 0.23385416666666667 0.6305555555555555 0.23385416666666667 0.6212962962962963 0.2296875 0.6055555555555555 0.2359375 0.5814814814814815 0.2328125 0.5787037037037037 0.22708333333333333 0.5814814814814815 0.2234375 0.575925925925926 0.22239583333333332 0.5638888888888889 0.21979166666666666 0.5601851851851852 0.221875 0.5555555555555556 0.2171875 0.5212962962962963 0.21770833333333334 0.5120370370370371 0.22083333333333333 0.5037037037037037 0.23333333333333334 0.49722222222222223 0.23489583333333333 0.49444444444444446 0.234375 0.4861111111111111 0.2375 0.49166666666666664 0.23958333333333334 0.487962962962963 0.23541666666666666 0.4703703703703704 0.24427083333333333 0.4444444444444444 0.25052083333333336 0.43333333333333335 0.25729166666666664 0.4324074074074074
1 0.5020833333333333 0.6055555555555555 0.5161458333333333 0.6157407407407407 0.5223958333333333 0.6240740740740741 0.5307291666666667 0.6453703703703704 0.5317708333333333 0.6620370370370371 0.5364583333333334 0.6833333333333333 0.553125 0.6916666666666667 0.5505208333333333 0.7092592592592593 0.5526041666666667 0.7314814814814815 0.5645833333333333 0.7453703703703703 0.5770833333333333 0.75 0.5828125 0.7685185185185185 0.5854166666666667 0.8055555555555556 0.584375 0.8157407407407408 0.5713541666666667 0.8351851851851851 0.5572916666666666 0.8416666666666667 0.553125 0.8416666666666667 0.5515625 0.837037037037037 0.546875 0.8083333333333333 0.5416666666666666 0.7898148148148149 0.5395833333333333 0.7675925925925926 0.5359375 0.7666666666666667 0.5338541666666666 0.7712962962962963 0.5276041666666667 0.8240740740740741 0.5244791666666667 0.8305555555555556 0.5203125 0.8314814814814815 0.4979166666666667 0.7962962962962963 0.48541666666666666 0.7638888888888888 0.48333333333333334 0.75 0.48333333333333334 0.7268518518518519 0.49166666666666664 0.7027777777777777 0.48802083333333335 0.6685185185185185 0.48854166666666665 0.649074074074074 0.4942708333333333 0.6148148148148148 0.4973958333333333 0.6083333333333333 0.5015625 0.6055555555555555
0 0.5020833333333333 0.6046296296296296 0.5229166666666667 0.6240740740740741 0.5317708333333333 0.6435185185185185 0.5359375 0.6722222222222223 0.55 0.6703703703703704 0.5557291666666667 0.6666666666666666 0.5598958333333334 0.6694444444444444 0.5598958333333334 0.6768518518518518 0.5520833333333334 0.7074074074074074 0.5526041666666667 0.7231481481481481 0.5604166666666667 0.7379629629629629 0.56875 0.7453703703703703 0.5765625 0.7472222222222222 0.5802083333333333 0.7546296296296297 0.5833333333333334 0.7685185185185185 0.5838541666666667 0.8138888888888889 0.578125 0.8277777777777777 0.5671875 0.8379629629629629 0.559375 0.8398148148148148 0.5447916666666667 0.8342592592592593 0.5385416666666667 0.8351851851851851 0.5369791666666667 0.825925925925926 0.5328125 0.8212962962962963 0.5291666666666667 0.8222222222222222 0.5255208333333333 0.8305555555555556 0.5171875 0.8277777777777777 0.5140625 0.8185185185185185 0.5005208333333333 0.8018518518518518 0.48541666666666666 0.7648148148148148 0.48125 0.7416666666666667 0.4817708333333333 0.7351851851851852 0.47760416666666666 0.7203703703703703 0.47604166666666664 0.7037037037037037 0.47708333333333336 0.6814814814814815 0.4734375 0.6657407407407407 0.47708333333333336 0.6583333333333333 0.4822916666666667 0.6574074074074074 0.4828125 0.675 0.48385416666666664 0.6796296296296296 0.48489583333333336 0.6777777777777778 0.48541666666666666 0.6574074074074074 0.4895833333333333 0.6407407407407407 0.4901041666666667 0.6277777777777778 0.4947916666666667 0.6111111111111112 0.5015625 0.6046296296296296
0 0.5276041666666667 0.6444444444444445 0.55 0.6472222222222223 0.5682291666666667 0.6583333333333333 0.5677083333333334 0.6648148148148149 0.5604166666666667 0.674074074074074 0.5505208333333333 0.700925925925926 0.5453125 0.7064814814814815 0.5453125 0.7101851851851851 0.55 0.7203703703703703 0.5510416666666667 0.7305555555555555 0.559375 0.7453703703703703 0.5776041666666667 0.7574074074074074 0.5911458333333334 0.7546296296296297 0.5927083333333333 0.7814814814814814 0.5916666666666667 0.8027777777777778 0.584375 0.8185185185185185 0.5682291666666667 0.8407407407407408 0.5723958333333333 0.8481481481481481 0.571875 0.8601851851851852 0.5609375 0.8833333333333333 0.5578125 0.8796296296296297 0.5536458333333333 0.8518518518518519 0.5541666666666667 0.8416666666666667 0.5473958333333333 0.8203703703703704 0.5473958333333333 0.8101851851851852 0.5421875 0.7907407407407407 0.540625 0.7685185185185185 0.5359375 0.7555555555555555 0.5395833333333333 0.7472222222222222 0.534375 0.7342592592592593 0.5375 0.7324074074074074 0.5385416666666667 0.7277777777777777 0.534375 0.7222222222222222 0.5364583333333334 0.7129629629629629 0.5359375 0.6981481481481482 0.5296875 0.6796296296296296 0.5307291666666667 0.6712962962962963 0.5255208333333333 0.6638888888888889 0.5276041666666667 0.6453703703703704
0 0.8802083333333334 0.5194444444444445 0.8875 0.5231481481481481 0.8901041666666667 0.5287037037037037 0.8973958333333333 0.5259259259259259 0.9088541666666666 0.5314814814814814 0.91875 0.5462962962962963 0.921875 0.5611111111111111 0.921875 0.5851851851851851 0.9197916666666667 0.5953703703703703 0.9151041666666667 0.6027777777777777 0.9046875 0.6111111111111112 0.9015625 0.6351851851851852 0.8942708333333333 0.6472222222222223 0.8880208333333334 0.6518518518518519 0.8817708333333333 0.6509259259259259 0.8729166666666667 0.6370370370370371 0.8604166666666667 0.6435185185185185 0.8520833333333333 0.6435185185185185 0.8473958333333333 0.6398148148148148 0.8380208333333333 0.6212962962962963 0.8380208333333333 0.6148148148148148 0.8421875 0.6129629629629629 0.8421875 0.6101851851851852 0.8369791666666667 0.6055555555555555 0.8458333333333333 0.5694444444444444 0.8578125 0.5398148148148149 0.859375 0.5296296296296297 0.8692708333333333 0.5185185185185185 0.8796875 0.5194444444444445
0 0.465625 0.5824074074074074 0.4703125 0.587037037037037 0.48489583333333336 0.5925925925925926 0.49114583333333334 0.612037037037037 0.4901041666666667 0.6194444444444445 0.4864583333333333 0.6268518518518519 0.4734375 0.6314814814814815 0.4552083333333333 0.6444444444444445 0.4427083333333333 0.6638888888888889 0.43072916666666666 0.7185185185185186 0.43072916666666666 0.7657407407407407 0.42239583333333336 0.775 0.41510416666666666 0.7694444444444445 0.40520833333333334 0.7509259259259259 0.36822916666666666 0.7092592592592593 0.35885416666666664 0.687037037037037 0.3578125 0.6768518518518518 0.36875 0.6518518518518519 0.37916666666666665 0.6388888888888888 0.39375 0.6055555555555555 0.40260416666666665 0.5944444444444444 0.4078125 0.5907407407407408 0.42239583333333336 0.5935185185185186 0.44947916666666665 0.5777777777777777 0.46510416666666665 0.5824074074074074
3 0.953125 0.24166666666666667 0.9729166666666667 0.2657407407407407 0.9880208333333333 0.2935185185185185 0.990625 0.30277777777777776 0.9739583333333334 0.33796296296296297 0.9682291666666667 0.3435185185185185 0.9619791666666667 0.3398148148148148 0.9484375 0.29259259259259257 0.9380208333333333 0.26481481481481484 0.9385416666666667 0.25555555555555554 0.9432291666666667 0.2462962962962963 0.9526041666666667 0.24166666666666667
3 0.45989583333333334 0.3814814814814815 0.4630208333333333 0.3861111111111111 0.475 0.387037037037037 0.47708333333333336 0.3907407407407407 0.4895833333333333 0.387037037037037 0.5010416666666667 0.40185185185185185 0.5041666666666667 0.41759259259259257 0.5026041666666666 0.4324074074074074 0.5057291666666667 0.44814814814814813 0.5052083333333334 0.4824074074074074 0.5072916666666667 0.5138888888888888 0.5015625 0.5509259259259259 0.4947916666666667 0.575 0.4859375 0.5851851851851851 0.4765625 0.5851851851851851 0.46927083333333336 0.5805555555555556 0.45989583333333334 0.5694444444444444 0.4546875 0.5546296296296296 0.4453125 0.5416666666666666 0.440625 0.525 0.43072916666666666 0.5148148148148148 0.42552083333333335 0.4962962962962963 0.4192708333333333 0.5138888888888888 0.41354166666666664 0.5203703703703704 0.4083333333333333 0.5203703703703704 0.4041666666666667 0.5138888888888888 0.40625 0.46574074074074073 0.41770833333333335 0.412962962962963 0.4203125 0.4101851851851852 0.4239583333333333 0.412962962962963 0.4348958333333333 0.4425925925925926 0.4375 0.4564814814814815 0.43125 0.47129629629629627 0.43020833333333336 0.48055555555555557 0.4317708333333333 0.4824074074074074 0.4375 0.4703703703703704 0.44635416666666666 0.462037037037037 0.4505208333333333 0.45 0.45 0.4425925925925926 0.44427083333333334 0.43148148148148147 0.4395833333333333 0.3990740740740741 0.45989583333333334 0.3824074074074074
3 0.5328125 0.8870370370370371 0.5427083333333333 0.8935185185185185 0.5458333333333333 0.9037037037037037 0.5354166666666667 0.9212962962962963 0.5276041666666667 0.9453703703703704 0.5302083333333333 0.9583333333333334 0.5302083333333333 0.9888888888888889 0.5270833333333333 0.9990740740740741 0.4265625 0.9990740740740741 0.42604166666666665 0.9944444444444445 0.43645833333333334 0.9638888888888889 0.4453125 0.9462962962962963 0.45677083333333335 0.937037037037037 0.4630208333333333 0.9277777777777778 0.49114583333333334 0.9064814814814814 0.5078125 0.9027777777777778 0.5135416666666667 0.8925925925925926 0.51875 0.8888888888888888 0.5322916666666667 0.8870370370370371
3 0.6828125 0.8379629629629629 0.715625 0.8675925925925926 0.7473958333333334 0.8787037037037037 0.7640625 0.899074074074074 0.7734375 0.9166666666666666 0.7807291666666667 0.9388888888888889 0.7880208333333333 0.9944444444444445 0.7572916666666667 0.9944444444444445 0.7505208333333333 0.9990740740740741 0.6807291666666667 0.9990740740740741 0.6703125 0.9583333333333334 0.6703125 0.9435185185185185 0.6682291666666667 0.9324074074074075 0.6697916666666667 0.9148148148148149 0.675 0.9111111111111111 0.690625 0.9194444444444444 0.69375 0.925 0.703125 0.9601851851851851 0.7083333333333334 0.9555555555555556 0.7104166666666667 0.9453703703703704 0.7072916666666667 0.925 0.6947916666666667 0.8907407407407407 0.6822916666666666 0.8675925925925926 0.671875 0.8564814814814815 0.6677083333333333 0.8481481481481481 0.6682291666666667 0.8416666666666667 0.6713541666666667 0.8379629629629629 0.6822916666666666 0.8379629629629629
3 0.878125 0.33796296296296297 0.8854166666666666 0.3472222222222222 0.9036458333333334 0.35833333333333334 0.9192708333333334 0.375 0.9328125 0.3990740740740741 0.9401041666666666 0.4203703703703704 0.9416666666666667 0.43796296296296294 0.9395833333333333 0.44537037037037036 0.9208333333333333 0.4666666666666667 0.9104166666666667 0.47314814814814815 0.9026041666666667 0.47129629629629627 0.8755208333333333 0.4185185185185185 0.8567708333333334 0.38796296296296295 0.8661458333333333 0.35 0.8723958333333334 0.337037037037037 0.8776041666666666 0.33796296296296297
3 0.17447916666666666 0.18055555555555555 0.18697916666666667 0.19722222222222222 0.18958333333333333 0.2101851851851852 0.1921875 0.21388888888888888 0.20989583333333334 0.2064814814814815 0.21770833333333334 0.21203703703703702 0.221875 0.2212962962962963 0.22239583333333332 0.24814814814814815 0.21510416666666668 0.28055555555555556 0.209375 0.2962962962962963 0.2125 0.3425925925925926 0.2109375 0.375 0.20572916666666666 0.38333333333333336 0.19947916666666668 0.3824074074074074 0.19270833333333334 0.375 0.18489583333333334 0.3574074074074074 0.17864583333333334 0.35555555555555557 0.140625 0.387037037037037 0.128125 0.3925925925925926 0.12291666666666666 0.3925925925925926 0.115625 0.387037037037037 0.09791666666666667 0.35555555555555557 0.09114583333333333 0.32592592592592595 0.090625 0.30277777777777776 0.1015625 0.2657407407407407 0.12760416666666666 0.2074074074074074 0.14479166666666668 0.19814814814814816 0.1609375 0.18055555555555555 0.17395833333333333 0.18055555555555555
3 0.5104166666666666 0.32314814814814813 0.51875 0.3287037037037037 0.5260416666666666 0.34444444444444444 0.534375 0.3888888888888889 0.5338541666666666 0.4046296296296296 0.5286458333333334 0.41759259259259257 0.5177083333333333 0.42777777777777776 0.5057291666666667 0.45185185185185184 0.5052083333333334 0.48055555555555557 0.5072916666666667 0.5101851851851852 0.50625 0.5268518518518519 0.49635416666666665 0.5712962962962963 0.4859375 0.5851851851851851 0.47291666666666665 0.5833333333333334 0.459375 0.5685185185185185 0.45416666666666666 0.5527777777777778 0.44479166666666664 0.5398148148148149 0.44114583333333335 0.5259259259259259 0.4322916666666667 0.5166666666666667 0.42552083333333335 0.49907407407407406 0.41510416666666666 0.5194444444444445 0.40989583333333335 0.5212962962962963 0.40625 0.5175925925925926 0.4036458333333333 0.5083333333333333 0.40625 0.46574074074074073 0.4140625 0.42685185185185187 0.41770833333333335 0.41388888888888886 0.4203125 0.4111111111111111 0.42604166666666665 0.41759259259259257 0.4359375 0.4462962962962963 0.43697916666666664 0.45555555555555555 0.4322916666666667 0.47314814814814815 0.4354166666666667 0.4740740740740741 0.44583333333333336 0.462037037037037 0.45 0.4527777777777778 0.45 0.44351851851851853 0.4432291666666667 0.4287037037037037 0.4401041666666667 0.3990740740740741 0.45625 0.3861111111111111 0.4666666666666667 0.36203703703703705 0.4875 0.3388888888888889 0.5052083333333334 0.32407407407407407 0.5098958333333333 0.32314814814814813