4 0.7125 0.6666666666666666 0.7119791666666667 0.6685185185185185 0.7140625 0.6685185185185185 0.7125 0.6666666666666666
4 0.4796875 0.17407407407407408 0.47708333333333336 0.2324074074074074 0.48072916666666665 0.262037037037037 0.4817708333333333 0.28888888888888886 0.4875 0.32222222222222224 0.496875 0.3416666666666667 0.4890625 0.3574074074074074 0.4890625 0.3685185185185185 0.4953125 0.3851851851851852 0.5078125 0.39814814814814814 0.5161458333333333 0.4009259259259259 0.525 0.39444444444444443 0.5427083333333333 0.3888888888888889 0.5609375 0.3527777777777778 0.5859375 0.3296296296296296 0.5953125 0.3148148148148148 0.6161458333333333 0.30092592592592593 0.6307291666666667 0.29814814814814816 0.6651041666666667 0.29814814814814816 0.6692708333333334 0.30092592592592593 0.678125 0.30092592592592593 0.6958333333333333 0.3101851851851852 0.7005208333333334 0.30277777777777776 0.6989583333333333 0.2972222222222222 0.6989583333333333 0.2814814814814815 0.7036458333333333 0.2759259259259259 0.7057291666666666 0.26851851851851855 0.7057291666666666 0.2537037037037037 0.7088541666666667 0.25092592592592594 0.7177083333333333 0.262037037037037 0.7197916666666667 0.2712962962962963 0.7427083333333333 0.3148148148148148 0.75 0.33425925925925926 0.7541666666666667 0.3398148148148148 0.7567708333333333 0.35 0.7671875 0.36666666666666664 0.7713541666666667 0.37777777777777777 0.75 0.41944444444444445 0.7458333333333333 0.41944444444444445 0.74375 0.42314814814814816 0.7421875 0.43703703703703706 0.7401041666666667 0.44166666666666665 0.7375 0.48148148148148145 0.734375 0.4981481481481482 0.7354166666666667 0.5212962962962963 0.7333333333333333 0.5324074074074074 0.7333333333333333 0.612037037037037 0.7317708333333334 0.6212962962962963 0.7333333333333333 0.6324074074074074 0.7375 0.6398148148148148 0.7291666666666666 0.6527777777777778 0.7260416666666667 0.6527777777777778 0.7260416666666667 0.6574074074074074 0.7192708333333333 0.6694444444444444 0.7182291666666667 0.6759259259259259 0.7119791666666667 0.6777777777777778 0.7119791666666667 0.6824074074074075 0.7088541666666667 0.6851851851851852 0.7057291666666666 0.6935185185185185 0.7020833333333333 0.6944444444444444 0.7020833333333333 0.7027777777777777 0.7 0.7055555555555556 0.6989583333333333 0.7129629629629629 0.6989583333333333 0.7342592592592593 0.6947916666666667 0.7398148148148148 0.6921875 0.7574074074074074 0.6921875 0.7685185185185185 0.6947916666666667 0.7787037037037037 0.7046875 0.7870370370370371 0.7161458333333334 0.7796296296296297 0.7208333333333333 0.7685185185185185 0.7239583333333334 0.7685185185185185 0.7255208333333333 0.7638888888888888 0.7307291666666667 0.7592592592592593 0.7333333333333333 0.762962962962963 0.73125 0.7768518518518519 0.7380208333333333 0.8074074074074075 0.734375 0.8055555555555556 0.7161458333333334 0.8305555555555556 0.7067708333333333 0.837037037037037 0.6880208333333333 0.8694444444444445 0.6682291666666667 0.9648148148148148 0.6682291666666667 0.9768518518518519 0.6661458333333333 0.9861111111111112 0.6671875 0.9935185185185185 0.8213541666666667 0.9935185185185185 0.8286458333333333 0.9824074074074074 0.8317708333333333 0.9712962962962963 0.8354166666666667 0.9694444444444444 0.8510416666666667 0.9666666666666667 0.8583333333333333 0.9601851851851851 0.8958333333333334 0.9601851851851851 0.9010416666666666 0.9555555555555556 0.9119791666666667 0.9527777777777777 0.9140625 0.9490740740740741 0.9182291666666667 0.9490740740740741 0.9208333333333333 0.9435185185185185 0.9291666666666667 0.9435185185185185 0.9458333333333333 0.9546296296296296 0.9651041666666667 0.9574074074074074 0.9713541666666666 0.9638888888888889 0.975 0.9731481481481481 0.9901041666666667 0.9833333333333333 0.9932291666666667 0.9935185185185185 0.9947916666666666 0.9935185185185185 0.9927083333333333 0.9907407407407407 0.9953125 0.987037037037037 0.9953125 0.7759259259259259 0.99375 0.7333333333333333 0.9958333333333333 0.7166666666666667 0.9958333333333333 0.537962962962963 0.9973958333333334 0.5351851851851852 0.9973958333333334 0.5157407407407407 0.9994791666666667 0.5148148148148148 0.9973958333333334 0.5111111111111111 0.9963541666666667 0.49444444444444446 0.9979166666666667 0.4759259259259259 0.9973958333333334 0.45092592592592595 0.9994791666666667 0.44907407407407407 0.9973958333333334 0.44722222222222224 0.996875 0.43796296296296294 0.9994791666666667 0.4351851851851852 0.9994791666666667 0.4305555555555556 0.9973958333333334 0.42777777777777776 0.9994791666666667 0.42314814814814816 0.9994791666666667 0.4185185185185185 0.9973958333333334 0.4166666666666667 0.9979166666666667 0.4083333333333333 0.9994791666666667 0.4074074074074074 0.9973958333333334 0.4027777777777778 0.9973958333333334 0.3712962962962963 0.9994791666666667 0.36944444444444446 0.9994791666666667 0.36018518518518516 0.9973958333333334 0.35555555555555557 0.9994791666666667 0.3527777777777778 0.9994791666666667 0.3351851851851852 0.9973958333333334 0.3333333333333333 0.9963541666666667 0.30277777777777776 0.9973958333333334 0.2851851851851852 0.9994791666666667 0.2824074074074074 0.9994791666666667 0.2759259259259259 0.9973958333333334 0.2740740740740741 0.9994791666666667 0.2712962962962963 0.9994791666666667 0.23703703703703705 0.9973958333333334 0.23425925925925925 0.9973958333333334 0.14166666666666666 0.9953125 0.11944444444444445 0.9916666666666667 0.09444444444444444 0.9895833333333334 0.09074074074074075 0.9848958333333333 0.044444444444444446 0.9744791666666667 0.002777777777777778 0.7510416666666667 0.004629629629629629 0.7375 0.03888888888888889 0.7354166666666667 0.05092592592592592 0.7255208333333333 0.08148148148148149 0.71875 0.12222222222222222 0.7166666666666667 0.17314814814814813 0.7109375 0.1935185185185185 0.7005208333333334 0.1935185185185185 0.6729166666666667 0.1824074074074074 0.6572916666666667 0.1824074074074074 0.6375 0.17777777777777778 0.6151041666666667 0.13055555555555556 0.6098958333333333 0.11388888888888889 0.596875 0.09351851851851851 0.5854166666666667 0.08703703703703704 0.55625 0.08888888888888889 0.5390625 0.08518518518518518 0.5265625 0.07592592592592592 0.5171875 0.062037037037037036 0.5109375 0.06018518518518518 0.5046875 0.06944444444444445 0.5010416666666667 0.0824074074074074 0.5010416666666667 0.09907407407407408 0.50625 0.11851851851851852 0.5057291666666667 0.1259259259259259 0.4895833333333333 0.13703703703703704 0.48333333333333334 0.14814814814814814 0.4796875 0.17407407407407408
4 0.0015625 0.002777777777777778 0 0.004629629629629629 0 0.06481481481481481 0.0020833333333333333 0.07314814814814814 0 0.08518518518518518 0 0.09166666666666666 0.0020833333333333333 0.09444444444444444 0.0015625 0.1398148148148148 0 0.14166666666666666 0 0.15 0.0015625 0.15092592592592594 0.0015625 0.2101851851851852 0 0.21666666666666667 0.0015625 0.21851851851851853 0.0020833333333333333 0.22592592592592592 0.0015625 0.3351851851851852 0 0.337037037037037 0 0.3435185185185185 0.0015625 0.34629629629629627 0.0020833333333333333 0.37962962962962965 0.0015625 0.41759259259259257 0 0.4212962962962963 0.0015625 0.42777777777777776 0 0.4462962962962963 0.0015625 0.4546296296296296 0.0015625 0.5009259259259259 0 0.5027777777777778 0.0015625 0.5166666666666667 0.0015625 0.5425925925925926 0 0.5462962962962963 0 0.5694444444444444 0.0015625 0.5768518518518518 0.0015625 0.5842592592592593 0 0.587037037037037 0.0015625 0.5944444444444444 0.0015625 0.6157407407407407 0 0.6185185185185185 0.0015625 0.6231481481481481 0 0.6277777777777778 0 0.6509259259259259 0.0015625 0.6555555555555556 0.0015625 0.6648148148148149 0 0.6685185185185185 0 0.7388888888888889 0.0015625 0.7398148148148148 0.0015625 0.7518518518518519 0 0.7527777777777778 0 0.8055555555555556 0.0026041666666666665 0.8175925925925925 0 0.8231481481481482 0 0.9916666666666667 0.0067708333333333336 0.9962962962962963 0.034895833333333334 0.9935185185185185 0.06875 0.9962962962962963 0.08072916666666667 0.9935185185185185 0.13854166666666667 0.9916666666666667 0.16354166666666667 0.9962962962962963 0.21927083333333333 0.9935185185185185 0.22395833333333334 0.9796296296296296 0.22604166666666667 0.9564814814814815 0.23020833333333332 0.9416666666666667 0.23697916666666666 0.9 0.24322916666666666 0.8787037037037037 0.24895833333333334 0.8694444444444445 0.2609375 0.8666666666666667 0.2755208333333333 0.8685185185185185 0.2864583333333333 0.8759259259259259 0.2984375 0.8777777777777778 0.3046875 0.8870370370370371 0.30625 0.8953703703703704 0.3177083333333333 0.9157407407407407 0.31979166666666664 0.925 0.3416666666666667 0.9592592592592593 0.35625 0.9592592592592593 0.3625 0.9435185185185185 0.3640625 0.9194444444444444 0.36822916666666666 0.9185185185185185 0.3802083333333333 0.9259259259259259 0.3828125 0.9305555555555556 0.38229166666666664 0.9638888888888889 0.38333333333333336 0.9712962962962963 0.3875 0.9768518518518519 0.38697916666666665 0.9805555555555555 0.38984375 0.9805555555555555 0.39114583333333336 0.975925925925926 0.3927083333333333 0.9805555555555555 0.3932291666666667 0.9731481481481481 0.40486093749999996 0.975925925925926 0.4114583333333333 0.987037037037037 0.41458333333333336 0.987037037037037 0.415625 0.9842592592592593 0.41770833333333335 0.9888888888888889 0.4265625 0.9935185185185185 0.4609375 0.9935185185185185 0.4666666666666667 0.987037037037037 0.4875 0.9342592592592592 0.49114583333333334 0.9138888888888889 0.49114583333333334 0.8870370370370371 0.484375 0.8462962962962963 0.47708333333333336 0.8203703703703704 0.47604166666666664 0.8101851851851852 0.46875 0.7953703703703704 0.46770833333333334 0.7824074074074074 0.4635416666666667 0.7675925925925926 0.46458333333333335 0.7601851851851852 0.4625 0.7435185185185185 0.45729166666666665 0.7324074074074074 0.45625 0.7212962962962963 0.45 0.7074074074074074 0.434375 0.687037037037037 0.41822916666666665 0.6712962962962963 0.41302083333333334 0.6712962962962963 0.40989583333333335 0.6666666666666666 0.4015625 0.6638888888888889 0.39166666666666666 0.6555555555555556 0.37916666666666665 0.6527777777777778 0.37604166666666666 0.649074074074074 0.359375 0.6462962962962963 0.34791666666666665 0.6481481481481481 0.3421875 0.6435185185185185 0.33541666666666664 0.6435185185185185 0.3307291666666667 0.6370370370370371 0.3255208333333333 0.6351851851851852 0.321875 0.6259259259259259 0.31927083333333334 0.6259259259259259 0.30572916666666666 0.612037037037037 0.2713541666666667 0.5981481481481481 0.25 0.5833333333333334 0.2635416666666667 0.5388888888888889 0.27291666666666664 0.5388888888888889 0.2755208333333333 0.5351851851851852 0.2765625 0.5259259259259259 0.2796875 0.5212962962962963 0.28177083333333336 0.49722222222222223 0.2859375 0.48703703703703705 0.28489583333333335 0.48055555555555557 0.28854166666666664 0.45740740740740743 0.2890625 0.4351851851851852 0.2942708333333333 0.41944444444444445 0.30052083333333335 0.4212962962962963 0.3109375 0.44351851851851853 0.32083333333333336 0.4546296296296296 0.32864583333333336 0.45555555555555555 0.33489583333333334 0.4462962962962963 0.33489583333333334 0.4398148148148148 0.3333333333333333 0.43796296296296294 0.3338541666666667 0.42314814814814816 0.3296875 0.4083333333333333 0.32864583333333336 0.39166666666666666 0.3255208333333333 0.3861111111111111 0.32447916666666665 0.375 0.31979166666666664 0.3611111111111111 0.31614583333333335 0.337037037037037 0.296875 0.2777777777777778 0.2765625 0.23981481481481481 0.23697916666666666 0.18055555555555555 0.23125 0.1685185185185185 0.22395833333333334 0.16203703703703703 0.209375 0.15555555555555556 0.1828125 0.15092592592592594 0.16354166666666667 0.14351851851851852 0.10572916666666667 0.13518518518518519 0.06354166666666666 0.11851851851851852 0.05572916666666667 0.10740740740740741 0.0515625 0.09537037037037037 0.0484375 0.06944444444444445 0.04583333333333333 0.062037037037037036 0.03697916666666667 0.005555555555555556 0.034375 0.002777777777777778 0.0015625 0.002777777777777778
1 0.290625 0.9435185185185185 0.2890625 0.9527777777777777 0.2911458333333333 0.9555555555555556 0.2994791666666667 0.9527777777777777 0.30104166666666665 0.9481481481481482 0.3 0.9435185185185185 0.29583333333333334 0.9398148148148148 0.29270833333333335 0.9398148148148148 0.290625 0.9435185185185185
1 0.5875 0.9657407407407408 0.5875 0.975925925925926 0.5942708333333333 0.975925925925926 0.6072916666666667 0.9694444444444444 0.6322916666666667 0.9685185185185186 0.6484375 0.9574074074074074 0.6494791666666667 0.950925925925926 0.6442708333333333 0.9314814814814815 0.6385416666666667 0.9305555555555556 0.6354166666666666 0.937962962962963 0.6223958333333334 0.9481481481481482 0.596875 0.950925925925926 0.5916666666666667 0.9555555555555556 0.5875 0.9657407407407408
1 0.5260416666666666 0.8777777777777778 0.525 0.8870370370370371 0.5265625 0.8888888888888888 0.534375 0.8888888888888888 0.546875 0.8944444444444445 0.5635416666666667 0.8935185185185185 0.5614583333333333 0.8805555555555555 0.5546875 0.8759259259259259 0.5432291666666667 0.8777777777777778 0.5296875 0.875 0.5260416666666666 0.8777777777777778
1 0.4510416666666667 0.725 0.45 0.7351851851851852 0.45364583333333336 0.7527777777777778 0.45 0.774074074074074 0.4510416666666667 0.7888888888888889 0.4557291666666667 0.7981481481481482 0.4583333333333333 0.8092592592592592 0.4609375 0.8416666666666667 0.4635416666666667 0.8481481481481481 0.4739583333333333 0.8351851851851851 0.4734375 0.8138888888888889 0.46875 0.7787037037037037 0.4661458333333333 0.7342592592592593 0.4630208333333333 0.7305555555555555 0.45989583333333334 0.7185185185185186 0.45625 0.7185185185185186 0.4510416666666667 0.725
1 0.6 0.9851851851851852 0.5994791666666667 0.9935185185185185 0.6010416666666667 0.9981481481481481 0.6119791666666666 0.9962962962962963 0.6119791666666666 0.987037037037037 0.609375 0.9805555555555555 0.6041666666666666 0.9805555555555555 0.6 0.9851851851851852
1 0.4625 0.7388888888888889 0.4609375 0.7416666666666667 0.4635416666666667 0.7462962962962963 0.465625 0.7435185185185185 0.4625 0.7388888888888889
1 0.44479166666666664 0.687037037037037 0.4453125 0.6953703703703704 0.46197916666666666 0.7194444444444444 0.4661458333333333 0.737037037037037 0.46979166666666666 0.7305555555555555 0.4734375 0.7342592592592593 0.47239583333333335 0.7388888888888889 0.46822916666666664 0.7425925925925926 0.46822916666666664 0.7472222222222222 0.46979166666666666 0.7546296296296297 0.47239583333333335 0.7574074074074074 0.47239583333333335 0.7685185185185185 0.4796875 0.7759259259259259 0.48125 0.8231481481481482 0.4890625 0.8564814814814815 0.4942708333333333 0.8648148148148148 0.5052083333333334 0.862037037037037 0.5151041666666667 0.8527777777777777 0.528125 0.8527777777777777 0.5375 0.8574074074074074 0.5489583333333333 0.8555555555555555 0.5567708333333333 0.8324074074074074 0.5739583333333333 0.8185185185185185 0.5807291666666666 0.799074074074074 0.59375 0.7759259259259259 0.6036458333333333 0.7444444444444445 0.603125 0.725925925925926 0.5984375 0.700925925925926 0.5942708333333333 0.687962962962963 0.5927083333333333 0.6685185185185185 0.5890625 0.6638888888888889 0.5833333333333334 0.6638888888888889 0.5744791666666667 0.6555555555555556 0.5614583333333333 0.649074074074074 0.5421875 0.649074074074074 0.521875 0.6574074074074074 0.5130208333333334 0.6555555555555556 0.5083333333333333 0.6509259259259259 0.4625 0.6555555555555556 0.4557291666666667 0.6620370370370371 0.4510416666666667 0.6620370370370371 0.44895833333333335 0.6796296296296296 0.44479166666666664 0.687037037037037
3 0.69375 0.7240740740740741 0.69375 0.7342592592592593 0.6890625 0.7583333333333333 0.6895833333333333 0.774074074074074 0.6958333333333333 0.7851851851851852 0.70625 0.7916666666666666 0.7177083333333333 0.7824074074074074 0.7265625 0.7666666666666667 0.7307291666666667 0.7685185185185185 0.7333333333333333 0.7916666666666666 0.7489583333333333 0.8324074074074074 0.7515625 0.8740740740740741 0.7598958333333333 0.8981481481481481 0.7619791666666667 0.9111111111111111 0.7828125 0.9555555555555556 0.7947916666666667 0.9666666666666667 0.8057291666666667 0.9712962962962963 0.83125 0.9731481481481481 0.8390625 0.9694444444444444 0.8557291666666667 0.9685185185185186 0.8645833333333334 0.9638888888888889 0.8890625 0.9638888888888889 0.9161458333333333 0.9527777777777777 0.9260416666666667 0.9435185185185185 0.9286458333333333 0.9351851851851852 0.93125 0.9435185185185185 0.9375 0.9481481481481482 0.94375 0.9481481481481482 0.9453125 0.950925925925926 0.9536458333333333 0.937962962962963 0.9557291666666666 0.9407407407407408 0.9541666666666667 0.9435185185185185 0.9552083333333333 0.9462962962962963 0.9588541666666667 0.9481481481481482 0.9598958333333333 0.9462962962962963 0.9541666666666667 0.9361111111111111 0.9578125 0.9305555555555556 0.9598958333333333 0.9324074074074075 0.9567708333333333 0.9277777777777778 0.9630208333333333 0.9212962962962963 0.9630208333333333 0.9101851851851852 0.9692708333333333 0.8981481481481481 0.9744791666666667 0.8935185185185185 0.9765625 0.8601851851851852 0.9807291666666667 0.8555555555555555 0.98125 0.8444444444444444 0.9791666666666666 0.8407407407407408 0.9833333333333333 0.8277777777777777 0.9880208333333333 0.7537037037037037 0.9953125 0.7185185185185186 0.9963541666666667 0.6805555555555556 0.9942708333333333 0.625 0.9817708333333334 0.6212962962962963 0.9807291666666667 0.6185185185185185 0.9703125 0.6185185185185185 0.9645833333333333 0.6148148148148148 0.9489583333333333 0.612037037037037 0.9385416666666667 0.6055555555555555 0.9354166666666667 0.600925925925926 0.9239583333333333 0.5962962962962963 0.8692708333333333 0.5962962962962963 0.8510416666666667 0.5935185185185186 0.8442708333333333 0.5962962962962963 0.8072916666666666 0.5981481481481481 0.7744791666666667 0.6138888888888889 0.725 0.649074074074074 0.70625 0.6722222222222223 0.7046875 0.6842592592592592 0.6989583333333333 0.6981481481481482 0.69375 0.7240740740740741
3 0.3802083333333333 0.9851851851851852 0.3796875 0.987037037037037 0.38125 0.987037037037037 0.3802083333333333 0.9851851851851852
3 0.1953125 0.5731481481481482 0.184375 0.5731481481481482 0.184375 0.5777777777777777 0.1890625 0.587037037037037 0.23489583333333333 0.625 0.25052083333333336 0.6481481481481481 0.25833333333333336 0.6555555555555556 0.2677083333333333 0.674074074074074 0.2703125 0.6935185185185185 0.2677083333333333 0.7481481481481481 0.2640625 0.7675925925925926 0.2630208333333333 0.7851851851851852 0.2578125 0.8083333333333333 0.25625 0.8277777777777777 0.2526041666666667 0.837037037037037 0.25364583333333335 0.8453703703703703 0.25104166666666666 0.850925925925926 0.25104166666666666 0.862037037037037 0.25833333333333336 0.8666666666666667 0.27291666666666664 0.8666666666666667 0.2864583333333333 0.8759259259259259 0.2994791666666667 0.8777777777777778 0.30625 0.8972222222222223 0.3234375 0.9305555555555556 0.325 0.9388888888888889 0.33125 0.9444444444444444 0.3375 0.9574074074074074 0.34375 0.962037037037037 0.3536458333333333 0.962037037037037 0.359375 0.9574074074074074 0.3651041666666667 0.9222222222222223 0.37083333333333335 0.9212962962962963 0.37916666666666665 0.9259259259259259 0.38125 0.9324074074074075 0.3796875 0.9824074074074074 0.38229166666666664 0.9824074074074074 0.3880208333333333 0.9935185185185185 0.4125 0.9916666666666667 0.4609375 0.9944444444444445 0.4713541666666667 0.9805555555555555 0.484375 0.9481481481481482 0.49114583333333334 0.9231481481481482 0.49166666666666664 0.8851851851851852 0.478125 0.8101851851851852 0.4744791666666667 0.8064814814814815 0.4713541666666667 0.7953703703703704 0.4713541666666667 0.7870370370370371 0.46875 0.7805555555555556 0.4625 0.7342592592592593 0.45729166666666665 0.7185185185185186 0.4479166666666667 0.7027777777777777 0.42291666666666666 0.6712962962962963 0.41354166666666664 0.6685185185185185 0.39791666666666664 0.6555555555555556 0.3671875 0.6462962962962963 0.35208333333333336 0.6481481481481481 0.34479166666666666 0.6435185185185185 0.33489583333333334 0.6435185185185185 0.31979166666666664 0.6305555555555555 0.31666666666666665 0.6231481481481481 0.3171875 0.6185185185185185 0.31145833333333334 0.612037037037037 0.2838541666666667 0.6046296296296296 0.24791666666666667 0.5805555555555556 0.20416666666666666 0.5777777777777777 0.1953125 0.5731481481481482
3 0.06041666666666667 0.11851851851851852 0.059895833333333336 0.13796296296296295 0.06302083333333333 0.1638888888888889 0.06875 0.18518518518518517 0.075 0.22777777777777777 0.08020833333333334 0.24444444444444444 0.08177083333333333 0.2611111111111111 0.08697916666666666 0.2796296296296296 0.09375 0.337037037037037 0.1 0.35555555555555557 0.10625 0.3592592592592593 0.12604166666666666 0.36018518518518516 0.14791666666666667 0.3712962962962963 0.17291666666666666 0.39166666666666666 0.18229166666666666 0.4046296296296296 0.19895833333333332 0.4185185185185185 0.2015625 0.42314814814814816 0.21458333333333332 0.4324074074074074 0.22447916666666667 0.4351851851851852 0.23645833333333333 0.4324074074074074 0.24635416666666668 0.4222222222222222 0.24791666666666667 0.4148148148148148 0.25052083333333336 0.42314814814814816 0.25052083333333336 0.43703703703703706 0.2484375 0.44166666666666665 0.25 0.46296296296296297 0.25 0.5185185185185185 0.26197916666666665 0.5435185185185185 0.2671875 0.5481481481481482 0.2734375 0.5481481481481482 0.2791666666666667 0.5416666666666666 0.28125 0.5203703703703704 0.2869791666666667 0.49444444444444446 0.29375 0.42407407407407405 0.29583333333333334 0.4185185185185185 0.3 0.4212962962962963 0.31145833333333334 0.4462962962962963 0.3203125 0.45555555555555555 0.32916666666666666 0.45740740740740743 0.33541666666666664 0.44814814814814813 0.33541666666666664 0.4212962962962963 0.33125 0.4074074074074074 0.33125 0.4009259259259259 0.325 0.3768518518518518 0.32447916666666665 0.3685185185185185 0.31666666666666665 0.3351851851851852 0.296875 0.2759259259259259 0.2677083333333333 0.22407407407407406 0.2526041666666667 0.20277777777777778 0.23020833333333332 0.1648148148148148 0.21875 0.1574074074074074 0.18541666666666667 0.15 0.1640625 0.14166666666666666 0.12916666666666668 0.1388888888888889 0.0890625 0.12777777777777777 0.06770833333333333 0.11666666666666667 0.06041666666666667 0.11851851851851852
3 0.375 0.6638888888888889 0.3729166666666667 0.6759259259259259 0.375 0.7037037037037037 0.375 0.75 0.36822916666666666 0.787962962962963 0.3619791666666667 0.8101851851851852 0.3572916666666667 0.8166666666666667 0.3541666666666667 0.8296296296296296 0.35208333333333336 0.8305555555555556 0.3494791666666667 0.8388888888888889 0.3416666666666667 0.850925925925926 0.3380208333333333 0.850925925925926 0.33645833333333336 0.8546296296296296 0.3307291666666667 0.8574074074074074 0.3151041666666667 0.8777777777777778 0.30364583333333334 0.8805555555555555 0.3026041666666667 0.8824074074074074 0.30625 0.8962962962962963 0.32395833333333335 0.9305555555555556 0.3265625 0.9398148148148148 0.3307291666666667 0.9435185185185185 0.3390625 0.9592592592592593 0.34479166666666666 0.962037037037037 0.3578125 0.9592592592592593 0.3619791666666667 0.9462962962962963 0.36302083333333335 0.9268518518518518 0.3651041666666667 0.9212962962962963 0.37135416666666665 0.9212962962962963 0.37864583333333335 0.9259259259259259 0.3807291666666667 0.9296296296296296 0.3807291666666667 0.9638888888888889 0.37864583333333335 0.9712962962962963 0.3796875 0.9898148148148148 0.3958333333333333 0.9944444444444445 0.4348958333333333 0.9935185185185185 0.4583333333333333 0.9962962962962963 0.46510416666666665 0.9935185185185185 0.47239583333333335 0.9796296296296296 0.49114583333333334 0.925 0.49166666666666664 0.8824074074074074 0.484375 0.8398148148148148 0.48072916666666665 0.8314814814814815 0.478125 0.812037037037037 0.4713541666666667 0.7953703703703704 0.4625 0.7342592592592593 0.45625 0.7166666666666667 0.45 0.7055555555555556 0.42291666666666666 0.6712962962962963 0.4125 0.6685185185185185 0.39375 0.6555555555555556 0.375 0.6638888888888889
3 0.4786458333333333 0.18796296296296297 0.47708333333333336 0.24166666666666667 0.48333333333333334 0.30277777777777776 0.48802083333333335 0.325 0.4979166666666667 0.3416666666666667 0.4890625 0.35648148148148145 0.48802083333333335 0.3675925925925926 0.4895833333333333 0.375 0.49583333333333335 0.387037037037037 0.5 0.39351851851851855 0.5083333333333333 0.4 0.51875 0.4009259259259259 0.5260416666666666 0.39444444444444443 0.5432291666666667 0.387037037037037 0.546875 0.3824074074074074 0.5578125 0.35648148148148145 0.58125 0.3351851851851852 0.5953125 0.3148148148148148 0.6130208333333333 0.30277777777777776 0.6442708333333333 0.2962962962962963 0.6453125 0.2851851851851852 0.6473958333333333 0.2824074074074074 0.6505208333333333 0.25092592592592594 0.6489583333333333 0.24259259259259258 0.6510416666666666 0.23703703703703705 0.6494791666666667 0.23425925925925925 0.6484375 0.21851851851851853 0.64375 0.2064814814814815 0.6411458333333333 0.18888888888888888 0.6317708333333333 0.1685185185185185 0.6286458333333333 0.1574074074074074 0.6182291666666667 0.13703703703703704 0.609375 0.11203703703703703 0.603125 0.10092592592592593 0.5921875 0.08888888888888889 0.5625 0.08888888888888889 0.5541666666666667 0.08518518518518518 0.5390625 0.08425925925925926 0.5265625 0.075 0.51875 0.062037037037037036 0.5114583333333333 0.05740740740740741 0.5046875 0.06666666666666667 0.5005208333333333 0.08611111111111111 0.5010416666666667 0.1 0.5057291666666667 0.11481481481481481 0.5067708333333333 0.1259259259259259 0.4942708333333333 0.13240740740740742 0.4859375 0.14166666666666666 0.48125 0.15648148148148147 0.4786458333333333 0.18796296296296297
0 0.3026041666666667 0.9851851851851852 0.3020833333333333 0.987037037037037 0.3104166666666667 0.987037037037037 0.3026041666666667 0.9851851851851852
0 0.309375 0.9800925925925926 0.003125 0.000925925925925926
0 0.3065104166666667 0.9768518518518519 0.0005208333333333333 0.001851851851851852
0 0.2869791666666667 0.9555555555555556 0.28541666666666665 0.9574074074074074 0.2869791666666667 0.9555555555555556
0 0.26145833333333335 0.9787037037037037 0.2604166666666667 0.987037037037037 0.26197916666666665 0.9916666666666667 0.2682291666666667 0.9898148148148148 0.27291666666666664 0.9935185185185185 0.2755208333333333 0.9888888888888889 0.28125 0.9935185185185185 0.2869791666666667 0.9907407407407407 0.2875 0.9935185185185185 0.29322916666666665 0.9842592592592593 0.29739583333333336 0.987037037037037 0.2947916666666667 0.9768518518518519 0.29791666666666666 0.975 0.3 0.9777777777777777 0.3026041666666667 0.9666666666666667 0.30052083333333335 0.9555555555555556 0.2953125 0.9555555555555556 0.28854166666666664 0.9638888888888889 0.28177083333333336 0.9666666666666667 0.2708333333333333 0.9648148148148148 0.26875 0.9694444444444444 0.26510416666666664 0.9694444444444444 0.26614583333333336 0.9731481481481481 0.26145833333333335 0.9787037037037037
0 0.37395833333333334 0.9435185185185185 0.371875 0.9435185185185185 0.371875 0.9462962962962963 0.37447916666666664 0.9462962962962963 0.37395833333333334 0.9435185185185185
0 0.234375 0.9416666666666667 0.23333333333333334 0.950925925925926 0.23854166666666668 0.950925925925926 0.23958333333333334 0.9416666666666667 0.2375 0.9324074074074075 0.23697916666666666 0.9388888888888889 0.234375 0.9416666666666667
0 0.30572916666666666 0.9296296296296296 0.30364583333333334 0.9324074074074075 0.30625 0.9351851851851852 0.3078125 0.9305555555555556 0.30572916666666666 0.9296296296296296
0 0.24140625 0.9175925925925926 0.0005208333333333333 0.001851851851851852
0 0.4166666666666667 0.7546296296296297 0.41458333333333336 0.7555555555555555 0.4166666666666667 0.7546296296296297
0 0.49375 0.8712962962962963 0.4942708333333333 0.9027777777777778 0.49270833333333336 0.9296296296296296 0.48072916666666665 0.962037037037037 0.4791666666666667 0.9712962962962963 0.4708333333333333 0.9898148148148148 0.47239583333333335 0.9935185185185185 0.6572916666666667 0.9935185185185185 0.6619791666666667 0.987037037037037 0.6682291666666667 0.9425925925925925 0.675 0.9166666666666666 0.6760416666666667 0.9018518518518519 0.6786458333333333 0.8962962962962963 0.6791666666666667 0.8833333333333333 0.6828125 0.8685185185185185 0.7005208333333334 0.8351851851851851 0.7166666666666667 0.8185185185185185 0.7239583333333334 0.8046296296296296 0.7244791666666667 0.7935185185185185 0.7234375 0.7916666666666666 0.7104166666666667 0.8 0.7005208333333334 0.8 0.6864583333333333 0.7824074074074074 0.6848958333333334 0.7722222222222223 0.6864583333333333 0.7425925925925926 0.6885416666666667 0.737037037037037 0.6890625 0.7240740740740741 0.6932291666666667 0.7092592592592593 0.6932291666666667 0.6962962962962963 0.6911458333333333 0.6916666666666667 0.6859375 0.6888888888888889 0.6817708333333333 0.6805555555555556 0.665625 0.6685185185185185 0.65625 0.6666666666666666 0.6473958333333333 0.6731481481481482 0.6364583333333333 0.6731481481481482 0.6302083333333334 0.6666666666666666 0.6270833333333333 0.6666666666666666 0.6223958333333334 0.6601851851851852 0.6197916666666666 0.6601851851851852 0.6125 0.6509259259259259 0.6046875 0.6481481481481481 0.6005208333333333 0.6537037037037037 0.596875 0.6759259259259259 0.596875 0.6824074074074075 0.6 0.6888888888888889 0.6 0.7083333333333334 0.6020833333333333 0.7212962962962963 0.6057291666666667 0.7296296296296296 0.6041666666666666 0.7444444444444445 0.6 0.7527777777777778 0.6 0.7574074074074074 0.5932291666666667 0.7777777777777778 0.5828125 0.7935185185185185 0.5786458333333333 0.8092592592592592 0.5703125 0.8231481481481482 0.5677083333333334 0.8231481481481482 0.5666666666666667 0.8296296296296296 0.5645833333333333 0.8305555555555556 0.565625 0.8333333333333334 0.5614583333333333 0.8398148148148148 0.5619791666666667 0.8481481481481481 0.55625 0.8574074074074074 0.5494791666666666 0.8592592592592593 0.5286458333333334 0.8546296296296296 0.50625 0.8574074074074074 0.5036458333333333 0.8638888888888889 0.4979166666666667 0.8638888888888889 0.49375 0.8712962962962963
0 0.29322916666666665 0.4638888888888889 0.29270833333333335 0.47685185185185186 0.2890625 0.4925925925925926 0.28229166666666666 0.5435185185185185 0.28854166666666664 0.5574074074074075 0.29791666666666666 0.5694444444444444 0.3078125 0.6027777777777777 0.31354166666666666 0.612037037037037 0.3177083333333333 0.6138888888888889 0.3338541666666667 0.6388888888888888 0.33958333333333335 0.6370370370370371 0.34479166666666666 0.6416666666666667 0.3619791666666667 0.6388888888888888 0.3651041666666667 0.6416666666666667 0.38645833333333335 0.6444444444444445 0.39895833333333336 0.6555555555555556 0.4114583333333333 0.6620370370370371 0.4140625 0.6685185185185185 0.42239583333333336 0.6685185185185185 0.4265625 0.6592592592592592 0.43072916666666666 0.6351851851851852 0.43645833333333334 0.6212962962962963 0.44427083333333334 0.5824074074074074 0.45364583333333336 0.5574074074074075 0.45625 0.5453703703703704 0.478125 0.5027777777777778 0.4828125 0.4824074074074074 0.48489583333333336 0.47962962962962963 0.48802083333333335 0.462037037037037 0.5005208333333333 0.4462962962962963 0.5109375 0.44166666666666665 0.5119791666666667 0.4185185185185185 0.5114583333333333 0.41203703703703703 0.5083333333333333 0.40555555555555556 0.5046875 0.4046296296296296 0.49375 0.39166666666666666 0.4859375 0.375 0.4828125 0.362962962962963 0.4859375 0.3398148148148148 0.48125 0.33055555555555555 0.478125 0.3277777777777778 0.4203125 0.3296296296296296 0.35833333333333334 0.3648148148148148 0.3453125 0.37777777777777777 0.3411458333333333 0.3907407407407407 0.3359375 0.4 0.3375 0.4185185185185185 0.3411458333333333 0.4287037037037037 0.34270833333333334 0.44166666666666665 0.3375 0.4537037037037037 0.33697916666666666 0.4601851851851852 0.3302083333333333 0.4638888888888889 0.3171875 0.462037037037037 0.3125 0.4601851851851852 0.30572916666666666 0.44814814814814813 0.30052083333333335 0.44814814814814813 0.2953125 0.45555555555555555 0.29322916666666665 0.4638888888888889
0 0.55 0.3851851851851852 0.55 0.425 0.5484375 0.43796296296296294 0.5453125 0.4444444444444444 0.5598958333333334 0.44814814814814813 0.5677083333333334 0.45925925925925926 0.5729166666666666 0.462037037037037 0.575 0.4666666666666667 0.5848958333333333 0.4759259259259259 0.59375 0.49166666666666664 0.59375 0.49537037037037035 0.6057291666666667 0.5212962962962963 0.6104166666666667 0.5435185185185185 0.6125 0.5703703703703704 0.6171875 0.575 0.6265625 0.5962962962962963 0.6317708333333333 0.600925925925926 0.6369791666666667 0.6101851851851852 0.6723958333333333 0.6370370370370371 0.6880208333333333 0.6546296296296297 0.6958333333333333 0.6601851851851852 0.7067708333333333 0.6620370370370371 0.7135416666666666 0.6527777777777778 0.7145833333333333 0.6425925925925926 0.7166666666666667 0.6388888888888888 0.7177083333333333 0.6212962962962963 0.7265625 0.6148148148148148 0.7286458333333333 0.6074074074074074 0.728125 0.5611111111111111 0.7307291666666667 0.5185185185185185 0.7307291666666667 0.48333333333333334 0.7348958333333333 0.4601851851851852 0.7348958333333333 0.45092592592592595 0.7291666666666666 0.41944444444444445 0.71875 0.4009259259259259 0.7177083333333333 0.39444444444444443 0.7130208333333333 0.3861111111111111 0.7119791666666667 0.3574074074074074 0.7057291666666666 0.3296296296296296 0.6973958333333333 0.31851851851851853 0.6755208333333333 0.3055555555555556 0.6619791666666667 0.30277777777777776 0.6177083333333333 0.3055555555555556 0.6015625 0.3148148148148148 0.5734375 0.3490740740740741 0.5630208333333333 0.3574074074074074 0.55 0.3851851851851852