4 0.043229166666666666 0.9916666666666667 0.0421875 0.9935185185185185 0.04583333333333333 0.9935185185185185 0.043229166666666666 0.9916666666666667
4 0.06354166666666666 0.9824074074074074 0.06302083333333333 0.9851851851851852 0.06354166666666666 0.9824074074074074
4 0.8203125 0.9833333333333333 0.8197916666666667 0.9935185185185185 0.8234375 0.9981481481481481 0.846875 0.9981481481481481 0.8546875 0.9944444444444445 0.8739583333333333 0.9981481481481481 0.9010416666666666 0.9962962962962963 0.9052083333333333 0.9935185185185185 0.89375 0.9574074074074074 0.8869791666666667 0.9481481481481482 0.8760416666666667 0.9416666666666667 0.8484375 0.9435185185185185 0.8447916666666667 0.9462962962962963 0.8411458333333334 0.9555555555555556 0.8270833333333333 0.9694444444444444 0.8239583333333333 0.9796296296296296 0.8203125 0.9833333333333333
4 0.4895833333333333 0.987037037037037 0.48802083333333335 0.9935185185185185 0.49114583333333334 0.9962962962962963 0.6666666666666666 0.9935185185185185 0.7072916666666667 0.9981481481481481 0.7317708333333334 0.9935185185185185 0.75 0.975925925925926 0.7619791666666667 0.9546296296296296 0.7666666666666667 0.9527777777777777 0.7848958333333333 0.9305555555555556 0.7932291666666667 0.9259259259259259 0.7953125 0.9212962962962963 0.8046875 0.9138888888888889 0.8223958333333333 0.8851851851851852 0.8265625 0.862037037037037 0.8244791666666667 0.8277777777777777 0.8140625 0.8 0.8109375 0.7851851851851852 0.7984375 0.7638888888888888 0.7911458333333333 0.7601851851851852 0.775 0.7601851851851852 0.7520833333333333 0.7712962962962963 0.7328125 0.774074074074074 0.7197916666666667 0.7824074074074074 0.7140625 0.7935185185185185 0.6953125 0.8101851851851852 0.6802083333333333 0.8342592592592593 0.6755208333333333 0.837037037037037 0.6739583333333333 0.8416666666666667 0.6666666666666666 0.850925925925926 0.6640625 0.850925925925926 0.6625 0.8555555555555555 0.6098958333333333 0.8759259259259259 0.5880208333333333 0.8935185185185185 0.5697916666666667 0.9027777777777778 0.5661458333333333 0.9074074074074074 0.5625 0.9074074074074074 0.553125 0.9166666666666666 0.5390625 0.9231481481481482 0.5203125 0.9481481481481482 0.5151041666666667 0.950925925925926 0.4979166666666667 0.9824074074074074 0.4895833333333333 0.987037037037037
4 0.9869791666666666 0.32685185185185184 0.9869791666666666 0.33425925925925926 0.984375 0.3398148148148148 0.9864583333333333 0.3435185185185185 0.9895833333333334 0.3351851851851852 0.9911458333333333 0.337037037037037 0.9911458333333333 0.3435185185185185 0.99375 0.3416666666666667 0.9947916666666666 0.337037037037037 0.9880208333333333 0.3333333333333333 0.9869791666666666 0.32685185185185184
4 0.9833333333333333 0.2814814814814815 0.9833333333333333 0.2851851851851852 0.9875 0.28888888888888886 0.9901041666666667 0.2824074074074074 0.99375 0.28703703703703703 0.9947916666666666 0.28425925925925927 0.9885416666666667 0.28055555555555556 0.9875 0.2759259259259259 0.9833333333333333 0.2814814814814815
4 0.9869791666666666 0.23796296296296296 0.9875 0.26944444444444443 0.9911458333333333 0.2638888888888889 0.9932291666666667 0.25555555555555554 0.9911458333333333 0.25092592592592594 0.9932291666666667 0.24351851851851852 0.9880208333333333 0.2351851851851852 0.9869791666666666 0.23796296296296296
4 0.9963541666666667 0.030555555555555555 0.99375 0.030555555555555555 0.99375 0.03518518518518519 0.9994791666666667 0.03425925925925926 0.9963541666666667 0.030555555555555555
4 0.9859375 0.030555555555555555 0.9848958333333333 0.032407407407407406 0.9875 0.03518518518518519 0.9875 0.030555555555555555 0.9859375 0.030555555555555555
4 0.9958333333333333 0.025 0.9942708333333333 0.025925925925925925 0.9994791666666667 0.025925925925925925 0.9958333333333333 0.025
4 0.9859375 0.012037037037037037 0.98125 0.013888888888888888 0.9848958333333333 0.013888888888888888 0.9848958333333333 0.016666666666666666 0.99375 0.014814814814814815 0.9859375 0.012037037037037037
4 0.0203125 0.1824074074074074 0.016145833333333335 0.2074074074074074 0.008854166666666666 0.22314814814814815 0.0015625 0.25 0 0.25092592592592594 0 0.42592592592592593 0.003125 0.43148148148148147 0.005729166666666666 0.44351851851851853 0.004166666666666667 0.44814814814814813 0 0.45092592592592595 0 0.4888888888888889 0.0015625 0.4898148148148148 0 0.4935185185185185 0 0.5101851851851852 0.0015625 0.5111111111111111 0.0015625 0.5157407407407407 0 0.5166666666666667 0 0.5712962962962963 0.0020833333333333333 0.5731481481481482 0.0015625 0.5842592592592593 0 0.5851851851851851 0 0.7435185185185185 0.005729166666666666 0.7509259259259259 0.0140625 0.7555555555555555 0.03125 0.7527777777777778 0.040625 0.7444444444444445 0.0484375 0.7416666666666667 0.05260416666666667 0.7351851851851852 0.06145833333333333 0.7324074074074074 0.07135416666666666 0.7231481481481481 0.08333333333333333 0.7166666666666667 0.09270833333333334 0.7055555555555556 0.09375 0.6981481481481482 0.0984375 0.6916666666666667 0.10052083333333334 0.6768518518518518 0.10677083333333333 0.6694444444444444 0.12708333333333333 0.6574074074074074 0.14114583333333333 0.6527777777777778 0.14427083333333332 0.6481481481481481 0.14739583333333334 0.6481481481481481 0.15833333333333333 0.6388888888888888 0.18125 0.6324074074074074 0.19375 0.6212962962962963 0.20572916666666666 0.6166666666666667 0.24270833333333333 0.575925925925926 0.26666666666666666 0.5351851851851852 0.2942708333333333 0.4638888888888889 0.2984375 0.45925925925925926 0.30104166666666665 0.44907407407407407 0.30666666666666664 0.43907407407407406 0.33125 0.39814814814814814 0.3494791666666667 0.3574074074074074 0.35625 0.337037037037037 0.4036458333333333 0.2638888888888889 0.4296875 0.23055555555555557 0.43645833333333334 0.21666666666666667 0.43854166666666666 0.19814814814814816 0.4427083333333333 0.18981481481481483 0.4515625 0.18055555555555555 0.47604166666666664 0.1648148148148148 0.48541666666666666 0.1638888888888889 0.5026041666666666 0.17777777777777778 0.5192708333333333 0.2222222222222222 0.5260416666666666 0.23425925925925925 0.5489583333333333 0.25092592592592594 0.5671875 0.25092592592592594 0.5848958333333333 0.21666666666666667 0.5875 0.19444444444444445 0.5869791666666667 0.1527777777777778 0.5953125 0.13425925925925927 0.6 0.11388888888888889 0.5989583333333334 0.0787037037037037 0.6015625 0.0712962962962963 0.6020833333333333 0.05092592592592592 0.6 0.002777777777777778 0.5984375 0 0.5802083333333333 0 0.5776041666666667 0.005555555555555556 0.5734375 0.007407407407407408 0.5635416666666667 0 0.51875 0 0.515625 0.002777777777777778 0.5119791666666667 0 0.40625 0 0.4005208333333333 0.002777777777777778 0.38958333333333334 0 0.34270833333333334 0 0.32916666666666666 0.002777777777777778 0.3 0.000925925925925926 0.2786458333333333 0.004629629629629629 0.21458333333333332 0.002777777777777778 0.2078125 0.005555555555555556 0.19427083333333334 0.002777777777777778 0.19270833333333334 0 0.1890625 0.002777777777777778 0.184375 0 0.16510416666666666 0 0.16197916666666667 0.002777777777777778 0.11145833333333334 0 0.09895833333333333 0.013888888888888888 0.0890625 0.016666666666666666 0.08072916666666667 0.023148148148148147 0.07604166666666666 0.037037037037037035 0.07291666666666667 0.06666666666666667 0.06770833333333333 0.07314814814814814 0.052083333333333336 0.1037037037037037 0.0421875 0.13055555555555556 0.0375 0.13796296296296295 0.034375 0.1527777777777778 0.03125 0.1574074074074074 0.03125 0.16203703703703703 0.0203125 0.1824074074074074
1 0.7807291666666667 0.8166666666666667 0.7744791666666667 0.8166666666666667 0.7744791666666667 0.8203703703703704 0.7796875 0.8212962962962963 0.7807291666666667 0.8166666666666667
1 0.4822916666666667 0.5518518518518518 0.4817708333333333 0.5805555555555556 0.4942708333333333 0.6342592592592593 0.49895833333333334 0.6435185185185185 0.5083333333333333 0.675 0.5182291666666666 0.6944444444444444 0.5369791666666667 0.7416666666666667 0.55625 0.7759259259259259 0.5619791666666667 0.7814814814814814 0.5671875 0.7944444444444444 0.5755208333333334 0.8074074074074075 0.6208333333333333 0.8546296296296296 0.6322916666666667 0.8574074074074074 0.6557291666666667 0.85 0.6671875 0.8416666666666667 0.6838541666666667 0.8157407407407408 0.7010416666666667 0.7981481481481482 0.7197916666666667 0.7712962962962963 0.7270833333333333 0.7666666666666667 0.7552083333333334 0.7620370370370371 0.7770833333333333 0.7527777777777778 0.79375 0.7527777777777778 0.8057291666666667 0.7601851851851852 0.8109375 0.7694444444444445 0.8244791666666667 0.812037037037037 0.8307291666666666 0.8240740740740741 0.83125 0.8296296296296296 0.8354166666666667 0.8296296296296296 0.8359375 0.8342592592592593 0.8328125 0.837037037037037 0.83125 0.8759259259259259 0.8234375 0.899074074074074 0.8125 0.9120370370370371 0.8036458333333333 0.9268518518518518 0.7822916666666667 0.9444444444444444 0.7796875 0.9555555555555556 0.7828125 0.962037037037037 0.7958333333333333 0.9712962962962963 0.8135416666666667 0.9777777777777777 0.8260416666666667 0.9601851851851851 0.83125 0.9574074074074074 0.8442708333333333 0.937037037037037 0.8536458333333333 0.9324074074074075 0.8697916666666666 0.9324074074074075 0.88125 0.9351851851851852 0.8927083333333333 0.9435185185185185 0.8984375 0.9527777777777777 0.90625 0.9814814814814815 0.9140625 0.9962962962962963 0.9802083333333333 0.9981481481481481 0.9994791666666667 0.9935185185185185 0.9994791666666667 0.9388888888888889 0.9973958333333334 0.937962962962963 0.9973958333333334 0.9333333333333333 0.9994791666666667 0.9324074074074075 0.9994791666666667 0.6694444444444444 0.9973958333333334 0.6675925925925926 0.9973958333333334 0.6620370370370371 0.99375 0.6509259259259259 0.9958333333333333 0.6462962962962963 0.9953125 0.6425925925925926 0.9994791666666667 0.6398148148148148 0.9994791666666667 0.4444444444444444 0.9927083333333333 0.4305555555555556 0.9901041666666667 0.4305555555555556 0.9817708333333334 0.4148148148148148 0.9755208333333333 0.4 0.9760416666666667 0.3962962962962963 0.9739583333333334 0.38981481481481484 0.9635416666666666 0.3888888888888889 0.9619791666666667 0.3861111111111111 0.9635416666666666 0.3824074074074074 0.9619791666666667 0.37592592592592594 0.9567708333333333 0.3731481481481482 0.9541666666666667 0.3685185185185185 0.9552083333333333 0.36203703703703705 0.953125 0.35833333333333334 0.9536458333333333 0.3527777777777778 0.9505208333333334 0.34814814814814815 0.9479166666666666 0.32407407407407407 0.9447916666666667 0.31666666666666665 0.9442708333333333 0.3101851851851852 0.9395833333333333 0.30277777777777776 0.9359375 0.2898148148148148 0.9364583333333333 0.28425925925925927 0.9296875 0.27314814814814814 0.9192708333333334 0.2638888888888889 0.9182291666666667 0.2601851851851852 0.9078125 0.25925925925925924 0.8979166666666667 0.25092592592592594 0.8869791666666667 0.25092592592592594 0.8854166666666666 0.2462962962962963 0.8708333333333333 0.23981481481481481 0.8307291666666666 0.24351851851851852 0.8052083333333333 0.23981481481481481 0.74375 0.24351851851851852 0.7229166666666667 0.24166666666666667 0.7197916666666667 0.2388888888888889 0.7026041666666667 0.2388888888888889 0.7 0.24166666666666667 0.68125 0.2388888888888889 0.6713541666666667 0.2462962962962963 0.6645833333333333 0.24444444444444444 0.6604166666666667 0.24814814814814815 0.6598958333333333 0.2574074074074074 0.6614583333333334 0.26296296296296295 0.6598958333333333 0.26851851851851855 0.6651041666666667 0.275 0.6625 0.27870370370370373 0.6640625 0.2814814814814815 0.6619791666666667 0.2851851851851852 0.6572916666666667 0.2851851851851852 0.65 0.27685185185185185 0.6473958333333333 0.2601851851851852 0.64375 0.262037037037037 0.640625 0.25555555555555554 0.6260416666666667 0.2574074074074074 0.61875 0.2638888888888889 0.6171875 0.2759259259259259 0.6083333333333333 0.2824074074074074 0.6057291666666667 0.28888888888888886 0.6052083333333333 0.3074074074074074 0.5973958333333333 0.3074074074074074 0.5880208333333333 0.3138888888888889 0.5895833333333333 0.31666666666666665 0.5859375 0.32314814814814813 0.58125 0.32592592592592595 0.5796875 0.33055555555555555 0.5703125 0.33425925925925926 0.5536458333333333 0.31851851851851853 0.5526041666666667 0.3212962962962963 0.5567708333333333 0.3277777777777778 0.5546875 0.33425925925925926 0.5578125 0.33796296296296297 0.5578125 0.34444444444444444 0.5526041666666667 0.35555555555555557 0.5473958333333333 0.37592592592592594 0.5442708333333334 0.38055555555555554 0.534375 0.41203703703703703 0.5270833333333333 0.42592592592592593 0.5041666666666667 0.48703703703703705 0.5005208333333333 0.49166666666666664 0.4822916666666667 0.5518518518518518
3 0.8197916666666667 0.9824074074074074 0.8197916666666667 0.9981481481481481 0.90625 0.9962962962962963 0.9057291666666667 0.9898148148148148 0.9015625 0.9814814814814815 0.8979166666666667 0.9648148148148148 0.89375 0.9555555555555556 0.8854166666666666 0.9444444444444444 0.8744791666666667 0.9398148148148148 0.8552083333333333 0.9388888888888889 0.8447916666666667 0.9435185185185185 0.825 0.9694444444444444 0.8197916666666667 0.9824074074074074
3 0.5328125 0.9296296296296296 0.5223958333333333 0.9462962962962963 0.5130208333333334 0.9555555555555556 0.5010416666666667 0.9796296296296296 0.4828125 0.9935185185185185 0.4828125 0.9981481481481481 0.5557291666666667 0.9981481481481481 0.5692708333333333 0.9944444444444445 0.5927083333333333 0.9981481481481481 0.625 0.9944444444444445 0.6364583333333333 0.9981481481481481 0.7432291666666667 0.9981481481481481 0.7453125 0.9916666666666667 0.7484375 0.9916666666666667 0.746875 0.9962962962962963 0.7479166666666667 0.9981481481481481 0.7505208333333333 0.9944444444444445 0.7557291666666667 0.9981481481481481 0.7619791666666667 0.9916666666666667 0.76875 0.9981481481481481 0.7713541666666667 0.9907407407407407 0.7770833333333333 0.9962962962962963 0.7890625 0.9981481481481481 0.7973958333333333 0.9916666666666667 0.796875 0.9879629629629629 0.7890625 0.9796296296296296 0.7807291666666667 0.9805555555555555 0.7760416666666666 0.9916666666666667 0.7677083333333333 0.9888888888888889 0.7645833333333333 0.9842592592592593 0.7619791666666667 0.9842592592592593 0.7578125 0.9916666666666667 0.7447916666666666 0.9907407407407407 0.7442708333333333 0.987037037037037 0.7520833333333333 0.9796296296296296 0.7541666666666667 0.9703703703703703 0.7583333333333333 0.9666666666666667 0.7625 0.9555555555555556 0.7661458333333333 0.9546296296296296 0.7692708333333333 0.9490740740740741 0.7729166666666667 0.9481481481481482 0.7890625 0.9305555555555556 0.7916666666666666 0.9305555555555556 0.8041666666666667 0.9185185185185185 0.8135416666666667 0.9027777777777778 0.8171875 0.9009259259259259 0.8244791666666667 0.8851851851851852 0.8276041666666667 0.8712962962962963 0.8286458333333333 0.8555555555555555 0.8244791666666667 0.8231481481481482 0.8177083333333334 0.8009259259259259 0.8140625 0.7944444444444444 0.8104166666666667 0.7777777777777778 0.8 0.7620370370370371 0.7911458333333333 0.7574074074074074 0.7786458333333334 0.7574074074074074 0.7541666666666667 0.7685185185185185 0.7369791666666666 0.7694444444444445 0.7255208333333333 0.774074074074074 0.71875 0.7805555555555556 0.7052083333333333 0.8009259259259259 0.69375 0.8101851851851852 0.6682291666666667 0.8481481481481481 0.6609375 0.8555555555555555 0.6375 0.862037037037037 0.6171875 0.8759259259259259 0.6125 0.8759259259259259 0.5328125 0.9296296296296296
3 0.3458333333333333 0.4842592592592593 0.34479166666666666 0.48703703703703705 0.3484375 0.48703703703703705 0.3458333333333333 0.4842592592592593
3 0.01875 0.18981481481481483 0.016145833333333335 0.2064814814814815 0 0.25092592592592594 0 0.42777777777777776 0.008333333333333333 0.4444444444444444 0 0.45092592592592595 0 0.4935185185185185 0.0046875 0.49722222222222223 0.004166666666666667 0.5166666666666667 0.0026041666666666665 0.5222222222222223 0 0.5231481481481481 0 0.7462962962962963 0.005208333333333333 0.7435185185185185 0.013020833333333334 0.7481481481481481 0.028645833333333332 0.75 0.03958333333333333 0.7388888888888889 0.06354166666666666 0.7277777777777777 0.0796875 0.7138888888888889 0.0859375 0.7046296296296296 0.08697916666666666 0.6925925925925925 0.09114583333333333 0.6777777777777778 0.0953125 0.6712962962962963 0.10572916666666667 0.6685185185185185 0.12552083333333333 0.6555555555555556 0.13489583333333333 0.6527777777777778 0.15052083333333333 0.6398148148148148 0.1859375 0.6277777777777778 0.209375 0.612037037037037 0.23489583333333333 0.5842592592592593 0.26614583333333336 0.5324074074074074 0.29322916666666665 0.4638888888888889 0.31354166666666666 0.42592592592592593 0.32916666666666666 0.4027777777777778 0.36354166666666665 0.32314814814814813 0.4 0.26851851851851855 0.42916666666666664 0.23055555555555557 0.4359375 0.21666666666666667 0.43802083333333336 0.1962962962962963 0.44375 0.18518518518518517 0.45625 0.17777777777777778 0.46458333333333335 0.16944444444444445 0.47708333333333336 0.1638888888888889 0.4859375 0.1638888888888889 0.503125 0.17777777777777778 0.5098958333333333 0.19166666666666668 0.5130208333333334 0.20462962962962963 0.5182291666666666 0.21388888888888888 0.5208333333333334 0.22314814814814815 0.5270833333333333 0.23425925925925925 0.5453125 0.24814814814814815 0.5598958333333334 0.25277777777777777 0.5671875 0.25092592592592594 0.5744791666666667 0.2388888888888889 0.5859375 0.21203703703703702 0.5880208333333333 0.19444444444444445 0.5869791666666667 0.1537037037037037 0.5890625 0.14444444444444443 0.596875 0.12962962962962962 0.6 0.11388888888888889 0.6010416666666667 0.08888888888888889 0.5989583333333334 0.07777777777777778 0.6015625 0.0712962962962963 0.603125 0.05740740740740741 0.6 0.022222222222222223 0.6 0.002777777777777778 0.5989583333333334 0 0.5771989583333333 0 0.5760416666666667 0.002777777777777778 0.5744791666666667 0 0.5697916666666667 0.005555555555555556 0.5666666666666667 0 0.2864583333333333 0 0.2760416666666667 0.002777777777777778 0.27239583333333334 0 0.21354166666666666 0 0.2125 0.002777777777777778 0.20416666666666666 0.002777777777777778 0.20208333333333334 0 0.10833333333333334 0 0.1046875 0.009259259259259259 0.08697916666666666 0.016666666666666666 0.08020833333333334 0.024074074074074074 0.07552083333333333 0.03981481481481482 0.07291666666666667 0.06666666666666667 0.0640625 0.07962962962962963 0.052083333333333336 0.1037037037037037 0.03802083333333333 0.13796296296296295 0.029166666666666667 0.16666666666666666 0.01875 0.18981481481481483