4 0.6015625 0.7305555555555555 0.6020833333333333 0.7638888888888888 0.6135416666666667 0.7731481481481481 0.6140625 0.7916666666666666 0.6192708333333333 0.8 0.625 0.8027777777777778 0.6244791666666667 0.8101851851851852 0.6213541666666667 0.8148148148148148 0.61875 0.825 0.61875 0.8314814814814815 0.6296875 0.85 0.6348958333333333 0.8527777777777777 0.6364583333333333 0.8564814814814815 0.6359375 0.862037037037037 0.6473958333333333 0.8722222222222222 0.65625 0.8870370370370371 0.6567708333333333 0.8916666666666667 0.6635416666666667 0.9009259259259259 0.6901041666666666 0.9101851851851852 0.7 0.9166666666666666 0.7109375 0.9185185185185185 0.728125 0.9277777777777778 0.7317708333333334 0.9324074074074075 0.7421875 0.962037037037037 0.7635416666666667 0.9935185185185185 0.8244791666666667 0.9935185185185185 0.8385416666666666 0.9712962962962963 0.8541666666666666 0.9527777777777777 0.8713541666666667 0.9231481481481482 0.88125 0.9166666666666666 0.8890625 0.9027777777777778 0.8994791666666667 0.8962962962962963 0.9010416666666666 0.8851851851851852 0.9046875 0.8796296296296297 0.9046875 0.8759259259259259 0.9041666666666667 0.8685185185185185 0.8994791666666667 0.8564814814814815 0.8989583333333333 0.8379629629629629 0.90625 0.8101851851851852 0.9083333333333333 0.7898148148148149 0.9114583333333334 0.7842592592592592 0.9125 0.774074074074074 0.915625 0.7685185185185185 0.9182291666666667 0.7527777777777778 0.9203125 0.7342592592592593 0.9182291666666667 0.7138888888888889 0.91875 0.687962962962963 0.9229166666666667 0.675 0.9265625 0.65 0.9286458333333333 0.6462962962962963 0.9307291666666667 0.6222222222222222 0.940625 0.5805555555555556 0.940625 0.5712962962962963 0.9354166666666667 0.5527777777777778 0.9302083333333333 0.5398148148148149 0.925 0.5324074074074074 0.9182291666666667 0.5138888888888888 0.9036458333333334 0.49166666666666664 0.8765625 0.4601851851851852 0.8729166666666667 0.4527777777777778 0.8729166666666667 0.44814814814814813 0.8630208333333333 0.4351851851851852 0.8583333333333333 0.4203703703703704 0.859375 0.4185185185185185 0.8489583333333334 0.4046296296296296 0.8453125 0.38981481481481484 0.85 0.38055555555555554 0.8515625 0.3490740740740741 0.8494791666666667 0.32407407407407407 0.8432291666666667 0.29814814814814816 0.8354166666666667 0.2759259259259259 0.8203125 0.2462962962962963 0.81875 0.2388888888888889 0.8015625 0.21203703703703702 0.8010416666666667 0.19907407407407407 0.7875 0.19074074074074074 0.7869791666666667 0.1837962962962963 0.7854166666666667 0.1824074074074074 0.7875 0.17777777777777778 0.7817708333333333 0.18611111111111112 0.7802083333333333 0.19444444444444445 0.7546875 0.19166666666666668 0.73125 0.20277777777777778 0.7125 0.2222222222222222 0.6890625 0.2601851851851852 0.6822916666666666 0.29259259259259257 0.6833333333333333 0.3111111111111111 0.6864583333333333 0.3212962962962963 0.6864583333333333 0.3425925925925926 0.6895833333333333 0.3648148148148148 0.6875 0.37962962962962965 0.6885416666666667 0.3861111111111111 0.6984375 0.4027777777777778 0.6994791666666667 0.4101851851851852 0.7036458333333333 0.4185185185185185 0.7041666666666667 0.44537037037037036 0.7067708333333333 0.4638888888888889 0.7104166666666667 0.47314814814814815 0.7104166666666667 0.47962962962962963 0.6953125 0.5009259259259259 0.68125 0.5277777777777778 0.6755208333333333 0.5444444444444444 0.6739583333333333 0.5574074074074075 0.6692708333333334 0.5648148148148148 0.665625 0.5777777777777777 0.659375 0.5907407407407408 0.6526041666666667 0.600925925925926 0.6432291666666666 0.6296296296296297 0.6395833333333333 0.6361111111111111 0.6369791666666667 0.6509259259259259 0.6364583333333333 0.6685185185185185 0.63125 0.6851851851851852 0.6166666666666667 0.7074074074074074 0.6067708333333334 0.7185185185185186 0.6015625 0.7305555555555555
4 0.9453125 0.5777777777777777 0.940625 0.6 0.9375 0.6064814814814815 0.9229166666666667 0.6916666666666667 0.9229166666666667 0.7074074074074074 0.925 0.712037037037037 0.9255208333333333 0.7296296296296296 0.9223958333333333 0.75 0.91875 0.7601851851851852 0.9171875 0.774074074074074 0.9125 0.7851851851851852 0.9098958333333333 0.812962962962963 0.9015625 0.8398148148148148 0.9026041666666667 0.8527777777777777 0.9125 0.8731481481481481 0.9130208333333333 0.8898148148148148 0.9109375 0.8935185185185185 0.9083333333333333 0.8935185185185185 0.9052083333333333 0.9009259259259259 0.9 0.9009259259259259 0.8932291666666666 0.9055555555555556 0.8828125 0.9212962962962963 0.8729166666666667 0.9277777777777778 0.859375 0.950925925925926 0.8442708333333333 0.9694444444444444 0.8421875 0.975 0.8395833333333333 0.975925925925926 0.8328125 0.9898148148148148 0.8338541666666667 0.9944444444444445 0.9276041666666667 0.9981481481481481 0.9453125 0.9935185185185185 0.9489583333333333 0.9962962962962963 0.9994791666666667 0.9944444444444445 0.9994791666666667 0.4842592592592593 0.9973958333333334 0.4824074074074074 0.9973958333333334 0.4759259259259259 0.9942708333333333 0.46944444444444444 0.9875 0.4740740740740741 0.9703125 0.49444444444444446 0.9453125 0.5777777777777777
4 0.9265625 0.09444444444444444 0.925 0.13240740740740742 0.9260416666666667 0.15092592592592594 0.9307291666666667 0.16203703703703703 0.9364583333333333 0.18981481481481483 0.9375 0.20462962962962963 0.946875 0.22592592592592592 0.9489583333333333 0.23703703703703705 0.9453125 0.24814814814814815 0.9390625 0.31203703703703706 0.9395833333333333 0.33240740740740743 0.9442708333333333 0.3592592592592593 0.9578125 0.3990740740740741 0.9661458333333334 0.4166666666666667 0.9760416666666667 0.42962962962962964 0.984375 0.43425925925925923 0.9875 0.4388888888888889 0.9916666666666667 0.4388888888888889 0.9942708333333333 0.44351851851851853 0.9994791666666667 0.4388888888888889 0.9994791666666667 0.41388888888888886 0.9973958333333334 0.4111111111111111 0.9994791666666667 0.3685185185185185 0.9973958333333334 0.36666666666666664 0.9963541666666667 0.3416666666666667 0.9973958333333334 0.3194444444444444 0.9994791666666667 0.31666666666666665 0.9994791666666667 0.04814814814814815 0.9973958333333334 0.04537037037037037 0.9973958333333334 0.03796296296296296 0.9994791666666667 0.037037037037037035 0.9994791666666667 0.004629629629629629 0.9953125 0 0.9848958333333333 0 0.9802083333333333 0.002777777777777778 0.9447916666666667 0 0.9416666666666667 0.007407407407407408 0.9359375 0.04351851851851852 0.9307291666666667 0.062037037037037036 0.9265625 0.09444444444444444
4 0.2125 0.9555555555555556 0.20833333333333334 0.9851851851851852 0.20833333333333334 0.9916666666666667 0.2125 0.9962962962962963 0.40625 0.9962962962962963 0.446875 0.9935185185185185 0.45625 0.9731481481481481 0.46041666666666664 0.9703703703703703 0.459375 0.9657407407407408 0.4625 0.9592592592592593 0.4625 0.950925925925926 0.4791666666666667 0.9138888888888889 0.4822916666666667 0.8898148148148148 0.484375 0.8870370370370371 0.48333333333333334 0.8814814814814815 0.4875 0.8712962962962963 0.4875 0.8583333333333333 0.49375 0.8379629629629629 0.5046875 0.8277777777777777 0.5119791666666667 0.8138888888888889 0.5234375 0.8009259259259259 0.5276041666666667 0.7916666666666666 0.5333333333333333 0.7870370370370371 0.5416666666666666 0.7916666666666666 0.5447916666666667 0.7962962962962963 0.559375 0.7981481481481482 0.565625 0.8009259259259259 0.5703125 0.8074074074074075 0.5807291666666666 0.8092592592592592 0.5854166666666667 0.8092592592592592 0.5901041666666667 0.8009259259259259 0.5947916666666667 0.7981481481481482 0.5984375 0.7898148148148149 0.5994791666666667 0.7796296296296297 0.5989583333333334 0.7185185185185186 0.5859375 0.6944444444444444 0.5760416666666667 0.6851851851851852 0.571875 0.6768518518518518 0.56875 0.6601851851851852 0.5625 0.6425925925925926 0.5619791666666667 0.6361111111111111 0.5640625 0.625 0.5625 0.6138888888888889 0.5588541666666667 0.6092592592592593 0.5489583333333333 0.5694444444444444 0.5385416666666667 0.5388888888888889 0.5375 0.5305555555555556 0.53125 0.5194444444444445 0.5255208333333333 0.5166666666666667 0.5208333333333334 0.5037037037037037 0.5182291666666666 0.47962962962962963 0.5145833333333333 0.47314814814814815 0.5296875 0.44722222222222224 0.534375 0.4351851851851852 0.5375 0.4185185185185185 0.5427083333333333 0.4111111111111111 0.5453125 0.4009259259259259 0.55 0.39351851851851855 0.5541666666666667 0.39166666666666666 0.5625 0.375 0.5635416666666667 0.3648148148148148 0.5697916666666667 0.3435185185185185 0.5869791666666667 0.3101851851851852 0.5901041666666667 0.28888888888888886 0.5885416666666666 0.2574074074074074 0.5854166666666667 0.24351851851851852 0.5739583333333333 0.22314814814814815 0.5671875 0.21481481481481482 0.5567708333333333 0.2074074074074074 0.5479166666666667 0.19166666666666668 0.5333333333333333 0.1824074074074074 0.5078125 0.18055555555555555 0.5010416666666667 0.18518518518518517 0.48020833333333335 0.18518518518518517 0.47291666666666665 0.19814814814814816 0.44427083333333334 0.21666666666666667 0.4359375 0.23055555555555557 0.4317708333333333 0.2324074074074074 0.43020833333333336 0.23703703703703705 0.4239583333333333 0.23981481481481481 0.425 0.25462962962962965 0.4317708333333333 0.26481481481481484 0.4317708333333333 0.2712962962962963 0.42916666666666664 0.28888888888888886 0.41875 0.30092592592592593 0.41770833333333335 0.3055555555555556 0.3953125 0.31203703703703706 0.38958333333333334 0.32314814814814813 0.38125 0.32407407407407407 0.36875 0.33055555555555555 0.3484375 0.36203703703703705 0.3380208333333333 0.3731481481481482 0.31875 0.4083333333333333 0.30625 0.43796296296296294 0.3 0.4583333333333333 0.29375 0.49444444444444446 0.290625 0.525 0.2838541666666667 0.5481481481481482 0.2796875 0.575925925925926 0.2765625 0.5824074074074074 0.26875 0.6129629629629629 0.26614583333333336 0.65 0.2557291666666667 0.6722222222222223 0.25625 0.7129629629629629 0.2484375 0.8046296296296296 0.23958333333333334 0.8388888888888889 0.23541666666666666 0.8675925925925926 0.22447916666666667 0.9037037037037037 0.2171875 0.9435185185185185 0.2125 0.9555555555555556
4 0.5833333333333334 0.39444444444444443 0.5833333333333334 0.4074074074074074 0.6229166666666667 0.42777777777777776 0.64375 0.4351851851851852 0.6473958333333333 0.4324074074074074 0.6432291666666666 0.4027777777777778 0.6369791666666667 0.37777777777777777 0.6302083333333334 0.3648148148148148 0.6223958333333334 0.3574074074074074 0.6119791666666666 0.3574074074074074 0.5947916666666667 0.36666666666666664 0.5833333333333334 0.39444444444444443
1 0.4947916666666667 0.8583333333333333 0.49583333333333335 0.8731481481481481 0.4979166666666667 0.8796296296296297 0.4953125 0.8898148148148148 0.4973958333333333 0.8935185185185185 0.4984375 0.9046296296296297 0.4953125 0.9064814814814814 0.4942708333333333 0.9166666666666666 0.4984375 0.9212962962962963 0.49114583333333334 0.925 0.5036458333333333 0.9305555555555556 0.5041666666666667 0.9277777777777778 0.5125 0.9277777777777778 0.5182291666666666 0.9231481481481482 0.5234375 0.925 0.525 0.9212962962962963 0.5307291666666667 0.9212962962962963 0.5317708333333333 0.9185185185185185 0.5354166666666667 0.9185185185185185 0.5385416666666667 0.9120370370370371 0.5432291666666667 0.9120370370370371 0.5489583333333333 0.9074074074074074 0.5609375 0.9101851851851852 0.5796875 0.9194444444444444 0.5875 0.9351851851851852 0.590625 0.9361111111111111 0.5973958333333333 0.9462962962962963 0.6015625 0.962037037037037 0.6234375 0.9731481481481481 0.6270833333333333 0.9731481481481481 0.6317708333333333 0.9592592592592593 0.63125 0.9564814814814815 0.6348958333333333 0.9527777777777777 0.6348958333333333 0.9444444444444444 0.6395833333333333 0.9398148148148148 0.6609375 0.9305555555555556 0.6729166666666667 0.9324074074074075 0.69375 0.9185185185185185 0.6885416666666667 0.9138888888888889 0.6744791666666666 0.9101851851851852 0.6723958333333333 0.9074074074074074 0.665625 0.9074074074074074 0.6614583333333334 0.9027777777777778 0.6583333333333333 0.9027777777777778 0.65 0.8851851851851852 0.6352432291666666 0.8851851851851852 0.6375 0.8740740740740741 0.6354166666666666 0.8712962962962963 0.6346354166666667 0.8759259259259259 0.63125 0.8759259259259259 0.6286458333333333 0.8685185185185185 0.6286458333333333 0.8574074074074074 0.6255208333333333 0.8481481481481481 0.6229166666666667 0.8416666666666667 0.6197916666666666 0.8416666666666667 0.6145833333333334 0.8342592592592593 0.6145833333333334 0.8268518518518518 0.6197916666666666 0.8138888888888889 0.6203125 0.8074074074074075 0.6125 0.7962962962962963 0.609375 0.7870370370370371 0.6015625 0.7870370370370371 0.5979166666666667 0.8 0.59375 0.8027777777777778 0.5848958333333333 0.8185185185185185 0.5697916666666667 0.8185185185185185 0.5671875 0.8138888888888889 0.5635416666666667 0.8138888888888889 0.5604166666666667 0.8074074074074075 0.5442708333333334 0.8055555555555556 0.5364583333333334 0.7962962962962963 0.5302083333333333 0.7962962962962963 0.5083333333333333 0.8287037037037037 0.4947916666666667 0.8583333333333333
1 0.6380208333333334 0.7962962962962963 0.6364583333333333 0.8027777777777778 0.6458333333333334 0.8101851851851852 0.6578125 0.8138888888888889 0.6723958333333333 0.8138888888888889 0.675 0.8027777777777778 0.6807291666666667 0.7935185185185185 0.6807291666666667 0.7888888888888889 0.6776041666666667 0.7870370370370371 0.6734375 0.7944444444444444 0.6697916666666667 0.7962962962962963 0.6619791666666667 0.7814814814814814 0.6583333333333333 0.7777777777777778 0.6515625 0.7777777777777778 0.6427083333333333 0.7925925925925926 0.6380208333333334 0.7962962962962963
1 0.6052083333333333 0.7759259259259259 0.6057291666666667 0.7796296296296297 0.6052083333333333 0.7759259259259259
1 0.5630208333333333 0.8361111111111111 0.5604166666666667 0.8435185185185186 0.5604166666666667 0.85 0.5666666666666667 0.8574074074074074 0.5703125 0.8592592592592593 0.5744791666666667 0.8546296296296296 0.5776041666666667 0.8601851851851852 0.5786458333333333 0.8648148148148148 0.5770833333333333 0.8685185185185185 0.5770833333333333 0.8805555555555555 0.5833333333333334 0.9027777777777778 0.5864583333333333 0.9064814814814814 0.5973958333333333 0.9324074074074075 0.6010416666666667 0.9592592592592593 0.6046875 0.962037037037037 0.6125 0.962037037037037 0.6161458333333333 0.9555555555555556 0.6229166666666667 0.9527777777777777 0.6302083333333334 0.9351851851851852 0.6270833333333333 0.9259259259259259 0.6244791666666667 0.8962962962962963 0.6203125 0.8888888888888888 0.6213541666666667 0.8824074074074074 0.625 0.8759259259259259 0.6265625 0.8555555555555555 0.6223958333333334 0.8444444444444444 0.6135416666666667 0.8416666666666667 0.6109375 0.837037037037037 0.6145833333333334 0.8212962962962963 0.6182291666666667 0.8148148148148148 0.6182291666666667 0.8101851851851852 0.6145833333333334 0.8046296296296296 0.6098958333333333 0.7898148148148149 0.6015625 0.7870370370370371 0.6 0.7962962962962963 0.5901041666666667 0.8092592592592592 0.5848958333333333 0.8212962962962963 0.571875 0.8194444444444444 0.56875 0.8222222222222222 0.565625 0.8333333333333334 0.5630208333333333 0.8361111111111111
3 0.5380208333333333 0.6777777777777778 0.5390625 0.712037037037037 0.5432291666666667 0.7231481481481481 0.5432291666666667 0.7324074074074074 0.5458333333333333 0.7453703703703703 0.5453125 0.7509259259259259 0.5432291666666667 0.7527777777777778 0.5432291666666667 0.7620370370370371 0.5390625 0.7675925925925926 0.5348958333333333 0.7888888888888889 0.5453125 0.8 0.5645833333333333 0.8009259259259259 0.5703125 0.8092592592592592 0.5770833333333333 0.8138888888888889 0.5864583333333333 0.8138888888888889 0.5989583333333334 0.7935185185185185 0.6 0.7212962962962963 0.5984375 0.7148148148148148 0.5958333333333333 0.7129629629629629 0.5848958333333333 0.6916666666666667 0.5755208333333334 0.6851851851851852 0.5734375 0.6805555555555556 0.5635416666666667 0.6842592592592592 0.5510416666666667 0.6759259259259259 0.540625 0.675 0.5380208333333333 0.6777777777777778
3 0.5328125 0.6342592592592593 0.5286458333333334 0.6416666666666667 0.5286458333333334 0.6472222222222223 0.5385416666666667 0.6731481481481482 0.5484375 0.6731481481481482 0.5671875 0.6842592592592592 0.5723958333333333 0.6805555555555556 0.5723958333333333 0.6731481481481482 0.5677083333333334 0.6527777777777778 0.5640625 0.6462962962962963 0.5609375 0.6324074074074074 0.5552083333333333 0.6277777777777778 0.5395833333333333 0.6277777777777778 0.5328125 0.6342592592592593
3 0.6166666666666667 0.8231481481481482 0.6161458333333333 0.8305555555555556 0.6177083333333333 0.8361111111111111 0.6239583333333333 0.8435185185185186 0.6296875 0.8555555555555555 0.63125 0.8638888888888889 0.6510416666666666 0.8842592592592593 0.6598958333333333 0.8981481481481481 0.66875 0.9046296296296297 0.6760416666666667 0.9055555555555556 0.6875 0.9120370370370371 0.7307291666666667 0.925 0.7307291666666667 0.9138888888888889 0.7260416666666667 0.9055555555555556 0.7239583333333334 0.8972222222222223 0.7234375 0.8787037037037037 0.7260416666666667 0.8592592592592593 0.7244791666666667 0.8527777777777777 0.7026041666666667 0.850925925925926 0.69375 0.8435185185185186 0.6911458333333333 0.837037037037037 0.6791666666666667 0.8231481481481482 0.6619791666666667 0.8148148148148148 0.6520833333333333 0.8138888888888889 0.6359375 0.8046296296296296 0.6260416666666667 0.8055555555555556 0.6166666666666667 0.8231481481481482
3 0.5729166666666666 0.6833333333333333 0.5723958333333333 0.6925925925925925 0.5755208333333334 0.7046296296296296 0.575 0.725925925925926 0.5786458333333333 0.7444444444444445 0.5791666666666667 0.7648148148148148 0.5734375 0.7833333333333333 0.5723958333333333 0.8027777777777778 0.5776041666666667 0.812962962962963 0.5859375 0.8148148148148148 0.596875 0.8018518518518518 0.6 0.7916666666666666 0.6005208333333333 0.7194444444444444 0.5880208333333333 0.6944444444444444 0.575 0.6824074074074075 0.5729166666666666 0.6833333333333333
3 0.603125 0.7231481481481481 0.6 0.7287037037037037 0.6005208333333333 0.7620370370370371 0.6125 0.7777777777777778 0.6119791666666666 0.787962962962963 0.6140625 0.7981481481481482 0.6203125 0.8027777777777778 0.6244791666666667 0.8 0.6260416666666667 0.7916666666666666 0.6296875 0.7916666666666666 0.6322916666666667 0.7981481481481482 0.6369791666666667 0.7981481481481482 0.6494791666666667 0.7759259259259259 0.65625 0.7555555555555555 0.6614583333333334 0.7092592592592593 0.6598958333333333 0.7055555555555556 0.6494791666666667 0.6981481481481482 0.64375 0.6888888888888889 0.6328125 0.6842592592592592 0.603125 0.7231481481481481
3 0.6010416666666667 0.7287037037037037 0.6010416666666667 0.7611111111111111 0.6125 0.7777777777777778 0.6135416666666667 0.7962962962962963 0.61875 0.8046296296296296 0.6244791666666667 0.8009259259259259 0.6260416666666667 0.7916666666666666 0.6296875 0.7916666666666666 0.6322916666666667 0.7981481481481482 0.6369791666666667 0.7981481481481482 0.6546875 0.7638888888888888 0.6630208333333333 0.7055555555555556 0.6723958333333333 0.687037037037037 0.6729166666666667 0.6694444444444444 0.6671875 0.6481481481481481 0.6583333333333333 0.6416666666666667 0.6510416666666666 0.6444444444444445 0.6395833333333333 0.662962962962963 0.6359375 0.675 0.6270833333333333 0.6916666666666667 0.6057291666666667 0.7194444444444444 0.6010416666666667 0.7287037037037037
3 0.5427083333333333 0.774074074074074 0.5447916666666667 0.7759259259259259 0.5447916666666667 0.7824074074074074 0.5421875 0.7824074074074074 0.5432291666666667 0.7851851851851852 0.55 0.7759259259259259 0.5427083333333333 0.774074074074074
3 0.5317708333333333 0.6361111111111111 0.5296875 0.6416666666666667 0.5296875 0.6481481481481481 0.5390625 0.675 0.5536458333333333 0.6759259259259259 0.5609375 0.6805555555555556 0.5729166666666666 0.6990740740740741 0.5744791666666667 0.7268518518518519 0.5765625 0.7333333333333333 0.5755208333333334 0.75 0.5776041666666667 0.7592592592592593 0.5755208333333334 0.7759259259259259 0.5671875 0.8027777777777778 0.5760416666666667 0.812037037037037 0.5859375 0.8138888888888889 0.5890625 0.8074074074074075 0.5947916666666667 0.8027777777777778 0.6 0.7888888888888889 0.5994791666666667 0.7166666666666667 0.5869791666666667 0.6935185185185185 0.5755208333333334 0.6824074074074075 0.5604166666666667 0.6324074074074074 0.5520833333333334 0.6277777777777778 0.5432291666666667 0.6277777777777778 0.5317708333333333 0.6361111111111111