4 0.7989583333333333 0.33240740740740743 0.7958333333333333 0.33240740740740743 0.7958333333333333 0.3351851851851852 0.7994791666666666 0.33425925925925926 0.7989583333333333 0.33240740740740743
4 0.7911458333333333 0.18611111111111112 0.7885416666666667 0.20555555555555555 0.7885416666666667 0.23703703703703705 0.790625 0.2564814814814815 0.7890625 0.2777777777777778 0.7932291666666667 0.2916666666666667 0.7947916666666667 0.30277777777777776 0.79375 0.3138888888888889 0.7958333333333333 0.3194444444444444 0.7958333333333333 0.32592592592592595 0.8 0.3314814814814815 0.8010416666666667 0.337037037037037 0.8005208333333333 0.3685185185185185 0.8020833333333334 0.38796296296296295 0.8072916666666666 0.4101851851851852 0.8161458333333333 0.425 0.8213541666666667 0.4287037037037037 0.8234375 0.4351851851851852 0.8291666666666667 0.4388888888888889 0.8354166666666667 0.44907407407407407 0.8447916666666667 0.4888888888888889 0.8552083333333333 0.5092592592592593 0.8557291666666667 0.537962962962963 0.853125 0.5574074074074075 0.85 0.5666666666666667 0.8494791666666667 0.5796296296296296 0.8458333333333333 0.5916666666666667 0.8447916666666667 0.6166666666666667 0.8494791666666667 0.6324074074074074 0.8505208333333333 0.6435185185185185 0.8546875 0.6546296296296297 0.8583333333333333 0.6759259259259259 0.8635416666666667 0.687962962962963 0.8692708333333333 0.6916666666666667 0.8729166666666667 0.6805555555555556 0.8869791666666667 0.674074074074074 0.8895833333333333 0.6777777777777778 0.8973958333333333 0.6777777777777778 0.9114583333333334 0.6685185185185185 0.9135416666666667 0.6638888888888889 0.9177083333333333 0.6620370370370371 0.9203125 0.6546296296296297 0.9182291666666667 0.6351851851851852 0.915625 0.6342592592592593 0.9182291666666667 0.6277777777777778 0.9151041666666667 0.6314814814814815 0.91484375 0.6277777777777778 0.9114583333333334 0.6277777777777778 0.9041666666666667 0.6388888888888888 0.9005208333333333 0.6351851851851852 0.8979166666666667 0.6277777777777778 0.8932291666666666 0.6287037037037037 0.8911458333333333 0.6157407407407407 0.8927083333333333 0.5740740740740741 0.8958333333333334 0.5518518518518518 0.8979166666666667 0.5481481481481482 0.9114583333333334 0.5481481481481482 0.9192708333333334 0.5435185185185185 0.921875 0.5462962962962963 0.9359375 0.5462962962962963 0.9453125 0.5509259259259259 0.95625 0.5648148148148148 0.9625 0.5842592592592593 0.9734375 0.5981481481481481 0.978125 0.600925925925926 0.98125 0.6092592592592593 0.9885416666666667 0.6185185185185185 0.9947916666666666 0.6231481481481481 0.9973958333333334 0.6185185185185185 0.9963541666666667 0.6129629629629629 0.9994791666666667 0.6101851851851852 0.9994791666666667 0.5194444444444445 0.9953125 0.5166666666666667 0.99375 0.5055555555555555 0.9901041666666667 0.4981481481481482 0.9932291666666667 0.4935185185185185 0.9953125 0.4824074074074074 0.9953125 0.4759259259259259 0.9932291666666667 0.47314814814814815 0.9947916666666666 0.462037037037037 0.9916666666666667 0.4546296296296296 0.99375 0.4527777777777778 0.9953125 0.44351851851851853 0.9994791666666667 0.4388888888888889 0.9958333333333333 0.4351851851851852 0.9963541666666667 0.42777777777777776 0.9994791666666667 0.425 0.9994791666666667 0.4101851851851852 0.9953125 0.4046296296296296 0.9953125 0.4 0.9973958333333334 0.3962962962962963 0.9947916666666666 0.3907407407407407 0.9953125 0.3824074074074074 0.9932291666666667 0.37592592592592594 0.9958333333333333 0.3685185185185185 0.9958333333333333 0.36203703703703705 0.99375 0.3574074074074074 0.9958333333333333 0.3527777777777778 0.99375 0.3287037037037037 0.9963541666666667 0.32222222222222224 0.9994791666666667 0.3212962962962963 0.9994791666666667 0.28055555555555556 0.9963541666666667 0.2777777777777778 0.9963541666666667 0.26296296296296295 0.9994791666666667 0.25925925925925924 0.9994791666666667 0.22777777777777777 0.9963541666666667 0.225 0.9994791666666667 0.21851851851851853 0.9994791666666667 0.21203703703703702 0.9979166666666667 0.2111111111111111 0.9994791666666667 0.2074074074074074 0.9994791666666667 0.11851851851851852 0.9979166666666667 0.11851851851851852 0.9953125 0.1111111111111111 0.9973958333333334 0.10185185185185185 0.9994791666666667 0.10092592592592593 0.9994791666666667 0.002777777777777778 0.9958333333333333 0 0.8317708333333333 0 0.8291666666666667 0.003703703703703704 0.8140625 0.05740740740740741 0.80625 0.09537037037037037 0.8036458333333333 0.1259259259259259 0.7911458333333333 0.18611111111111112
4 0.8239583333333333 0.9712962962962963 0.8229166666666666 0.9731481481481481 0.8244791666666667 0.975 0.8239583333333333 0.9712962962962963
4 0.4869791666666667 0.962037037037037 0.4859375 0.9666666666666667 0.4875 0.9685185185185186 0.4869791666666667 0.962037037037037
4 0.49270833333333336 0.9555555555555556 0.4875 0.9574074074074074 0.49270833333333336 0.9555555555555556
4 0.4942708333333333 0.9527777777777777 0.49322916666666666 0.9537037037037037 0.4942708333333333 0.9527777777777777
4 0.4984375 0.9398148148148148 0.4973958333333333 0.9425925925925925 0.5010416666666667 0.9490740740740741 0.5020833333333333 0.9398148148148148 0.5010416666666667 0.937037037037037 0.4984375 0.9398148148148148
4 0.6328125 0.7509259259259259 0.6322916666666667 0.7555555555555555 0.6348958333333333 0.7583333333333333 0.6333333333333333 0.7620370370370371 0.6369791666666667 0.7555555555555555 0.6421875 0.7546296296296297 0.6427083333333333 0.7435185185185185 0.6354166666666666 0.7435185185185185 0.6328125 0.7509259259259259
4 0.4276041666666667 0.6777777777777778 0.4244791666666667 0.6851851851851852 0.4317708333333333 0.6824074074074075 0.4296875 0.6777777777777778 0.4276041666666667 0.6777777777777778
4 0.5286458333333334 0.6231481481481481 0.5286458333333334 0.6277777777777778 0.5322916666666667 0.6259259259259259 0.5286458333333334 0.6231481481481481
4 0.5421875 0.6231481481481481 0.540625 0.6259259259259259 0.5447916666666667 0.6259259259259259 0.5421875 0.6231481481481481
4 0.5697916666666667 0.6138888888888889 0.5692708333333333 0.6166666666666667 0.5708333333333333 0.6185185185185185 0.571875 0.6148148148148148 0.5697916666666667 0.6138888888888889
4 0.56953125 0.5972222222222222 0.0015625 0.001851851851851852
4 0.8760416666666667 0.7333333333333333 0.8739583333333333 0.7509259259259259 0.8713541666666667 0.7555555555555555 0.8651041666666667 0.7805555555555556 0.8661458333333333 0.8064814814814815 0.8677083333333333 0.8101851851851852 0.8661458333333333 0.8185185185185185 0.8682291666666667 0.8277777777777777 0.8786458333333333 0.8444444444444444 0.8807291666666667 0.8537037037037037 0.8916666666666667 0.8768518518518519 0.89375 0.8972222222222223 0.8942708333333333 0.937962962962963 0.8989583333333333 0.9611111111111111 0.8979166666666667 0.9703703703703703 0.8994791666666667 0.9935185185185185 0.9036458333333334 0.9935185185185185 0.9072916666666667 0.9981481481481481 0.9322916666666666 0.9981481481481481 0.9427083333333334 0.9935185185185185 0.9494791666666667 0.9805555555555555 0.9520833333333333 0.9805555555555555 0.9578125 0.9694444444444444 0.9609375 0.9675925925925926 0.9630208333333333 0.9601851851851851 0.9666666666666667 0.9574074074074074 0.9848958333333333 0.9259259259259259 0.9911458333333333 0.925 0.9953125 0.9138888888888889 0.9979166666666667 0.9092592592592592 0.9994791666666667 0.9101851851851852 0.9973958333333334 0.9083333333333333 0.9973958333333334 0.9027777777777778 0.9994791666666667 0.9009259259259259 0.9973958333333334 0.8981481481481481 0.9973958333333334 0.8824074074074074 0.9947916666666666 0.8759259259259259 0.9947916666666666 0.8712962962962963 0.9973958333333334 0.8685185185185185 0.9953125 0.8611111111111112 0.9973958333333334 0.837037037037037 0.99375 0.8175925925925925 0.9958333333333333 0.8138888888888889 0.9953125 0.8037037037037037 0.9994791666666667 0.8009259259259259 0.9963541666666667 0.7759259259259259 0.9994791666666667 0.7712962962962963 0.9994791666666667 0.7648148148148148 0.9973958333333334 0.762962962962963 0.9994791666666667 0.7601851851851852 0.9994791666666667 0.7462962962962963 0.9973958333333334 0.7435185185185185 0.9994791666666667 0.7324074074074074 0.9895833333333334 0.7231481481481481 0.990625 0.7185185185185186 0.9942708333333333 0.7166666666666667 0.9953125 0.7055555555555556 0.9994791666666667 0.7027777777777777 0.9994791666666667 0.6888888888888889 0.9973958333333334 0.687037037037037 0.9994791666666667 0.6694444444444444 0.9942708333333333 0.6666666666666666 0.9953125 0.6601851851851852 0.9927083333333333 0.6435185185185185 0.9875 0.6351851851851852 0.9822916666666667 0.6324074074074074 0.9744791666666667 0.6148148148148148 0.9703125 0.6138888888888889 0.9619791666666667 0.6 0.9598958333333333 0.5898148148148148 0.9546875 0.5842592592592593 0.9520833333333333 0.5666666666666667 0.946875 0.5601851851851852 0.9421875 0.5601851851851852 0.9375 0.5666666666666667 0.9369791666666667 0.5796296296296296 0.9338541666666667 0.587037037037037 0.9333333333333333 0.5981481481481481 0.9307291666666667 0.6055555555555555 0.9307291666666667 0.6259259259259259 0.9364583333333333 0.6324074074074074 0.9473958333333333 0.6351851851851852 0.9536458333333333 0.6398148148148148 0.9598958333333333 0.6574074074074074 0.9583333333333334 0.6666666666666666 0.9536458333333333 0.6768518518518518 0.9395833333333333 0.6935185185185185 0.9229166666666667 0.6981481481481482 0.9057291666666667 0.6981481481481482 0.9020833333333333 0.7055555555555556 0.9041666666666667 0.7222222222222222 0.9010416666666666 0.725925925925926 0.8822916666666667 0.725925925925926 0.8760416666666667 0.7333333333333333
4 0.525 0.5777777777777777 0.5286458333333334 0.5824074074074074 0.5197916666666667 0.5916666666666667 0.5213541666666667 0.5962962962962963 0.528125 0.6 0.5307291666666667 0.6055555555555555 0.5286458333333334 0.6101851851851852 0.5286458333333334 0.6166666666666667 0.525 0.6185185185185185 0.5255208333333333 0.6212962962962963 0.5317708333333333 0.6166666666666667 0.5380208333333333 0.6185185185185185 0.5375 0.6138888888888889 0.5432291666666667 0.6138888888888889 0.5453125 0.6046296296296296 0.5510416666666667 0.6074074074074074 0.55 0.6027777777777777 0.5447916666666667 0.5962962962962963 0.5453125 0.5916666666666667 0.5598958333333334 0.5777777777777777 0.5640625 0.5777777777777777 0.5677083333333334 0.5694444444444444 0.575 0.575925925925926 0.575 0.5916666666666667 0.5770833333333333 0.5981481481481481 0.5859375 0.5712962962962963 0.5854166666666667 0.5388888888888889 0.5765625 0.5370370370370371 0.571875 0.5444444444444444 0.55625 0.5481481481481482 0.55 0.5527777777777778 0.5494791666666666 0.5564814814814815 0.5453125 0.5601851851851852 0.534375 0.562037037037037 0.5317708333333333 0.5648148148148148 0.5286458333333334 0.575 0.525 0.5777777777777777
4 0.7994791666666666 0.5370370370370371 0.8 0.5435185185185185 0.80625 0.5435185185185185 0.8078125 0.5462962962962963 0.8057291666666667 0.55 0.8098958333333334 0.5564814814814815 0.8078125 0.5601851851851852 0.8083333333333333 0.5638888888888889 0.8143229166666667 0.5638888888888889 0.8145833333333333 0.5592592592592592 0.8173177083333333 0.5638888888888889 0.8192708333333333 0.5601851851851852 0.8203125 0.5638888888888889 0.8223958333333333 0.5601851851851852 0.8109375 0.5574074074074075 0.8130208333333333 0.5509259259259259 0.8182291666666667 0.55 0.8161458333333333 0.55 0.8161458333333333 0.5462962962962963 0.8140625 0.5462962962962963 0.8083333333333333 0.5370370370370371 0.7994791666666666 0.5370370370370371
4 0.6145833333333334 0.8324074074074074 0.61875 0.8435185185185186 0.6260416666666667 0.8462962962962963 0.6270833333333333 0.8731481481481481 0.6208333333333333 0.8787037037037037 0.6213541666666667 0.8851851851851852 0.625 0.8925925925925926 0.625 0.9037037037037037 0.6151041666666667 0.9194444444444444 0.6151041666666667 0.9324074074074075 0.6203125 0.9481481481481482 0.6213541666666667 0.9592592592592593 0.6119791666666666 0.9851851851851852 0.6119791666666666 0.9935185185185185 0.6151041666666667 0.9981481481481481 0.6817708333333333 0.9981481481481481 0.6994791666666667 0.9712962962962963 0.7083333333333334 0.9805555555555555 0.7078125 0.987037037037037 0.7119791666666667 0.9935185185185185 0.7166666666666667 0.9944444444444445 0.7192708333333333 0.9981481481481481 0.7640625 0.9981481481481481 0.8026041666666667 0.9935185185185185 0.8026041666666667 0.9879629629629629 0.8083333333333333 0.987037037037037 0.8104166666666667 0.9694444444444444 0.7958333333333333 0.9601851851851851 0.7932291666666667 0.9555555555555556 0.7828125 0.9601851851851851 0.76875 0.9574074074074074 0.7635416666666667 0.9342592592592592 0.7640625 0.9166666666666666 0.7755208333333333 0.8935185185185185 0.7833333333333333 0.8888888888888888 0.7895833333333333 0.8777777777777778 0.7932291666666667 0.8777777777777778 0.7947916666666667 0.8722222222222222 0.8 0.8666666666666667 0.8015625 0.8592592592592593 0.8057291666666667 0.8555555555555555 0.8057291666666667 0.8527777777777777 0.8114583333333333 0.8444444444444444 0.8109375 0.8305555555555556 0.8020833333333334 0.8194444444444444 0.8015625 0.8018518518518518 0.8369791666666667 0.8009259259259259 0.846875 0.7851851851851852 0.8505208333333333 0.762962962962963 0.8541666666666666 0.7555555555555555 0.8578125 0.7398148148148148 0.8625 0.737037037037037 0.8645833333333334 0.7305555555555555 0.8645833333333334 0.7055555555555556 0.8619791666666666 0.6981481481481482 0.8572916666666667 0.6944444444444444 0.8557291666666667 0.6805555555555556 0.846875 0.6620370370370371 0.8125 0.6620370370370371 0.8057291666666667 0.6666666666666666 0.7927083333333333 0.6462962962962963 0.7911458333333333 0.6351851851851852 0.7859375 0.6277777777777778 0.7817708333333333 0.6259259259259259 0.7776041666666667 0.612037037037037 0.7776041666666667 0.600925925925926 0.7802083333333333 0.5981481481481481 0.7796875 0.5916666666666667 0.7770833333333333 0.5861111111111111 0.7744791666666667 0.5712962962962963 0.7708333333333334 0.5657407407407408 0.7713541666666667 0.5527777777777778 0.7677083333333333 0.549074074074074 0.7645833333333333 0.5416666666666666 0.7645833333333333 0.5370370370370371 0.7619791666666667 0.5370370370370371 0.7598958333333333 0.5324074074074074 0.7552083333333334 0.5296296296296297 0.75 0.5185185185185185 0.7453125 0.5166666666666667 0.7322916666666667 0.5018518518518519 0.7307291666666667 0.4935185185185185 0.7265625 0.4898148148148148 0.709375 0.5046296296296297 0.6979166666666666 0.5046296296296297 0.6927083333333334 0.5111111111111111 0.6911458333333333 0.5212962962962963 0.6885416666666667 0.524074074074074 0.6848958333333334 0.55 0.6817708333333333 0.5555555555555556 0.6807291666666667 0.5712962962962963 0.6880208333333333 0.5805555555555556 0.6958333333333333 0.5962962962962963 0.6973958333333333 0.6092592592592593 0.6911458333333333 0.6259259259259259 0.6833333333333333 0.6361111111111111 0.6807291666666667 0.6481481481481481 0.6786458333333333 0.6462962962962963 0.675 0.649074074074074 0.6734375 0.6546296296296297 0.6708333333333333 0.6546296296296297 0.6703125 0.6601851851851852 0.6625 0.6638888888888889 0.65 0.6768518518518518 0.65 0.6833333333333333 0.6520833333333333 0.687962962962963 0.6473958333333333 0.6981481481481482 0.6479166666666667 0.7222222222222222 0.6453125 0.725925925925926 0.6447916666666667 0.7388888888888889 0.6510416666666666 0.7388888888888889 0.6541666666666667 0.7462962962962963 0.6526041666666667 0.7509259259259259 0.6557291666666667 0.7527777777777778 0.6557291666666667 0.7592592592592593 0.6515625 0.7638888888888888 0.64375 0.7805555555555556 0.6411458333333333 0.7787037037037037 0.6416666666666667 0.7712962962962963 0.6385416666666667 0.7712962962962963 0.6359375 0.7805555555555556 0.63125 0.7824074074074074 0.6322916666666667 0.7935185185185185 0.6359375 0.7944444444444444 0.6369791666666667 0.8 0.628125 0.8055555555555556 0.6145833333333334 0.8324074074074074
4 0.3567708333333333 0.4824074074074074 0.35625 0.4842592592592593 0.35989583333333336 0.48518518518518516 0.359375 0.4824074074074074 0.3567708333333333 0.4824074074074074
4 0.10729166666666666 0.8787037037037037 0.109375 0.8870370370370371 0.10729166666666666 0.9037037037037037 0.10625 0.987037037037037 0.1078125 0.9953703703703703 0.1109375 0.9981481481481481 0.13177083333333334 0.9962962962962963 0.13645833333333332 0.9935185185185185 0.178125 0.9962962962962963 0.20989583333333334 0.9935185185185185 0.21927083333333333 0.9981481481481481 0.24375 0.9962962962962963 0.24583333333333332 0.9935185185185185 0.25729166666666664 0.9962962962962963 0.2786458333333333 0.9962962962962963 0.2875 0.9935185185185185 0.3 0.9962962962962963 0.32708333333333334 0.9962962962962963 0.33177083333333335 0.9916666666666667 0.3697916666666667 0.9962962962962963 0.4244791666666667 0.9944444444444445 0.42864583333333334 0.9981481481481481 0.4703125 0.9981481481481481 0.48072916666666665 0.9944444444444445 0.4796875 0.9879629629629629 0.4630208333333333 0.9685185185185186 0.46041666666666664 0.9555555555555556 0.4546875 0.9435185185185185 0.44479166666666664 0.9296296296296296 0.4421875 0.9222222222222223 0.4375 0.9175925925925926 0.43125 0.8962962962962963 0.43125 0.8842592592592593 0.421875 0.8824074074074074 0.4192708333333333 0.8851851851851852 0.40572916666666664 0.8870370370370371 0.37916666666666665 0.9027777777777778 0.3734375 0.8972222222222223 0.3651041666666667 0.8759259259259259 0.3651041666666667 0.8722222222222222 0.3697916666666667 0.8638888888888889 0.38125 0.8555555555555555 0.38645833333333335 0.8546296296296296 0.4041666666666667 0.8388888888888889 0.40572916666666664 0.8342592592592593 0.403125 0.8203703703703704 0.4036458333333333 0.8111111111111111 0.4088541666666667 0.8009259259259259 0.4161458333333333 0.8 0.42083333333333334 0.7824074074074074 0.42083333333333334 0.774074074074074 0.4276041666666667 0.7601851851851852 0.4359375 0.7546296296296297 0.434375 0.7518518518518519 0.4317708333333333 0.7546296296296297 0.42864583333333334 0.7509259259259259 0.4317708333333333 0.7462962962962963 0.4270833333333333 0.7462962962962963 0.42552083333333335 0.7435185185185185 0.42604166666666665 0.737037037037037 0.42083333333333334 0.7333333333333333 0.41770833333333335 0.7203703703703703 0.40208333333333335 0.6981481481481482 0.403125 0.6916666666666667 0.4010416666666667 0.6907407407407408 0.3984375 0.6805555555555556 0.39375 0.6731481481481482 0.39375 0.6648148148148149 0.40208333333333335 0.6527777777777778 0.4119791666666667 0.6324074074074074 0.4083333333333333 0.6296296296296297 0.40625 0.6212962962962963 0.4 0.6129629629629629 0.3953125 0.600925925925926 0.38697916666666665 0.600925925925926 0.38177083333333334 0.5916666666666667 0.384375 0.587037037037037 0.3859375 0.5777777777777777 0.38333333333333336 0.5666666666666667 0.384375 0.5638888888888889 0.3807291666666667 0.5611111111111111 0.37864583333333335 0.5481481481481482 0.375 0.5416666666666666 0.37604166666666666 0.5351851851851852 0.3729166666666667 0.5305555555555556 0.3692708333333333 0.5324074074074074 0.3625 0.5287037037037037 0.3625 0.5120370370370371 0.3645833333333333 0.5092592592592593 0.3651041666666667 0.5037037037037037 0.3692708333333333 0.5046296296296297 0.36875 0.4962962962962963 0.3609375 0.48703703703703705 0.3572916666666667 0.48703703703703705 0.35520833333333335 0.49166666666666664 0.353125 0.4888888888888889 0.34739583333333335 0.4898148148148148 0.3463541666666667 0.48703703703703705 0.35104166666666664 0.47962962962962963 0.35208333333333336 0.47314814814814815 0.34791666666666665 0.4638888888888889 0.34270833333333334 0.4601851851851852 0.3416666666666667 0.45555555555555555 0.325 0.4527777777777778 0.32083333333333336 0.4564814814814815 0.3177083333333333 0.46296296296296297 0.31614583333333335 0.4722222222222222 0.31354166666666666 0.4740740740740741 0.31354166666666666 0.48055555555555557 0.30625 0.5046296296296297 0.28489583333333335 0.5185185185185185 0.25833333333333336 0.5231481481481481 0.20729166666666668 0.5231481481481481 0.1796875 0.5194444444444445 0.15416666666666667 0.5212962962962963 0.14322916666666666 0.5277777777777778 0.13489583333333333 0.5805555555555556 0.13229166666666667 0.587037037037037 0.12864583333333332 0.637962962962963 0.12552083333333333 0.649074074074074 0.12552083333333333 0.6620370370370371 0.1203125 0.6944444444444444 0.11666666666666667 0.75 0.1140625 0.7601851851851852 0.11145833333333334 0.8296296296296296 0.10989583333333333 0.8555555555555555 0.10833333333333334 0.8601851851851852 0.109375 0.8666666666666667 0.10729166666666666 0.8787037037037037
4 0.7932291666666667 0.44814814814814813 0.79375 0.45555555555555555 0.7947916666666667 0.4527777777777778 0.7932291666666667 0.44814814814814813
4 0.6796875 0.7055555555555556 0.6744791666666666 0.7055555555555556 0.6776041666666667 0.712037037037037 0.6791666666666667 0.712037037037037 0.6796875 0.7055555555555556
4 0.65 0.6925925925925925 0.65 0.7027777777777777 0.6536458333333334 0.7027777777777777 0.65625 0.6981481481481482 0.65 0.6925925925925925
4 0.65078125 0.6814814814814815 0.0005208333333333333 0.001851851851851852
4 0.6578125 0.6805555555555556 0.65625 0.6824074074074075 0.6578125 0.6805555555555556
4 0.6552083333333333 0.6777777777777778 0.6536458333333334 0.6787037037037037 0.6552083333333333 0.6777777777777778
4 0.6572916666666667 0.6731481481481482 0.65625 0.6759259259259259 0.6609375 0.6777777777777778 0.6625 0.6731481481481482 0.665625 0.675 0.6619791666666667 0.6712962962962963 0.6572916666666667 0.6731481481481482
4 0.6213541666666667 0.6194444444444445 0.6213541666666667 0.6231481481481481 0.625 0.6212962962962963 0.6260416666666667 0.6148148148148148 0.6213541666666667 0.6194444444444445
4 0.6036458333333333 0.6148148148148148 0.6020833333333333 0.6185185185185185 0.6057291666666667 0.6222222222222222 0.6046875 0.6259259259259259 0.6057291666666667 0.6231481481481481 0.609375 0.6259259259259259 0.6083333333333333 0.6138888888888889 0.6036458333333333 0.6148148148148148
4 0.5947916666666667 0.6074074074074074 0.5921875 0.6074074074074074 0.596875 0.6111111111111112 0.59375 0.6157407407407407 0.5932291666666667 0.6240740740740741 0.5947916666666667 0.6259259259259259 0.6005208333333333 0.6185185185185185 0.5973958333333333 0.612037037037037 0.5994791666666667 0.6101851851851852 0.5947916666666667 0.6074074074074074
4 0.55 0.6046296296296296 0.5494791666666666 0.6074074074074074 0.55 0.6046296296296296
4 0.65 0.5824074074074074 0.65 0.5898148148148148 0.6463541666666667 0.5916666666666667 0.6494791666666667 0.5916666666666667 0.6505208333333333 0.5888888888888889 0.6541666666666667 0.5916666666666667 0.65625 0.587037037037037 0.6546875 0.5824074074074074 0.65 0.5824074074074074
4 0.6328125 0.5842592592592593 0.6255208333333333 0.5888888888888889 0.6338541666666667 0.5888888888888889 0.6369791666666667 0.5962962962962963 0.6421875 0.5916666666666667 0.64375 0.5824074074074074 0.6390625 0.5851851851851851 0.6369791666666667 0.5898148148148148 0.6328125 0.5842592592592593
4 0.6609375 0.5796296296296296 0.6609375 0.5824074074074074 0.6609375 0.5796296296296296
4 0.47708333333333336 0.575925925925926 0.47708333333333336 0.5805555555555556 0.48072916666666665 0.5805555555555556 0.48072916666666665 0.5740740740740741 0.47708333333333336 0.575925925925926
4 0.6057291666666667 0.5777777777777777 0.6083333333333333 0.5935185185185186 0.6 0.6055555555555555 0.6072916666666667 0.6074074074074074 0.6083333333333333 0.6101851851851852 0.6145833333333334 0.600925925925926 0.6114583333333333 0.6 0.6109375 0.5953703703703703 0.6145833333333334 0.5888888888888889 0.6203125 0.5916666666666667 0.6182291666666667 0.5842592592592593 0.6229166666666667 0.5777777777777777 0.6270833333333333 0.5777777777777777 0.6223958333333334 0.5731481481481482 0.6167708333333334 0.5731481481481482 0.615625 0.5768518518518518 0.6139583333333333 0.5731481481481482 0.6125 0.575925925925926 0.6083333333333333 0.5731481481481482 0.6057291666666667 0.5777777777777777
4 0.6635416666666667 0.5694444444444444 0.6645833333333333 0.5722222222222222 0.6625 0.5777777777777777 0.6671875 0.575925925925926 0.6692708333333334 0.5694444444444444 0.6651041666666667 0.5722222222222222 0.6635416666666667 0.5694444444444444
4 0.49895833333333334 0.5648148148148148 0.4984375 0.5694444444444444 0.49947916666666664 0.5666666666666667 0.5072916666666667 0.5666666666666667 0.49895833333333334 0.5648148148148148
4 0.6567708333333333 0.5601851851851852 0.6552083333333333 0.575925925925926 0.6453125 0.5777777777777777 0.6473958333333333 0.5777777777777777 0.6473958333333333 0.5805555555555556 0.6515625 0.5796296296296296 0.6518229166666667 0.575925925925926 0.6546875 0.5796296296296296 0.6583333333333333 0.5685185185185185 0.6609375 0.5666666666666667 0.659375 0.5611111111111111 0.6567708333333333 0.5601851851851852
4 0.8708333333333333 0.7611111111111111 0.8661458333333333 0.7814814814814814 0.8692708333333333 0.8092592592592592 0.8682291666666667 0.825 0.8791666666666667 0.8444444444444444 0.8822916666666667 0.8564814814814815 0.8854166666666666 0.8592592592592593 0.8921875 0.8768518518518519 0.8947916666666667 0.9361111111111111 0.8994791666666667 0.9592592592592593 0.9005208333333333 0.9935185185185185 0.9171875 0.9981481481481481 0.9302083333333333 0.9981481481481481 0.9427083333333334 0.9935185185185185 0.9578125 0.9648148148148148 0.9645833333333333 0.9555555555555556 0.9666666666666667 0.9555555555555556 0.9734375 0.9416666666666667 0.9807291666666667 0.9324074074074075 0.9822916666666667 0.9259259259259259 0.99375 0.9185185185185185 0.9942708333333333 0.9138888888888889 0.9973958333333334 0.9101851851851852 0.9973958333333334 0.8935185185185185 0.9958333333333333 0.8907407407407407 0.9963541666666667 0.8824074074074074 0.9942708333333333 0.8731481481481481 0.9979166666666667 0.8685185185185185 0.9953125 0.8629629629629629 0.9963541666666667 0.837037037037037 0.99375 0.8166666666666667 0.9963541666666667 0.8138888888888889 0.9958333333333333 0.8027777777777778 0.9994791666666667 0.8 0.9994791666666667 0.7935185185185185 0.9979166666666667 0.7935185185185185 0.9963541666666667 0.787962962962963 0.9958333333333333 0.775 0.9973958333333334 0.7694444444444445 0.9994791666666667 0.7685185185185185 0.9963541666666667 0.7648148148148148 0.9963541666666667 0.7611111111111111 0.9994791666666667 0.7592592592592593 0.9994791666666667 0.7481481481481481 0.9973958333333334 0.7472222222222222 0.9958333333333333 0.7407407407407407 0.9994791666666667 0.737037037037037 0.9994791666666667 0.7324074074074074 0.9958333333333333 0.7305555555555555 0.9942708333333333 0.725925925925926 0.9890625 0.725 0.9875 0.7185185185185186 0.9901041666666667 0.712037037037037 0.99375 0.712037037037037 0.9963541666666667 0.7027777777777777 0.9994791666666667 0.7027777777777777 0.9994791666666667 0.6935185185185185 0.9979166666666667 0.6935185185185185 0.9963541666666667 0.687962962962963 0.9963541666666667 0.6814814814814815 0.9994791666666667 0.6796296296296296 0.9994791666666667 0.6712962962962963 0.9932291666666667 0.6666666666666666 0.9947916666666666 0.6601851851851852 0.9927083333333333 0.6435185185185185 0.9880208333333333 0.6416666666666667 0.9864583333333333 0.6370370370370371 0.9822916666666667 0.6342592592592593 0.9765625 0.6185185185185185 0.9697916666666667 0.6138888888888889 0.9614583333333333 0.600925925925926 0.9604166666666667 0.5944444444444444 0.9541666666666667 0.5842592592592593 0.9515625 0.5666666666666667 0.946875 0.5601851851851852 0.9421875 0.5601851851851852 0.9375 0.5685185185185185 0.9364583333333333 0.5824074074074074 0.9338541666666667 0.587037037037037 0.9333333333333333 0.600925925925926 0.9302083333333333 0.6092592592592593 0.9307291666666667 0.6259259259259259 0.9375 0.6277777777777778 0.9567708333333333 0.6444444444444445 0.9614583333333333 0.6574074074074074 0.9609375 0.6666666666666666 0.95625 0.6694444444444444 0.9536458333333333 0.6796296296296296 0.9364583333333333 0.6962962962962963 0.9125 0.700925925925926 0.9109375 0.7046296296296296 0.9067708333333333 0.7027777777777777 0.9046875 0.7055555555555556 0.90625 0.7157407407407408 0.903125 0.725925925925926 0.8916666666666667 0.7305555555555555 0.8802083333333334 0.7305555555555555 0.8708333333333333 0.7611111111111111
4 0.5947916666666667 0.5601851851851852 0.59375 0.5722222222222222 0.5911458333333334 0.575925925925926 0.5927083333333333 0.5777777777777777 0.5916666666666667 0.5851851851851851 0.6 0.5601851851851852 0.5984375 0.5574074074074075 0.5973958333333333 0.5638888888888889 0.596875 0.5601851851851852 0.5947916666666667 0.5601851851851852
4 0.43072916666666666 0.5444444444444444 0.43020833333333336 0.549074074074074 0.43333333333333335 0.55 0.43072916666666666 0.5444444444444444
4 0.7958333333333333 0.5342592592592592 0.7932291666666667 0.5388888888888889 0.8 0.5509259259259259 0.8026041666666667 0.5509259259259259 0.8057291666666667 0.5555555555555556 0.8052083333333333 0.5601851851851852 0.8072916666666666 0.5685185185185185 0.8177083333333334 0.5712962962962963 0.8244791666666667 0.5666666666666667 0.825 0.5453703703703704 0.8270833333333333 0.5388888888888889 0.8203125 0.5351851851851852 0.8171875 0.5435185185185185 0.8135416666666667 0.5435185185185185 0.8098958333333334 0.5351851851851852 0.8 0.5324074074074074 0.7958333333333333 0.5342592592592592
4 0.7921875 0.5074074074074074 0.7890625 0.5166666666666667 0.7927083333333333 0.5212962962962963 0.8020833333333334 0.5074074074074074 0.8 0.5046296296296297 0.79375 0.5046296296296297 0.7921875 0.5074074074074074
4 0.7755208333333333 0.4888888888888889 0.7755208333333333 0.49166666666666664 0.7791666666666667 0.4935185185185185 0.7796875 0.4888888888888889 0.7755208333333333 0.4888888888888889
4 0.45989583333333334 0.4888888888888889 0.45625 0.4888888888888889 0.45625 0.4935185185185185 0.45989583333333334 0.4935185185185185 0.45989583333333334 0.4888888888888889
4 0.8348958333333333 0.48055555555555557 0.8338541666666667 0.4842592592592593 0.8385416666666666 0.49166666666666664 0.8421875 0.49166666666666664 0.8416666666666667 0.4888888888888889 0.8380208333333333 0.48703703703703705 0.8375 0.4824074074074074 0.834375 0.4842592592592593 0.8348958333333333 0.48055555555555557
4 0.7369791666666666 0.47314814814814815 0.7364583333333333 0.4759259259259259 0.7369791666666666 0.47314814814814815
4 0.79296875 0.45092592592592595 0.0005208333333333333 0.003703703703703704
4 0.1078125 0.8759259259259259 0.109375 0.8898148148148148 0.10625 0.9351851851851852 0.1078125 0.9416666666666667 0.10625 0.9768518518518519 0.10729166666666666 0.9916666666666667 0.11197916666666667 0.9981481481481481 0.13229166666666667 0.9962962962962963 0.13645833333333332 0.9935185185185185 0.20572916666666666 0.9935185185185185 0.21197916666666666 0.9962962962962963 0.24427083333333333 0.9962962962962963 0.24739583333333334 0.9935185185185185 0.2598958333333333 0.9962962962962963 0.2875 0.9935185185185185 0.30104166666666665 0.9962962962962963 0.32708333333333334 0.9962962962962963 0.3296875 0.9935185185185185 0.3697916666666667 0.9962962962962963 0.39739583333333334 0.9962962962962963 0.4046875 0.9935185185185185 0.41822916666666665 0.9962962962962963 0.425 0.9935185185185185 0.4427083333333333 0.9981481481481481 0.4640625 0.9981481481481481 0.475 0.9944444444444445 0.47708333333333336 0.9888888888888889 0.4791666666666667 0.9898148148148148 0.4791666666666667 0.9935185185185185 0.6125 0.9925925925925926 0.6260416666666667 0.9944444444444445 0.63125 0.9981481481481481 0.6791666666666667 0.9981481481481481 0.6859375 0.9916666666666667 0.6890625 0.9824074074074074 0.6932291666666667 0.9805555555555555 0.6994791666666667 0.9712962962962963 0.7020833333333333 0.9555555555555556 0.70625 0.950925925925926 0.7104166666666667 0.9388888888888889 0.7114583333333333 0.9212962962962963 0.7255208333333333 0.9231481481481482 0.7229166666666667 0.9444444444444444 0.7197916666666667 0.9490740740740741 0.7104166666666667 0.9851851851851852 0.7125 0.9935185185185185 0.7239583333333334 0.9981481481481481 0.7583333333333333 0.9981481481481481 0.8010416666666667 0.9935185185185185 0.8005208333333333 0.9861111111111112 0.8078125 0.9805555555555555 0.8072916666666666 0.9694444444444444 0.8005208333333333 0.9685185185185186 0.7979166666666667 0.962037037037037 0.7927083333333333 0.9601851851851851 0.7692708333333333 0.9592592592592593 0.7619791666666667 0.937962962962963 0.7625 0.9148148148148149 0.7755208333333333 0.8916666666666667 0.7786458333333334 0.8916666666666667 0.7859375 0.8842592592592593 0.7895833333333333 0.8759259259259259 0.7973958333333333 0.8675925925925926 0.8104166666666667 0.8388888888888889 0.8036458333333333 0.8231481481481482 0.8005208333333333 0.8212962962962963 0.8010416666666667 0.8009259259259259 0.80625 0.7981481481481482 0.8364583333333333 0.8 0.8375 0.7962962962962963 0.8427083333333333 0.7916666666666666 0.846875 0.7824074074074074 0.85 0.7583333333333333 0.853125 0.7546296296296297 0.8520833333333333 0.7509259259259259 0.8625 0.725 0.8609375 0.7148148148148148 0.8625 0.7138888888888889 0.8630208333333333 0.7046296296296296 0.8604166666666667 0.6981481481481482 0.8572916666666667 0.6962962962962963 0.8557291666666667 0.6824074074074075 0.8520833333333333 0.6759259259259259 0.8427083333333333 0.6694444444444444 0.8223958333333333 0.6685185185185185 0.81875 0.6638888888888889 0.8083333333333333 0.6675925925925926 0.7911458333333333 0.6462962962962963 0.790625 0.6370370370370371 0.7875 0.6305555555555555 0.7817708333333333 0.6259259259259259 0.7770833333333333 0.6129629629629629 0.7776041666666667 0.600925925925926 0.7802083333333333 0.5981481481481481 0.7802083333333333 0.5944444444444444 0.7770833333333333 0.5842592592592593 0.7770833333333333 0.5777777777777777 0.7708333333333334 0.5657407407407408 0.7708333333333334 0.5583333333333333 0.7734375 0.5555555555555556 0.76875 0.5453703703703704 0.7708333333333334 0.5388888888888889 0.7666666666666667 0.5351851851851852 0.7614583333333333 0.537962962962963 0.7604166666666666 0.5324074074074074 0.7552083333333334 0.5305555555555556 0.7541666666666667 0.524074074074074 0.75 0.5185185185185185 0.7453125 0.5166666666666667 0.7432291666666667 0.5120370370370371 0.73125 0.5009259259259259 0.7302083333333333 0.49444444444444446 0.7255208333333333 0.49444444444444446 0.7265625 0.4898148148148148 0.7192708333333333 0.49074074074074076 0.7177083333333333 0.487962962962963 0.7223958333333333 0.48055555555555557 0.7322916666666667 0.48055555555555557 0.7322916666666667 0.4759259259259259 0.7291666666666666 0.47314814814814815 0.7317708333333334 0.4666666666666667 0.7322916666666667 0.4546296296296296 0.7354166666666667 0.44814814814814813 0.7354166666666667 0.44166666666666665 0.7380208333333333 0.43703703703703706 0.7421875 0.4351851851851852 0.7489583333333333 0.4212962962962963 0.7494791666666667 0.41574074074074074 0.7552083333333334 0.4074074074074074 0.7572916666666667 0.39444444444444443 0.7619791666666667 0.3888888888888889 0.7604166666666666 0.3861111111111111 0.7640625 0.37592592592592594 0.7635416666666667 0.3712962962962963 0.7682291666666666 0.36666666666666664 0.7677083333333333 0.3611111111111111 0.7713541666666667 0.34444444444444444 0.7692708333333333 0.33796296296296297 0.7703125 0.33240740740740743 0.76875 0.3314814814814815 0.76875 0.31574074074074077 0.7713541666666667 0.3074074074074074 0.7755208333333333 0.2759259259259259 0.7739583333333333 0.2601851851851852 0.7755208333333333 0.2574074074074074 0.7791666666666667 0.2574074074074074 0.78125 0.25092592592592594 0.7791666666666667 0.22592592592592592 0.7765625 0.2222222222222222 0.7739583333333333 0.20277777777777778 0.7703125 0.1962962962962963 0.76875 0.18425925925925926 0.7661458333333333 0.17962962962962964 0.7651041666666667 0.1574074074074074 0.7619791666666667 0.14166666666666666 0.759375 0.1388888888888889 0.7552083333333334 0.11481481481481481 0.7489583333333333 0.09444444444444444 0.7328125 0.05925925925925926 0.7260416666666667 0.03796296296296296 0.7239583333333334 0.025 0.7234375 0.004629629629629629 0.7197916666666667 0 0.6796875 0 0.6734375 0.005555555555555556 0.671875 0.012962962962962963 0.6677083333333333 0.018518518518518517 0.6609375 0.019444444444444445 0.6572916666666667 0.014814814814814815 0.665625 0.008333333333333333 0.6666666666666666 0.004629629629629629 0.6572916666666667 0.000925925925925926 0.6541666666666667 0.002777777777777778 0.6520833333333333 0 0.6473958333333333 0.002777777777777778 0.6395833333333333 0.002777777777777778 0.6375 0 0.6203125 0.002777777777777778 0.609375 0.002777777777777778 0.6057291666666667 0 0.5921875 0 0.5875 0.002777777777777778 0.5817708333333333 0 0.5796875 0.002777777777777778 0.56875 0.002777777777777778 0.5671875 0 0.5598958333333334 0.002777777777777778 0.55625 0.002777777777777778 0.5552083333333333 0 0.5432291666666667 0.002777777777777778 0.5416666666666666 0 0.525 0 0.5239583333333333 0.002777777777777778 0.5010416666666667 0.004629629629629629 0.4583333333333333 0.004629629629629629 0.45260416666666664 0 0.4515625 0.005555555555555556 0.4473958333333333 0.007407407407407408 0.4427083333333333 0.002777777777777778 0.434375 0.002777777777777778 0.43020833333333336 0.010185185185185186 0.4276041666666667 0.010185185185185186 0.42239583333333336 0.002777777777777778 0.41875 0.005555555555555556 0.40677083333333336 0.005555555555555556 0.39947916666666666 0 0.3328125 0 0.32447916666666665 0.002777777777777778 0.31979166666666664 0.002777777777777778 0.3182291666666667 0 0.2947916666666667 0 0.2890625 0.011111111111111112 0.2859375 0.027777777777777776 0.28072916666666664 0.040740740740740744 0.278125 0.05555555555555555 0.278125 0.0712962962962963 0.275 0.08055555555555556 0.27447916666666666 0.11018518518518519 0.26979166666666665 0.1287037037037037 0.26979166666666665 0.1388888888888889 0.27291666666666664 0.15185185185185185 0.2713541666666667 0.15555555555555556 0.27239583333333334 0.17407407407407408 0.2708333333333333 0.1787037037037037 0.2734375 0.18796296296296297 0.275 0.2111111111111111 0.275 0.3175925925925926 0.2791666666666667 0.3277777777777778 0.2786458333333333 0.33611111111111114 0.29270833333333335 0.34629629629629627 0.2953125 0.3527777777777778 0.3015625 0.3592592592592593 0.3098958333333333 0.3814814814814815 0.32447916666666665 0.4074074074074074 0.33645833333333336 0.4185185185185185 0.3411458333333333 0.42777777777777776 0.3453125 0.4287037037037037 0.3453125 0.4444444444444444 0.34375 0.45092592592592595 0.340625 0.4527777777777778 0.325 0.4527777777777778 0.3203125 0.45555555555555555 0.31354166666666666 0.47314814814814815 0.30833333333333335 0.5009259259259259 0.3046875 0.5074074074074074 0.2864583333333333 0.5185185185185185 0.2640625 0.5231481481481481 0.16510416666666666 0.5212962962962963 0.14895833333333333 0.524074074074074 0.14322916666666666 0.5305555555555556 0.13697916666666668 0.562962962962963 0.13541666666666666 0.5805555555555556 0.1328125 0.5861111111111111 0.12864583333333332 0.6407407407407407 0.12604166666666666 0.649074074074074 0.12604166666666666 0.6611111111111111 0.12135416666666667 0.6916666666666667 0.11770833333333333 0.75 0.11458333333333333 0.7620370370370371 0.1140625 0.7888888888888889 0.11197916666666667 0.7972222222222223 0.11145833333333334 0.8453703703703703 0.1078125 0.8759259259259259
4 0.8036458333333333 0.9046296296296297 0.8026041666666667 0.9074074074074074 0.8041666666666667 0.9092592592592592 0.8036458333333333 0.9046296296296297
4 0.4890625 0.9898148148148148 0.48854166666666665 0.9981481481481481 0.60625 0.9981481481481481 0.609375 0.9935185185185185 0.6125 0.9731481481481481 0.6197916666666666 0.9574074074074074 0.6166666666666667 0.9435185185185185 0.6114583333333333 0.9416666666666667 0.6083333333333333 0.9462962962962963 0.603125 0.9444444444444444 0.6072916666666667 0.9268518518518518 0.6114583333333333 0.925 0.6130208333333333 0.9175925925925926 0.6234375 0.9009259259259259 0.6223958333333334 0.8888888888888888 0.6140625 0.8777777777777778 0.5947916666666667 0.8731481481481481 0.5833333333333334 0.8666666666666667 0.5760416666666667 0.8666666666666667 0.5692708333333333 0.8712962962962963 0.5661458333333333 0.8759259259259259 0.5635416666666667 0.8759259259259259 0.5484375 0.8962962962962963 0.5390625 0.9009259259259259 0.5135416666666667 0.9277777777777778 0.50625 0.9416666666666667 0.503125 0.9555555555555556 0.4890625 0.9898148148148148
4 0.8098958333333334 0.8166666666666667 0.815625 0.837037037037037 0.8161458333333333 0.8444444444444444 0.8015625 0.8712962962962963 0.7989583333333333 0.8805555555555555 0.7953125 0.8833333333333333 0.7984375 0.8870370370370371 0.8005208333333333 0.8962962962962963 0.8036458333333333 0.9009259259259259 0.8067708333333333 0.899074074074074 0.8125 0.9046296296296297 0.8244791666666667 0.9046296296296297 0.8302083333333333 0.9148148148148149 0.8302083333333333 0.9277777777777778 0.8333333333333334 0.9398148148148148 0.83125 0.9601851851851851 0.8317708333333333 0.9972222222222222 0.8942708333333333 0.9981481481481481 0.8942708333333333 0.9490740740740741 0.8916666666666667 0.9027777777777778 0.8869791666666667 0.8731481481481481 0.88125 0.8601851851851852 0.8671875 0.8333333333333334 0.8604166666666667 0.825925925925926 0.85625 0.825925925925926 0.8505208333333333 0.837037037037037 0.8442708333333333 0.862037037037037 0.8385416666666666 0.8638888888888889 0.8375 0.8555555555555555 0.83125 0.8546296296296296 0.8296875 0.85 0.83125 0.837037037037037 0.8369791666666667 0.8194444444444444 0.8369791666666667 0.8101851851851852 0.8307291666666666 0.8074074074074075 0.8145833333333333 0.8074074074074075 0.8098958333333334 0.8166666666666667
4 0.3971354166666667 0.49074074074074076 0.0015625 0.001851851851851852
4 0.26927083333333335 0.11851851851851852 0.26927083333333335 0.18333333333333332 0.2734375 0.22962962962962963 0.27291666666666664 0.2972222222222222 0.275 0.3351851851851852 0.2791666666666667 0.3416666666666667 0.29010416666666666 0.34814814814814815 0.296875 0.35555555555555557 0.3140625 0.39351851851851855 0.32447916666666665 0.4101851851851852 0.33645833333333336 0.41944444444444445 0.340625 0.4287037037037037 0.3421875 0.4462962962962963 0.359375 0.45555555555555555 0.3692708333333333 0.4685185185185185 0.38697916666666665 0.47129629629629627 0.3921875 0.4824074074074074 0.40260416666666665 0.4861111111111111 0.40208333333333335 0.4898148148148148 0.40572916666666664 0.49722222222222223 0.4046875 0.5046296296296297 0.40729166666666666 0.512962962962963 0.4114583333333333 0.5138888888888888 0.41302083333333334 0.5212962962962963 0.41770833333333335 0.524074074074074 0.425 0.5388888888888889 0.42239583333333336 0.5546296296296296 0.4166666666666667 0.5601851851851852 0.41875 0.5592592592592592 0.4239583333333333 0.5685185185185185 0.42864583333333334 0.5638888888888889 0.44114583333333335 0.5666666666666667 0.4427083333333333 0.5805555555555556 0.4395833333333333 0.5888888888888889 0.44166666666666665 0.5842592592592593 0.4428817708333333 0.5888888888888889 0.46041666666666664 0.5916666666666667 0.4666666666666667 0.5888888888888889 0.46770833333333334 0.5777777777777777 0.4739583333333333 0.5777777777777777 0.47604166666666664 0.5824074074074074 0.48072916666666665 0.5805555555555556 0.48072916666666665 0.5666666666666667 0.4713541666666667 0.5444444444444444 0.4671875 0.5203703703703704 0.4744791666666667 0.5092592592592593 0.4786458333333333 0.5138888888888888 0.4901041666666667 0.5555555555555556 0.5010416666666667 0.575925925925926 0.503125 0.5731481481481482 0.5010416666666667 0.5675925925925925 0.5041666666666667 0.5648148148148148 0.5177083333333333 0.5638888888888889 0.5302083333333333 0.5555555555555556 0.540625 0.5546296296296296 0.5494791666666666 0.55 0.5526041666666667 0.5435185185185185 0.575 0.5277777777777778 0.5848958333333333 0.5277777777777778 0.5875 0.5231481481481481 0.5927083333333333 0.5212962962962963 0.5947916666666667 0.5268518518518519 0.5932291666666667 0.5324074074074074 0.5942708333333333 0.5398148148148149 0.5916666666666667 0.5453703703703704 0.5911458333333334 0.5518518518518518 0.5932291666666667 0.5555555555555556 0.5927083333333333 0.5638888888888889 0.5885416666666666 0.5796296296296296 0.5869791666666667 0.5805555555555556 0.5854166666666667 0.6027777777777777 0.5916666666666667 0.6194444444444445 0.5901041666666667 0.6305555555555555 0.5916666666666667 0.6425925925925926 0.5942708333333333 0.6481481481481481 0.6015625 0.6481481481481481 0.609375 0.6351851851851852 0.6333333333333333 0.6231481481481481 0.6447916666666667 0.6074074074074074 0.6645833333333333 0.5907407407407408 0.671875 0.5777777777777777 0.6760416666666667 0.5592592592592592 0.6796875 0.5509259259259259 0.6875 0.5138888888888888 0.690625 0.5064814814814815 0.6979166666666666 0.49444444444444446 0.70625 0.4962962962962963 0.7161458333333334 0.49166666666666664 0.7291666666666666 0.47314814814814815 0.734375 0.4601851851851852 0.7401041666666667 0.4351851851851852 0.7557291666666667 0.41203703703703703 0.7671875 0.3888888888888889 0.7734375 0.35462962962962963 0.7734375 0.3194444444444444 0.7791666666666667 0.29444444444444445 0.7791666666666667 0.2722222222222222 0.7848958333333333 0.25462962962962965 0.7848958333333333 0.23981481481481481 0.7817708333333333 0.23148148148148148 0.7807291666666667 0.21944444444444444 0.7786458333333334 0.21666666666666667 0.7786458333333334 0.2074074074074074 0.7703125 0.18611111111111112 0.7671875 0.15462962962962962 0.7583333333333333 0.1259259259259259 0.7541666666666667 0.10555555555555556 0.7432291666666667 0.07777777777777778 0.7432291666666667 0.07314814814814814 0.7333333333333333 0.05555555555555555 0.7260416666666667 0.03148148148148148 0.7244791666666667 0.004629629629629629 0.7223958333333333 0 0.3729166666666667 0 0.36302083333333335 0.002777777777777778 0.35572916666666665 0 0.2947916666666667 0 0.28854166666666664 0.010185185185185186 0.27708333333333335 0.05277777777777778 0.26927083333333335 0.11851851851851852
1 0.9234375 0.6407407407407407 0.9229166666666667 0.6601851851851852 0.9203125 0.6685185185185185 0.9348958333333334 0.6685185185185185 0.940625 0.6601851851851852 0.940625 0.6527777777777778 0.9359375 0.6398148148148148 0.9317708333333333 0.6351851851851852 0.925 0.6351851851851852 0.9234375 0.6407407407407407
1 0.5041666666666667 0.6601851851851852 0.503125 0.6814814814814815 0.5119791666666667 0.7129629629629629 0.5098958333333333 0.7296296296296296 0.50625 0.7324074074074074 0.50625 0.7351851851851852 0.5161458333333333 0.7462962962962963 0.5182291666666666 0.7648148148148148 0.5171875 0.7685185185185185 0.5192708333333333 0.7787037037037037 0.5171875 0.7907407407407407 0.5135416666666667 0.7962962962962963 0.5166666666666667 0.7981481481481482 0.51875 0.7925925925925926 0.521875 0.7962962962962963 0.5229166666666667 0.8027777777777778 0.5260416666666666 0.8074074074074075 0.525 0.8166666666666667 0.5333333333333333 0.8277777777777777 0.5619791666666667 0.8416666666666667 0.5802083333333333 0.8416666666666667 0.5911458333333334 0.8277777777777777 0.59375 0.8231481481481482 0.59375 0.8157407407407408 0.596875 0.8138888888888889 0.596875 0.7824074074074074 0.59375 0.7685185185185185 0.5869791666666667 0.7638888888888888 0.5838541666666667 0.7546296296296297 0.5817708333333333 0.7407407407407407 0.5822916666666667 0.7324074074074074 0.5770833333333333 0.7231481481481481 0.5739583333333333 0.6990740740740741 0.5640625 0.6935185185185185 0.5453125 0.675 0.5302083333333333 0.649074074074074 0.5270833333333333 0.6481481481481481 0.51875 0.6370370370370371 0.5125 0.6416666666666667 0.5109375 0.649074074074074 0.5041666666666667 0.6601851851851852
3 0.4895833333333333 0.9879629629629629 0.4895833333333333 0.9981481481481481 0.6057291666666667 0.9981481481481481 0.609375 0.9916666666666667 0.6098958333333333 0.9833333333333333 0.6140625 0.9694444444444444 0.6166666666666667 0.9666666666666667 0.6182291666666667 0.9555555555555556 0.6151041666666667 0.9435185185185185 0.6067708333333334 0.9481481481481482 0.6015625 0.9481481481481482 0.6010416666666667 0.9444444444444444 0.6067708333333334 0.9277777777777778 0.6104166666666667 0.925 0.6130208333333333 0.9148148148148149 0.6223958333333334 0.9009259259259259 0.6229166666666667 0.8944444444444445 0.61875 0.8824074074074074 0.6140625 0.8777777777777778 0.5942708333333333 0.8731481481481481 0.5838541666666667 0.8666666666666667 0.5755208333333334 0.8666666666666667 0.5583333333333333 0.8824074074074074 0.5541666666666667 0.8916666666666667 0.5328125 0.9055555555555556 0.5135416666666667 0.9277777777777778 0.5072916666666667 0.9388888888888889 0.503125 0.9555555555555556 0.4895833333333333 0.9879629629629629
3 0.8114583333333333 0.8157407407407408 0.8125 0.8277777777777777 0.81875 0.8444444444444444 0.8057291666666667 0.8648148148148148 0.8 0.8805555555555555 0.8 0.8870370370370371 0.8020833333333334 0.8935185185185185 0.809375 0.899074074074074 0.8125 0.9046296296296297 0.8171875 0.8962962962962963 0.8203125 0.8962962962962963 0.83125 0.9148148148148149 0.8338541666666667 0.9351851851851852 0.8317708333333333 0.9555555555555556 0.8322916666666667 0.9935185185185185 0.8369791666666667 0.9981481481481481 0.8677083333333333 0.9944444444444445 0.8713541666666667 0.9824074074074074 0.8828125 0.9601851851851851 0.89375 0.9555555555555556 0.8916666666666667 0.9009259259259259 0.8869791666666667 0.8731481481481481 0.8734375 0.8435185185185186 0.859375 0.8240740740740741 0.8546875 0.825925925925926 0.85 0.8388888888888889 0.8453125 0.862037037037037 0.8416666666666667 0.8648148148148148 0.8375 0.862037037037037 0.8380208333333333 0.8555555555555555 0.8364583333333333 0.8527777777777777 0.8302083333333333 0.8527777777777777 0.8291666666666667 0.85 0.83125 0.837037037037037 0.8380208333333333 0.8166666666666667 0.8380208333333333 0.8101851851851852 0.8307291666666666 0.8074074074074075 0.815625 0.8074074074074075 0.8125 0.8101851851851852 0.8114583333333333 0.8157407407407408
3 0.8515625 0.4898148148148148 0.8557291666666667 0.5046296296296297 0.8557291666666667 0.5361111111111111 0.85 0.5796296296296296 0.8442708333333333 0.6055555555555555 0.8447916666666667 0.6231481481481481 0.8479166666666667 0.6305555555555555 0.8567708333333334 0.675 0.8604166666666667 0.6851851851851852 0.8692708333333333 0.6981481481481482 0.8828125 0.6759259259259259 0.8859375 0.6777777777777778 0.8895833333333333 0.6861111111111111 0.8869791666666667 0.687962962962963 0.8848958333333333 0.6962962962962963 0.8828125 0.6981481481481482 0.88125 0.7129629629629629 0.8885416666666667 0.7212962962962963 0.8979166666666667 0.7212962962962963 0.8994791666666667 0.7185185185185186 0.8994791666666667 0.712037037037037 0.8979166666666667 0.7055555555555556 0.8901041666666667 0.6916666666666667 0.8901041666666667 0.6861111111111111 0.8921875 0.6824074074074075 0.9078125 0.675 0.9182291666666667 0.6638888888888889 0.921875 0.6546296296296297 0.921875 0.637962962962963 0.9255208333333333 0.6231481481481481 0.925 0.6101851851851852 0.9177083333333333 0.600925925925926 0.9130208333333333 0.600925925925926 0.9057291666666667 0.6148148148148148 0.8932291666666666 0.625 0.8916666666666667 0.6148148148148148 0.89375 0.5962962962962963 0.89375 0.5657407407407408 0.8973958333333333 0.5416666666666666 0.89375 0.5101851851851852 0.8859375 0.47129629629629627 0.8755208333333333 0.462037037037037 0.8630208333333333 0.4648148148148148 0.8578125 0.46944444444444444 0.8515625 0.4898148148148148
3 0.93125 0.38333333333333336 0.9333333333333333 0.4148148148148148 0.9307291666666667 0.42962962962962964 0.9369791666666667 0.4388888888888889 0.9416666666666667 0.4388888888888889 0.9453125 0.4324074074074074 0.9473958333333333 0.4324074074074074 0.9619791666666667 0.44814814814814813 0.9666666666666667 0.4462962962962963 0.96875 0.4305555555555556 0.96875 0.4074074074074074 0.9619791666666667 0.3638888888888889 0.9614583333333333 0.3509259259259259 0.9583333333333334 0.3416666666666667 0.9536458333333333 0.3351851851851852 0.9494791666666667 0.3351851851851852 0.9453125 0.33055555555555555 0.9385416666666667 0.33240740740740743 0.9354166666666667 0.34629629629629627 0.93125 0.38333333333333336
3 0.7122395833333334 0.43796296296296294 0.0005208333333333333 0.001851851851851852
3 0.7114583333333333 0.43148148148148147 0.0020833333333333333 0.001851851851851852
3 0.5885416666666666 0.537962962962963 0.5901041666666667 0.5666666666666667 0.5833333333333334 0.5888888888888889 0.5822916666666667 0.6055555555555555 0.5911458333333334 0.6212962962962963 0.5890625 0.6407407407407407 0.59375 0.6509259259259259 0.6 0.6509259259259259 0.6151041666666667 0.6324074074074074 0.6260416666666667 0.6305555555555555 0.6359375 0.6231481481481481 0.6463541666666667 0.6074074074074074 0.665625 0.5916666666666667 0.6723958333333333 0.5796296296296296 0.675 0.5657407407407408 0.6807291666666667 0.55 0.6880208333333333 0.5148148148148148 0.69375 0.49722222222222223 0.6994791666666667 0.48703703703703705 0.7036458333333333 0.47314814814814815 0.7125 0.45740740740740743 0.7104166666666667 0.45185185185185184 0.7119791666666667 0.44907407407407407 0.7114583333333333 0.4444444444444444 0.7067708333333333 0.44351851851851853 0.7052083333333333 0.4388888888888889 0.7057291666666666 0.42685185185185187 0.7104166666666667 0.42592592592592593 0.7098958333333333 0.4166666666666667 0.7067708333333333 0.41388888888888886 0.70625 0.40555555555555556 0.6994791666666667 0.387037037037037 0.690625 0.37777777777777777 0.6838541666666667 0.37592592592592594 0.6703125 0.3888888888888889 0.6697916666666667 0.39166666666666666 0.6723958333333333 0.39351851851851855 0.671875 0.3972222222222222 0.6645833333333333 0.39814814814814814 0.6635416666666667 0.40555555555555556 0.6609375 0.40925925925925927 0.6567708333333333 0.4074074074074074 0.65 0.4148148148148148 0.6427083333333333 0.43333333333333335 0.6354166666666666 0.4462962962962963 0.6265625 0.45555555555555555 0.6234375 0.46296296296296297 0.6223958333333334 0.4703703703703704 0.6239583333333333 0.49074074074074076 0.6203125 0.49907407407407406 0.6166666666666667 0.5166666666666667 0.6104166666666667 0.5296296296296297 0.6041666666666666 0.5398148148148149 0.6 0.537962962962963 0.6057291666666667 0.4898148148148148 0.6046875 0.48703703703703705 0.6015625 0.48703703703703705 0.5885416666666666 0.537962962962963
3 0.3723958333333333 0.36203703703703705 0.37083333333333335 0.37592592592592594 0.375 0.3824074074074074 0.37604166666666666 0.39351851851851855 0.3796875 0.39814814814814814 0.3921875 0.39814814814814814 0.39947916666666666 0.3824074074074074 0.3984375 0.3638888888888889 0.39375 0.3574074074074074 0.375 0.3574074074074074 0.3723958333333333 0.36203703703703705
3 0.4015625 0.3574074074074074 0.4005208333333333 0.3611111111111111 0.40208333333333335 0.36666666666666664 0.40625 0.3712962962962963 0.4119791666666667 0.3712962962962963 0.4192708333333333 0.36203703703703705 0.4192708333333333 0.35462962962962963 0.4166666666666667 0.34629629629629627 0.4125 0.34629629629629627 0.4015625 0.3574074074074074
3 0.37552083333333336 0.4101851851851852 0.3765625 0.4148148148148148 0.37447916666666664 0.4351851851851852 0.3770833333333333 0.44814814814814813 0.3854166666666667 0.4546296296296296 0.390625 0.4675925925925926 0.40625 0.4888888888888889 0.4239583333333333 0.5055555555555555 0.4546875 0.5055555555555555 0.46197916666666666 0.5 0.46770833333333334 0.4824074074074074 0.46875 0.4685185185185185 0.4625 0.44537037037037036 0.46197916666666666 0.43796296296296294 0.4625 0.39537037037037037 0.4739583333333333 0.37592592592592594 0.47552083333333334 0.3574074074074074 0.4734375 0.3527777777777778 0.46875 0.3509259259259259 0.45989583333333334 0.3509259259259259 0.4453125 0.34444444444444444 0.4359375 0.34629629629629627 0.4296875 0.3537037037037037 0.42916666666666664 0.3712962962962963 0.4244791666666667 0.37777777777777777 0.40625 0.387037037037037 0.39010416666666664 0.4074074074074074 0.3854166666666667 0.4074074074074074 0.37916666666666665 0.4027777777777778 0.37552083333333336 0.4101851851851852