4 0.7880208333333333 0.5990740740740741 0.7875 0.6055555555555555 0.796875 0.6166666666666667 0.8020833333333334 0.6296296296296297 0.8104166666666667 0.6416666666666667 0.8151041666666666 0.6435185185185185 0.8317708333333333 0.6601851851851852 0.8369791666666667 0.6620370370370371 0.8395833333333333 0.6666666666666666 0.853125 0.6712962962962963 0.8635416666666667 0.6712962962962963 0.8786458333333333 0.6777777777777778 0.8994791666666667 0.6805555555555556 0.9072916666666667 0.6851851851851852 0.9197916666666667 0.6851851851851852 0.9234375 0.6824074074074075 0.9479166666666666 0.6527777777777778 0.9572916666666667 0.6342592592592593 0.9619791666666667 0.6296296296296297 0.9677083333333333 0.6305555555555555 0.9786458333333333 0.6388888888888888 0.9838541666666667 0.6388888888888888 0.9932291666666667 0.6462962962962963 0.9994791666666667 0.6444444444444445 0.9994791666666667 0.2824074074074074 0.9895833333333334 0.28703703703703703 0.9802083333333333 0.30092592592592593 0.9765625 0.30277777777777776 0.975 0.3074074074074074 0.9588541666666667 0.32407407407407407 0.9333333333333333 0.3712962962962963 0.9260416666666667 0.39166666666666666 0.9203125 0.3990740740740741 0.9135416666666667 0.4212962962962963 0.903125 0.4444444444444444 0.8958333333333334 0.4527777777777778 0.8932291666666666 0.4601851851851852 0.8833333333333333 0.4685185185185185 0.875 0.4824074074074074 0.8630208333333333 0.4935185185185185 0.8223958333333333 0.5546296296296296 0.8098958333333334 0.5666666666666667 0.7994791666666666 0.5824074074074074 0.79375 0.5851851851851851 0.7880208333333333 0.5990740740740741
4 0.6291666666666667 0.9703703703703703 0.6291666666666667 0.9842592592592593 0.6317708333333333 0.9898148148148148 0.6375 0.9944444444444445 0.6515625 0.9935185185185185 0.66875 0.9824074074074074 0.6697916666666667 0.9842592592592593 0.6682291666666667 0.9935185185185185 0.6703125 0.9898148148148148 0.6734375 0.9962962962962963 0.6770833333333334 0.9962962962962963 0.6796875 0.9935185185185185 0.6802083333333333 0.987037037037037 0.6854166666666667 0.9814814814814815 0.6875 0.9842592592592593 0.6875 0.9907407407407407 0.6859375 0.9935185185185185 0.6875 0.9962962962962963 0.69375 0.9981481481481481 0.6953125 0.9944444444444445 0.6973958333333333 0.9962962962962963 0.6989583333333333 0.9916666666666667 0.6994791666666667 0.9962962962962963 0.7005208333333334 0.9935185185185185 0.69375 0.9907407407407407 0.6932291666666667 0.9833333333333333 0.6979166666666666 0.9805555555555555 0.6973958333333333 0.975925925925926 0.6885416666666667 0.9731481481481481 0.6822916666666666 0.9777777777777777 0.6697916666666667 0.975925925925926 0.665625 0.9712962962962963 0.6625 0.9712962962962963 0.6604166666666667 0.9666666666666667 0.6572916666666667 0.9666666666666667 0.6494791666666667 0.9527777777777777 0.64375 0.9490740740740741 0.6385416666666667 0.9490740740740741 0.6291666666666667 0.9703703703703703
4 0.5291666666666667 0.850925925925926 0.5276041666666667 0.8731481481481481 0.5291666666666667 0.8777777777777778 0.5322916666666667 0.8731481481481481 0.5359375 0.8796296296296297 0.5354166666666667 0.8824074074074074 0.5401041666666667 0.8833333333333333 0.5411458333333333 0.8888888888888888 0.5276041666666667 0.9074074074074074 0.5192708333333333 0.9324074074074075 0.5135416666666667 0.9388888888888889 0.5052083333333334 0.9740740740740741 0.4895833333333333 0.9805555555555555 0.48333333333333334 0.9981481481481481 0.6057291666666667 0.9981481481481481 0.6109375 0.9935185185185185 0.6078125 0.9833333333333333 0.6145833333333334 0.9805555555555555 0.6260416666666667 0.9546296296296296 0.6260416666666667 0.950925925925926 0.6223958333333334 0.9453703703703704 0.6286458333333333 0.9416666666666667 0.6307291666666667 0.9342592592592592 0.6333333333333333 0.9388888888888889 0.6369791666666667 0.9351851851851852 0.6369791666666667 0.9324074074074075 0.6291666666666667 0.9342592592592592 0.625 0.9277777777777778 0.625 0.9212962962962963 0.628125 0.9185185185185185 0.6291666666666667 0.9055555555555556 0.63125 0.9027777777777778 0.6322916666666667 0.8925925925925926 0.634375 0.8888888888888888 0.634375 0.8824074074074074 0.6260416666666667 0.8685185185185185 0.6197916666666666 0.8694444444444445 0.6088541666666667 0.8796296296296297 0.5994791666666667 0.8731481481481481 0.5890625 0.8731481481481481 0.5770833333333333 0.8814814814814815 0.571875 0.8796296296296297 0.5677083333333334 0.8712962962962963 0.5572916666666666 0.8629629629629629 0.5567708333333333 0.8574074074074074 0.5541666666666667 0.8574074074074074 0.5536458333333333 0.8481481481481481 0.5505208333333333 0.8481481481481481 0.55 0.8444444444444444 0.5479166666666667 0.8453703703703703 0.546875 0.850925925925926 0.5416666666666666 0.8462962962962963 0.5322916666666667 0.8462962962962963 0.5291666666666667 0.850925925925926
4 0.6390625 0.8944444444444445 0.6395833333333333 0.9046296296296297 0.6427083333333333 0.9055555555555556 0.6463541666666667 0.9120370370370371 0.65625 0.9120370370370371 0.6625 0.9046296296296297 0.6635416666666667 0.8972222222222223 0.6682291666666667 0.8916666666666667 0.6755208333333333 0.9 0.671875 0.9148148148148149 0.6625 0.9259259259259259 0.6578125 0.9351851851851852 0.6505208333333333 0.9398148148148148 0.6479166666666667 0.9444444444444444 0.65625 0.9546296296296296 0.6651041666666667 0.9574074074074074 0.675 0.9666666666666667 0.69375 0.9666666666666667 0.6984375 0.9638888888888889 0.7151041666666667 0.9666666666666667 0.7229166666666667 0.962037037037037 0.7322916666666667 0.9638888888888889 0.7479166666666667 0.9555555555555556 0.7604166666666666 0.9546296296296296 0.7802083333333333 0.975 0.7916666666666666 0.9935185185185185 0.7989583333333333 0.9981481481481481 0.94375 0.9981481481481481 0.9427083333333334 0.9916666666666667 0.9359375 0.987037037037037 0.9265625 0.9851851851851852 0.9171875 0.9712962962962963 0.9130208333333333 0.9685185185185186 0.8994791666666667 0.9388888888888889 0.8869791666666667 0.9194444444444444 0.8729166666666667 0.912962962962963 0.8682291666666667 0.8972222222222223 0.8671875 0.8824074074074074 0.8625 0.8731481481481481 0.8546875 0.8694444444444445 0.85 0.8712962962962963 0.8416666666666667 0.8805555555555555 0.8380208333333333 0.8796296296296297 0.821875 0.8574074074074074 0.8010416666666667 0.8435185185185186 0.7734375 0.8166666666666667 0.7635416666666667 0.8138888888888889 0.728125 0.8148148148148148 0.7197916666666667 0.812037037037037 0.7015625 0.812037037037037 0.6932291666666667 0.8166666666666667 0.6677083333333333 0.8231481481481482 0.6505208333333333 0.8462962962962963 0.64375 0.8824074074074074 0.6390625 0.8944444444444445
4 0.06041666666666667 0.005555555555555556 0.058854166666666666 0.05555555555555555 0.06354166666666666 0.07592592592592592 0.06875 0.08888888888888889 0.065625 0.12685185185185185 0.06614583333333333 0.14537037037037037 0.06875 0.1527777777777778 0.07864583333333333 0.16018518518518518 0.08697916666666666 0.17222222222222222 0.08489583333333334 0.25 0.08125 0.2657407407407407 0.08020833333333334 0.28055555555555556 0.08229166666666667 0.2935185185185185 0.08072916666666667 0.2962962962962963 0.07708333333333334 0.29444444444444445 0.0734375 0.3055555555555556 0.075 0.32314814814814813 0.08125 0.33425925925925926 0.0921875 0.33425925925925926 0.10677083333333333 0.31666666666666665 0.1125 0.31666666666666665 0.1171875 0.32407407407407407 0.11927083333333334 0.3453703703703704 0.12291666666666666 0.35462962962962963 0.1359375 0.36203703703703705 0.1390625 0.3685185185185185 0.14739583333333334 0.36666666666666664 0.1546875 0.35462962962962963 0.15833333333333333 0.3416666666666667 0.16875 0.31666666666666665 0.171875 0.3138888888888889 0.17447916666666666 0.3037037037037037 0.19322916666666667 0.2601851851851852 0.21979166666666666 0.20555555555555555 0.22552083333333334 0.19814814814814816 0.23177083333333334 0.19814814814814816 0.24427083333333333 0.2101851851851852 0.25104166666666666 0.21203703703703702 0.25 0.19814814814814816 0.23958333333333334 0.17592592592592593 0.234375 0.1527777777777778 0.23125 0.14629629629629629 0.2328125 0.11851851851851852 0.22604166666666667 0.09259259259259259 0.2234375 0.07314814814814814 0.209375 0.030555555555555555 0.19270833333333334 0 0.06197916666666667 0 0.06041666666666667 0.005555555555555556
4 0.3807291666666667 0.15092592592592594 0.37916666666666665 0.2 0.37552083333333336 0.22407407407407406 0.37552083333333336 0.25833333333333336 0.37916666666666665 0.2777777777777778 0.3796875 0.3111111111111111 0.39114583333333336 0.3435185185185185 0.39479166666666665 0.3861111111111111 0.4078125 0.44722222222222224 0.4109375 0.4537037037037037 0.41458333333333336 0.47129629629629627 0.41354166666666664 0.49166666666666664 0.4161458333333333 0.4962962962962963 0.41822916666666665 0.5212962962962963 0.425 0.5472222222222223 0.434375 0.5546296296296296 0.44166666666666665 0.5555555555555556 0.44479166666666664 0.5666666666666667 0.45364583333333336 0.5851851851851851 0.45729166666666665 0.5981481481481481 0.4588541666666667 0.612037037037037 0.4625 0.6212962962962963 0.4671875 0.65 0.46927083333333336 0.6574074074074074 0.4744791666666667 0.6648148148148149 0.47552083333333334 0.674074074074074 0.48385416666666664 0.7 0.4895833333333333 0.7074074074074074 0.5088541666666667 0.7166666666666667 0.5276041666666667 0.737037037037037 0.5427083333333333 0.7398148148148148 0.5557291666666667 0.7481481481481481 0.5619791666666667 0.7481481481481481 0.5661458333333333 0.7435185185185185 0.5671875 0.737037037037037 0.5640625 0.7194444444444444 0.5677083333333334 0.7166666666666667 0.5697916666666667 0.7092592592592593 0.5677083333333334 0.6935185185185185 0.56875 0.6638888888888889 0.5645833333333333 0.6361111111111111 0.5677083333333334 0.6305555555555555 0.5723958333333333 0.6370370370370371 0.5776041666666667 0.6370370370370371 0.5864583333333333 0.625 0.5864583333333333 0.6212962962962963 0.5807291666666666 0.6157407407407407 0.5776041666666667 0.5981481481481481 0.565625 0.5805555555555556 0.5802083333333333 0.5712962962962963 0.5947916666666667 0.5712962962962963 0.6036458333333333 0.5777777777777777 0.6130208333333333 0.5805555555555556 0.6619791666666667 0.5824074074074074 0.671875 0.5712962962962963 0.6859375 0.5101851851851852 0.6885416666666667 0.5018518518518519 0.6958333333333333 0.49166666666666664 0.6994791666666667 0.5009259259259259 0.7036458333333333 0.524074074074074 0.7041666666666667 0.5601851851851852 0.70625 0.5731481481481482 0.7104166666666667 0.5842592592592593 0.70625 0.6055555555555555 0.6984375 0.6259259259259259 0.696875 0.6444444444444445 0.6942708333333333 0.6509259259259259 0.69375 0.6601851851851852 0.6890625 0.6805555555555556 0.6833333333333333 0.6888888888888889 0.6791666666666667 0.6898148148148148 0.6755208333333333 0.6944444444444444 0.6776041666666667 0.700925925925926 0.6854166666666667 0.700925925925926 0.6932291666666667 0.7148148148148148 0.6895833333333333 0.7185185185185186 0.6854166666666667 0.7185185185185186 0.6822916666666666 0.7231481481481481 0.6838541666666667 0.7435185185185185 0.6895833333333333 0.7546296296296297 0.7052083333333333 0.7685185185185185 0.7197916666666667 0.7685185185185185 0.7317708333333334 0.7601851851851852 0.7442708333333333 0.7592592592592593 0.753125 0.7509259259259259 0.7578125 0.7194444444444444 0.7635416666666667 0.6962962962962963 0.7635416666666667 0.6888888888888889 0.7619791666666667 0.6851851851851852 0.7572916666666667 0.6842592592592592 0.7505208333333333 0.6851851851851852 0.7447916666666666 0.6898148148148148 0.7411458333333333 0.6759259259259259 0.7458333333333333 0.6694444444444444 0.7604166666666666 0.6592592592592592 0.759375 0.6361111111111111 0.7630208333333334 0.6277777777777778 0.7765625 0.6129629629629629 0.7817708333333333 0.600925925925926 0.7880208333333333 0.5666666666666667 0.7911458333333333 0.5601851851851852 0.7984375 0.5259259259259259 0.8 0.5055555555555555 0.8 0.4601851851851852 0.8161458333333333 0.44166666666666665 0.821875 0.42777777777777776 0.825 0.4009259259259259 0.83125 0.38055555555555554 0.85 0.2962962962962963 0.8557291666666667 0.24444444444444444 0.8557291666666667 0.1685185185185185 0.85 0.14074074074074075 0.846875 0.11018518518518519 0.8427083333333333 0.09444444444444444 0.8291666666666667 0.05925925925925926 0.8161458333333333 0.030555555555555555 0.7994791666666666 0.000925925925925926 0.5598958333333334 0 0.55625 0.002777777777777778 0.5078125 0.002777777777777778 0.5057291666666667 0 0.4739583333333333 0 0.4666666666666667 0.002777777777777778 0.4510416666666667 0.002777777777777778 0.44895833333333335 0 0.41302083333333334 0 0.3953125 0.06388888888888888 0.3932291666666667 0.08425925925925926 0.3807291666666667 0.15092592592592594
4 0.29270833333333335 0.9916666666666667 0.2921875 0.9935185185185185 0.29375 0.9935185185185185 0.29270833333333335 0.9916666666666667
4 0.2755208333333333 0.9916666666666667 0.275 0.9935185185185185 0.2828125 0.9935185185185185 0.2796875 0.9898148148148148 0.2755208333333333 0.9916666666666667
4 0.30364583333333334 0.9851851851851852 0.3015625 0.987037037037037 0.30416666666666664 0.987037037037037 0.30364583333333334 0.9851851851851852
4 0.7229166666666667 0.9916666666666667 0.7229166666666667 0.9944444444444445 0.728125 0.9944444444444445 0.7286458333333333 0.9916666666666667 0.7307291666666667 0.9944444444444445 0.7375 0.9925925925925926 0.7401041666666667 0.9962962962962963 0.7536458333333333 0.9981481481481481 0.7729166666666667 0.9962962962962963 0.7760416666666666 0.9916666666666667 0.78125 0.9935185185185185 0.7791666666666667 0.9888888888888889 0.7796875 0.9824074074074074 0.7744791666666667 0.9805555555555555 0.7729166666666667 0.975925925925926 0.7703125 0.975 0.76875 0.9685185185185186 0.7583333333333333 0.9601851851851851 0.7510416666666667 0.9601851851851851 0.7473958333333334 0.9666666666666667 0.7348958333333333 0.975925925925926 0.7307291666666667 0.9888888888888889 0.7229166666666667 0.9916666666666667
4 0.6578125 0.9138888888888889 0.6546875 0.9138888888888889 0.6567708333333333 0.9212962962962963 0.659375 0.9212962962962963 0.6598958333333333 0.9185185185185185 0.6619791666666667 0.9212962962962963 0.6578125 0.9138888888888889
4 0.5119791666666667 0.9138888888888889 0.5104166666666666 0.9138888888888889 0.5114583333333333 0.9185185185185185 0.5119791666666667 0.9138888888888889
4 0.6489583333333333 0.9027777777777778 0.6484375 0.9046296296296297 0.64375 0.9009259259259259 0.64375 0.9046296296296297 0.6489583333333333 0.9055555555555556 0.65 0.9092592592592592 0.6546875 0.9074074074074074 0.6489583333333333 0.9027777777777778
4 0.8354166666666667 0.8638888888888889 0.8338541666666667 0.8666666666666667 0.8375 0.8731481481481481 0.840625 0.8731481481481481 0.8411458333333334 0.8685185185185185 0.84375 0.8731481481481481 0.8385416666666666 0.8638888888888889 0.8348958333333333 0.8675925925925926 0.8354166666666667 0.8638888888888889
4 0.83125 0.8546296296296296 0.83125 0.8601851851851852 0.83125 0.8546296296296296
4 0.4515625 0.8138888888888889 0.4510416666666667 0.8185185185185185 0.4630208333333333 0.8240740740740741 0.46822916666666664 0.8305555555555556 0.4703125 0.837037037037037 0.478125 0.8351851851851851 0.4791666666666667 0.8277777777777777 0.47291666666666665 0.8138888888888889 0.4609375 0.8166666666666667 0.4515625 0.8138888888888889
4 0.4627604166666667 0.7222222222222222 0.0005208333333333333 0.001851851851851852
4 0.6401041666666667 0.7138888888888889 0.6395833333333333 0.7166666666666667 0.64375 0.7166666666666667 0.64375 0.7138888888888889 0.6401041666666667 0.7138888888888889
4 0.63125 0.6666666666666666 0.6291666666666667 0.6666666666666666 0.6302083333333334 0.6731481481481482 0.63125 0.6666666666666666
4 0.6838541666666667 0.7981481481481482 0.68125 0.8046296296296296 0.6854166666666667 0.812037037037037 0.6927083333333334 0.8074074074074075 0.7114583333333333 0.8074074074074075 0.7260416666666667 0.812037037037037 0.7505208333333333 0.8101851851851852 0.7739583333333333 0.8138888888888889 0.7838541666666666 0.8194444444444444 0.7932291666666667 0.8166666666666667 0.7958333333333333 0.812037037037037 0.8166666666666667 0.8138888888888889 0.8192708333333333 0.8046296296296296 0.8244791666666667 0.7981481481481482 0.8276041666666667 0.8 0.8307291666666666 0.7944444444444444 0.8317708333333333 0.7870370370370371 0.8385416666666666 0.7870370370370371 0.8432291666666667 0.7916666666666666 0.8447916666666667 0.8074074074074075 0.8427083333333333 0.8138888888888889 0.8427083333333333 0.8231481481481482 0.8442708333333333 0.8314814814814815 0.85 0.8435185185185186 0.85 0.8638888888888889 0.8604166666666667 0.8694444444444445 0.8671875 0.8777777777777778 0.8729166666666667 0.9092592592592592 0.8744791666666667 0.9120370370370371 0.8848958333333333 0.9138888888888889 0.8911458333333333 0.9222222222222223 0.8927083333333333 0.9277777777777778 0.8973958333333333 0.9324074074074075 0.90625 0.9490740740740741 0.90625 0.9527777777777777 0.9125 0.9648148148148148 0.9208333333333333 0.975 0.9260416666666667 0.9805555555555555 0.9541666666666667 0.9962962962962963 0.9854166666666667 0.9962962962962963 0.9916666666666667 0.9935185185185185 0.990625 0.9898148148148148 0.9953125 0.9796296296296296 0.9973958333333334 0.9694444444444444 0.9994791666666667 0.9685185185185186 0.9994791666666667 0.9351851851851852 0.9895833333333334 0.9324074074074075 0.98125 0.9398148148148148 0.9802083333333333 0.9435185185185185 0.9697916666666667 0.9435185185185185 0.9567708333333333 0.9222222222222223 0.95625 0.9138888888888889 0.9484375 0.9166666666666666 0.9473958333333333 0.925 0.9442708333333333 0.9259259259259259 0.9416666666666667 0.9324074074074075 0.9307291666666667 0.9324074074074075 0.9276041666666667 0.925 0.9265625 0.9166666666666666 0.9192708333333334 0.9027777777777778 0.9260416666666667 0.8870370370370371 0.9255208333333333 0.8731481481481481 0.9296875 0.8638888888888889 0.9286458333333333 0.8537037037037037 0.9307291666666667 0.850925925925926 0.9302083333333333 0.8444444444444444 0.9369791666666667 0.8351851851851851 0.9380208333333333 0.8277777777777777 0.9432291666666667 0.8148148148148148 0.9463541666666667 0.8138888888888889 0.953125 0.8194444444444444 0.9614583333333333 0.8296296296296296 0.9625 0.8342592592592593 0.9697916666666667 0.8398148148148148 0.9723958333333333 0.837037037037037 0.9807291666666667 0.837037037037037 0.9895833333333334 0.8527777777777777 0.9932291666666667 0.8555555555555555 0.9994791666666667 0.8546296296296296 0.9994791666666667 0.7388888888888889 0.9973958333333334 0.737037037037037 0.9994791666666667 0.7324074074074074 0.9994791666666667 0.6981481481481482 0.9947916666666666 0.6944444444444444 0.9770833333333333 0.6962962962962963 0.9723958333333333 0.700925925925926 0.9640625 0.700925925925926 0.9458333333333333 0.6944444444444444 0.9302083333333333 0.6981481481481482 0.9182291666666667 0.6916666666666667 0.9 0.6888888888888889 0.8958333333333334 0.6851851851851852 0.8708333333333333 0.6824074074074075 0.8651041666666667 0.6777777777777778 0.85625 0.6759259259259259 0.8442708333333333 0.6759259259259259 0.8375 0.6712962962962963 0.8328125 0.6638888888888889 0.8244791666666667 0.6638888888888889 0.8239583333333333 0.675 0.8171875 0.6851851851851852 0.8104166666666667 0.6888888888888889 0.79375 0.6898148148148148 0.7869791666666667 0.6842592592592592 0.7708333333333334 0.6851851851851852 0.7635416666666667 0.7055555555555556 0.7619791666666667 0.7222222222222222 0.75625 0.75 0.7505208333333333 0.7601851851851852 0.7364583333333333 0.7666666666666667 0.7307291666666667 0.7814814814814814 0.7239583333333334 0.7888888888888889 0.7088541666666667 0.7916666666666666 0.7046875 0.7962962962962963 0.6838541666666667 0.7981481481481482
4 0.5869791666666667 0.5981481481481481 0.5869791666666667 0.6074074074074074 0.5947916666666667 0.6194444444444445 0.59375 0.6305555555555555 0.5989583333333334 0.6324074074074074 0.6020833333333333 0.6277777777777778 0.6057291666666667 0.6351851851851852 0.6072916666666667 0.6324074074074074 0.6067708333333334 0.6277777777777778 0.6171875 0.6277777777777778 0.6223958333333334 0.6370370370370371 0.6213541666666667 0.6398148148148148 0.625 0.6435185185185185 0.625 0.6481481481481481 0.6125 0.649074074074074 0.6135416666666667 0.6518518518518519 0.6119791666666666 0.6546296296296297 0.6135416666666667 0.6574074074074074 0.6171875 0.6574074074074074 0.6197916666666666 0.6509259259259259 0.6223958333333334 0.6509259259259259 0.6223958333333334 0.6574074074074074 0.6333333333333333 0.6592592592592592 0.6359375 0.6685185185185185 0.6380208333333334 0.6685185185185185 0.6380208333333334 0.662962962962963 0.6401041666666667 0.6620370370370371 0.6447916666666667 0.6685185185185185 0.6484375 0.6694444444444444 0.65 0.6759259259259259 0.6588541666666666 0.6759259259259259 0.6625 0.6842592592592592 0.6619791666666667 0.6888888888888889 0.6635416666666667 0.6898148148148148 0.6697916666666667 0.6888888888888889 0.6838541666666667 0.6731481481481482 0.690625 0.6592592592592592 0.690625 0.649074074074074 0.6932291666666667 0.6388888888888888 0.6932291666666667 0.6231481481481481 0.684375 0.6138888888888889 0.6817708333333333 0.6138888888888889 0.6744791666666666 0.600925925925926 0.6703125 0.600925925925926 0.6666666666666666 0.5935185185185186 0.6614583333333334 0.5888888888888889 0.6494791666666667 0.5916666666666667 0.6244791666666667 0.5916666666666667 0.6208333333333333 0.5888888888888889 0.6015625 0.587037037037037 0.6 0.5935185185185186 0.5953125 0.5935185185185186 0.59375 0.5962962962962963 0.5927083333333333 0.5935185185185186 0.5895833333333333 0.5990740740740741 0.5880208333333333 0.5962962962962963 0.5869791666666667 0.5981481481481481
4 0.5927083333333333 0.587037037037037 0.5890625 0.587037037037037 0.5927083333333333 0.587037037037037
4 0.5770833333333333 0.5814814814814815 0.5765625 0.5842592592592593 0.58125 0.5916666666666667 0.5848958333333333 0.5935185185185186 0.5869791666666667 0.5888888888888889 0.5854166666666667 0.5805555555555556 0.5770833333333333 0.5814814814814815
4 0.3494791666666667 0.4759259259259259 0.34739583333333335 0.4759259259259259 0.3494791666666667 0.4759259259259259
4 0.38333333333333336 0.35555555555555557 0.38385416666666666 0.3648148148148148 0.37864583333333335 0.3648148148148148 0.38125 0.3648148148148148 0.38177083333333334 0.3731481481481482 0.3854166666666667 0.3731481481481482 0.38697916666666665 0.3712962962962963 0.38697916666666665 0.3662037037037037 0.3848958333333333 0.362962962962963 0.38697916666666665 0.3611111111111111 0.38697916666666665 0.3509259259259259 0.38333333333333336 0.35555555555555557
4 0.00625 0.9222222222222223 0.0020833333333333333 0.9555555555555556 0.0020833333333333333 0.9712962962962963 0.0078125 0.9935185185185185 0.011979166666666667 0.9981481481481481 0.036458333333333336 0.9962962962962963 0.03958333333333333 0.9935185185185185 0.10260416666666666 0.9962962962962963 0.12083333333333333 0.9916666666666667 0.14010416666666667 0.9944444444444445 0.14322916666666666 0.9981481481481481 0.17291666666666666 0.9981481481481481 0.178125 0.9935185185185185 0.2578125 0.9962962962962963 0.2598958333333333 0.9935185185185185 0.26145833333333335 0.9805555555555555 0.26510416666666664 0.9703703703703703 0.2703125 0.9648148148148148 0.2708333333333333 0.9592592592592593 0.2755208333333333 0.9527777777777777 0.28958333333333336 0.9555555555555556 0.29635416666666664 0.9601851851851851 0.3 0.9657407407407408 0.3 0.975925925925926 0.3015625 0.9796296296296296 0.30625 0.9805555555555555 0.3098958333333333 0.9935185185185185 0.31614583333333335 0.9944444444444445 0.36666666666666664 0.9962962962962963 0.38229166666666664 0.9935185185185185 0.39947916666666666 0.9962962962962963 0.4029947916666667 0.9944444444444445 0.403125 0.9898148148148148 0.4046875 0.9898148148148148 0.40598958333333335 0.9944444444444445 0.4078125 0.9916666666666667 0.408984375 0.9944444444444445 0.41041666666666665 0.9916666666666667 0.4119791666666667 0.9944444444444445 0.41770833333333335 0.9935185185185185 0.42135416666666664 0.9851851851851852 0.42239583333333336 0.9935185185185185 0.4276041666666667 0.9981481481481481 0.47604166666666664 0.9981481481481481 0.484375 0.987037037037037 0.48802083333333335 0.975925925925926 0.49895833333333334 0.9731481481481481 0.5005208333333333 0.9685185185185186 0.49322916666666666 0.9555555555555556 0.49270833333333336 0.950925925925926 0.49322916666666666 0.9462962962962963 0.4979166666666667 0.9481481481481482 0.50625 0.9416666666666667 0.50625 0.9194444444444444 0.5041666666666667 0.9175925925925926 0.5057291666666667 0.9138888888888889 0.5041666666666667 0.9120370370370371 0.4973958333333333 0.9101851851851852 0.4901041666666667 0.9138888888888889 0.48385416666666664 0.9231481481481482 0.48333333333333334 0.9212962962962963 0.48125 0.9324074074074075 0.47604166666666664 0.9305555555555556 0.4744791666666667 0.9351851851851852 0.4671875 0.9416666666666667 0.44895833333333335 0.9398148148148148 0.4453125 0.9333333333333333 0.44375 0.9222222222222223 0.44479166666666664 0.9009259259259259 0.4427083333333333 0.8861111111111111 0.44895833333333335 0.8824074074074074 0.45729166666666665 0.862037037037037 0.4583333333333333 0.8546296296296296 0.465625 0.8435185185185186 0.45729166666666665 0.8435185185185186 0.44166666666666665 0.8351851851851851 0.4432291666666667 0.8240740740740741 0.4354166666666667 0.8203703703703704 0.43854166666666666 0.8138888888888889 0.4510416666666667 0.812037037037037 0.446875 0.7962962962962963 0.4427083333333333 0.7935185185185185 0.43072916666666666 0.7935185185185185 0.42916666666666664 0.7962962962962963 0.43125 0.8 0.428125 0.8018518518518518 0.4234375 0.7944444444444444 0.41770833333333335 0.7935185185185185 0.41354166666666664 0.7888888888888889 0.3963541666666667 0.7851851851851852 0.38697916666666665 0.7805555555555556 0.3854166666666667 0.7759259259259259 0.38645833333333335 0.7324074074074074 0.3932291666666667 0.7324074074074074 0.40625 0.7388888888888889 0.4348958333333333 0.7388888888888889 0.4348958333333333 0.7287037037037037 0.4375 0.7185185185185186 0.44895833333333335 0.7148148148148148 0.4578125 0.7027777777777777 0.4588541666666667 0.6953703703703704 0.4661458333333333 0.6916666666666667 0.46770833333333334 0.6888888888888889 0.46770833333333334 0.6824074074074075 0.4666666666666667 0.6666666666666666 0.46458333333333335 0.6666666666666666 0.46145833333333336 0.6601851851851852 0.4630208333333333 0.6555555555555556 0.4625 0.6398148148148148 0.4546875 0.6175925925925926 0.45364583333333336 0.6 0.44947916666666665 0.5851851851851851 0.4427083333333333 0.5731481481481482 0.43645833333333334 0.5712962962962963 0.42864583333333334 0.5638888888888889 0.4119791666666667 0.5407407407407407 0.41041666666666665 0.524074074074074 0.40625 0.5157407407407407 0.403125 0.4888888888888889 0.39791666666666664 0.4824074074074074 0.3802083333333333 0.4824074074074074 0.3697916666666667 0.4648148148148148 0.3734375 0.45740740740740743 0.37864583333333335 0.4527777777777778 0.3828125 0.4527777777777778 0.38697916666666665 0.4462962962962963 0.3875 0.4351851851851852 0.38333333333333336 0.4305555555555556 0.3828125 0.42685185185185187 0.3927083333333333 0.42314814814814816 0.3921875 0.4148148148148148 0.3875 0.4111111111111111 0.3875 0.4009259259259259 0.37864583333333335 0.39166666666666666 0.37083333333333335 0.39166666666666666 0.3729166666666667 0.3851851851851852 0.38697916666666665 0.38055555555555554 0.38645833333333335 0.37777777777777777 0.38125 0.38055555555555554 0.37604166666666666 0.36666666666666664 0.3692708333333333 0.36666666666666664 0.3645833333333333 0.362962962962963 0.36614583333333334 0.3592592592592593 0.3645833333333333 0.3574074074074074 0.3572916666666667 0.35555555555555557 0.3567708333333333 0.3490740740740741 0.359375 0.3435185185185185 0.36770833333333336 0.3388888888888889 0.3770833333333333 0.34074074074074073 0.37916666666666665 0.3351851851851852 0.37916666666666665 0.3277777777777778 0.37447916666666664 0.31666666666666665 0.3375 0.2962962962962963 0.30364583333333334 0.262037037037037 0.29583333333333334 0.25925925925925924 0.25885416666666666 0.22314814814814815 0.24583333333333332 0.21666666666666667 0.234375 0.20555555555555555 0.22604166666666667 0.20462962962962963 0.21979166666666666 0.2101851851851852 0.21875 0.21666666666666667 0.2125 0.22592592592592592 0.2125 0.22962962962962963 0.20572916666666666 0.24074074074074073 0.20520833333333333 0.2462962962962963 0.19322916666666667 0.26851851851851855 0.18541666666666667 0.2916666666666667 0.18125 0.2972222222222222 0.17083333333333334 0.3212962962962963 0.16770833333333332 0.33425925925925926 0.15677083333333333 0.3592592592592593 0.15520833333333334 0.375 0.1515625 0.37777777777777777 0.14583333333333334 0.3888888888888889 0.1421875 0.4046296296296296 0.1390625 0.4074074074074074 0.12135416666666667 0.44907407407407407 0.11770833333333333 0.4648148148148148 0.10729166666666666 0.4898148148148148 0.10520833333333333 0.5046296296296297 0.10052083333333334 0.5120370370370371 0.09479166666666666 0.5277777777777778 0.0921875 0.5462962962962963 0.08229166666666667 0.5694444444444444 0.07864583333333333 0.5888888888888889 0.06875 0.6231481481481481 0.06666666666666667 0.6370370370370371 0.0625 0.6481481481481481 0.059895833333333336 0.6620370370370371 0.0578125 0.6648148148148149 0.05364583333333333 0.687037037037037 0.0484375 0.700925925925926 0.04375 0.7296296296296296 0.03854166666666667 0.7444444444444445 0.03697916666666667 0.7546296296296297 0.0328125 0.7620370370370371 0.030729166666666665 0.7935185185185185 0.027083333333333334 0.8027777777777778 0.022916666666666665 0.8342592592592593 0.0203125 0.837037037037037 0.01875 0.8435185185185186 0.016145833333333335 0.8712962962962963 0.0140625 0.8740740740740741 0.010416666666666666 0.9046296296296297 0.00625 0.9222222222222223
3 0.07135416666666666 0.3055555555555556 0.07135416666666666 0.31666666666666665 0.08072916666666667 0.337037037037037 0.0875 0.3398148148148148 0.0921875 0.3388888888888889 0.09479166666666666 0.3351851851851852 0.10052083333333334 0.325 0.10208333333333333 0.30925925925925923 0.10364583333333334 0.3074074074074074 0.10364583333333334 0.30277777777777776 0.10052083333333334 0.2972222222222222 0.09947916666666666 0.2638888888888889 0.08541666666666667 0.2601851851851852 0.08072916666666667 0.26851851851851855 0.07916666666666666 0.2916666666666667 0.075 0.2935185185185185 0.07135416666666666 0.3055555555555556
3 0.6880208333333333 0.975925925925926 0.6875 0.9805555555555555 0.69375 0.9805555555555555 0.6932291666666667 0.975925925925926 0.6880208333333333 0.975925925925926
3 0.6302083333333334 0.9685185185185186 0.6296875 0.9842592592592593 0.6369791666666667 0.9935185185185185 0.6541666666666667 0.9916666666666667 0.6692708333333334 0.9805555555555555 0.6697916666666667 0.9777777777777777 0.6609375 0.9685185185185186 0.6578125 0.9685185185185186 0.6458333333333334 0.9527777777777777 0.6395833333333333 0.9527777777777777 0.6302083333333334 0.9685185185185186
3 0.6395833333333333 0.8925925925925926 0.6395833333333333 0.9046296296296297 0.6458333333333334 0.9120370370370371 0.6640625 0.9194444444444444 0.6625 0.9287037037037037 0.6510416666666666 0.9416666666666667 0.6505208333333333 0.9462962962962963 0.6546875 0.9490740740740741 0.6572916666666667 0.9546296296296296 0.665625 0.9574074074074074 0.6765625 0.9666666666666667 0.6875 0.9685185185185186 0.6973958333333333 0.9638888888888889 0.7161458333333334 0.9666666666666667 0.71875 0.9638888888888889 0.7322916666666667 0.9638888888888889 0.7458333333333333 0.9555555555555556 0.759375 0.9527777777777777 0.7859375 0.9805555555555555 0.7921875 0.9805555555555555 0.8010416666666667 0.9712962962962963 0.8109375 0.9666666666666667 0.8244791666666667 0.9416666666666667 0.8369791666666667 0.9027777777777778 0.8390625 0.8851851851851852 0.8375 0.8787037037037037 0.8338541666666667 0.8759259259259259 0.8291666666666667 0.8648148148148148 0.8088541666666667 0.850925925925926 0.7734375 0.8166666666666667 0.7609375 0.8138888888888889 0.7286458333333333 0.8148148148148148 0.7020833333333333 0.812037037037037 0.69375 0.8166666666666667 0.6708333333333333 0.8212962962962963 0.6604166666666667 0.8305555555555556 0.6494791666666667 0.8472222222222222 0.64375 0.8824074074074074 0.6395833333333333 0.8925925925925926
3 0.5072916666666667 0.9629629629629629 0.50625 0.975925925925926 0.5078125 0.9777777777777777 0.5286458333333334 0.9851851851851852 0.5453125 0.9981481481481481 0.6052083333333333 0.9981481481481481 0.6109375 0.9935185185185185 0.6130208333333333 0.9833333333333333 0.6234375 0.962037037037037 0.6260416666666667 0.9527777777777777 0.6375 0.9324074074074075 0.6369791666666667 0.925 0.634375 0.9185185185185185 0.6307291666666667 0.9166666666666666 0.6286458333333333 0.9111111111111111 0.634375 0.8888888888888888 0.634375 0.8824074074074074 0.6302083333333334 0.8722222222222222 0.6265625 0.8685185185185185 0.61875 0.8694444444444445 0.6088541666666667 0.8796296296296297 0.6 0.8731481481481481 0.5875 0.8731481481481481 0.5770833333333333 0.8814814814814815 0.5697916666666667 0.875 0.5677083333333334 0.8685185185185185 0.5505208333333333 0.8435185185185186 0.55 0.8388888888888889 0.5291666666666667 0.837037037037037 0.525 0.8740740740740741 0.5270833333333333 0.8861111111111111 0.53125 0.8935185185185185 0.53125 0.9009259259259259 0.5260416666666666 0.9074074074074074 0.5239583333333333 0.9203703703703704 0.5119791666666667 0.9435185185185185 0.5072916666666667 0.9629629629629629
3 0.10572916666666667 0.31666666666666665 0.10572916666666667 0.32314814814814813 0.11145833333333334 0.3212962962962963 0.11458333333333333 0.32592592592592595 0.1203125 0.35 0.12239583333333333 0.3527777777777778 0.12864583333333332 0.3527777777777778 0.13645833333333332 0.34814814814814815 0.1375 0.3435185185185185 0.1421875 0.3398148148148148 0.14739583333333334 0.32592592592592595 0.14895833333333333 0.3074074074074074 0.14322916666666666 0.2935185185185185 0.13697916666666668 0.2898148148148148 0.11875 0.29814814814814816 0.10572916666666667 0.31666666666666665
3 0.6697916666666667 0.6990740740740741 0.66875 0.7055555555555556 0.6703125 0.7074074074074074 0.6817708333333333 0.7055555555555556 0.6807291666666667 0.7379629629629629 0.6854166666666667 0.7509259259259259 0.6942708333333333 0.7620370370370371 0.7057291666666666 0.7712962962962963 0.7171875 0.7731481481481481 0.7317708333333334 0.7620370370370371 0.7473958333333334 0.7592592592592593 0.753125 0.7527777777777778 0.7552083333333334 0.7481481481481481 0.7583333333333333 0.7212962962962963 0.7619791666666667 0.7101851851851851 0.7645833333333333 0.6842592592592592 0.75625 0.6824074074074075 0.7354166666666667 0.6962962962962963 0.7307291666666667 0.6962962962962963 0.7307291666666667 0.6861111111111111 0.7375 0.6842592592592592 0.7411458333333333 0.6777777777777778 0.7442708333333333 0.6777777777777778 0.7458333333333333 0.6731481481481482 0.759375 0.6638888888888889 0.7625 0.6574074074074074 0.7604166666666666 0.6425925925925926 0.7614583333333333 0.6342592592592593 0.7802083333333333 0.6074074074074074 0.7828125 0.5962962962962963 0.7833333333333333 0.5805555555555556 0.775 0.549074074074074 0.76875 0.5388888888888889 0.7583333333333333 0.5324074074074074 0.7432291666666667 0.5324074074074074 0.7359375 0.5351851851851852 0.7234375 0.5462962962962963 0.7145833333333333 0.5694444444444444 0.7125 0.5851851851851851 0.7083333333333334 0.5944444444444444 0.7052083333333333 0.6101851851851852 0.7015625 0.6148148148148148 0.6953125 0.6324074074074074 0.69375 0.6546296296296297 0.690625 0.6712962962962963 0.6859375 0.6824074074074075 0.68125 0.6824074074074075 0.6755208333333333 0.687037037037037 0.6697916666666667 0.6990740740740741
3 0.4395833333333333 0.5324074074074074 0.4390625 0.537962962962963 0.44166666666666665 0.5444444444444444 0.44479166666666664 0.5675925925925925 0.45729166666666665 0.5962962962962963 0.4583333333333333 0.6175925925925926 0.4625 0.6277777777777778 0.4640625 0.6435185185185185 0.46927083333333336 0.6601851851851852 0.47239583333333335 0.6648148148148149 0.4765625 0.6861111111111111 0.4828125 0.7046296296296296 0.5098958333333333 0.7185185185185186 0.5213541666666667 0.7342592592592593 0.5317708333333333 0.7416666666666667 0.5494791666666666 0.7435185185185185 0.55625 0.7509259259259259 0.5614583333333333 0.7509259259259259 0.5677083333333334 0.7435185185185185 0.565625 0.7212962962962963 0.5703125 0.7166666666666667 0.571875 0.7101851851851851 0.5703125 0.6851851851851852 0.5723958333333333 0.6731481481481482 0.56875 0.6611111111111111 0.5666666666666667 0.6361111111111111 0.5682291666666667 0.6342592592592593 0.5744791666666667 0.6388888888888888 0.5796875 0.6388888888888888 0.5885416666666666 0.6296296296296297 0.5901041666666667 0.6231481481481481 0.5828125 0.6092592592592593 0.5791666666666667 0.5935185185185186 0.5692708333333333 0.587037037037037 0.5484375 0.5648148148148148 0.5265625 0.5601851851851852 0.5161458333333333 0.5324074074074074 0.5125 0.5277777777777778 0.5119791666666667 0.5231481481481481 0.5083333333333333 0.5222222222222223 0.50625 0.5138888888888888 0.5 0.5092592592592593 0.49114583333333334 0.48055555555555557 0.48333333333333334 0.47129629629629627 0.47604166666666664 0.47129629629629627 0.4635416666666667 0.4824074074074074 0.4395833333333333 0.5324074074074074
3 0.1046875 0.31851851851851853 0.10416666666666667 0.32314814814814813 0.11041666666666666 0.3212962962962963 0.11302083333333333 0.32407407407407407 0.11614583333333334 0.3509259259259259 0.12552083333333333 0.36666666666666664 0.146875 0.3685185185185185 0.14895833333333333 0.3638888888888889 0.15 0.34444444444444444 0.14791666666666667 0.34074074074074073 0.1515625 0.31203703703703706 0.15052083333333333 0.30092592592592593 0.14791666666666667 0.2935185185185185 0.14322916666666666 0.28888888888888886 0.13645833333333332 0.28888888888888886 0.12604166666666666 0.2962962962962963 0.11875 0.29814814814814816 0.1046875 0.31851851851851853