4 0.7098958333333333 0.5481481481481482 0.7270833333333333 0.5583333333333333 0.7588541666666667 0.5666666666666667 0.7921875 0.6064814814814815 0.8109375 0.6157407407407407 0.8208333333333333 0.6351851851851852 0.8338541666666667 0.6314814814814815 0.8416666666666667 0.6333333333333333 0.8536458333333333 0.6398148148148148 0.8619791666666666 0.6481481481481481 0.8760416666666667 0.6546296296296297 0.8817708333333333 0.6648148148148149 0.8854166666666666 0.6851851851851852 0.8932291666666666 0.7092592592592593 0.9010416666666666 0.725 0.9375 0.7712962962962963 0.9786458333333333 0.8435185185185186 0.9994791666666667 0.8722222222222222 0.9994791666666667 0.9407407407407408 0.9973958333333334 0.9407407407407408 0.9963541666666667 0.9444444444444444 0.9973958333333334 0.95 0.9994791666666667 0.950925925925926 0.9994791666666667 0.9833333333333333 0.9927083333333333 0.9953703703703703 0.9567708333333333 0.9990740740740741 0.9276041666666667 0.9953703703703703 0.8614583333333333 0.9962962962962963 0.8572916666666667 0.9935185185185185 0.8458333333333333 0.9675925925925926 0.8359375 0.9277777777777778 0.8291666666666667 0.9148148148148149 0.8260416666666667 0.8981481481481481 0.81875 0.8833333333333333 0.8177083333333334 0.8731481481481481 0.8083333333333333 0.8527777777777777 0.8010416666666667 0.8435185185185186 0.7958333333333333 0.8277777777777777 0.7791666666666667 0.8101851851851852 0.7572916666666667 0.7712962962962963 0.7552083333333334 0.7416666666666667 0.7328125 0.712037037037037 0.7244791666666667 0.7083333333333334 0.6916666666666667 0.7138888888888889 0.6677083333333333 0.712037037037037 0.6484375 0.7194444444444444 0.6265625 0.7166666666666667 0.6197916666666666 0.7083333333333334 0.6192708333333333 0.7027777777777777 0.6244791666666667 0.6925925925925925 0.6489583333333333 0.6648148148148149 0.6505208333333333 0.649074074074074 0.6473958333333333 0.6425925925925926 0.6473958333333333 0.6324074074074074 0.6505208333333333 0.6111111111111112 0.6588541666666666 0.5907407407407408 0.6640625 0.5648148148148148 0.6682291666666667 0.5583333333333333 0.6822916666666666 0.5564814814814815 0.6953125 0.549074074074074 0.709375 0.5481481481481482
4 0.9234375 0 0.990625 0 0.9994791666666667 0.005555555555555556 0.9994791666666667 0.07407407407407407 0.9875 0.08981481481481482 0.9880208333333333 0.10555555555555556 0.98125 0.11944444444444445 0.953125 0.14351851851851852 0.9526041666666667 0.15555555555555556 0.9489583333333333 0.16574074074074074 0.9427083333333334 0.2064814814814815 0.9390625 0.22037037037037038 0.934375 0.22777777777777777 0.928125 0.25462962962962965 0.9291666666666667 0.2657407407407407 0.9354166666666667 0.2777777777777778 0.9578125 0.3037037037037037 0.9682291666666667 0.325 0.9755208333333333 0.3453703703703704 0.9739583333333334 0.35648148148148145 0.96875 0.35185185185185186 0.9484375 0.35 0.9375 0.3435185185185185 0.9296875 0.33425925925925926 0.925 0.32222222222222224 0.9145833333333333 0.3194444444444444 0.9130208333333333 0.32314814814814813 0.9140625 0.3416666666666667 0.9171875 0.3453703703703704 0.9151041666666667 0.35462962962962963 0.9104166666666667 0.3611111111111111 0.8848958333333333 0.375 0.8776041666666666 0.37407407407407406 0.8703125 0.3675925925925926 0.8661458333333333 0.3574074074074074 0.8604166666666667 0.3537037037037037 0.840625 0.36203703703703705 0.8078125 0.35462962962962963 0.7869791666666667 0.3574074074074074 0.7807291666666667 0.35555555555555557 0.7671875 0.3592592592592593 0.7604166666666666 0.3574074074074074 0.7588541666666667 0.36018518518518516 0.7546875 0.3574074074074074 0.7536458333333333 0.36018518518518516 0.7552083333333334 0.36203703703703705 0.7479166666666667 0.36203703703703705 0.7447916666666666 0.36574074074074076 0.7265625 0.36666666666666664 0.7098958333333333 0.3638888888888889 0.6947916666666667 0.35462962962962963 0.6901041666666666 0.34814814814814815 0.6901041666666666 0.34444444444444444 0.6979166666666666 0.34074074074074073 0.696875 0.33425925925925926 0.6984375 0.33055555555555555 0.69375 0.32407407407407407 0.7036458333333333 0.3138888888888889 0.7041666666666667 0.2962962962962963 0.7083333333333334 0.2898148148148148 0.7098958333333333 0.2814814814814815 0.7390625 0.23425925925925925 0.7380208333333333 0.19166666666666668 0.7395833333333334 0.17777777777777778 0.7421875 0.1675925925925926 0.75 0.15185185185185185 0.7609375 0.11296296296296296 0.7651041666666667 0.10462962962962963 0.7703125 0.10277777777777777 0.7755208333333333 0.09444444444444444 0.7786458333333334 0.09444444444444444 0.7859375 0.08703703703703704 0.7901041666666667 0.07407407407407407 0.8036458333333333 0.053703703703703705 0.8203125 0.062037037037037036 0.8359375 0.053703703703703705 0.8473958333333333 0.053703703703703705 0.8567708333333334 0.05925925925925926 0.8625 0.05925925925925926 0.9010416666666666 0.03333333333333333 0.9130208333333333 0.020370370370370372 0.9234375 0.000925925925925926
4 0.10572916666666667 0.25833333333333336 0.146875 0.2777777777777778 0.16510416666666666 0.29444444444444445 0.17864583333333334 0.2935185185185185 0.20104166666666667 0.30833333333333335 0.23177083333333334 0.31296296296296294 0.23645833333333333 0.31666666666666665 0.2390625 0.34444444444444444 0.23697916666666666 0.36944444444444446 0.240625 0.3907407407407407 0.24791666666666667 0.4074074074074074 0.25104166666666666 0.4074074074074074 0.246875 0.4111111111111111 0.25364583333333335 0.4148148148148148 0.2515625 0.4287037037037037 0.240625 0.44537037037037036 0.24479166666666666 0.44907407407407407 0.24375 0.4564814814814815 0.2453125 0.45925925925925926 0.2713541666666667 0.4638888888888889 0.2864583333333333 0.46111111111111114 0.2994791666666667 0.45092592592592595 0.3072916666666667 0.45 0.3104166666666667 0.4564814814814815 0.31354166666666666 0.45185185185185184 0.3171875 0.4546296296296296 0.31979166666666664 0.4527777777777778 0.31979166666666664 0.44907407407407407 0.32447916666666665 0.45 0.33125 0.46296296296296297 0.33697916666666666 0.46296296296296297 0.34010416666666665 0.4564814814814815 0.3453125 0.4564814814814815 0.3494791666666667 0.4638888888888889 0.35572916666666665 0.4675925925925926 0.35833333333333334 0.4740740740740741 0.36666666666666664 0.47685185185185186 0.3734375 0.487962962962963 0.3828125 0.4935185185185185 0.39010416666666664 0.5074074074074074 0.396875 0.512962962962963 0.41041666666666665 0.5324074074074074 0.4166666666666667 0.55 0.42135416666666664 0.5537037037037037 0.42083333333333334 0.5574074074074075 0.42916666666666664 0.562037037037037 0.42916666666666664 0.5675925925925925 0.425 0.5712962962962963 0.42083333333333334 0.5814814814814815 0.4192708333333333 0.6 0.41302083333333334 0.6129629629629629 0.4119791666666667 0.6231481481481481 0.40572916666666664 0.6296296296296297 0.40520833333333334 0.6407407407407407 0.40260416666666665 0.6472222222222223 0.3765625 0.6601851851851852 0.36666666666666664 0.6583333333333333 0.3645833333333333 0.6611111111111111 0.3671875 0.6703703703703704 0.36614583333333334 0.6814814814814815 0.3729166666666667 0.7046296296296296 0.3921875 0.7046296296296296 0.41458333333333336 0.6888888888888889 0.43333333333333335 0.6851851851851852 0.43385416666666665 0.6907407407407408 0.43854166666666666 0.6925925925925925 0.428125 0.7055555555555556 0.4276041666666667 0.7166666666666667 0.43697916666666664 0.7166666666666667 0.43385416666666665 0.7231481481481481 0.4348958333333333 0.7296296296296296 0.4427083333333333 0.7472222222222222 0.446875 0.75 0.45260416666666664 0.7601851851851852 0.4557291666666667 0.7703703703703704 0.4557291666666667 0.7787037037037037 0.46197916666666666 0.787962962962963 0.4739583333333333 0.7814814814814814 0.4786458333333333 0.775 0.4796875 0.7675925925925926 0.4875 0.7638888888888888 0.49947916666666664 0.7462962962962963 0.5083333333333333 0.7268518518518519 0.5177083333333333 0.7342592592592593 0.5229166666666667 0.7425925925925926 0.5223958333333333 0.7481481481481481 0.5151041666666667 0.7620370370370371 0.5067708333333333 0.7703703703703704 0.496875 0.7861111111111111 0.4942708333333333 0.8074074074074075 0.48854166666666665 0.8231481481481482 0.48072916666666665 0.8314814814814815 0.48125 0.8398148148148148 0.4765625 0.8472222222222222 0.4739583333333333 0.8685185185185185 0.4708333333333333 0.8759259259259259 0.4671875 0.8814814814814815 0.45260416666666664 0.8851851851851852 0.45 0.8972222222222223 0.44375 0.9111111111111111 0.42864583333333334 0.925 0.42135416666666664 0.9388888888888889 0.41458333333333336 0.9398148148148148 0.4015625 0.9342592592592592 0.39427083333333335 0.9490740740740741 0.37916666666666665 0.9583333333333334 0.3692708333333333 0.9703703703703703 0.34479166666666666 0.987037037037037 0.33697916666666666 0.987037037037037 0.3333333333333333 0.9805555555555555 0.3333333333333333 0.9703703703703703 0.3265625 0.9657407407407408 0.32447916666666665 0.9555555555555556 0.32083333333333336 0.9564814814814815 0.31979166666666664 0.9518518518518518 0.31354166666666666 0.950925925925926 0.3104166666666667 0.9583333333333334 0.30885416666666665 0.9546296296296296 0.30520833333333336 0.9546296296296296 0.30052083333333335 0.9592592592592593 0.2916666666666667 0.9935185185185185 0.28541666666666665 0.9962962962962963 0.17864583333333334 0.9944444444444445 0.171875 0.9990740740740741 0.1453125 0.9990740740740741 0.14114583333333333 0.9833333333333333 0.13802083333333334 0.9814814814814815 0.13541666666666666 0.9842592592592593 0.13333333333333333 0.9953703703703703 0.10989583333333333 0.9990740740740741 0.09427083333333333 0.9916666666666667 0.08802083333333334 0.9916666666666667 0.07395833333333333 0.9990740740740741 0.04583333333333333 0.9990740740740741 0.044270833333333336 0.9962962962962963 0.025520833333333333 0.9953703703703703 0.0234375 0.9907407407407407 0.020833333333333332 0.9666666666666667 0.021875 0.9277777777777778 0.019791666666666666 0.925 0.020833333333333332 0.8925925925925926 0.019270833333333334 0.875 0.022916666666666665 0.8462962962962963 0.0234375 0.8240740740740741 0.021875 0.8138888888888889 0.023958333333333335 0.7898148148148149 0.022395833333333334 0.7833333333333333 0.026041666666666668 0.7379629629629629 0.027604166666666666 0.6712962962962963 0.03125 0.6592592592592592 0.03125 0.6462962962962963 0.033854166666666664 0.6314814814814815 0.0328125 0.612037037037037 0.034895833333333334 0.6018518518518519 0.0359375 0.5768518518518518 0.040625 0.5546296296296296 0.04635416666666667 0.5037037037037037 0.050520833333333334 0.48518518518518516 0.05 0.475 0.05364583333333333 0.45 0.059895833333333336 0.4222222222222222 0.06041666666666667 0.4074074074074074 0.065625 0.3861111111111111 0.06770833333333333 0.3675925925925926 0.07291666666666667 0.3490740740740741 0.07395833333333333 0.33240740740740743 0.09166666666666666 0.2638888888888889 0.09635416666666667 0.25833333333333336 0.10520833333333333 0.25833333333333336
4 0.5723958333333333 0.7148148148148148 0.584375 0.7324074074074074 0.5921875 0.7240740740740741 0.5958333333333333 0.7240740740740741 0.6057291666666667 0.7268518518518519 0.6067708333333334 0.7361111111111112 0.5994791666666667 0.7768518518518519 0.5994791666666667 0.7824074074074074 0.6052083333333333 0.7935185185185185 0.590625 0.8305555555555556 0.5822916666666667 0.8842592592592593 0.5770833333333333 0.9 0.5666666666666667 0.9194444444444444 0.5401041666666667 0.9574074074074074 0.50625 0.9944444444444445 0.484375 0.9972222222222222 0.446875 0.9962962962962963 0.4427083333333333 0.9990740740740741 0.4270833333333333 0.9990740740740741 0.425 0.9962962962962963 0.39427083333333335 0.9962962962962963 0.39010416666666664 0.9990740740740741 0.3729166666666667 0.9990740740740741 0.36822916666666666 0.9962962962962963 0.3572916666666667 0.9990740740740741 0.3453125 0.9944444444444445 0.3463541666666667 0.9916666666666667 0.3645833333333333 0.9796296296296296 0.38385416666666666 0.9601851851851851 0.39427083333333335 0.9546296296296296 0.4010416666666667 0.9407407407407408 0.409375 0.9398148148148148 0.41822916666666665 0.9435185185185185 0.42239583333333336 0.9398148148148148 0.43125 0.925 0.4473958333333333 0.9083333333333333 0.4505208333333333 0.9027777777777778 0.45260416666666664 0.8898148148148148 0.45625 0.8861111111111111 0.46770833333333334 0.8833333333333333 0.4713541666666667 0.8787037037037037 0.484375 0.8351851851851851 0.49635416666666665 0.8092592592592592 0.4979166666666667 0.7972222222222223 0.5083333333333333 0.775 0.5432291666666667 0.7305555555555555 0.553125 0.7268518518518519 0.5635416666666667 0.7157407407407408 0.571875 0.7148148148148148
4 0.7104166666666667 0.5481481481481482 0.7239583333333334 0.5564814814814815 0.7625 0.5694444444444444 0.7927083333333333 0.6064814814814815 0.8104166666666667 0.6148148148148148 0.8208333333333333 0.6351851851851852 0.8348958333333333 0.6314814814814815 0.8416666666666667 0.6333333333333333 0.8619791666666666 0.6481481481481481 0.8765625 0.6546296296296297 0.8828125 0.6685185185185185 0.8848958333333333 0.6833333333333333 0.8921875 0.7055555555555556 0.9057291666666667 0.7324074074074074 0.925 0.7537037037037037 0.9369791666666667 0.7712962962962963 0.9776041666666667 0.8425925925925926 0.9994791666666667 0.8722222222222222 0.9994791666666667 0.9388888888888889 0.9958333333333333 0.9425925925925925 0.996875 0.9527777777777777 0.9994791666666667 0.9546296296296296 0.9994791666666667 0.9814814814814815 0.9921875 0.9944444444444445 0.9640625 0.9990740740740741 0.9255208333333333 0.9944444444444445 0.8692708333333333 0.9972222222222222 0.8567708333333334 0.9944444444444445 0.84375 0.9657407407407408 0.84375 0.9592592592592593 0.8380208333333333 0.9444444444444444 0.8359375 0.9324074074074075 0.8328125 0.9277777777777778 0.8255208333333334 0.8962962962962963 0.8223958333333333 0.8870370370370371 0.8171875 0.8805555555555555 0.8161458333333333 0.8722222222222222 0.8098958333333334 0.8611111111111112 0.8072916666666666 0.850925925925926 0.8015625 0.8453703703703703 0.7927083333333333 0.825925925925926 0.7791666666666667 0.812037037037037 0.7645833333333333 0.7861111111111111 0.75625 0.7694444444444445 0.7557291666666667 0.7435185185185185 0.7322916666666667 0.712037037037037 0.71875 0.7083333333333334 0.6911458333333333 0.7148148148148148 0.6666666666666666 0.7129629629629629 0.6473958333333333 0.7231481481481481 0.6427083333333333 0.7194444444444444 0.6364583333333333 0.7194444444444444 0.6317708333333333 0.7231481481481481 0.6302083333333334 0.7287037037037037 0.6260416666666667 0.7305555555555555 0.6255208333333333 0.7268518518518519 0.6291666666666667 0.7222222222222222 0.6177083333333333 0.7092592592592593 0.61875 0.7027777777777777 0.6255208333333333 0.6898148148148148 0.6489583333333333 0.6638888888888889 0.65 0.65 0.6473958333333333 0.6444444444444445 0.6484375 0.6231481481481481 0.6510416666666666 0.6064814814814815 0.6588541666666666 0.5888888888888889 0.6640625 0.5638888888888889 0.66875 0.5564814814814815 0.684375 0.5555555555555556 0.6994791666666667 0.5472222222222223 0.7098958333333333 0.5481481481481482
4 0.2453125 0 0.3302083333333333 0 0.33229166666666665 0.002777777777777778 0.35052083333333334 0 0.425 0 0.43020833333333336 0.003703703703703704 0.44427083333333334 0 0.46770833333333334 0 0.47239583333333335 0.003703703703703704 0.4864583333333333 0.002777777777777778 0.4979166666666667 0.006481481481481481 0.5083333333333333 0.003703703703703704 0.5145833333333333 0.006481481481481481 0.5239583333333333 0 0.6234375 0 0.6291666666666667 0.004629629629629629 0.6302083333333334 0.010185185185185186 0.6317708333333333 0.008333333333333333 0.6307291666666667 0.004629629629629629 0.6348958333333333 0 0.64375 0.002777777777777778 0.6515625 0 0.83125 0 0.8364583333333333 0.005555555555555556 0.8395833333333333 0.025 0.8432291666666667 0.032407407407407406 0.8416666666666667 0.041666666666666664 0.8229166666666666 0.05185185185185185 0.8130208333333333 0.05 0.8072916666666666 0.044444444444444446 0.7958333333333333 0.05 0.7828125 0.06666666666666667 0.7833333333333333 0.08148148148148149 0.7729166666666667 0.09074074074074075 0.746875 0.10462962962962963 0.7244791666666667 0.10555555555555556 0.7260416666666667 0.1175925925925926 0.7234375 0.14444444444444443 0.7130208333333333 0.17685185185185184 0.70625 0.2759259259259259 0.7005208333333334 0.2916666666666667 0.6776041666666667 0.3175925925925926 0.671875 0.3333333333333333 0.6723958333333333 0.3388888888888889 0.6682291666666667 0.35648148148148145 0.6625 0.36574074074074076 0.6229166666666667 0.39537037037037037 0.6166666666666667 0.4101851851851852 0.6125 0.41388888888888886 0.5880208333333333 0.4203703703703704 0.5755208333333334 0.4203703703703704 0.5588541666666667 0.40925925925925927 0.546875 0.3972222222222222 0.5328125 0.3907407407407407 0.5083333333333333 0.40370370370370373 0.48385416666666664 0.4009259259259259 0.47708333333333336 0.38796296296296295 0.4661458333333333 0.3416666666666667 0.4588541666666667 0.33796296296296297 0.4427083333333333 0.3388888888888889 0.440625 0.3453703703703704 0.446875 0.35 0.44635416666666666 0.36574074074074076 0.4432291666666667 0.36018518518518516 0.4348958333333333 0.35833333333333334 0.434375 0.36203703703703705 0.4395833333333333 0.36574074074074076 0.440625 0.37037037037037035 0.44583333333333336 0.3712962962962963 0.4484375 0.38055555555555554 0.45364583333333336 0.38055555555555554 0.4557291666666667 0.3851851851851852 0.46770833333333334 0.3925925925925926 0.4791666666666667 0.4185185185185185 0.4822916666666667 0.4287037037037037 0.4817708333333333 0.43333333333333335 0.47708333333333336 0.4444444444444444 0.4640625 0.45092592592592595 0.4640625 0.4666666666666667 0.46041666666666664 0.4740740740740741 0.44895833333333335 0.4759259259259259 0.4265625 0.48703703703703705 0.39739583333333334 0.4888888888888889 0.37916666666666665 0.4824074074074074 0.3614583333333333 0.4638888888888889 0.3416666666666667 0.43425925925925923 0.33125 0.43148148148148147 0.33125 0.42685185185185187 0.334375 0.42314814814814816 0.33177083333333335 0.4166666666666667 0.3265625 0.4166666666666667 0.325 0.4185185185185185 0.32864583333333336 0.4212962962962963 0.3255208333333333 0.4222222222222222 0.32083333333333336 0.4212962962962963 0.3203125 0.41388888888888886 0.3072916666666667 0.412962962962963 0.30625 0.4185185185185185 0.29791666666666666 0.4203703703703704 0.29739583333333336 0.425 0.28958333333333336 0.425 0.2864583333333333 0.4185185185185185 0.28229166666666666 0.41944444444444445 0.2791666666666667 0.412962962962963 0.265625 0.41203703703703703 0.2604166666666667 0.4 0.2552083333333333 0.3962962962962963 0.25364583333333335 0.38425925925925924 0.24635416666666668 0.3685185185185185 0.2359375 0.275 0.22239583333333332 0.24166666666666667 0.2140625 0.21481481481481482 0.2109375 0.18888888888888888 0.21041666666666667 0.16666666666666666 0.2015625 0.14074074074074075 0.20677083333333332 0.11203703703703703 0.215625 0.08055555555555556 0.2265625 0.05648148148148148 0.24010416666666667 0.004629629629629629 0.2453125 0.000925925925925926
1 0.521875 0.48055555555555557 0.5359375 0.4898148148148148 0.5401041666666667 0.5074074074074074 0.5536458333333333 0.5333333333333333 0.5640625 0.5462962962962963 0.5614583333333333 0.5638888888888889 0.5723958333333333 0.6055555555555555 0.5635416666666667 0.6074074074074074 0.5583333333333333 0.6129629629629629 0.584375 0.6268518518518519 0.59375 0.6398148148148148 0.5958333333333333 0.649074074074074 0.5942708333333333 0.6564814814814814 0.5786458333333333 0.675 0.5723958333333333 0.6685185185185185 0.5598958333333334 0.6435185185185185 0.5536458333333333 0.637962962962963 0.5526041666666667 0.6453703703703704 0.5635416666666667 0.6611111111111111 0.5640625 0.6731481481481482 0.559375 0.674074074074074 0.534375 0.6555555555555556 0.5322916666666667 0.65 0.5322916666666667 0.6388888888888888 0.5208333333333334 0.6194444444444445 0.5083333333333333 0.5833333333333334 0.5052083333333334 0.5518518518518518 0.5005208333333333 0.5324074074074074 0.5010416666666667 0.5046296296296297 0.5046875 0.5046296296296297 0.5317708333333333 0.5407407407407407 0.5375 0.5546296296296296 0.5390625 0.5638888888888889 0.5453125 0.5740740740740741 0.5447916666666667 0.5981481481481481 0.5463541666666667 0.600925925925926 0.5494791666666666 0.5990740740740741 0.5510416666666667 0.5916666666666667 0.5473958333333333 0.5703703703703704 0.5411458333333333 0.5546296296296296 0.5401041666666667 0.5425925925925926 0.5255208333333333 0.5185185185185185 0.5135416666666667 0.48518518518518516 0.5145833333333333 0.48055555555555557 0.5213541666666667 0.48055555555555557
1 0.484375 0.687037037037037 0.5015625 0.7111111111111111 0.5036458333333333 0.7166666666666667 0.5036458333333333 0.725925925925926 0.5005208333333333 0.7407407407407407 0.4875 0.7648148148148148 0.48385416666666664 0.7675925925925926 0.4796875 0.7648148148148148 0.4791666666666667 0.75 0.4744791666666667 0.7314814814814815 0.48125 0.6888888888888889 0.48385416666666664 0.687037037037037
3 0.5729166666666666 0.7157407407407408 0.5833333333333334 0.7342592592592593 0.5869791666666667 0.7333333333333333 0.590625 0.7268518518518519 0.5979166666666667 0.7268518518518519 0.6046875 0.7314814814814815 0.60625 0.7398148148148148 0.5989583333333334 0.7731481481481481 0.5989583333333334 0.7824074074074074 0.6036458333333333 0.7898148148148149 0.6041666666666666 0.799074074074074 0.5921875 0.8240740740740741 0.578125 0.8962962962962963 0.5666666666666667 0.9185185185185185 0.5291666666666667 0.9703703703703703 0.5052083333333334 0.9944444444444445 0.48541666666666666 0.9962962962962963 0.4276041666666667 0.9944444444444445 0.42135416666666664 0.9777777777777777 0.41770833333333335 0.9574074074074074 0.41822916666666665 0.9462962962962963 0.42291666666666666 0.9416666666666667 0.4317708333333333 0.925 0.446875 0.9101851851851852 0.4510416666666667 0.9027777777777778 0.45364583333333336 0.8898148148148148 0.45989583333333334 0.8851851851851852 0.46927083333333336 0.8842592592592593 0.47291666666666665 0.8796296296296297 0.48072916666666665 0.8453703703703703 0.49635416666666665 0.8092592592592592 0.5015625 0.7888888888888889 0.5083333333333333 0.7759259259259259 0.5427083333333333 0.7305555555555555 0.5541666666666667 0.7268518518518519 0.5635416666666667 0.7166666666666667 0.5723958333333333 0.7157407407407408
3 0.7098958333333333 0.5472222222222223 0.7223958333333333 0.5555555555555556 0.7619791666666667 0.5685185185185185 0.7932291666666667 0.6074074074074074 0.8104166666666667 0.6157407407407407 0.8182291666666667 0.6342592592592593 0.8104166666666667 0.6583333333333333 0.7963541666666667 0.6861111111111111 0.7526041666666666 0.7333333333333333 0.7447916666666666 0.7305555555555555 0.7354166666666667 0.7138888888888889 0.725 0.7083333333333334 0.6875 0.7148148148148148 0.6666666666666666 0.7129629629629629 0.6463541666666667 0.7222222222222222 0.6276041666666666 0.7166666666666667 0.621875 0.712037037037037 0.6192708333333333 0.7046296296296296 0.6270833333333333 0.687962962962963 0.6442708333333333 0.6703703703703704 0.6489583333333333 0.6620370370370371 0.65 0.6564814814814814 0.646875 0.6425925925925926 0.646875 0.6333333333333333 0.6505208333333333 0.6101851851851852 0.6588541666666666 0.5888888888888889 0.6630208333333333 0.5666666666666667 0.6666666666666666 0.5583333333333333 0.6859375 0.5546296296296296 0.6989583333333333 0.5462962962962963 0.709375 0.5472222222222223
3 0.8640625 0.2898148148148148 0.8958333333333334 0.30277777777777776 0.9145833333333333 0.3314814814814815 0.9161458333333333 0.3472222222222222 0.9145833333333333 0.36018518518518516 0.8859375 0.37592592592592594 0.8765625 0.37407407407407406 0.8614583333333333 0.3453703703703704 0.8494791666666667 0.33055555555555555 0.8510416666666667 0.3138888888888889 0.8572916666666667 0.29444444444444445 0.8604166666666667 0.28888888888888886 0.8635416666666667 0.2898148148148148
3 0.37864583333333335 0.31296296296296294 0.396875 0.33425925925925926 0.41822916666666665 0.35 0.4192708333333333 0.3453703703703704 0.4109375 0.3314814814814815 0.41041666666666665 0.32685185185185184 0.4125 0.32222222222222224 0.4401041666666667 0.33055555555555555 0.4630208333333333 0.34444444444444444 0.4744791666666667 0.3907407407407407 0.47604166666666664 0.4074074074074074 0.48333333333333334 0.42962962962962964 0.48072916666666665 0.44351851851851853 0.47604166666666664 0.44814814814814813 0.46770833333333334 0.45 0.46979166666666666 0.46111111111111114 0.4671875 0.47685185185185186 0.4640625 0.48055555555555557 0.44635416666666666 0.47962962962962963 0.4296875 0.4888888888888889 0.41354166666666664 0.49074074074074076 0.3890625 0.4888888888888889 0.37864583333333335 0.4824074074074074 0.36302083333333335 0.46574074074074073 0.353125 0.4527777777777778 0.33645833333333336 0.41759259259259257 0.32760416666666664 0.4111111111111111 0.31197916666666664 0.4074074074074074 0.31145833333333334 0.40185185185185185 0.31666666666666665 0.3972222222222222 0.3177083333333333 0.387037037037037 0.3140625 0.38333333333333336 0.3067708333333333 0.3638888888888889 0.30052083333333335 0.36203703703703705 0.30364583333333334 0.3574074074074074 0.31197916666666664 0.35648148148148145 0.3104166666666667 0.35185185185185186 0.31145833333333334 0.34814814814814815 0.32395833333333335 0.33796296296296297 0.35208333333333336 0.33055555555555555 0.37135416666666665 0.3148148148148148 0.378125 0.31296296296296294
3 0.9317708333333333 0.2722222222222222 0.9583333333333334 0.30277777777777776 0.9703125 0.325 0.98125 0.35185185185185186 0.9802083333333333 0.36203703703703705 0.9666666666666667 0.37962962962962965 0.9609375 0.3824074074074074 0.9536458333333333 0.3814814814814815 0.9463541666666667 0.37222222222222223 0.9390625 0.35555555555555557 0.9416666666666667 0.35185185185185186 0.9484375 0.35185185185185186 0.9348958333333334 0.3416666666666667 0.9302083333333333 0.32685185185185184 0.9203125 0.3138888888888889 0.9125 0.2972222222222222 0.9114583333333334 0.2851851851851852 0.9145833333333333 0.2759259259259259 0.9239583333333333 0.26851851851851855 0.9286458333333333 0.26851851851851855 0.93125 0.2722222222222222
3 0.571875 0.7148148148148148 0.575 0.7166666666666667 0.5833333333333334 0.7333333333333333 0.5953125 0.7268518518518519 0.6052083333333333 0.737037037037037 0.6052083333333333 0.7453703703703703 0.6020833333333333 0.7546296296296297 0.5989583333333334 0.7759259259259259 0.5989583333333334 0.7833333333333333 0.6041666666666666 0.7916666666666666 0.6041666666666666 0.8 0.5916666666666667 0.825925925925926 0.578125 0.8962962962962963 0.5666666666666667 0.9185185185185185 0.546875 0.9425925925925925 0.5427083333333333 0.9388888888888889 0.5401041666666667 0.9287037037037037 0.5291666666666667 0.9138888888888889 0.49895833333333334 0.8925925925925926 0.4744791666666667 0.8833333333333333 0.47291666666666665 0.8787037037037037 0.48020833333333335 0.8472222222222222 0.496875 0.8092592592592592 0.49947916666666664 0.7962962962962963 0.5088541666666667 0.7759259259259259 0.5432291666666667 0.7305555555555555 0.5536458333333333 0.7268518518518519 0.5640625 0.7157407407407408 0.5713541666666667 0.7148148148148148
3 0.42864583333333334 0.1685185185185185 0.44583333333333336 0.17685185185185184 0.45989583333333334 0.17685185185185184 0.48333333333333334 0.19074074074074074 0.509375 0.1925925925925926 0.5369791666666667 0.21666666666666667 0.546875 0.23425925925925925 0.5505208333333333 0.25092592592592594 0.546875 0.27685185185185185 0.5416666666666666 0.2898148148148148 0.5395833333333333 0.30833333333333335 0.5359375 0.31296296296296294 0.5317708333333333 0.3101851851851852 0.5302083333333333 0.3138888888888889 0.5322916666666667 0.3175925925925926 0.5291666666666667 0.3212962962962963 0.5260416666666666 0.3175925925925926 0.525 0.32222222222222224 0.5276041666666667 0.32407407407407407 0.5171875 0.32592592592592595 0.5083333333333333 0.32407407407407407 0.4947916666666667 0.31296296296296294 0.4875 0.31203703703703706 0.47760416666666666 0.3287037037037037 0.46458333333333335 0.3388888888888889 0.4109375 0.31574074074074077 0.4 0.28703703703703703 0.39895833333333336 0.2638888888888889 0.3932291666666667 0.25462962962962965 0.3796875 0.25462962962962965 0.3765625 0.25 0.3765625 0.24444444444444444 0.3796875 0.23981481481481481 0.38697916666666665 0.2388888888888889 0.390625 0.23425925925925925 0.3848958333333333 0.23055555555555557 0.38385416666666666 0.22685185185185186 0.39375 0.2074074074074074 0.39739583333333334 0.2074074074074074 0.39895833333333336 0.2175925925925926 0.4015625 0.21944444444444444 0.40208333333333335 0.2064814814814815 0.39947916666666666 0.19814814814814816 0.4005208333333333 0.1925925925925926 0.42135416666666664 0.1712962962962963 0.428125 0.16944444444444445