4 0.6057291666666667 0.9527777777777777 0.6052083333333333 0.9564814814814815 0.6083333333333333 0.9666666666666667 0.6166666666666667 0.962037037037037 0.6161458333333333 0.9527777777777777 0.6057291666666667 0.9527777777777777
4 0.6583333333333333 0.9074074074074074 0.6536458333333334 0.9074074074074074 0.6567708333333333 0.9120370370370371 0.6598958333333333 0.9101851851851852 0.6583333333333333 0.9074074074074074
4 0.6859375 0.8592592592592593 0.6880208333333333 0.862037037037037 0.6838541666666667 0.8712962962962963 0.6848958333333334 0.8731481481481481 0.69375 0.8712962962962963 0.6958333333333333 0.8666666666666667 0.6958333333333333 0.8638888888888889 0.6885416666666667 0.8574074074074074 0.6859375 0.8592592592592593
4 0.6213541666666667 0.8574074074074074 0.6208333333333333 0.8666666666666667 0.6244791666666667 0.8666666666666667 0.6260416666666667 0.8694444444444445 0.625 0.8731481481481481 0.6286458333333333 0.8759259259259259 0.6229166666666667 0.8870370370370371 0.6229166666666667 0.8935185185185185 0.6255208333333333 0.8907407407407407 0.6291666666666667 0.8962962962962963 0.6296875 0.9009259259259259 0.6369791666666667 0.9055555555555556 0.6421875 0.9055555555555556 0.64375 0.8935185185185185 0.6479166666666667 0.8935185185185185 0.65625 0.8842592592592593 0.6578125 0.8870370370370371 0.6567708333333333 0.8805555555555555 0.6630208333333333 0.8759259259259259 0.675 0.8759259259259259 0.6786458333333333 0.8685185185185185 0.678125 0.862037037037037 0.6796875 0.8611111111111112 0.6833333333333333 0.8685185185185185 0.6848958333333334 0.8666666666666667 0.6828125 0.862037037037037 0.6838541666666667 0.8592592592592593 0.6776041666666667 0.8611111111111112 0.6760416666666667 0.8518518518518519 0.6765625 0.837037037037037 0.6645833333333333 0.8324074074074074 0.6453125 0.8388888888888889 0.6364583333333333 0.8388888888888889 0.6348958333333333 0.8351851851851851 0.6302083333333334 0.8342592592592593 0.6260416666666667 0.8435185185185186 0.6255208333333333 0.85 0.6213541666666667 0.8574074074074074
4 0.6328125 0.8296296296296296 0.6317708333333333 0.8324074074074074 0.6369791666666667 0.8305555555555556 0.6328125 0.8296296296296296
4 0.6859375 0.8240740740740741 0.6854166666666667 0.8277777777777777 0.690625 0.8277777777777777 0.6885416666666667 0.8240740740740741 0.6859375 0.8240740740740741
4 0.6395833333333333 0.6981481481481482 0.6395833333333333 0.7018518518518518 0.6369791666666667 0.7046296296296296 0.6369791666666667 0.7101851851851851 0.6401041666666667 0.712037037037037 0.6432291666666666 0.7074074074074074 0.6416666666666667 0.7018518518518518 0.6432291666666666 0.6981481481481482 0.6395833333333333 0.6981481481481482
4 0.65 0.6916666666666667 0.64375 0.6981481481481482 0.6458333333333334 0.7074074074074074 0.6489583333333333 0.7046296296296296 0.65 0.6916666666666667
4 0.728125 0.5398148148148149 0.7270833333333333 0.5416666666666666 0.7307291666666667 0.5462962962962963 0.7328125 0.5601851851851852 0.7375 0.5638888888888889 0.7479166666666667 0.5851851851851851 0.7546875 0.5916666666666667 0.7619791666666667 0.5944444444444444 0.7671875 0.5916666666666667 0.7677083333333333 0.5805555555555556 0.7645833333333333 0.5666666666666667 0.7552083333333334 0.5574074074074075 0.7489583333333333 0.5444444444444444 0.7442708333333333 0.5453703703703704 0.7380208333333333 0.5370370370370371 0.728125 0.5398148148148149
4 0.46979166666666666 0.45092592592592595 0.4713541666666667 0.45555555555555555 0.46927083333333336 0.45555555555555555 0.46927083333333336 0.45925925925925926 0.4734375 0.45555555555555555 0.46979166666666666 0.45092592592592595
4 0.4588541666666667 0.42407407407407405 0.45989583333333334 0.42777777777777776 0.45989583333333334 0.42314814814814816 0.4588541666666667 0.42407407407407405
4 0.6536458333333334 0.39166666666666666 0.6515625 0.39351851851851855 0.6557291666666667 0.39351851851851855 0.6536458333333334 0.39166666666666666
4 0.4786458333333333 0.39351851851851855 0.4786458333333333 0.4009259259259259 0.4895833333333333 0.4046296296296296 0.49375 0.4046296296296296 0.49583333333333335 0.3962962962962963 0.49114583333333334 0.3962962962962963 0.4875 0.39166666666666666 0.4786458333333333 0.39351851851851855
4 0.4625 0.37592592592592594 0.4583333333333333 0.38055555555555554 0.4666666666666667 0.387037037037037 0.46875 0.38055555555555554 0.4708333333333333 0.3851851851851852 0.47552083333333334 0.3824074074074074 0.46979166666666666 0.38055555555555554 0.4666666666666667 0.37592592592592594 0.4625 0.37592592592592594
4 0.59375 0.34629629629629627 0.5916666666666667 0.34814814814814815 0.5942708333333333 0.34814814814814815 0.59375 0.34629629629629627
4 0.45989583333333334 0.3435185185185185 0.4588541666666667 0.34444444444444444 0.46197916666666666 0.34629629629629627 0.46822916666666664 0.34444444444444444 0.45989583333333334 0.3435185185185185
4 0.5234375 0.337037037037037 0.51875 0.337037037037037 0.51875 0.3416666666666667 0.5255208333333333 0.3416666666666667 0.5234375 0.337037037037037
4 0.47552083333333334 0.3416666666666667 0.4765625 0.34814814814814815 0.4875 0.3490740740740741 0.49270833333333336 0.3435185185185185 0.49947916666666664 0.3435185185185185 0.5 0.337037037037037 0.4875 0.337037037037037 0.47552083333333334 0.3416666666666667
4 0.5739583333333333 0.2972222222222222 0.5744791666666667 0.31203703703703706 0.5817708333333333 0.33055555555555555 0.59375 0.3388888888888889 0.5984375 0.33425925925925926 0.6036458333333333 0.33425925925925926 0.6135416666666667 0.3398148148148148 0.625 0.3574074074074074 0.6234375 0.36203703703703705 0.61875 0.3638888888888889 0.6239583333333333 0.36944444444444446 0.6255208333333333 0.375 0.6328125 0.38055555555555554 0.6364583333333333 0.37962962962962965 0.6421875 0.3851851851851852 0.6447916666666667 0.38055555555555554 0.6453125 0.3851851851851852 0.6484375 0.3851851851851852 0.6526041666666667 0.37777777777777777 0.665625 0.3824074074074074 0.6682291666666667 0.38981481481481484 0.6640625 0.39814814814814814 0.6630208333333333 0.3962962962962963 0.6567708333333333 0.4027777777777778 0.6578125 0.40555555555555556 0.6552083333333333 0.4185185185185185 0.6567708333333333 0.42592592592592593 0.6598958333333333 0.42592592592592593 0.6640625 0.4351851851851852 0.6671875 0.43703703703703706 0.6666666666666666 0.44166666666666665 0.6635416666666667 0.4444444444444444 0.665625 0.44814814814814813 0.6817708333333333 0.4527777777777778 0.6833333333333333 0.44907407407407407 0.6817708333333333 0.4444444444444444 0.6854166666666667 0.4388888888888889 0.6817708333333333 0.43425925925925923 0.6817708333333333 0.42777777777777776 0.6854166666666667 0.42407407407407405 0.7078125 0.43703703703703706 0.7119791666666667 0.43703703703703706 0.7427083333333333 0.425 0.7463541666666667 0.4185185185185185 0.7567708333333333 0.4101851851851852 0.7619791666666667 0.4101851851851852 0.7677083333333333 0.4212962962962963 0.7708333333333334 0.43703703703703706 0.7697916666666667 0.44814814814814813 0.7640625 0.4601851851851852 0.7541666666666667 0.4685185185185185 0.7494791666666667 0.4759259259259259 0.7442708333333333 0.49074074074074076 0.7515625 0.5157407407407407 0.7739583333333333 0.55 0.7776041666666667 0.5638888888888889 0.7807291666666667 0.5685185185185185 0.7822916666666667 0.5944444444444444 0.7786458333333334 0.6074074074074074 0.7734375 0.6166666666666667 0.76875 0.6185185185185185 0.7635416666666667 0.6277777777777778 0.75625 0.6305555555555555 0.7479166666666667 0.6453703703703704 0.7463541666666667 0.6555555555555556 0.7473958333333334 0.6620370370370371 0.7458333333333333 0.6657407407407407 0.7520833333333333 0.6944444444444444 0.75 0.7101851851851851 0.75 0.7305555555555555 0.7583333333333333 0.7527777777777778 0.7713541666666667 0.774074074074074 0.7760416666666666 0.787962962962963 0.7817708333333333 0.7962962962962963 0.7932291666666667 0.8009259259259259 0.8026041666666667 0.8166666666666667 0.815625 0.8490740740740741 0.8171875 0.8601851851851852 0.8244791666666667 0.8796296296296297 0.8395833333333333 0.8981481481481481 0.8552083333333333 0.9259259259259259 0.8557291666666667 0.9324074074074075 0.8625 0.9444444444444444 0.86875 0.9462962962962963 0.8770833333333333 0.9398148148148148 0.8984375 0.9324074074074075 0.9005208333333333 0.9277777777777778 0.9036458333333334 0.9277777777777778 0.9239583333333333 0.9120370370370371 0.9286458333333333 0.8981481481481481 0.9359375 0.9027777777777778 0.9536458333333333 0.8916666666666667 0.9682291666666667 0.8777777777777778 0.9921875 0.8342592592592593 0.9942708333333333 0.8277777777777777 0.9947916666666666 0.8166666666666667 0.9994791666666667 0.8055555555555556 0.9994791666666667 0.7759259259259259 0.9958333333333333 0.7703703703703704 0.9973958333333334 0.762962962962963 0.9994791666666667 0.7620370370370371 0.9994791666666667 0.7509259259259259 0.9953125 0.7407407407407407 0.9994791666666667 0.7324074074074074 0.9994791666666667 0.725925925925926 0.9958333333333333 0.7231481481481481 0.9973958333333334 0.7175925925925926 0.9994791666666667 0.7166666666666667 0.9994791666666667 0.6944444444444444 0.9973958333333334 0.6925925925925925 0.9958333333333333 0.6842592592592592 0.9932291666666667 0.6546296296296297 0.9963541666666667 0.6259259259259259 0.9942708333333333 0.6138888888888889 0.9880208333333333 0.6129629629629629 0.9895833333333334 0.5638888888888889 0.9942708333333333 0.5648148148148148 0.9994791666666667 0.5574074074074075 0.9994791666666667 0.5342592592592592 0.9973958333333334 0.5324074074074074 0.99375 0.5203703703703704 0.9885416666666667 0.5138888888888888 0.9895833333333334 0.5101851851851852 0.9953125 0.5074074074074074 0.9994791666666667 0.4962962962962963 0.9994791666666667 0.4824074074074074 0.9963541666666667 0.4777777777777778 0.99375 0.4648148148148148 0.9875 0.46111111111111114 0.9880208333333333 0.4527777777777778 0.9994791666666667 0.44166666666666665 0.9963541666666667 0.4398148148148148 0.9953125 0.4361111111111111 0.9973958333333334 0.4324074074074074 0.9973958333333334 0.42777777777777776 0.9994791666666667 0.42592592592592593 0.9994791666666667 0.41944444444444445 0.9958333333333333 0.4166666666666667 0.9953125 0.4111111111111111 0.9963541666666667 0.4 0.9994791666666667 0.3962962962962963 0.9994791666666667 0.39351851851851855 0.9953125 0.38981481481481484 0.9963541666666667 0.3787037037037037 0.9994791666666667 0.37592592592592594 0.9994791666666667 0.3648148148148148 0.9963541666666667 0.3611111111111111 0.9942708333333333 0.3527777777777778 0.9942708333333333 0.337037037037037 0.9885416666666667 0.3351851851851852 0.9885416666666667 0.33055555555555555 0.9848958333333333 0.3277777777777778 0.9802083333333333 0.33055555555555555 0.975 0.3277777777777778 0.9625 0.3277777777777778 0.9572916666666667 0.32314814814814813 0.9453125 0.32592592592592595 0.94375 0.3277777777777778 0.9453125 0.3351851851851852 0.9395833333333333 0.3351851851851852 0.9385416666666667 0.33055555555555555 0.9291666666666667 0.32407407407407407 0.9041666666666667 0.3212962962962963 0.8953125 0.31666666666666665 0.85625 0.3074074074074074 0.8494791666666667 0.30092592592592593 0.8171875 0.2962962962962963 0.8020833333333334 0.2916666666666667 0.8005208333333333 0.28888888888888886 0.7880208333333333 0.28888888888888886 0.78125 0.2851851851851852 0.7453125 0.28703703703703703 0.7375 0.2935185185185185 0.7270833333333333 0.29444444444444445 0.7104166666666667 0.30092592592592593 0.6979166666666666 0.30092592592592593 0.6828125 0.2916666666666667 0.6708333333333333 0.2916666666666667 0.6630208333333333 0.28703703703703703 0.6505208333333333 0.28703703703703703 0.6390625 0.2916666666666667 0.61875 0.2851851851851852 0.6078125 0.28703703703703703 0.5989583333333334 0.2935185185185185 0.58125 0.2916666666666667 0.5739583333333333 0.2972222222222222
4 0.9515625 0.27314814814814814 0.9510416666666667 0.2777777777777778 0.9541666666666667 0.2759259259259259 0.9515625 0.27314814814814814
4 0.9645833333333333 0.25925925925925924 0.9625 0.26481481481481484 0.9671875 0.2712962962962963 0.9744791666666667 0.26944444444444443 0.9807291666666667 0.26296296296296295 0.9833333333333333 0.26851851851851855 0.9875 0.2638888888888889 0.9854166666666667 0.25555555555555554 0.9875 0.24444444444444444 0.9807291666666667 0.2462962962962963 0.9776041666666667 0.25555555555555554 0.9692708333333333 0.25277777777777777 0.9645833333333333 0.25925925925925924
4 0.6088541666666667 0.24351851851851852 0.6078125 0.25092592592592594 0.6135416666666667 0.25092592592592594 0.6151041666666667 0.24814814814814815 0.6130208333333333 0.24351851851851852 0.6088541666666667 0.24351851851851852
4 0.9380208333333333 0.23055555555555557 0.9328125 0.2324074074074074 0.9385416666666667 0.2324074074074074 0.9380208333333333 0.23055555555555557
4 0.9135416666666667 0.23055555555555557 0.9130208333333333 0.23425925925925925 0.9161458333333333 0.23981481481481481 0.9140625 0.24351851851851852 0.9208333333333333 0.24814814814814815 0.921875 0.24351851851851852 0.9197916666666667 0.23981481481481481 0.921875 0.2351851851851852 0.9192708333333334 0.23055555555555557 0.9135416666666667 0.23055555555555557
4 0.5817708333333333 0.19166666666666668 0.5807291666666666 0.19907407407407407 0.5848958333333333 0.2 0.5864583333333333 0.19444444444444445 0.5848958333333333 0.18888888888888888 0.5817708333333333 0.19166666666666668
4 0.9875 0.18703703703703703 0.9864583333333333 0.19074074074074074 0.9890625 0.20277777777777778 0.9953125 0.2 0.9942708333333333 0.18888888888888888 0.9875 0.18703703703703703
4 0.8625 0.17407407407407408 0.8625 0.17777777777777778 0.8625 0.17407407407407408
4 0.9875 0.16018518518518518 0.9828125 0.16111111111111112 0.9875 0.16018518518518518
4 0.8947916666666667 0.16018518518518518 0.89375 0.16944444444444445 0.8984375 0.17314814814814813 0.9046875 0.17314814814814813 0.90625 0.1824074074074074 0.9317708333333333 0.18055555555555555 0.93125 0.18518518518518517 0.9385416666666667 0.18518518518518517 0.9411458333333333 0.18888888888888888 0.946875 0.18981481481481483 0.95 0.20277777777777778 0.9598958333333333 0.20555555555555555 0.9692708333333333 0.21388888888888888 0.9739583333333334 0.21388888888888888 0.9755208333333333 0.2101851851851852 0.9786458333333333 0.20925925925925926 0.9786458333333333 0.20277777777777778 0.975 0.19814814814814816 0.9630208333333333 0.19814814814814816 0.9625 0.19537037037037036 0.9661458333333334 0.19166666666666668 0.9614583333333333 0.18518518518518517 0.9510416666666667 0.18518518518518517 0.95 0.17314814814814813 0.9354166666666667 0.17314814814814813 0.9322916666666666 0.1675925925925926 0.9322916666666666 0.16203703703703703 0.9171875 0.1638888888888889 0.9140625 0.16666666666666666 0.9083333333333333 0.16018518518518518 0.8947916666666667 0.16018518518518518
4 0.8177083333333334 0.14814814814814814 0.8145833333333333 0.1527777777777778 0.815625 0.15462962962962962 0.8177083333333334 0.15555555555555556 0.8203125 0.15092592592592594 0.8203125 0.14814814814814814 0.8177083333333334 0.14814814814814814
4 0.95625 0.14444444444444443 0.9557291666666666 0.1527777777777778 0.9661458333333334 0.15555555555555556 0.9671875 0.1574074074074074 0.9651041666666667 0.16203703703703703 0.9682291666666667 0.1685185185185185 0.9817708333333334 0.17592592592592593 0.9895833333333334 0.17407407407407408 0.9828125 0.1712962962962963 0.9802083333333333 0.1675925925925926 0.9791666666666666 0.16018518518518518 0.9760416666666667 0.15925925925925927 0.9755208333333333 0.15555555555555556 0.9802083333333333 0.15 0.9802083333333333 0.14629629629629629 0.9765625 0.14629629629629629 0.9734375 0.14166666666666666 0.95625 0.14444444444444443
4 0.0265625 0.7472222222222222 0.025520833333333333 0.8379629629629629 0.028125 0.8518518518518519 0.028125 0.8888888888888888 0.029166666666666667 0.9157407407407407 0.03125 0.9259259259259259 0.03177083333333333 0.9731481481481481 0.034375 0.9796296296296296 0.03333333333333333 0.9851851851851852 0.0390625 0.9962962962962963 0.0625 0.9935185185185185 0.06666666666666667 0.9898148148148148 0.071875 0.9898148148148148 0.08072916666666667 0.9962962962962963 0.15364583333333334 0.9916666666666667 0.20260416666666667 0.9935185185185185 0.20677083333333332 0.9898148148148148 0.21041666666666667 0.9898148148148148 0.2125 0.9935185185185185 0.22604166666666667 0.9935185185185185 0.23697916666666666 0.9916666666666667 0.25104166666666666 0.9824074074074074 0.2578125 0.9824074074074074 0.27239583333333334 0.9712962962962963 0.27708333333333335 0.9648148148148148 0.2864583333333333 0.9601851851851851 0.29739583333333336 0.9472222222222222 0.30052083333333335 0.9388888888888889 0.3 0.9212962962962963 0.30416666666666664 0.9212962962962963 0.3109375 0.9305555555555556 0.3151041666666667 0.9296296296296296 0.31614583333333335 0.9231481481481482 0.3078125 0.9027777777777778 0.3171875 0.8824074074074074 0.3203125 0.8851851851851852 0.328125 0.8851851851851852 0.3302083333333333 0.8796296296296297 0.3359375 0.8796296296296297 0.34791666666666665 0.8962962962962963 0.37135416666666665 0.8962962962962963 0.3802083333333333 0.899074074074074 0.3890625 0.8870370370370371 0.40625 0.875 0.4114583333333333 0.8648148148148148 0.4125 0.850925925925926 0.4166666666666667 0.8444444444444444 0.43645833333333334 0.8416666666666667 0.44114583333333335 0.8342592592592593 0.45260416666666664 0.7935185185185185 0.465625 0.7685185185185185 0.46822916666666664 0.7583333333333333 0.4734375 0.7509259259259259 0.47552083333333334 0.7324074074074074 0.4739583333333333 0.7268518518518519 0.46927083333333336 0.7212962962962963 0.4661458333333333 0.7055555555555556 0.45625 0.6888888888888889 0.45625 0.6851851851851852 0.45260416666666664 0.6777777777777778 0.4510416666666667 0.6638888888888889 0.4484375 0.6611111111111111 0.4484375 0.6555555555555556 0.4432291666666667 0.6472222222222223 0.4421875 0.6416666666666667 0.4390625 0.6416666666666667 0.43645833333333334 0.6370370370370371 0.42916666666666664 0.6370370370370371 0.421875 0.6416666666666667 0.41354166666666664 0.6416666666666667 0.3932291666666667 0.6509259259259259 0.3875 0.6509259259259259 0.38333333333333336 0.6453703703703704 0.3776041666666667 0.6305555555555555 0.3776041666666667 0.6185185185185185 0.375 0.612037037037037 0.375 0.5972222222222222 0.38697916666666665 0.5898148148148148 0.4114583333333333 0.5824074074074074 0.42864583333333334 0.5712962962962963 0.42916666666666664 0.5685185185185185 0.425 0.562037037037037 0.4265625 0.5416666666666666 0.43020833333333336 0.5370370370370371 0.43645833333333334 0.5370370370370371 0.4453125 0.524074074074074 0.4484375 0.5101851851851852 0.45677083333333335 0.4898148148148148 0.4625 0.4888888888888889 0.4666666666666667 0.5 0.4739583333333333 0.49166666666666664 0.4739583333333333 0.4888888888888889 0.46927083333333336 0.4861111111111111 0.4671875 0.4722222222222222 0.4744791666666667 0.46944444444444444 0.4705729166666667 0.47129629629629627 0.4703125 0.4685185185185185 0.46770833333333334 0.47129629629629627 0.4661458333333333 0.4666666666666667 0.4640625 0.4666666666666667 0.46041666666666664 0.4583333333333333 0.45989583333333334 0.44814814814814813 0.44947916666666665 0.44814814814814813 0.4484375 0.44537037037037036 0.4505208333333333 0.44166666666666665 0.44895833333333335 0.43796296296296294 0.4505208333333333 0.4324074074074074 0.45416666666666666 0.4324074074074074 0.45416666666666666 0.4212962962962963 0.45208333333333334 0.425 0.4505208333333333 0.4212962962962963 0.4505208333333333 0.42777777777777776 0.4453125 0.42962962962962964 0.4432291666666667 0.425 0.44427083333333334 0.4212962962962963 0.4348958333333333 0.4101851851851852 0.4234375 0.37777777777777777 0.4203125 0.375 0.4192708333333333 0.3648148148148148 0.4244791666666667 0.3592592592592593 0.4270833333333333 0.3490740740740741 0.4390625 0.34814814814814815 0.43645833333333334 0.34814814814814815 0.43645833333333334 0.3435185185185185 0.4395833333333333 0.3416666666666667 0.4322916666666667 0.3398148148148148 0.42291666666666666 0.32592592592592595 0.4140625 0.3194444444444444 0.4114583333333333 0.3138888888888889 0.4078125 0.3138888888888889 0.403125 0.3074074074074074 0.4 0.3074074074074074 0.39375 0.29444444444444445 0.38229166666666664 0.2824074074074074 0.37552083333333336 0.2796296296296296 0.3651041666666667 0.28055555555555556 0.35833333333333334 0.2759259259259259 0.3567708333333333 0.27037037037037037 0.3625 0.26851851851851855 0.3614583333333333 0.26481481481481484 0.36354166666666665 0.2601851851851852 0.3567708333333333 0.2601851851851852 0.35572916666666665 0.2574074074074074 0.34427083333333336 0.25462962962962965 0.3416666666666667 0.2462962962962963 0.3390625 0.2462962962962963 0.3338541666666667 0.2361111111111111 0.33489583333333334 0.23425925925925925 0.3302083333333333 0.23055555555555557 0.32864583333333336 0.22592592592592592 0.3229166666666667 0.22685185185185186 0.3234375 0.21388888888888888 0.31875 0.20092592592592592 0.3177083333333333 0.18888888888888888 0.3104166666666667 0.16666666666666666 0.30052083333333335 0.17314814814814813 0.29375 0.17314814814814813 0.2869791666666667 0.1638888888888889 0.28229166666666666 0.1638888888888889 0.2791666666666667 0.1574074074074074 0.2734375 0.1527777777777778 0.2421875 0.14814814814814814 0.21979166666666666 0.1388888888888889 0.21666666666666667 0.13518518518518519 0.19427083333333334 0.13518518518518519 0.16979166666666667 0.12129629629629629 0.14427083333333332 0.11851851851851852 0.13072916666666667 0.11388888888888889 0.1140625 0.11481481481481481 0.10833333333333334 0.1259259259259259 0.10208333333333333 0.14629629629629629 0.09010416666666667 0.19814814814814816 0.08697916666666666 0.22314814814814815 0.08072916666666667 0.23981481481481481 0.08020833333333334 0.25092592592592594 0.07447916666666667 0.2740740740740741 0.07291666666666667 0.2916666666666667 0.06927083333333334 0.30185185185185187 0.065625 0.33055555555555555 0.059895833333333336 0.35833333333333334 0.059895833333333336 0.37037037037037035 0.05677083333333333 0.38055555555555554 0.05572916666666667 0.3972222222222222 0.05260416666666667 0.40555555555555556 0.049479166666666664 0.43425925925925923 0.04583333333333333 0.44907407407407407 0.042708333333333334 0.4935185185185185 0.03854166666666667 0.512962962962963 0.034375 0.587037037037037 0.03229166666666667 0.5925925925925926 0.0265625 0.7472222222222222
4 0.8885416666666667 0.08981481481481482 0.8901041666666667 0.1 0.8947916666666667 0.10462962962962963 0.89375 0.11203703703703703 0.8973958333333333 0.11666666666666667 0.9046875 0.11851851851851852 0.90625 0.12129629629629629 0.9166666666666666 0.11851851851851852 0.9192708333333334 0.12129629629629629 0.925 0.12129629629629629 0.9265625 0.1259259259259259 0.9369791666666667 0.12129629629629629 0.940625 0.12777777777777777 0.9447916666666667 0.12777777777777777 0.9494791666666667 0.11944444444444445 0.9536458333333333 0.11851851851851852 0.95 0.11574074074074074 0.9489583333333333 0.10648148148148148 0.9520833333333333 0.10092592592592593 0.9598958333333333 0.10092592592592593 0.9630208333333333 0.08518518518518518 0.9708333333333333 0.08518518518518518 0.98125 0.09166666666666666 0.9896875 0.09166666666666666 0.9901041666666667 0.08888888888888889 0.9953125 0.09166666666666666 0.9942708333333333 0.08703703703703704 0.9880208333333333 0.08703703703703704 0.9859375 0.08425925925925926 0.9901041666666667 0.07777777777777778 0.9921875 0.07777777777777778 0.9895833333333334 0.07314814814814814 0.9927083333333333 0.06944444444444445 0.9875 0.05740740740740741 0.946875 0.06018518518518518 0.9385416666666667 0.06666666666666667 0.9364583333333333 0.07314814814814814 0.9296875 0.07314814814814814 0.9286458333333333 0.07592592592592592 0.9239583333333333 0.07314814814814814 0.9197916666666667 0.07592592592592592 0.91875 0.08055555555555556 0.9203125 0.08425925925925926 0.9177083333333333 0.08703703703703704 0.9041666666666667 0.08703703703703704 0.9052083333333333 0.07314814814814814 0.9005208333333333 0.06851851851851852 0.8932291666666666 0.08518518518518518 0.8885416666666667 0.08981481481481482
4 0.915625 0.05555555555555555 0.9125 0.05648148148148148 0.915625 0.05555555555555555
4 0.9315104166666667 0.005092592592592593 0.0005208333333333333 0.000925925925925926
4 0.9182291666666667 0.019444444444444445 0.9119791666666667 0.037037037037037035 0.9083333333333333 0.041666666666666664 0.9177083333333333 0.05277777777777778 0.921875 0.046296296296296294 0.9286458333333333 0.046296296296296294 0.93125 0.05092592592592592 0.9364583333333333 0.05 0.94375 0.041666666666666664 0.9520833333333333 0.046296296296296294 0.9630208333333333 0.041666666666666664 0.9677083333333333 0.04351851851851852 0.9703125 0.04814814814814815 0.978125 0.05092592592592592 0.978125 0.044444444444444446 0.9942708333333333 0.03518518518518519 0.9942708333333333 0.03148148148148148 0.9973958333333334 0.025925925925925925 0.9947916666666666 0.018518518518518517 0.9895833333333334 0.017592592592592594 0.9927083333333333 0.006481481481481481 0.9807291666666667 0.006481481481481481 0.975 0.002777777777777778 0.9614583333333333 0.004629629629629629 0.9609375 0.009259259259259259 0.9630208333333333 0.012037037037037037 0.9614583333333333 0.016666666666666666 0.9489583333333333 0.016666666666666666 0.9432291666666667 0.023148148148148147 0.9307291666666667 0.007407407407407408 0.9270833333333334 0.007407407407407408 0.9182291666666667 0.019444444444444445
4 0.4354166666666667 0.010185185185185186 0.42864583333333334 0.012037037037037037 0.4359375 0.012037037037037037 0.4354166666666667 0.010185185185185186
4 0.4317708333333333 0.005092592592592593 0.0010416666666666667 0.000925925925925926
4 0.32864583333333336 0.004629629629629629 0.32760416666666664 0.005555555555555556 0.33177083333333335 0.007407407407407408 0.33125 0.004629629629629629 0.32864583333333336 0.004629629629629629
4 0.23229166666666667 0.002777777777777778 0.23125 0.004629629629629629 0.23333333333333334 0.010185185185185186 0.2390625 0.018518518518518517 0.23958333333333334 0.032407407407407406 0.24583333333333332 0.06666666666666667 0.2640625 0.11296296296296296 0.2796875 0.1388888888888889 0.28541666666666665 0.14351851851851852 0.28802083333333334 0.15 0.28802083333333334 0.15555555555555556 0.29270833333333335 0.16203703703703703 0.29739583333333336 0.16203703703703703 0.3026041666666667 0.1685185185185185 0.3067708333333333 0.1685185185185185 0.30833333333333335 0.16203703703703703 0.3109375 0.16203703703703703 0.3182291666666667 0.17962962962962964 0.31875 0.18518518518518517 0.3234375 0.19166666666666668 0.3234375 0.20185185185185187 0.32708333333333334 0.21388888888888888 0.33645833333333336 0.22777777777777777 0.34010416666666665 0.23796296296296296 0.35052083333333334 0.2462962962962963 0.36822916666666666 0.24814814814814815 0.3796875 0.25555555555555554 0.39375 0.28425925925925927 0.4078125 0.30462962962962964 0.4317708333333333 0.32592592592592595 0.44427083333333334 0.33240740740740743 0.46927083333333336 0.33425925925925926 0.509375 0.32592592592592595 0.5328125 0.3277777777777778 0.5369791666666667 0.31851851851851853 0.5369791666666667 0.30277777777777776 0.5328125 0.2916666666666667 0.53125 0.2814814814814815 0.5322916666666667 0.27314814814814814 0.5401041666666667 0.27870370370370373 0.5442708333333334 0.28703703703703703 0.5520833333333334 0.2916666666666667 0.5604166666666667 0.28888888888888886 0.5630208333333333 0.2777777777777778 0.565625 0.275 0.5682291666666667 0.2759259259259259 0.56875 0.2851851851851852 0.5703125 0.28703703703703703 0.59375 0.2851851851851852 0.6114583333333333 0.27314814814814814 0.6395833333333333 0.2824074074074074 0.6442708333333333 0.27314814814814814 0.6541666666666667 0.262037037037037 0.653125 0.2564814814814815 0.6557291666666667 0.25277777777777777 0.6677083333333333 0.25555555555555554 0.6911458333333333 0.26666666666666666 0.7260416666666667 0.262037037037037 0.7671875 0.21666666666666667 0.7791666666666667 0.2 0.7828125 0.19166666666666668 0.7864583333333334 0.18888888888888888 0.7885416666666667 0.1824074074074074 0.8088541666666667 0.14629629629629629 0.8104166666666667 0.14629629629629629 0.8119791666666667 0.1398148148148148 0.8223958333333333 0.125 0.8255208333333334 0.11388888888888889 0.8276041666666667 0.08518518518518518 0.8276041666666667 0.013888888888888888 0.8244791666666667 0 0.7375 0.002777777777777778 0.7270833333333333 0.004629629629629629 0.7234375 0.010185185185185186 0.7151041666666667 0.007407407407407408 0.6630208333333333 0.004629629629629629 0.64375 0 0.6213541666666667 0 0.61875 0.002777777777777778 0.609375 0.002777777777777778 0.6067708333333334 0 0.5864583333333333 0 0.584375 0.002777777777777778 0.5729166666666666 0.002777777777777778 0.5682291666666667 0 0.5010416666666667 0 0.4973958333333333 0.002777777777777778 0.4708333333333333 0.002777777777777778 0.4708333333333333 0.009259259259259259 0.4744791666666667 0.014814814814814815 0.46979166666666666 0.019444444444444445 0.4630208333333333 0.012037037037037037 0.4640625 0.005555555555555556 0.46197916666666666 0.002777777777777778 0.4546875 0.004629629629629629 0.45729166666666665 0.009259259259259259 0.45416666666666666 0.018518518518518517 0.45 0.018518518518518517 0.4484375 0.010185185185185186 0.4473958333333333 0.013888888888888888 0.4453125 0.010185185185185186 0.4401041666666667 0.012037037037037037 0.4375 0.016666666666666666 0.4390625 0.025 0.4421875 0.02962962962962963 0.4505208333333333 0.02962962962962963 0.45208333333333334 0.03888888888888889 0.4557291666666667 0.03888888888888889 0.45729166666666665 0.041666666666666664 0.45625 0.05185185185185185 0.4609375 0.06018518518518518 0.4625 0.06851851851851852 0.47239583333333335 0.08055555555555556 0.4703125 0.08703703703703704 0.4708333333333333 0.09259259259259259 0.4765625 0.10462962962962963 0.4791666666666667 0.10555555555555556 0.48072916666666665 0.1175925925925926 0.4875 0.13240740740740742 0.4786458333333333 0.13425925925925927 0.46822916666666664 0.12777777777777777 0.4609375 0.12777777777777777 0.45989583333333334 0.12314814814814815 0.4557291666666667 0.12129629629629629 0.45260416666666664 0.11481481481481481 0.4317708333333333 0.11203703703703703 0.42916666666666664 0.10740740740740741 0.4197916666666667 0.10462962962962963 0.4083333333333333 0.0962962962962963 0.4046875 0.08981481481481482 0.38958333333333334 0.07962962962962963 0.3927083333333333 0.06666666666666667 0.39114583333333336 0.06851851851851852 0.38958333333333334 0.06481481481481481 0.3807291666666667 0.06388888888888888 0.3723958333333333 0.05092592592592592 0.3645833333333333 0.046296296296296294 0.3625 0.03981481481481482 0.3494791666666667 0.037037037037037035 0.3421875 0.023148148148148147 0.3390625 0.023148148148148147 0.33489583333333334 0.016666666666666666 0.32447916666666665 0.016666666666666666 0.321875 0.004629629629629629 0.3140625 0 0.29322916666666665 0 0.28958333333333336 0.002777777777777778 0.2760416666666667 0.002777777777777778 0.27395833333333336 0 0.23645833333333333 0 0.23229166666666667 0.002777777777777778
4 0.2557291666666667 0.9898148148148148 0.25364583333333335 0.9935185185185185 0.2578125 0.9981481481481481 0.29322916666666665 0.9981481481481481 0.3109375 0.9962962962962963 0.3151041666666667 0.9935185185185185 0.33645833333333336 0.9935185185185185 0.3421875 0.9962962962962963 0.4375 0.9962962962962963 0.45364583333333336 0.9935185185185185 0.4583333333333333 0.9898148148148148 0.46145833333333336 0.9935185185185185 0.47291666666666665 0.9962962962962963 0.5114583333333333 0.9916666666666667 0.5255208333333333 0.9944444444444445 0.5635416666666667 0.9916666666666667 0.58125 0.9962962962962963 0.6192708333333333 0.9935185185185185 0.6244791666666667 0.9898148148148148 0.6296875 0.9935185185185185 0.6510416666666666 0.9962962962962963 0.6614583333333334 0.9935185185185185 0.6640625 0.9888888888888889 0.6677083333333333 0.9916666666666667 0.6776041666666667 0.9916666666666667 0.6848958333333334 0.9962962962962963 0.7447916666666666 0.9962962962962963 0.7489583333333333 0.9898148148148148 0.7552083333333334 0.9962962962962963 0.8494791666666667 0.9944444444444445 0.8614583333333333 0.9981481481481481 0.8765625 0.9962962962962963 0.8802083333333334 0.9935185185185185 0.8739583333333333 0.975925925925926 0.8598958333333333 0.9481481481481482 0.8572916666666667 0.9462962962962963 0.853125 0.9305555555555556 0.85 0.9259259259259259 0.8489583333333334 0.9185185185185185 0.8208333333333333 0.8777777777777778 0.8145833333333333 0.862037037037037 0.8109375 0.8444444444444444 0.8 0.8185185185185185 0.7953125 0.8138888888888889 0.7927083333333333 0.8055555555555556 0.7755208333333333 0.8009259259259259 0.7682291666666666 0.7731481481481481 0.759375 0.7611111111111111 0.753125 0.7462962962962963 0.7463541666666667 0.725925925925926 0.7484375 0.7166666666666667 0.7489583333333333 0.6935185185185185 0.7427083333333333 0.662962962962963 0.7447916666666666 0.6259259259259259 0.7322916666666667 0.6212962962962963 0.7307291666666667 0.6185185185185185 0.6979166666666666 0.6092592592592593 0.7010416666666667 0.575925925925926 0.7255208333333333 0.5851851851851851 0.7411458333333333 0.5851851851851851 0.7421875 0.5824074074074074 0.7364583333333333 0.5694444444444444 0.7322916666666667 0.5666666666666667 0.7255208333333333 0.5546296296296296 0.7171875 0.5305555555555556 0.7036458333333333 0.5074074074074074 0.6875 0.5074074074074074 0.6833333333333333 0.5101851851851852 0.671875 0.5305555555555556 0.6572916666666667 0.5444444444444444 0.6526041666666667 0.5527777777777778 0.6526041666666667 0.5592592592592592 0.6463541666666667 0.5657407407407408 0.64375 0.5731481481481482 0.6416666666666667 0.5833333333333334 0.6416666666666667 0.6046296296296296 0.6442708333333333 0.6185185185185185 0.6473958333333333 0.6231481481481481 0.6494791666666667 0.6361111111111111 0.6546875 0.6509259259259259 0.6578125 0.6935185185185185 0.6333333333333333 0.7055555555555556 0.6286458333333333 0.6944444444444444 0.61875 0.6916666666666667 0.5947916666666667 0.7055555555555556 0.5802083333333333 0.6851851851851852 0.5692708333333333 0.6842592592592592 0.5645833333333333 0.6851851851851852 0.5494791666666666 0.6981481481481482 0.5364583333333334 0.6981481481481482 0.5296875 0.7027777777777777 0.5244791666666667 0.7027777777777777 0.5166666666666667 0.7092592592592593 0.5 0.7148148148148148 0.4875 0.725925925925926 0.47604166666666664 0.7481481481481481 0.46822916666666664 0.7712962962962963 0.4583333333333333 0.7898148148148149 0.446875 0.8277777777777777 0.43854166666666666 0.8462962962962963 0.41875 0.850925925925926 0.415625 0.8657407407407407 0.4119791666666667 0.8731481481481481 0.403125 0.8824074074074074 0.39479166666666665 0.8870370370370371 0.3828125 0.9055555555555556 0.37604166666666666 0.9101851851851852 0.3697916666666667 0.9027777777777778 0.3578125 0.9027777777777778 0.3380208333333333 0.9259259259259259 0.3 0.9527777777777777 0.275 0.9731481481481481 0.2671875 0.9824074074074074 0.2640625 0.9824074074074074 0.259375 0.9888888888888889 0.2557291666666667 0.9898148148148148
1 0.6385416666666667 0.6148148148148148 0.6369791666666667 0.6324074074074074 0.6411458333333333 0.6324074074074074 0.6421875 0.6231481481481481 0.6401041666666667 0.6138888888888889 0.6385416666666667 0.6148148148148148
1 0.5546875 0.44814814814814813 0.5536458333333333 0.5185185185185185 0.5557291666666667 0.537962962962963 0.5630208333333333 0.5675925925925925 0.5703125 0.587037037037037 0.5786458333333333 0.6027777777777777 0.5796875 0.612037037037037 0.5885416666666666 0.6231481481481481 0.5932291666666667 0.6259259259259259 0.5989583333333334 0.6351851851851852 0.60625 0.6370370370370371 0.6083333333333333 0.6324074074074074 0.6119791666666666 0.6324074074074074 0.6161458333333333 0.6361111111111111 0.6182291666666667 0.6435185185185185 0.6255208333333333 0.6435185185185185 0.6296875 0.6296296296296297 0.63125 0.6018518518518519 0.6354166666666666 0.5842592592592593 0.6348958333333333 0.5777777777777777 0.6286458333333333 0.5712962962962963 0.6213541666666667 0.5685185185185185 0.6135416666666667 0.5564814814814815 0.6161458333333333 0.5527777777777778 0.61875 0.5555555555555556 0.6328125 0.5509259259259259 0.6348958333333333 0.5435185185185185 0.634375 0.5259259259259259 0.6260416666666667 0.5231481481481481 0.6239583333333333 0.5166666666666667 0.6151041666666667 0.5120370370370371 0.6125 0.5074074074074074 0.6130208333333333 0.4962962962962963 0.6104166666666667 0.47685185185185186 0.6135416666666667 0.47129629629629627 0.6182291666666667 0.4759259259259259 0.61875 0.4824074074074074 0.6223958333333334 0.4824074074074074 0.625 0.47962962962962963 0.6265625 0.47314814814814815 0.6244791666666667 0.4685185185185185 0.6192708333333333 0.4648148148148148 0.6140625 0.46944444444444444 0.6104166666666667 0.4675925925925926 0.5989583333333334 0.42777777777777776 0.5848958333333333 0.40185185185185185 0.5770833333333333 0.39166666666666666 0.5677083333333334 0.39166666666666666 0.5635416666666667 0.3962962962962963 0.55625 0.42592592592592593 0.5546875 0.44814814814814813
1 0.5010416666666667 0.6759259259259259 0.5 0.6953703703703704 0.5041666666666667 0.7092592592592593 0.5239583333333333 0.7027777777777777 0.5333333333333333 0.6962962962962963 0.5369791666666667 0.6888888888888889 0.5348958333333333 0.6777777777777778 0.525 0.6555555555555556 0.5182291666666666 0.6416666666666667 0.5151041666666667 0.6398148148148148 0.5104166666666666 0.6444444444444445 0.50625 0.6685185185185185 0.5010416666666667 0.6759259259259259
3 0.47291666666666665 0.9138888888888889 0.46927083333333336 0.9138888888888889 0.46927083333333336 0.9166666666666666 0.4739583333333333 0.9166666666666666 0.47291666666666665 0.9138888888888889
3 0.44375 0.837037037037037 0.4432291666666667 0.8435185185185186 0.44479166666666664 0.8481481481481481 0.50625 0.8981481481481481 0.5171875 0.9194444444444444 0.5213541666666667 0.9416666666666667 0.53125 0.9388888888888889 0.5494791666666666 0.9277777777777778 0.5619791666666667 0.9166666666666666 0.5786458333333333 0.8916666666666667 0.5817708333333333 0.8777777777777778 0.5927083333333333 0.8555555555555555 0.60625 0.812962962962963 0.6223958333333334 0.7851851851851852 0.6223958333333334 0.7759259259259259 0.6192708333333333 0.7685185185185185 0.6161458333333333 0.7638888888888888 0.6088541666666667 0.7620370370370371 0.6083333333333333 0.7592592592592593 0.6151041666666667 0.7435185185185185 0.6291666666666667 0.7287037037037037 0.6328125 0.7185185185185186 0.6328125 0.7027777777777777 0.6302083333333334 0.6962962962962963 0.6229166666666667 0.6916666666666667 0.6140625 0.6935185185185185 0.5916666666666667 0.7074074074074074 0.5869791666666667 0.700925925925926 0.5859375 0.6944444444444444 0.58125 0.6851851851851852 0.5697916666666667 0.6842592592592592 0.5625 0.687037037037037 0.55 0.6981481481481482 0.5364583333333334 0.6981481481481482 0.5182291666666666 0.7101851851851851 0.5020833333333333 0.7148148148148148 0.48802083333333335 0.7268518518518519 0.4822916666666667 0.737037037037037 0.4578125 0.7935185185185185 0.4473958333333333 0.8296296296296296 0.44375 0.837037037037037
3 0.3723958333333333 0.9287037037037037 0.3729166666666667 0.9638888888888889 0.3796875 0.9935185185185185 0.3828125 0.9962962962962963 0.39427083333333335 0.9935185185185185 0.43645833333333334 0.9962962962962963 0.4625 0.9851851851851852 0.46979166666666666 0.9777777777777777 0.49375 0.9638888888888889 0.5177083333333333 0.9444444444444444 0.5427083333333333 0.9324074074074075 0.5552083333333333 0.9231481481481482 0.5677083333333334 0.9101851851851852 0.5796875 0.8888888888888888 0.5833333333333334 0.8722222222222222 0.5921875 0.8546296296296296 0.60625 0.812037037037037 0.6197916666666666 0.7916666666666666 0.6223958333333334 0.7842592592592592 0.6223958333333334 0.7777777777777778 0.6192708333333333 0.7685185185185185 0.6161458333333333 0.7638888888888888 0.6104166666666667 0.7620370370370371 0.609375 0.7574074074074074 0.6166666666666667 0.7416666666666667 0.6296875 0.7268518518518519 0.6328125 0.7166666666666667 0.6328125 0.7027777777777777 0.6296875 0.6962962962962963 0.6255208333333333 0.6935185185185185 0.6161458333333333 0.6935185185185185 0.5979166666666667 0.7055555555555556 0.5901041666666667 0.7074074074074074 0.5802083333333333 0.6851851851851852 0.5661458333333333 0.6851851851851852 0.5505208333333333 0.6981481481481482 0.5375 0.6981481481481482 0.4953125 0.7194444444444444 0.48802083333333335 0.725925925925926 0.48333333333333334 0.7342592592592593 0.4625 0.7805555555555556 0.44947916666666665 0.8231481481481482 0.4395833333333333 0.8481481481481481 0.41822916666666665 0.850925925925926 0.415625 0.8657407407407407 0.41041666666666665 0.8759259259259259 0.39375 0.8888888888888888 0.384375 0.9055555555555556 0.37604166666666666 0.9148148148148149 0.3723958333333333 0.9287037037037037
3 0.6416666666666667 0.5814814814814815 0.6416666666666667 0.6074074074074074 0.6557291666666667 0.6601851851851852 0.6572916666666667 0.6824074074074075 0.6630208333333333 0.7046296296296296 0.6765625 0.7388888888888889 0.6807291666666667 0.7555555555555555 0.6864583333333333 0.7638888888888888 0.690625 0.7768518518518519 0.6942708333333333 0.8 0.6979166666666666 0.8055555555555556 0.7020833333333333 0.8203703703703704 0.7052083333333333 0.8231481481481482 0.7135416666666666 0.8416666666666667 0.7239583333333334 0.8388888888888889 0.7322916666666667 0.8240740740740741 0.7385416666666667 0.8194444444444444 0.7546875 0.8138888888888889 0.7572916666666667 0.8101851851851852 0.7619791666666667 0.8101851851851852 0.7692708333333333 0.8027777777777778 0.7723958333333333 0.8027777777777778 0.7734375 0.7916666666666666 0.76875 0.7731481481481481 0.75625 0.7555555555555555 0.7484375 0.7333333333333333 0.7484375 0.6898148148148148 0.7432291666666667 0.6638888888888889 0.7453125 0.6259259259259259 0.7291666666666666 0.6166666666666667 0.6958333333333333 0.6055555555555555 0.68125 0.6166666666666667 0.6770833333333334 0.6092592592592593 0.6744791666666666 0.5944444444444444 0.6598958333333333 0.5638888888888889 0.6609375 0.5601851851851852 0.6640625 0.5638888888888889 0.6796875 0.5648148148148148 0.7078125 0.5796296296296296 0.7432291666666667 0.5888888888888889 0.74375 0.5824074074074074 0.7416666666666667 0.575925925925926 0.7260416666666667 0.5546296296296296 0.7177083333333333 0.5305555555555556 0.7104166666666667 0.5175925925925926 0.7010416666666667 0.5055555555555555 0.6916666666666667 0.5046296296296297 0.6848958333333334 0.5074074074074074 0.6682291666666667 0.5342592592592592 0.6541666666666667 0.5481481481481482 0.6505208333333333 0.5592592592592592 0.6458333333333334 0.562037037037037 0.6416666666666667 0.5814814814814815
3 0.31354166666666666 0.15462962962962962 0.31354166666666666 0.16944444444444445 0.3171875 0.17592592592592593 0.325 0.2111111111111111 0.33541666666666664 0.22592592592592592 0.3375 0.23333333333333334 0.34427083333333336 0.24351851851851852 0.34791666666666665 0.2462962962962963 0.3619791666666667 0.2462962962962963 0.37864583333333335 0.25277777777777777 0.38645833333333335 0.26666666666666666 0.38958333333333334 0.2777777777777778 0.40729166666666666 0.30462962962962964 0.4270833333333333 0.32314814814814813 0.44375 0.33425925925925926 0.4822916666666667 0.3351851851851852 0.5078125 0.3277777777777778 0.51875 0.3277777777777778 0.5317708333333333 0.33240740740740743 0.5375 0.32592592592592595 0.5390625 0.3138888888888889 0.5354166666666667 0.2824074074074074 0.5390625 0.28055555555555556 0.5473958333333333 0.2916666666666667 0.55625 0.2935185185185185 0.5614583333333333 0.28888888888888886 0.5635416666666667 0.2777777777777778 0.5609375 0.25277777777777777 0.5583333333333333 0.24537037037037038 0.5552083333333333 0.22314814814814815 0.5484375 0.19907407407407407 0.546875 0.1824074074074074 0.54375 0.1685185185185185 0.5390625 0.16203703703703703 0.51875 0.14814814814814814 0.5135416666666667 0.14814814814814814 0.4942708333333333 0.13703703703703704 0.48125 0.13425925925925927 0.4739583333333333 0.12777777777777777 0.45729166666666665 0.12129629629629629 0.45364583333333336 0.11666666666666667 0.4359375 0.11388888888888889 0.41875 0.10555555555555556 0.39895833333333336 0.08703703703703704 0.3885416666666667 0.08055555555555556 0.375 0.07777777777777778 0.36875 0.07314814814814814 0.35572916666666665 0.07314814814814814 0.3458333333333333 0.0824074074074074 0.3375 0.09351851851851851 0.33697916666666666 0.09814814814814815 0.33125 0.10740740740740741 0.3234375 0.13055555555555556 0.31875 0.13703703703703704 0.31614583333333335 0.15 0.31354166666666666 0.15462962962962962
3 0.4557291666666667 0.018518518518518517 0.45416666666666666 0.025925925925925925 0.44947916666666665 0.025925925925925925 0.44947916666666665 0.028703703703703703 0.4546875 0.03333333333333333 0.4552083333333333 0.03518518518518519 0.45208333333333334 0.03888888888888889 0.45729166666666665 0.041666666666666664 0.4588541666666667 0.05925925925925926 0.4630208333333333 0.0712962962962963 0.46979166666666666 0.08055555555555556 0.46979166666666666 0.09351851851851851 0.4817708333333333 0.125 0.49114583333333334 0.13425925925925927 0.5296875 0.15092592592592594 0.5447916666666667 0.1638888888888889 0.5494791666666666 0.1638888888888889 0.5692708333333333 0.13703703703703704 0.5776041666666667 0.13703703703703704 0.5958333333333333 0.15 0.6067708333333334 0.15462962962962962 0.61875 0.15555555555555556 0.6234375 0.1527777777777778 0.6270833333333333 0.14351851851851852 0.6369791666666667 0.12962962962962962 0.6380208333333334 0.10648148148148148 0.6484375 0.0712962962962963 0.6473958333333333 0.05 0.6359375 0.027777777777777776 0.6328125 0.025925925925925925 0.6291666666666667 0.018518518518518517 0.6140625 0.009259259259259259 0.6057291666666667 0 0.47708333333333336 0 0.47291666666666665 0.004629629629629629 0.47552083333333334 0.013888888888888888 0.46979166666666666 0.023148148148148147 0.4635416666666667 0.023148148148148147 0.4609375 0.018518518518518517 0.4557291666666667 0.018518518518518517