1 0.43020833333333336 0.5611111111111111 0.4296875 0.5675925925925925 0.43333333333333335 0.575925925925926 0.4421875 0.5824074074074074 0.44947916666666665 0.5805555555555556 0.44947916666666665 0.5638888888888889 0.4473958333333333 0.5601851851851852 0.44427083333333334 0.5574074074074075 0.4322916666666667 0.5574074074074075 0.43020833333333336 0.5611111111111111
1 0.4005208333333333 0.600925925925926 0.4 0.6092592592592593 0.40625 0.6166666666666667 0.415625 0.6166666666666667 0.42291666666666666 0.612037037037037 0.42552083333333335 0.6055555555555555 0.4234375 0.5944444444444444 0.41770833333333335 0.5888888888888889 0.4088541666666667 0.5898148148148148 0.4005208333333333 0.600925925925926
1 0.38333333333333336 0.6212962962962963 0.3828125 0.6342592592592593 0.3859375 0.6462962962962963 0.39791666666666664 0.6638888888888889 0.4015625 0.675 0.41302083333333334 0.6935185185185185 0.41822916666666665 0.6935185185185185 0.42083333333333334 0.6888888888888889 0.42083333333333334 0.6768518518518518 0.4265625 0.6712962962962963 0.43020833333333336 0.6712962962962963 0.43333333333333335 0.6759259259259259 0.43854166666666666 0.6777777777777778 0.4401041666666667 0.649074074074074 0.4390625 0.6388888888888888 0.40989583333333335 0.6388888888888888 0.3927083333333333 0.6231481481481481 0.38333333333333336 0.6212962962962963
1 0.24791666666666667 0.4777777777777778 0.24791666666666667 0.4935185185185185 0.25052083333333336 0.5074074074074074 0.25416666666666665 0.5185185185185185 0.2609375 0.5305555555555556 0.2682291666666667 0.5342592592592592 0.2828125 0.5351851851851852 0.2869791666666667 0.5342592592592592 0.2890625 0.5296296296296297 0.2890625 0.5212962962962963 0.2864583333333333 0.5138888888888888 0.26875 0.5009259259259259 0.25416666666666665 0.4759259259259259 0.24791666666666667 0.4777777777777778
1 0.7333333333333333 0.023148148148148147 0.7328125 0.032407407407407406 0.7354166666666667 0.037037037037037035 0.7453125 0.03888888888888889 0.7604166666666666 0.023148148148148147 0.7677083333333333 0.009259259259259259 0.7682291666666666 0.002777777777777778 0.7666666666666667 0 0.7401041666666667 0 0.7369791666666666 0.006481481481481481 0.7354166666666667 0.021296296296296296 0.7333333333333333 0.023148148148148147
1 0.7041666666666667 0.000462962962962963 0.005208333333333333 0.000925925925925926
1 0.6255208333333333 0.000925925925925926 0.6260416666666667 0.03611111111111111 0.6286458333333333 0.046296296296296294 0.6328125 0.05277777777777778 0.6505208333333333 0.062037037037037036 0.6578125 0.062037037037037036 0.6619791666666667 0.05740740740740741 0.6630208333333333 0.05092592592592592 0.6682291666666667 0.03981481481481482 0.66875 0.024074074074074074 0.6739583333333333 0.005555555555555556 0.6739583333333333 0 0.6255208333333333 0.000925925925925926
1 0.6260416666666667 0 0.6260416666666667 0.03611111111111111 0.6307291666666667 0.05 0.6401041666666667 0.05740740740740741 0.6520833333333333 0.062037037037037036 0.6572916666666667 0.062037037037037036 0.6609375 0.05740740740740741 0.665625 0.04351851851851852 0.66875 0.019444444444444445 0.671875 0.013888888888888888 0.6729166666666667 0 0.6260416666666667 0
3 0.0015625 0.044444444444444446 0 0.046296296296296294 0 0.6509259259259259 0.018229166666666668 0.6259259259259259 0.0203125 0.6185185185185185 0.028645833333333332 0.6046296296296296 0.03802083333333333 0.5796296296296296 0.043229166666666666 0.5712962962962963 0.04479166666666667 0.5638888888888889 0.0546875 0.5462962962962963 0.06458333333333334 0.5138888888888888 0.06875 0.5074074074074074 0.07083333333333333 0.4981481481481482 0.0859375 0.4638888888888889 0.0984375 0.42592592592592593 0.10208333333333333 0.40185185185185185 0.1078125 0.38055555555555554 0.11041666666666666 0.3574074074074074 0.1046875 0.30092592592592593 0.096875 0.2851851851851852 0.08333333333333333 0.27314814814814814 0.0765625 0.2611111111111111 0.075 0.2518518518518518 0.07604166666666666 0.23055555555555557 0.07916666666666666 0.21851851851851853 0.08072916666666667 0.20185185185185187 0.08645833333333333 0.18518518518518517 0.08958333333333333 0.1638888888888889 0.0890625 0.125 0.08489583333333334 0.10092592592592593 0.07291666666666667 0.07777777777777778 0.05416666666666667 0.05555555555555555 0.03229166666666667 0.044444444444444446 0.017708333333333333 0.041666666666666664 0.00625 0.041666666666666664 0.0015625 0.044444444444444446
3 0.7890625 0.1648148148148148 0.7875 0.16944444444444445 0.7875 0.17777777777777778 0.7890625 0.17962962962962964 0.8 0.17314814814814813 0.8026041666666667 0.1685185185185185 0.821875 0.15462962962962962 0.8348958333333333 0.14166666666666666 0.8546875 0.11574074074074074 0.8625 0.10092592592592593 0.8744791666666667 0.06018518518518518 0.875 0.030555555555555555 0.8734375 0.027777777777777776 0.86875 0.027777777777777776 0.8578125 0.04351851851851852 0.8421875 0.07592592592592592 0.8328125 0.08703703703703704 0.8192708333333333 0.11574074074074074 0.7890625 0.1648148148148148
3 0.66171875 0.012962962962962963 0.0015625 0.001851851851851852
3 0.6692708333333334 0.003703703703703704 0.6682291666666667 0.03888888888888889 0.6625 0.05092592592592592 0.6604166666666667 0.062037037037037036 0.6609375 0.08796296296296297 0.6708333333333333 0.1388888888888889 0.6776041666666667 0.1574074074074074 0.6817708333333333 0.1638888888888889 0.6854166666666667 0.1648148148148148 0.6916666666666667 0.15925925925925927 0.7010416666666667 0.13518518518518519 0.7364583333333333 0.075 0.7380208333333333 0.06851851851851852 0.7479166666666667 0.05 0.7515625 0.037037037037037035 0.7578125 0.02962962962962963 0.7604166666666666 0.017592592592592594 0.7651041666666667 0.014814814814814815 0.7651041666666667 0.010185185185185186 0.7671875 0.007407407407407408 0.7734375 0.004629629629629629 0.7729166666666667 0 0.7635416666666667 0.002777777777777778 0.759375 0 0.6729166666666667 0 0.6692708333333334 0.003703703703703704
0 0.79375 0.16296296296296298 0.7916666666666666 0.1712962962962963 0.7979166666666667 0.17314814814814813 0.8364583333333333 0.1388888888888889 0.8557291666666667 0.11388888888888889 0.8625 0.1 0.8734375 0.06388888888888888 0.875 0.05462962962962963 0.875 0.032407407407407406 0.8734375 0.027777777777777776 0.8697916666666666 0.027777777777777776 0.8651041666666667 0.032407407407407406 0.8583333333333333 0.04351851851851852 0.8479166666666667 0.06851851851851852 0.83125 0.09444444444444444 0.821875 0.11851851851851852 0.8161458333333333 0.12777777777777777 0.8140625 0.12777777777777777 0.8114583333333333 0.13425925925925927 0.8088541666666667 0.13518518518518519 0.8083333333333333 0.1388888888888889 0.79375 0.16296296296296298
0 0.628125 0 0.6260416666666667 0.003703703703703704 0.6260416666666667 0.018518518518518517 0.63125 0.046296296296296294 0.6380208333333334 0.05277777777777778 0.6578125 0.06296296296296296 0.6604166666666667 0.07314814814814814 0.6625 0.10092592592592593 0.665625 0.11018518518518519 0.6697916666666667 0.1361111111111111 0.6755208333333333 0.1527777777777778 0.6828125 0.1638888888888889 0.6869791666666667 0.1638888888888889 0.69375 0.1527777777777778 0.70625 0.12314814814814815 0.7229166666666667 0.09814814814814815 0.7473958333333334 0.05 0.7541666666666667 0.032407407407407406 0.7666666666666667 0.014814814814814815 0.7682291666666666 0.006481481481481481 0.7729166666666667 0.000925925925925926 0.628125 0