4 0.9432291666666667 0.2111111111111111 0.9598958333333333 0.21388888888888888 0.9734375 0.22037037037037038 0.9854166666666667 0.24351851851851852 0.9932291666666667 0.26296296296296295 0.9973958333333334 0.28055555555555556 0.9994791666666667 0.2814814814814815 0.9994791666666667 0.42962962962962964 0.9973958333333334 0.4305555555555556 0.9927083333333333 0.44907407407407407 0.9864583333333333 0.4546296296296296 0.9609375 0.4527777777777778 0.9473958333333333 0.44166666666666665 0.9442708333333333 0.4425925925925926 0.9364583333333333 0.4546296296296296 0.9338541666666667 0.45925925925925926 0.9317708333333333 0.48703703703703705 0.928125 0.5018518518518519 0.9270833333333334 0.525 0.9203125 0.5574074074074075 0.9171875 0.5638888888888889 0.8989583333333333 0.5805555555555556 0.89375 0.5944444444444444 0.8921875 0.612037037037037 0.8869791666666667 0.6148148148148148 0.8791666666666667 0.6342592592592593 0.86875 0.6472222222222223 0.8671875 0.6611111111111111 0.8692708333333333 0.6648148148148149 0.8770833333333333 0.6638888888888889 0.8770833333333333 0.6675925925925926 0.871875 0.6685185185185185 0.8692708333333333 0.6648148148148149 0.8619791666666666 0.6722222222222223 0.8557291666666667 0.6944444444444444 0.8505208333333333 0.7518518518518519 0.8682291666666667 0.8027777777777778 0.8703125 0.8342592592592593 0.8651041666666667 0.8555555555555555 0.8510416666666667 0.8787037037037037 0.8484375 0.8787037037037037 0.840625 0.8638888888888889 0.8317708333333333 0.862037037037037 0.8270833333333333 0.8555555555555555 0.8182291666666667 0.8305555555555556 0.815625 0.8018518518518518 0.8109375 0.7861111111111111 0.7973958333333333 0.7648148148148148 0.7833333333333333 0.7277777777777777 0.7692708333333333 0.7203703703703703 0.7609375 0.7027777777777777 0.7640625 0.6981481481481482 0.7729166666666667 0.6962962962962963 0.7979166666666667 0.6787037037037037 0.8010416666666667 0.6648148148148149 0.7947916666666667 0.6407407407407407 0.7973958333333333 0.6268518518518519 0.7947916666666667 0.6157407407407407 0.7921875 0.612037037037037 0.7875 0.612037037037037 0.7791666666666667 0.6203703703703703 0.76875 0.6231481481481481 0.7614583333333333 0.6324074074074074 0.7583333333333333 0.6314814814814815 0.7515625 0.6361111111111111 0.7536458333333333 0.6398148148148148 0.7442708333333333 0.6435185185185185 0.7427083333333333 0.6361111111111111 0.7328125 0.6259259259259259 0.709375 0.6157407407407407 0.6994791666666667 0.5972222222222222 0.6723958333333333 0.587037037037037 0.6651041666666667 0.587037037037037 0.6635416666666667 0.5842592592592593 0.6640625 0.5685185185185185 0.6666666666666666 0.5611111111111111 0.6671875 0.55 0.665625 0.5462962962962963 0.6671875 0.5407407407407407 0.6640625 0.5333333333333333 0.6645833333333333 0.5111111111111111 0.665625 0.5046296296296297 0.6697916666666667 0.5 0.6786458333333333 0.48055555555555557 0.6895833333333333 0.46944444444444444 0.6942708333333333 0.4546296296296296 0.7104166666666667 0.4212962962962963 0.7203125 0.4111111111111111 0.7296875 0.39351851851851855 0.7515625 0.37037037037037035 0.7838541666666666 0.3074074074074074 0.8072916666666666 0.2916666666666667 0.8328125 0.2851851851851852 0.8682291666666667 0.28888888888888886 0.8833333333333333 0.29907407407407405 0.8875 0.2935185185185185 0.8875 0.26851851851851855 0.9041666666666667 0.23333333333333334 0.9182291666666667 0.22592592592592592 0.9322916666666666 0.21296296296296297 0.9427083333333334 0.2111111111111111
4 0.9994791666666667 0.5037037037037037 0.9994791666666667 0.6518518518518519 0.9947916666666666 0.6546296296296297 0.9911458333333333 0.6537037037037037 0.9723958333333333 0.6 0.9692708333333333 0.5833333333333334 0.96875 0.5685185185185185 0.9588541666666667 0.5546296296296296 0.9541666666666667 0.5305555555555556 0.95625 0.5259259259259259 0.9671875 0.5287037037037037 0.9734375 0.5268518518518519 0.9802083333333333 0.5175925925925926 0.9989583333333333 0.5037037037037037
4 0.18489583333333334 0 0.215625 0 0.22708333333333333 0.004629629629629629 0.25364583333333335 0.002777777777777778 0.25625 0 0.6026041666666667 0 0.6130208333333333 0.013888888888888888 0.6348958333333333 0.05277777777777778 0.6479166666666667 0.08888888888888889 0.6536458333333334 0.13148148148148148 0.6598958333333333 0.15925925925925927 0.6666666666666666 0.23981481481481481 0.6677083333333333 0.30185185185185187 0.6546875 0.36018518518518516 0.6463541666666667 0.37962962962962965 0.646875 0.38981481481481484 0.6520833333333333 0.4074074074074074 0.6536458333333334 0.42962962962962964 0.6614583333333334 0.45185185185185184 0.6614583333333334 0.46574074074074073 0.6583333333333333 0.4759259259259259 0.6614583333333334 0.5564814814814815 0.6567708333333333 0.5648148148148148 0.6583333333333333 0.5879629629629629 0.653125 0.6046296296296296 0.6526041666666667 0.6175925925925926 0.6546875 0.6268518518518519 0.6708333333333333 0.6648148148148149 0.671875 0.675 0.6692708333333334 0.6814814814814815 0.6822916666666666 0.6851851851851852 0.6869791666666667 0.6925925925925925 0.6854166666666667 0.7175925925925926 0.6822916666666666 0.725925925925926 0.6760416666666667 0.7305555555555555 0.6682291666666667 0.7296296296296296 0.6473958333333333 0.7416666666666667 0.64375 0.7342592592592593 0.6369791666666667 0.7388888888888889 0.63125 0.7305555555555555 0.6307291666666667 0.7222222222222222 0.6229166666666667 0.712037037037037 0.615625 0.6787037037037037 0.6109375 0.6685185185185185 0.6078125 0.65 0.6078125 0.6259259259259259 0.6041666666666666 0.6064814814814815 0.6057291666666667 0.5953703703703703 0.6041666666666666 0.5851851851851851 0.5947916666666667 0.5787037037037037 0.5921875 0.5842592592592593 0.5916666666666667 0.600925925925926 0.5765625 0.6083333333333333 0.571875 0.6157407407407407 0.5671875 0.6157407407407407 0.5682291666666667 0.6027777777777777 0.5661458333333333 0.5953703703703703 0.565625 0.5796296296296296 0.5635416666666667 0.5731481481481482 0.5567708333333333 0.5657407407407408 0.5546875 0.5703703703703704 0.5583333333333333 0.5740740740740741 0.5567708333333333 0.5787037037037037 0.5614583333333333 0.5879629629629629 0.5619791666666667 0.6055555555555555 0.559375 0.612037037037037 0.5619791666666667 0.6268518518518519 0.5614583333333333 0.6342592592592593 0.5567708333333333 0.6444444444444445 0.5473958333333333 0.6518518518518519 0.5354166666666667 0.6509259259259259 0.5328125 0.6768518518518518 0.5286458333333334 0.6768518518518518 0.5125 0.6583333333333333 0.49322916666666666 0.6351851851851852 0.47708333333333336 0.6101851851851852 0.4734375 0.6148148148148148 0.4666666666666667 0.6138888888888889 0.45729166666666665 0.6222222222222222 0.453125 0.6333333333333333 0.4317708333333333 0.6361111111111111 0.4197916666666667 0.6305555555555555 0.4125 0.6305555555555555 0.40520833333333334 0.6351851851851852 0.4005208333333333 0.6444444444444445 0.39791666666666664 0.6453703703703704 0.37447916666666664 0.6435185185185185 0.34270833333333334 0.6194444444444445 0.33697916666666666 0.5962962962962963 0.3359375 0.5694444444444444 0.3328125 0.5537037037037037 0.3307291666666667 0.5518518518518518 0.328125 0.5592592592592592 0.32447916666666665 0.5601851851851852 0.3229166666666667 0.5537037037037037 0.31875 0.5481481481481482 0.3177083333333333 0.5398148148148149 0.3140625 0.5370370370370371 0.29635416666666664 0.5009259259259259 0.2859375 0.48703703703703705 0.26875 0.47314814814814815 0.2630208333333333 0.4638888888888889 0.26145833333333335 0.45925925925925926 0.2625 0.4564814814814815 0.2557291666666667 0.43703703703703706 0.24270833333333333 0.35555555555555557 0.23541666666666666 0.32407407407407407 0.22864583333333333 0.27685185185185185 0.23020833333333332 0.2657407407407407 0.22760416666666666 0.24166666666666667 0.22916666666666666 0.14351851851851852 0.23072916666666668 0.13333333333333333 0.234375 0.1259259259259259 0.2375 0.125 0.24114583333333334 0.11574074074074074 0.2520833333333333 0.10740740740740741 0.2526041666666667 0.10185185185185185 0.2552083333333333 0.09814814814814815 0.25416666666666665 0.09537037037037037 0.2578125 0.09166666666666666 0.2526041666666667 0.08796296296296297 0.25625 0.08518518518518518 0.2421875 0.07592592592592592 0.22864583333333333 0.05648148148148148 0.20260416666666667 0.05092592592592592 0.20260416666666667 0.046296296296296294 0.19427083333333334 0.030555555555555555 0.1859375 0.022222222222222223 0.1828125 0.011111111111111112 0.1828125 0.004629629629629629 0.18489583333333334 0.000925925925925926
4 0.7359375 0.8824074074074074 0.759375 0.8916666666666667 0.7890625 0.925 0.8041666666666667 0.9342592592592592 0.8177083333333334 0.9546296296296296 0.8286458333333333 0.9648148148148148 0.8338541666666667 0.975925925925926 0.8458333333333333 0.9833333333333333 0.8526041666666667 0.9925925925925926 0.8666666666666667 0.9944444444444445 0.8661458333333333 0.9990740740740741 0.7046875 0.9990740740740741 0.7010416666666667 0.9953703703703703 0.6880208333333333 0.9953703703703703 0.6796875 0.9666666666666667 0.6802083333333333 0.9546296296296296 0.6786458333333333 0.9518518518518518 0.6651041666666667 0.950925925925926 0.6578125 0.9416666666666667 0.6572916666666667 0.9351851851851852 0.6682291666666667 0.9212962962962963 0.6796875 0.9138888888888889 0.6927083333333334 0.9111111111111111 0.7270833333333333 0.8833333333333333 0.7354166666666667 0.8824074074074074
1 0.5296875 0.7416666666666667 0.5328125 0.7472222222222222 0.534375 0.7703703703703704 0.5333333333333333 0.7833333333333333 0.5359375 0.8 0.534375 0.8194444444444444 0.5364583333333334 0.8296296296296296 0.540625 0.812037037037037 0.5375 0.8037037037037037 0.5380208333333333 0.7962962962962963 0.5463541666666667 0.7787037037037037 0.5572916666666666 0.7824074074074074 0.5895833333333333 0.7731481481481481 0.6020833333333333 0.7787037037037037 0.6098958333333333 0.7898148148148149 0.609375 0.8203703703703704 0.5989583333333334 0.850925925925926 0.5947916666666667 0.8490740740740741 0.5859375 0.8351851851851851 0.5807291666666666 0.8324074074074074 0.578125 0.8240740740740741 0.5755208333333334 0.8268518518518518 0.5770833333333333 0.8361111111111111 0.5848958333333333 0.8546296296296296 0.5854166666666667 0.862037037037037 0.5770833333333333 0.8657407407407407 0.578125 0.8694444444444445 0.5739583333333333 0.8870370370370371 0.5760416666666667 0.9009259259259259 0.5645833333333333 0.9148148148148149 0.5583333333333333 0.9175925925925926 0.5510416666666667 0.9148148148148149 0.5515625 0.9074074074074074 0.546875 0.9009259259259259 0.5453125 0.9092592592592592 0.5463541666666667 0.9157407407407407 0.5427083333333333 0.9157407407407407 0.5255208333333333 0.9018518518518519 0.5244791666666667 0.8972222222222223 0.5260416666666666 0.887962962962963 0.5140625 0.8648148148148148 0.5015625 0.8166666666666667 0.5010416666666667 0.7861111111111111 0.5083333333333333 0.7481481481481481 0.5114583333333333 0.7435185185185185 0.5291666666666667 0.7416666666666667
0 0 0.4351851851851852 0.0265625 0.46296296296296297 0.03333333333333333 0.47685185185185186 0.028125 0.5222222222222223 0.028125 0.5407407407407407 0.03177083333333333 0.5694444444444444 0.03229166666666667 0.5888888888888889 0.026041666666666668 0.6185185185185185 0.029166666666666667 0.6296296296296297 0.024479166666666666 0.6333333333333333 0.029166666666666667 0.6361111111111111 0.029166666666666667 0.6472222222222223 0.0265625 0.6546296296296297 0.025520833333333333 0.6694444444444444 0.017708333333333333 0.6787037037037037 0.020833333333333332 0.6851851851851852 0.017708333333333333 0.6888888888888889 0.017708333333333333 0.6962962962962963 0.0125 0.6962962962962963 0.008854166666666666 0.687037037037037 0 0.675 0 0.4361111111111111
0 0 0.44074074074074077 0.0026041666666666665 0.44166666666666665 0.0046875 0.44814814814814813 0.013020833333333334 0.44907407407407407 0.0328125 0.47129629629629627 0.03958333333333333 0.46574074074074073 0.06822916666666666 0.4212962962962963 0.07447916666666667 0.41574074074074074 0.07760416666666667 0.4166666666666667 0.07447916666666667 0.4388888888888889 0.06197916666666667 0.4861111111111111 0.044270833333333336 0.5675925925925925 0.040625 0.5916666666666667 0.0375 0.5990740740740741 0.033854166666666664 0.6185185185185185 0.0328125 0.6370370370370371 0.028125 0.6555555555555556 0.025520833333333333 0.6824074074074075 0.022916666666666665 0.6962962962962963 0.019270833333333334 0.7018518518518518 0.015625 0.7027777777777777 0.005208333333333333 0.6833333333333333 0 0.6796296296296296 0 0.5407407407407407 0.0036458333333333334 0.5361111111111111 0 0.5296296296296297 0 0.4898148148148148 0.008333333333333333 0.487962962962963 0.0078125 0.4842592592592593 0.010416666666666666 0.48055555555555557 0.0046875 0.48055555555555557 0 0.4759259259259259 0 0.44166666666666665
0 0.07447916666666667 0.4166666666666667 0.07760416666666667 0.4212962962962963 0.075 0.4361111111111111 0.06197916666666667 0.48518518518518516 0.040625 0.5916666666666667 0.03802083333333333 0.5981481481481481 0.022916666666666665 0.6972222222222222 0.01875 0.7037037037037037 0.014583333333333334 0.7037037037037037 0.0067708333333333336 0.6916666666666667 0.005208333333333333 0.6851851851851852 0 0.6805555555555556 0 0.5398148148148149 0.0036458333333333334 0.5361111111111111 0 0.5268518518518519 0 0.4888888888888889 0.003125 0.4861111111111111 0.0020833333333333333 0.4787037037037037 0 0.4777777777777778 0 0.44074074074074077 0.003125 0.44166666666666665 0.005208333333333333 0.4462962962962963 0.014583333333333334 0.44907407407407407 0.019791666666666666 0.4583333333333333 0.0328125 0.4722222222222222 0.04010416666666667 0.46574074074074073 0.06875 0.4212962962962963 0.07395833333333333 0.41759259259259257
0 0 0.4361111111111111 0.016145833333333335 0.44907407407407407 0.0265625 0.46296296296296297 0.0328125 0.47685185185185186 0.027604166666666666 0.525 0.028645833333333332 0.5546296296296296 0.0328125 0.587037037037037 0.030208333333333334 0.6064814814814815 0.03177083333333333 0.6296296296296297 0.025520833333333333 0.6722222222222223 0.021354166666666667 0.6787037037037037 0.022916666666666665 0.6851851851851852 0.021875 0.6916666666666667 0.015625 0.700925925925926 0.0109375 0.6990740740740741 0.008333333333333333 0.6888888888888889 0 0.6787037037037037 0 0.43703703703703706
0 0.0046875 0.7685185185185185 0.008333333333333333 0.7685185185185185 0.0067708333333333336 0.7925925925925926 0.009375 0.8037037037037037 0.0067708333333333336 0.8537037037037037 0.0015625 0.8842592592592593 0 0.8851851851851852 0 0.787962962962963 0.0026041666666666665 0.7861111111111111 0.0046875 0.7694444444444445
3 0.5067708333333333 0.9351851851851852 0.5239583333333333 0.9453703703703704 0.5296875 0.9537037037037037 0.5338541666666666 0.9657407407407408 0.5546875 0.9833333333333333 0.5572916666666666 0.9944444444444445 0.5541666666666667 0.9990740740740741 0.44583333333333336 0.9990740740740741 0.4453125 0.9944444444444445 0.44895833333333335 0.987037037037037 0.46822916666666664 0.962037037037037 0.4864583333333333 0.9518518518518518 0.4979166666666667 0.9361111111111111 0.50625 0.9351851851851852
3 0.9692708333333333 0.5277777777777778 0.975 0.5305555555555556 0.9796875 0.5537037037037037 0.9796875 0.5601851851851852 0.9744791666666667 0.5648148148148148 0.9661458333333334 0.5648148148148148 0.9604166666666667 0.5601851851851852 0.9526041666666667 0.5324074074074074 0.9526041666666667 0.524074074074074 0.96875 0.5277777777777778
3 0.8348958333333333 0.775 0.8432291666666667 0.7953703703703704 0.8453125 0.8231481481481482 0.85 0.8388888888888889 0.8494791666666667 0.8657407407407407 0.8458333333333333 0.8740740740740741 0.8390625 0.8648148148148148 0.8322916666666667 0.8648148148148148 0.8260416666666667 0.8574074074074074 0.8171875 0.8314814814814815 0.8145833333333333 0.8018518518518518 0.809375 0.7824074074074074 0.8098958333333334 0.7787037037037037 0.8270833333333333 0.7666666666666667 0.83125 0.7675925925925926 0.834375 0.775
3 0.8369791666666667 0.7462962962962963 0.8489583333333334 0.7518518518518519 0.8661458333333333 0.7944444444444444 0.8697916666666666 0.8092592592592592 0.8713541666666667 0.8240740740740741 0.8697916666666666 0.8444444444444444 0.8661458333333333 0.8564814814814815 0.8541666666666666 0.8740740740740741 0.8526041666666667 0.8814814814814815 0.8489583333333334 0.8814814814814815 0.840625 0.8601851851851852 0.8458333333333333 0.8490740740740741 0.8463541666666666 0.8342592592592593 0.8442708333333333 0.8277777777777777 0.8411458333333334 0.7916666666666666 0.83125 0.7694444444444445 0.8296875 0.7537037037037037 0.8296875 0.7472222222222222 0.8364583333333333 0.7462962962962963
3 0.7463541666666667 0.8861111111111111 0.75625 0.8898148148148148 0.7875 0.924074074074074 0.8067708333333333 0.937962962962963 0.8177083333333334 0.9555555555555556 0.8276041666666667 0.9648148148148148 0.8333333333333334 0.9768518518518519 0.8484375 0.9879629629629629 0.8479166666666667 0.9990740740740741 0.8109375 0.9990740740740741 0.8067708333333333 0.9953703703703703 0.8 0.9990740740740741 0.7046875 0.9990740740740741 0.7010416666666667 0.9944444444444445 0.7020833333333333 0.9861111111111112 0.6989583333333333 0.9787037037037037 0.6953125 0.9805555555555555 0.6958333333333333 0.9907407407407407 0.6984375 0.9944444444444445 0.6885416666666667 0.9953703703703703 0.6848958333333334 0.9814814814814815 0.6817708333333333 0.9768518518518519 0.6802083333333333 0.9537037037037037 0.665625 0.950925925925926 0.6588541666666666 0.9425925925925925 0.6578125 0.9342592592592592 0.66875 0.9212962962962963 0.68125 0.9138888888888889 0.6942708333333333 0.9111111111111111 0.728125 0.8833333333333333 0.7458333333333333 0.8861111111111111
3 0.640625 0.549074074074074 0.6505208333333333 0.5574074074074075 0.6578125 0.5787037037037037 0.6578125 0.5916666666666667 0.6557291666666667 0.5953703703703703 0.6536458333333334 0.6101851851851852 0.65625 0.6259259259259259 0.6895833333333333 0.6916666666666667 0.6890625 0.7074074074074074 0.6848958333333334 0.7296296296296296 0.6552083333333333 0.7564814814814815 0.6515625 0.7648148148148148 0.6572916666666667 0.7694444444444445 0.6557291666666667 0.7796296296296297 0.6567708333333333 0.7824074074074074 0.6463541666666667 0.7861111111111111 0.6395833333333333 0.7851851851851852 0.6317708333333333 0.7731481481481481 0.6130208333333333 0.7685185185185185 0.6083333333333333 0.7620370370370371 0.609375 0.7574074074074074 0.615625 0.7592592592592593 0.615625 0.7481481481481481 0.6255208333333333 0.7435185185185185 0.628125 0.7388888888888889 0.628125 0.7333333333333333 0.6270833333333333 0.7268518518518519 0.6125 0.6925925925925925 0.609375 0.6759259259259259 0.60625 0.65 0.6067708333333334 0.6231481481481481 0.6052083333333333 0.612037037037037 0.6078125 0.5814814814814815 0.6161458333333333 0.5601851851851852 0.6197916666666666 0.5611111111111111 0.6229166666666667 0.5537037037037037 0.6265625 0.5518518518518518 0.6401041666666667 0.549074074074074
3 0.4395833333333333 0.4722222222222222 0.46979166666666666 0.47962962962962963 0.515625 0.5138888888888888 0.5322916666666667 0.5333333333333333 0.5447916666666667 0.5592592592592592 0.5520833333333334 0.5638888888888889 0.5614583333333333 0.5768518518518518 0.5640625 0.5944444444444444 0.5609375 0.6138888888888889 0.5630208333333333 0.6361111111111111 0.5604166666666667 0.6435185185185185 0.546875 0.6564814814814814 0.5442708333333334 0.6620370370370371 0.5395833333333333 0.6592592592592592 0.5369791666666667 0.6620370370370371 0.5354166666666667 0.6759259259259259 0.5375 0.6787037037037037 0.5359375 0.6824074074074075 0.5322916666666667 0.6824074074074075 0.5244791666666667 0.675 0.4875 0.6277777777777778 0.47604166666666664 0.600925925925926 0.4640625 0.5824074074074074 0.43645833333333334 0.5675925925925925 0.42135416666666664 0.55 0.41822916666666665 0.5287037037037037 0.4239583333333333 0.49074074074074076 0.4322916666666667 0.4740740740740741 0.4390625 0.4722222222222222