4 0.0046875 0.5231481481481481 0 0.5231481481481481 0 0.8546296296296296 0.0078125 0.8462962962962963 0.016145833333333335 0.8416666666666667 0.019270833333333334 0.8351851851851851 0.03177083333333333 0.825925925925926 0.035416666666666666 0.825925925925926 0.043229166666666666 0.8138888888888889 0.046875 0.7842592592592592 0.046875 0.7694444444444445 0.0484375 0.7648148148148148 0.050520833333333334 0.674074074074074 0.05260416666666667 0.649074074074074 0.0546875 0.6416666666666667 0.05572916666666667 0.6083333333333333 0.058854166666666666 0.575925925925926 0.058854166666666666 0.5648148148148148 0.05572916666666667 0.5601851851851852 0.03958333333333333 0.5574074074074075 0.030208333333333334 0.5481481481481482 0.01875 0.5416666666666666 0.010416666666666666 0.5277777777777778
4 0.26197916666666665 0.31666666666666665 0.2635416666666667 0.35462962962962963 0.2578125 0.39351851851851855 0.25625 0.41759259259259257 0.259375 0.4185185185185185 0.2630208333333333 0.41203703703703703 0.27291666666666664 0.4101851851851852 0.2833333333333333 0.4185185185185185 0.2890625 0.4185185185185185 0.29322916666666665 0.4009259259259259 0.2911458333333333 0.3648148148148148 0.29583333333333334 0.3388888888888889 0.2953125 0.3074074074074074 0.29270833333333335 0.2851851851851852 0.28072916666666664 0.26851851851851855 0.2755208333333333 0.26944444444444443 0.26510416666666664 0.29814814814814816
4 0.005208333333333333 0.5231481481481481 0 0.5231481481481481 0 0.8555555555555555 0.016666666666666666 0.8416666666666667 0.0203125 0.8351851851851851 0.0328125 0.825925925925926 0.036458333333333336 0.825925925925926 0.043229166666666666 0.8138888888888889 0.04791666666666667 0.7648148148148148 0.050520833333333334 0.6703703703703704 0.0546875 0.6398148148148148 0.058854166666666666 0.5740740740740741 0.058854166666666666 0.5666666666666667 0.05572916666666667 0.5601851851851852 0.03802083333333333 0.5555555555555556 0.019270833333333334 0.5416666666666666
4 0.2625 0.3175925925925926 0.2635416666666667 0.35462962962962963 0.25833333333333336 0.3851851851851852 0.2557291666666667 0.4166666666666667 0.25833333333333336 0.4185185185185185 0.2625 0.41203703703703703 0.27395833333333336 0.4101851851851852 0.2890625 0.4185185185185185 0.29322916666666665 0.40555555555555556 0.2916666666666667 0.3648148148148148 0.296875 0.3388888888888889 0.296875 0.3101851851851852 0.29270833333333335 0.2833333333333333 0.28125 0.26851851851851855 0.275 0.26944444444444443 0.26510416666666664 0.29814814814814816
4 0.6010416666666667 0.9898148148148148 0.6 0.9935185185185185 0.6015625 0.9907407407407407 0.6026041666666667 0.9935185185185185 0.6083333333333333 0.9944444444444445 0.6166666666666667 0.9916666666666667 0.6239583333333333 0.9935185185185185 0.6197916666666666 0.9916666666666667 0.6192708333333333 0.9888888888888889 0.61375 0.9916666666666667
4 0.6151041666666667 0.9824074074074074 0.6078125 0.9824074074074074 0.6078125 0.9851851851851852
4 0.5973958333333333 0.9805555555555555 0.5953125 0.9842592592592593 0.5989583333333334 0.9888888888888889 0.603125 0.9842592592592593
4 0.5786458333333333 0.8648148148148148 0.5744791666666667 0.8722222222222222 0.5770833333333333 0.8870370370370371 0.6119791666666666 0.9138888888888889 0.6177083333333333 0.9259259259259259 0.6333333333333333 0.9490740740740741 0.6427083333333333 0.9694444444444444 0.6458333333333334 0.9805555555555555 0.6494791666666667 0.9851851851851852 0.6520833333333333 0.9962962962962963 0.7125 0.9981481481481481 0.715625 0.9898148148148148 0.7182291666666667 0.9953703703703703 0.7140625 0.9842592592592593 0.7119791666666667 0.9648148148148148 0.7078125 0.9574074074074074 0.7010416666666667 0.9268518518518518 0.6984375 0.8888888888888888 0.6885416666666667 0.8685185185185185 0.6708333333333333 0.8574074074074074 0.6666666666666666 0.850925925925926 0.6546875 0.8416666666666667 0.6463541666666667 0.8416666666666667 0.6328125 0.8546296296296296 0.6255208333333333 0.8555555555555555 0.6239583333333333 0.850925925925926 0.6182291666666667 0.850925925925926 0.6104166666666667 0.8574074074074074 0.6052083333333333 0.8555555555555555 0.5994791666666667 0.8601851851851852 0.5875 0.8601851851851852
4 0.3572916666666667 0.825 0.35625 0.8351851851851851 0.36041666666666666 0.8629629629629629 0.3640625 0.9351851851851852 0.36822916666666666 0.9629629629629629 0.359375 0.9981481481481481 0.45625 0.9981481481481481 0.46197916666666666 0.9916666666666667 0.47239583333333335 0.9574074074074074 0.4791666666666667 0.9185185185185185 0.4786458333333333 0.8972222222222223 0.4828125 0.8648148148148148 0.48489583333333336 0.8592592592592593 0.4890625 0.8277777777777777 0.49270833333333336 0.8212962962962963 0.49895833333333334 0.8009259259259259 0.5 0.7870370370370371 0.4942708333333333 0.7722222222222223 0.49322916666666666 0.7574074074074074 0.4895833333333333 0.7574074074074074 0.4864583333333333 0.7527777777777778 0.4828125 0.7527777777777778 0.4744791666666667 0.7462962962962963 0.4625 0.7462962962962963 0.45416666666666666 0.7398148148148148 0.43854166666666666 0.7398148148148148 0.41822916666666665 0.7509259259259259 0.4114583333333333 0.7666666666666667 0.40625 0.7685185185185185 0.4046875 0.7731481481481481 0.3963541666666667 0.7731481481481481 0.384375 0.7870370370370371 0.3807291666666667 0.7870370370370371 0.3723958333333333 0.8046296296296296 0.3651041666666667 0.8101851851851852
4 0.5203125 0.9833333333333333 0.004166666666666667 0.001851851851851852
4 0.48854166666666665 0.9666666666666667 0.48854166666666665 0.975925925925926 0.49375 0.9777777777777777 0.4921875 0.9694444444444444
4 0.4765625 0.9666666666666667 0.4739583333333333 0.9685185185185186 0.4739583333333333 0.9731481481481481
4 0.4869791666666667 0.9564814814814815 0.0010416666666666667 0.001851851851851852
4 0.3890625 0.7185185185185186 0.3875 0.7194444444444444 0.38958333333333334 0.7212962962962963
4 0.5359375 0.6185185185185185 0.5333333333333333 0.6212962962962963 0.5359375 0.6231481481481481
4 0.54375 0.6101851851851852 0.5432291666666667 0.612037037037037 0.5458333333333333 0.6148148148148148 0.5473958333333333 0.612037037037037 0.546875 0.6074074074074074
4 0.521875 0.6083333333333333 0.0010416666666666667 0.001851851851851852
4 0.4940104166666667 0.4847222222222222 0.0015625 0.000925925925925926
4 0.47291666666666665 0.5046296296296297 0.47291666666666665 0.5166666666666667 0.46875 0.5185185185185185 0.46875 0.5277777777777778 0.46927083333333336 0.5361111111111111 0.47239583333333335 0.5388888888888889 0.4708333333333333 0.5416666666666666 0.4744791666666667 0.5462962962962963 0.4765625 0.562962962962963 0.48072916666666665 0.5648148148148148 0.4864583333333333 0.5731481481481482 0.4895833333333333 0.5851851851851851 0.5 0.5916666666666667 0.5046875 0.600925925925926 0.5046875 0.6055555555555555 0.5078125 0.6074074074074074 0.5078125 0.612037037037037 0.5125 0.612037037037037 0.5119791666666667 0.6277777777777778 0.5145833333333333 0.6296296296296297 0.5145833333333333 0.6231481481481481 0.5213541666666667 0.6231481481481481 0.51875 0.6305555555555555 0.5234375 0.6277777777777778 0.5244791666666667 0.6240740740740741 0.5296875 0.6259259259259259 0.53125 0.6055555555555555 0.5354166666666667 0.6046296296296296 0.5390625 0.5962962962962963 0.546875 0.6 0.55 0.6055555555555555 0.5510416666666667 0.600925925925926 0.5625 0.600925925925926 0.565625 0.5981481481481481 0.5723958333333333 0.6 0.5791666666666667 0.5916666666666667 0.5822916666666667 0.5842592592592593 0.5838541666666667 0.5731481481481482 0.5822916666666667 0.5666666666666667 0.5890625 0.5601851851851852 0.5942708333333333 0.5398148148148149 0.6 0.5277777777777778 0.5984375 0.5222222222222223 0.6005208333333333 0.49722222222222223 0.609375 0.45555555555555555 0.6072916666666667 0.4527777777777778 0.6072916666666667 0.44814814814814813 0.6005208333333333 0.4462962962962963 0.5989583333333334 0.4398148148148148 0.5869791666666667 0.4388888888888889 0.5833333333333334 0.44166666666666665 0.5833333333333334 0.4462962962962963 0.5703125 0.44907407407407407 0.565625 0.4601851851851852 0.55625 0.4722222222222222 0.5559026041666667 0.4685185185185185 0.5529515625 0.4685185185185185 0.5526041666666667 0.47129629629629627 0.5458333333333333 0.4638888888888889 0.5453125 0.4666666666666667 0.5494791666666666 0.47129629629629627 0.55 0.48703703703703705 0.5364583333333334 0.5027777777777778 0.53125 0.5055555555555555 0.5291666666666667 0.5101851851851852 0.51875 0.5074074074074074 0.5171875 0.5009259259259259 0.5192708333333333 0.4935185185185185 0.5135416666666667 0.4898148148148148 0.4822916666666667 0.4898148148148148 0.4786458333333333 0.4962962962962963 0.4765625 0.4962962962962963
4 0.05 0.7675925925925926 0.049479166666666664 0.8675925925925926 0.0546875 0.9740740740740741 0.058854166666666666 0.9805555555555555 0.065625 0.9824074074074074 0.06666666666666667 0.987037037037037 0.0703125 0.9888888888888889 0.075 0.9981481481481481 0.12552083333333333 0.9981481481481481 0.1359375 0.9935185185185185 0.14895833333333333 0.9981481481481481 0.17291666666666666 0.9981481481481481 0.1765625 0.9944444444444445 0.18177083333333333 0.9944444444444445 0.1859375 0.9981481481481481 0.24427083333333333 0.9981481481481481 0.275 0.9935185185185185 0.290625 0.9935185185185185 0.2953125 0.9962962962962963 0.32760416666666664 0.9962962962962963 0.33125 0.9916666666666667 0.35208333333333336 0.9935185185185185 0.35572916666666665 0.9916666666666667 0.36041666666666666 0.9842592592592593 0.3651041666666667 0.9648148148148148 0.3609375 0.9037037037037037 0.3619791666666667 0.8870370370370371 0.36041666666666666 0.8712962962962963 0.3567708333333333 0.8611111111111112 0.35520833333333335 0.8361111111111111 0.3567708333333333 0.8101851851851852 0.359375 0.8138888888888889 0.35989583333333336 0.8101851851851852 0.3578125 0.8092592592592592 0.3578125 0.7981481481481482 0.36614583333333334 0.7981481481481482 0.37447916666666664 0.7759259259259259 0.36875 0.7324074074074074 0.3645833333333333 0.7222222222222222 0.36666666666666664 0.700925925925926 0.36302083333333335 0.6796296296296296 0.36354166666666665 0.6657407407407407 0.36770833333333336 0.6555555555555556 0.37864583333333335 0.6546296296296297 0.39895833333333336 0.6416666666666667 0.4078125 0.625 0.4203125 0.612037037037037 0.42083333333333334 0.6027777777777777 0.41822916666666665 0.5944444444444444 0.4140625 0.5935185185185186 0.4114583333333333 0.5888888888888889 0.4041666666666667 0.587037037037037 0.3921875 0.5648148148148148 0.3723958333333333 0.5574074074074075 0.3692708333333333 0.5444444444444444 0.359375 0.5277777777777778 0.35104166666666664 0.5305555555555556 0.35052083333333334 0.524074074074074 0.34427083333333336 0.5203703703703704 0.340625 0.5055555555555555 0.3385416666666667 0.5055555555555555 0.3307291666666667 0.49537037037037035 0.3171875 0.462037037037037 0.3140625 0.4601851851851852 0.30520833333333336 0.4425925925925926 0.2947916666666667 0.4324074074074074 0.2916666666666667 0.42592592592592593 0.28854166666666664 0.42592592592592593 0.2869791666666667 0.4212962962962963 0.2765625 0.41388888888888886 0.26510416666666664 0.41203703703703703 0.25729166666666664 0.4212962962962963 0.24739583333333334 0.45555555555555555 0.23541666666666666 0.4685185185185185 0.18541666666666667 0.5027777777777778 0.1625 0.5120370370370371 0.14375 0.5231481481481481 0.13489583333333333 0.5324074074074074 0.11614583333333334 0.5388888888888889 0.09739583333333333 0.55 0.0875 0.5527777777777778 0.08020833333333334 0.5601851851851852 0.06302083333333333 0.5666666666666667 0.058854166666666666 0.5944444444444444 0.05572916666666667 0.6546296296296297 0.05260416666666667 0.6731481481481482 0.052083333333333336 0.7509259259259259
4 0.65625 0.5361111111111111 0.6552083333333333 0.5712962962962963 0.6572916666666667 0.6166666666666667 0.6625 0.6277777777777778 0.675 0.6370370370370371 0.6817708333333333 0.6388888888888888 0.6864583333333333 0.649074074074074 0.6947916666666667 0.6944444444444444 0.6927083333333334 0.7166666666666667 0.7036458333333333 0.725 0.7114583333333333 0.7398148148148148 0.71875 0.7703703703703704 0.7265625 0.7851851851851852 0.7380208333333333 0.7916666666666666 0.75 0.7944444444444444 0.7541666666666667 0.8027777777777778 0.759375 0.8240740740740741 0.759375 0.850925925925926 0.7557291666666667 0.8638888888888889 0.7494791666666667 0.8759259259259259 0.7416666666666667 0.8851851851851852 0.7348958333333333 0.8916666666666667 0.7213541666666666 0.8944444444444445 0.7145833333333333 0.8916666666666667 0.7109375 0.8851851851851852 0.7015625 0.8861111111111111 0.7020833333333333 0.9259259259259259 0.7046875 0.9324074074074075 0.7072916666666667 0.9490740740740741 0.7114583333333333 0.9555555555555556 0.7119791666666667 0.9638888888888889 0.7197916666666667 0.9888888888888889 0.7255208333333333 0.9935185185185185 0.7619791666666667 0.9981481481481481 0.8 0.9944444444444445 0.85 0.9944444444444445 0.8583333333333333 0.9981481481481481 0.9114583333333334 0.9962962962962963 0.9161458333333333 0.9925925925925926 0.9208333333333333 0.9777777777777777 0.9307291666666667 0.9592592592592593 0.9375 0.9398148148148148 0.9453125 0.9277777777777778 0.9526041666666667 0.9194444444444444 0.9583333333333334 0.9166666666666666 0.9651041666666667 0.9055555555555556 0.96875 0.9055555555555556 0.9755208333333333 0.899074074074074 0.9807291666666667 0.8981481481481481 0.9828125 0.8944444444444445 0.9994791666666667 0.8851851851851852 0.9994791666666667 0.8324074074074074 0.9942708333333333 0.8212962962962963 0.9963541666666667 0.8092592592592592 0.9994791666666667 0.8055555555555556 0.9994791666666667 0.7416666666666667 0.9963541666666667 0.7398148148148148 0.9953125 0.7361111111111112 0.9963541666666667 0.7314814814814815 0.9994791666666667 0.7296296296296296 0.9994791666666667 0.6185185185185185 0.9947916666666666 0.612037037037037 0.9973958333333334 0.6018518518518519 0.9994791666666667 0.600925925925926 0.9994791666666667 0.5194444444444445 0.9973958333333334 0.5185185185185185 0.996875 0.5138888888888888 0.9994791666666667 0.5101851851851852 0.9994791666666667 0.44907407407407407 0.9947916666666666 0.4444444444444444 0.9953125 0.4398148148148148 0.9994791666666667 0.4351851851851852 0.9994791666666667 0.3962962962962963 0.9947916666666666 0.38981481481481484 0.9963541666666667 0.38425925925925924 0.9994791666666667 0.3824074074074074 0.9994791666666667 0.337037037037037 0.9958333333333333 0.33425925925925926 0.9963541666666667 0.3296296296296296 0.9994791666666667 0.3277777777777778 0.9994791666666667 0.28425925925925927 0.9953125 0.2796296296296296 0.9953125 0.2611111111111111 0.9994791666666667 0.25462962962962965 0.9994791666666667 0.14351851851851852 0.9963541666666667 0.1398148148148148 0.9958333333333333 0.13425925925925927 0.9958333333333333 0.12314814814814815 0.9994791666666667 0.11944444444444445 0.9994791666666667 0.11388888888888889 0.9963541666666667 0.1111111111111111 0.996875 0.10740740740740741 0.9994791666666667 0.10740740740740741 0.9994791666666667 0.05555555555555555 0.9932291666666667 0.05555555555555555 0.9848958333333333 0.06666666666666667 0.984375 0.07037037037037037 0.9802083333333333 0.07314814814814814 0.9765625 0.08333333333333333 0.9697916666666667 0.08888888888888889 0.9682291666666667 0.1 0.9588541666666667 0.11481481481481481 0.9489583333333333 0.1388888888888889 0.9453125 0.1425925925925926 0.9369791666666667 0.1638888888888889 0.9255208333333333 0.18518518518518517 0.9244791666666666 0.19074074074074074 0.9171875 0.19814814814814816 0.9145833333333333 0.20277777777777778 0.915625 0.20555555555555555 0.9072916666666667 0.21666666666666667 0.9026041666666667 0.22777777777777777 0.9020833333333333 0.23425925925925925 0.8854166666666666 0.2601851851851852 0.8723958333333334 0.2712962962962963 0.859375 0.2759259259259259 0.8552083333333333 0.28055555555555556 0.8390625 0.28888888888888886 0.8302083333333333 0.30092592592592593 0.7953125 0.33055555555555555 0.7833333333333333 0.337037037037037 0.775 0.337037037037037 0.7666666666666667 0.3435185185185185 0.7442708333333333 0.3416666666666667 0.7421875 0.3453703703703704 0.746875 0.3611111111111111 0.7411458333333333 0.3685185185185185 0.7385416666666667 0.3768518518518518 0.7359375 0.37962962962962965 0.7229166666666667 0.38055555555555554 0.7177083333333333 0.3851851851851852 0.7125 0.3851851851851852 0.709375 0.39166666666666666 0.70625 0.38981481481481484 0.7020833333333333 0.39444444444444443 0.7026041666666667 0.4074074074074074 0.6989583333333333 0.4222222222222222 0.6989583333333333 0.42962962962962964 0.696875 0.43425925925925923 0.6859375 0.43703703703703706 0.6770833333333334 0.44907407407407407 0.6744791666666666 0.46111111111111114 0.6760416666666667 0.4787037037037037 0.675 0.4935185185185185 0.6583333333333333 0.524074074074074
4 0.28802083333333334 0.10092592592592593 0.2875 0.13148148148148148 0.290625 0.1527777777777778 0.28958333333333336 0.18981481481481483 0.2942708333333333 0.22314814814814815 0.29375 0.24814814814814815 0.2953125 0.26851851851851855 0.3 0.2916666666666667 0.3 0.35462962962962963 0.29791666666666666 0.38055555555555554 0.3015625 0.387037037037037 0.3067708333333333 0.3888888888888889 0.31197916666666664 0.3962962962962963 0.31979166666666664 0.43703703703703706 0.3338541666666667 0.45555555555555555 0.34322916666666664 0.4601851851851852 0.3489583333333333 0.4675925925925926 0.34791666666666665 0.4981481481481482 0.3515625 0.5064814814814815 0.36354166666666665 0.5212962962962963 0.36770833333333336 0.5231481481481481 0.3776041666666667 0.5416666666666666 0.38385416666666666 0.5416666666666666 0.3932291666666667 0.5481481481481482 0.40208333333333335 0.5777777777777777 0.41770833333333335 0.587037037037037 0.42916666666666664 0.612037037037037 0.43125 0.6453703703703704 0.4328125 0.649074074074074 0.43125 0.6574074074074074 0.43125 0.6907407407407408 0.4348958333333333 0.7055555555555556 0.4354166666666667 0.7222222222222222 0.4375 0.7305555555555555 0.4484375 0.7305555555555555 0.45625 0.737037037037037 0.465625 0.737037037037037 0.4875 0.7481481481481481 0.4953125 0.7416666666666667 0.496875 0.737037037037037 0.496875 0.7240740740740741 0.4984375 0.7231481481481481 0.5067708333333333 0.737037037037037 0.5291666666666667 0.7546296296296297 0.5296875 0.7398148148148148 0.5692708333333333 0.7222222222222222 0.575 0.7379629629629629 0.58125 0.7462962962962963 0.5859375 0.7462962962962963 0.5875 0.7518518518518519 0.5932291666666667 0.7574074074074074 0.6057291666666667 0.7601851851851852 0.6166666666666667 0.7509259259259259 0.6171875 0.7462962962962963 0.6265625 0.7435185185185185 0.6296875 0.7351851851851852 0.6291666666666667 0.7194444444444444 0.6328125 0.7138888888888889 0.6291666666666667 0.7064814814814815 0.634375 0.7046296296296296 0.6401041666666667 0.6888888888888889 0.6442708333333333 0.6898148148148148 0.6453125 0.7046296296296296 0.6505208333333333 0.7166666666666667 0.6541666666666667 0.7194444444444444 0.6541666666666667 0.7231481481481481 0.6614583333333334 0.7231481481481481 0.6625 0.6981481481481482 0.6583333333333333 0.6712962962962963 0.659375 0.6370370370370371 0.65625 0.6287037037037037 0.6541666666666667 0.5824074074074074 0.6515625 0.5703703703703704 0.6520833333333333 0.5518518518518518 0.6541666666666667 0.5462962962962963 0.65625 0.5231481481481481 0.6723958333333333 0.49166666666666664 0.671875 0.4583333333333333 0.6776041666666667 0.43425925925925923 0.6807291666666667 0.4305555555555556 0.6901041666666666 0.4305555555555556 0.69375 0.42592592592592593 0.6942708333333333 0.39814814814814814 0.6989583333333333 0.3907407407407407 0.7020833333333333 0.37962962962962965 0.696875 0.3472222222222222 0.696875 0.33611111111111114 0.7119791666666667 0.29814814814814816 0.7104166666666667 0.19814814814814816 0.7088541666666667 0.18796296296296297 0.7098958333333333 0.1685185185185185 0.7083333333333334 0.1638888888888889 0.7098958333333333 0.1259259259259259 0.7036458333333333 0.06574074074074074 0.7026041666666667 0.019444444444444445 0.7041666666666667 0.004629629629629629 0.7020833333333333 0 0.6296875 0 0.6270833333333333 0.002777777777777778 0.5848958333333333 0.002777777777777778 0.58125 0.005555555555555556 0.5041666666666667 0.004629629629629629 0.4979166666666667 0.007407407407407408 0.4890625 0.002777777777777778 0.44479166666666664 0.004629629629629629 0.4427083333333333 0.007407407407407408 0.4005208333333333 0.007407407407407408 0.3953125 0.002777777777777778 0.3854166666666667 0.002777777777777778 0.38177083333333334 0 0.3515625 0 0.3489583333333333 0.002777777777777778 0.30104166666666665 0 0.2953125 0.006481481481481481 0.29375 0.013888888888888888 0.2916666666666667 0.03148148148148148 0.29322916666666665 0.03888888888888889 0.29322916666666665 0.05740740740740741
1 0.5375 0.8601851851851852 0.5354166666666667 0.8601851851851852 0.5359375 0.8666666666666667
1 0.5328125 0.8481481481481481 0.5333333333333333 0.8537037037037037 0.5317708333333333 0.8555555555555555 0.534375 0.8555555555555555
1 0.5640625 0.8027777777777778 0.5635416666666667 0.8074074074074075 0.565625 0.8055555555555556
1 0.5359375 0.7074074074074074 0.5328125 0.7101851851851851 0.5328125 0.7138888888888889 0.5364583333333334 0.7324074074074074 0.5390625 0.7361111111111112 0.5364583333333334 0.7416666666666667 0.5390625 0.75 0.5395833333333333 0.7592592592592593 0.5453125 0.7824074074074074 0.5510416666666667 0.7888888888888889 0.5489583333333333 0.7935185185185185 0.5416666666666666 0.7981481481481482 0.540625 0.8074074074074075 0.5453125 0.8296296296296296 0.5515625 0.8481481481481481 0.5578125 0.8972222222222223 0.5609375 0.9027777777777778 0.5630208333333333 0.899074074074074 0.5703125 0.8962962962962963 0.5734375 0.8898148148148148 0.571875 0.8388888888888889 0.5671875 0.812037037037037 0.5614583333333333 0.85 0.5588541666666667 0.8490740740740741 0.5557291666666667 0.8407407407407408 0.5515625 0.8157407407407408 0.5515625 0.8 0.5572916666666666 0.7916666666666666 0.5583333333333333 0.7851851851851852 0.5567708333333333 0.774074074074074 0.5536458333333333 0.7601851851851852 0.5489583333333333 0.7574074074074074 0.546875 0.7388888888888889 0.5432291666666667 0.7342592592592593
1 0.5421875 0.8009259259259259 0.5416666666666666 0.8101851851851852 0.54375 0.8212962962962963 0.5526041666666667 0.8518518518518519 0.5578125 0.8972222222222223 0.5604166666666667 0.9027777777777778 0.5630208333333333 0.899074074074074 0.5682291666666667 0.8981481481481481 0.5734375 0.8888888888888888 0.571875 0.8416666666666667 0.56875 0.8231481481481482 0.5661458333333333 0.8222222222222222 0.5640625 0.8416666666666667 0.5604166666666667 0.850925925925926 0.5557291666666667 0.8407407407407408 0.5515625 0.8175925925925925 0.5505208333333333 0.8009259259259259 0.5489583333333333 0.7981481481481482 0.5432291666666667 0.7981481481481482
1 0.5302083333333333 0.8351851851851851 0.5286458333333334 0.8379629629629629 0.5286458333333334 0.8453703703703703 0.5333333333333333 0.8666666666666667 0.5364583333333334 0.8685185185185185 0.5416666666666666 0.8592592592592593 0.5427083333333333 0.8527777777777777 0.5375 0.837037037037037
3 0.4166666666666667 0.5657407407407408 0.41770833333333335 0.5851851851851851 0.4265625 0.6055555555555555 0.43020833333333336 0.6268518518518519 0.43020833333333336 0.674074074074074 0.43385416666666665 0.7333333333333333 0.44895833333333335 0.7342592592592593 0.46145833333333336 0.7416666666666667 0.47552083333333334 0.7435185185185185 0.4890625 0.7527777777777778 0.4942708333333333 0.7527777777777778 0.496875 0.7481481481481481 0.4973958333333333 0.7342592592592593 0.49583333333333335 0.7231481481481481 0.4979166666666667 0.7212962962962963 0.5114583333333333 0.7435185185185185 0.5130208333333334 0.7509259259259259 0.5192708333333333 0.7592592592592593 0.5291666666666667 0.7620370370370371 0.5359375 0.7574074074074074 0.5296875 0.7305555555555555 0.5208333333333334 0.712037037037037 0.5151041666666667 0.6916666666666667 0.5119791666666667 0.6481481481481481 0.509375 0.6324074074074074 0.496875 0.6 0.4875 0.5842592592592593 0.48489583333333336 0.575925925925926 0.46822916666666664 0.549074074074074 0.46145833333333336 0.5324074074074074 0.45677083333333335 0.5259259259259259 0.45625 0.5212962962962963 0.4453125 0.524074074074074 0.42916666666666664 0.5388888888888889 0.4203125 0.5527777777777778
3 0.3578125 0.8240740740740741 0.3567708333333333 0.8388888888888889 0.36041666666666666 0.8601851851851852 0.36354166666666665 0.9268518518518518 0.36875 0.9629629629629629 0.36875 0.975 0.36614583333333334 0.9777777777777777 0.36614583333333334 0.987037037037037 0.3625 0.9888888888888889 0.3625 0.9935185185185185 0.3885416666666667 0.9935185185185185 0.39375 0.9962962962962963 0.39895833333333336 0.9944444444444445 0.40677083333333336 0.9981481481481481 0.45677083333333335 0.9962962962962963 0.4671875 0.975925925925926 0.47239583333333335 0.9555555555555556 0.478125 0.9148148148148149 0.47708333333333336 0.9 0.48072916666666665 0.8870370370370371 0.4817708333333333 0.8703703703703703 0.484375 0.862037037037037 0.48802083333333335 0.8333333333333334 0.49947916666666664 0.7981481481481482 0.5 0.7888888888888889 0.4984375 0.7805555555555556 0.4947916666666667 0.7759259259259259 0.49322916666666666 0.7620370370370371 0.48489583333333336 0.7527777777777778 0.47239583333333335 0.7462962962962963 0.46197916666666666 0.7462962962962963 0.45364583333333336 0.7398148148148148 0.4348958333333333 0.7416666666666667 0.42552083333333335 0.7462962962962963 0.42239583333333336 0.7509259259259259 0.41875 0.7509259259259259 0.41302083333333334 0.7601851851851852 0.4109375 0.7694444444444445 0.40572916666666664 0.7731481481481481 0.4 0.7731481481481481 0.38697916666666665 0.7870370370370371 0.3765625 0.7888888888888889 0.375 0.8 0.371875 0.8055555555555556 0.3645833333333333 0.8101851851851852
3 0.5765625 0.8694444444444445 0.5760416666666667 0.8824074074074074 0.5776041666666667 0.8870370370370371 0.5890625 0.8981481481481481 0.6036458333333333 0.9055555555555556 0.6125 0.9148148148148149 0.6182291666666667 0.9277777777777778 0.6354166666666666 0.9527777777777777 0.6536458333333334 0.9962962962962963 0.7072916666666667 0.9981481481481481 0.7135416666666666 0.9935185185185185 0.7130208333333333 0.9712962962962963 0.70625 0.9518518518518518 0.7015625 0.9287037037037037 0.6989583333333333 0.8888888888888888 0.6885416666666667 0.8685185185185185 0.6692708333333334 0.8555555555555555 0.659375 0.8435185185185186 0.6442708333333333 0.8416666666666667 0.6354166666666666 0.850925925925926 0.6296875 0.850925925925926 0.6270833333333333 0.8555555555555555 0.6239583333333333 0.850925925925926 0.6145833333333334 0.8555555555555555 0.6057291666666667 0.8546296296296296 0.6 0.8601851851851852 0.58125 0.862037037037037
2 0.48489583333333336 0.8759259259259259 0.4859375 0.9055555555555556 0.484375 0.9120370370370371 0.4875 0.9398148148148148 0.4895833333333333 0.9425925925925925 0.4942708333333333 0.9703703703703703 0.49947916666666664 0.9824074074074074 0.5114583333333333 0.9814814814814815 0.528125 0.9638888888888889 0.5338541666666666 0.9555555555555556 0.5411458333333333 0.9351851851851852 0.5541666666666667 0.9268518518518518 0.5572916666666666 0.9212962962962963 0.5598958333333334 0.9111111111111111 0.5583333333333333 0.9064814814814814 0.5614583333333333 0.9037037037037037 0.55625 0.8953703703703704 0.553125 0.8657407407407407 0.5552083333333333 0.8555555555555555 0.5526041666666667 0.8518518518518519 0.5536458333333333 0.8481481481481481 0.5447916666666667 0.8416666666666667 0.5427083333333333 0.8361111111111111 0.5447916666666667 0.8277777777777777 0.5427083333333333 0.825 0.5421875 0.8166666666666667 0.5375 0.812962962962963 0.534375 0.8027777777777778 0.521875 0.8009259259259259 0.5015625 0.8055555555555556 0.4979166666666667 0.8166666666666667 0.4984375 0.8240740740740741 0.49114583333333334 0.8333333333333334 0.490625 0.85
2 0.3645833333333333 0.6666666666666666 0.3640625 0.6777777777777778 0.36666666666666664 0.6898148148148148 0.36614583333333334 0.7212962962962963 0.37083333333333335 0.7398148148148148 0.37135416666666665 0.7555555555555555 0.375 0.7675925925925926 0.3765625 0.7851851851851852 0.3828125 0.7824074074074074 0.38229166666666664 0.7796296296296297 0.3875 0.774074074074074 0.4015625 0.7666666666666667 0.4078125 0.7574074074074074 0.43125 0.7361111111111112 0.4317708333333333 0.712037037037037 0.42864583333333334 0.6777777777777778 0.4296875 0.6388888888888888 0.42864583333333334 0.625 0.42552083333333335 0.6157407407407407 0.4125 0.6212962962962963 0.4036458333333333 0.637962962962963 0.39479166666666665 0.6481481481481481 0.3807291666666667 0.6564814814814814 0.3697916666666667 0.6574074074074074
2 0.5265625 0.6611111111111111 0.5276041666666667 0.6638888888888889 0.5244791666666667 0.6814814814814815 0.5291666666666667 0.7037037037037037 0.5286458333333334 0.7092592592592593 0.53125 0.7092592592592593 0.5604166666666667 0.7703703703703704 0.5604166666666667 0.7777777777777778 0.5682291666666667 0.7796296296296297 0.578125 0.7916666666666666 0.58125 0.8111111111111111 0.5864583333333333 0.8092592592592592 0.5942708333333333 0.8185185185185185 0.6067708333333334 0.8194444444444444 0.6177083333333333 0.8314814814814815 0.6229166666666667 0.8314814814814815 0.6239583333333333 0.8268518518518518 0.63125 0.8203703703703704 0.6369791666666667 0.8314814814814815 0.6484375 0.8324074074074074 0.6541666666666667 0.8379629629629629 0.659375 0.837037037037037 0.6645833333333333 0.8444444444444444 0.6802083333333333 0.8472222222222222 0.684375 0.8592592592592593 0.6903645833333333 0.8601851851851852 0.6979166666666666 0.8731481481481481 0.7270833333333333 0.8861111111111111 0.7380208333333333 0.8833333333333333 0.7552083333333334 0.8592592592592593 0.7583333333333333 0.8296296296296296 0.7510416666666667 0.8 0.7317708333333334 0.7925925925925926 0.7208333333333333 0.7833333333333333 0.7104166666666667 0.7435185185185185 0.6994791666666667 0.7231481481481481 0.6802083333333333 0.7222222222222222 0.6791666666666667 0.7324074074074074 0.6755208333333333 0.7361111111111112 0.671875 0.7324074074074074 0.6651041666666667 0.7388888888888889 0.6572916666666667 0.7407407407407407 0.6520833333333333 0.7379629629629629 0.6473958333333333 0.7268518518518519 0.640625 0.7222222222222222 0.6333333333333333 0.7305555555555555 0.6354166666666666 0.7425925925925926 0.6333333333333333 0.7435185185185185 0.6296875 0.7592592592592593 0.625 0.7583333333333333 0.6171875 0.7712962962962963 0.6114583333333333 0.7722222222222223 0.5692708333333333 0.7444444444444445 0.5682291666666667 0.7333333333333333 0.5651041666666666 0.7277777777777777 0.5630208333333333 0.7101851851851851 0.5640625 0.6990740740740741 0.5619791666666667 0.6972222222222222 0.5604166666666667 0.6851851851851852 0.5625 0.6759259259259259 0.5677083333333334 0.6712962962962963 0.5645833333333333 0.6657407407407407 0.5671875 0.6444444444444445 0.5739583333333333 0.6296296296296297 0.5697916666666667 0.6231481481481481 0.5703125 0.6194444444444445 0.5666666666666667 0.6111111111111112 0.5567708333333333 0.6046296296296296 0.5484375 0.6157407407407407 0.546875 0.6222222222222222 0.5411458333333333 0.6268518518518519 0.540625 0.6342592592592593 0.5322916666666667 0.6407407407407407 0.5338541666666666 0.6472222222222223 0.528125 0.6546296296296297
3 0.5640625 0.6833333333333333 0.5635416666666667 0.6925925925925925 0.5661458333333333 0.6990740740740741 0.5697916666666667 0.7305555555555555 0.5770833333333333 0.7462962962962963 0.5848958333333333 0.7490740740740741 0.5880208333333333 0.7592592592592593 0.6057291666666667 0.7648148148148148 0.6229166666666667 0.7546296296296297 0.63125 0.7388888888888889 0.6322916666666667 0.7287037037037037 0.6369791666666667 0.7166666666666667 0.6385416666666667 0.6907407407407408 0.6432291666666666 0.6842592592592592 0.6447916666666667 0.7018518518518518 0.6494791666666667 0.725 0.6526041666666667 0.7305555555555555 0.6625 0.7324074074074074 0.6598958333333333 0.6351851851851852 0.6572916666666667 0.6240740740740741 0.6526041666666667 0.562962962962963 0.6578125 0.5166666666666667 0.6572916666666667 0.5101851851851852 0.6348958333333333 0.5185185185185185 0.6057291666666667 0.5185185185185185 0.6005208333333333 0.5212962962962963 0.596875 0.5398148148148149 0.5770833333333333 0.6027777777777777 0.5703125 0.6444444444444445 0.5703125 0.6666666666666666 0.5671875 0.6712962962962963
3 0.2635416666666667 0.3101851851851852 0.26458333333333334 0.3527777777777778 0.2796875 0.35555555555555557 0.29010416666666666 0.362962962962963 0.29583333333333334 0.337037037037037 0.29583333333333334 0.3055555555555556 0.2916666666666667 0.2824074074074074 0.28072916666666664 0.26851851851851855 0.2755208333333333 0.26944444444444443 0.26927083333333335 0.2851851851851852