4 0.46145833333333336 0.7851851851851852 0.48333333333333334 0.7972222222222223 0.5036458333333333 0.7953703703703704 0.515625 0.7898148148148149 0.5255208333333333 0.7981481481481482 0.5291666666666667 0.7953703703703704 0.5359375 0.8 0.5505208333333333 0.8138888888888889 0.5520833333333334 0.8203703703703704 0.5598958333333334 0.8324074074074074 0.5578125 0.8481481481481481 0.5645833333333333 0.8527777777777777 0.5682291666666667 0.8712962962962963 0.5630208333333333 0.8824074074074074 0.5567708333333333 0.8861111111111111 0.5526041666666667 0.8925925925925926 0.5489583333333333 0.9018518518518519 0.5473958333333333 0.9138888888888889 0.55625 0.9231481481481482 0.5666666666666667 0.9268518518518518 0.5739583333333333 0.9351851851851852 0.5770833333333333 0.9444444444444444 0.5890625 0.9555555555555556 0.5885416666666666 0.975925925925926 0.584375 0.9814814814814815 0.5708333333333333 0.9814814814814815 0.5557291666666667 0.9685185185185186 0.546875 0.9666666666666667 0.5307291666666667 0.9555555555555556 0.4942708333333333 0.9388888888888889 0.475 0.9203703703703704 0.4703125 0.9203703703703704 0.465625 0.9268518518518518 0.4557291666666667 0.9333333333333333 0.44375 0.9342592592592592 0.4317708333333333 0.9407407407407408 0.4244791666666667 0.9611111111111111 0.42916666666666664 0.9611111111111111 0.4322916666666667 0.9564814814814815 0.4328125 0.9694444444444444 0.425 0.9787037037037037 0.4239583333333333 0.9768518518518519 0.4265625 0.9685185185185186 0.4171875 0.9666666666666667 0.41354166666666664 0.962037037037037 0.40729166666666666 0.962037037037037 0.4 0.975925925925926 0.4 0.9851851851851852 0.40729166666666666 0.9888888888888889 0.4197916666666667 0.9851851851851852 0.42135416666666664 0.9879629629629629 0.4171875 0.9944444444444445 0.3890625 0.9944444444444445 0.3729166666666667 0.9990740740740741 0.34427083333333336 0.9990740740740741 0.33541666666666664 0.9953703703703703 0.32135416666666666 0.9962962962962963 0.31875 0.9990740740740741 0.28229166666666666 0.9990740740740741 0.28020833333333334 0.9962962962962963 0.24895833333333334 0.9990740740740741 0.11197916666666667 0.9990740740740741 0.11197916666666667 0.9888888888888889 0.13854166666666667 0.9462962962962963 0.15885416666666666 0.899074074074074 0.175 0.8787037037037037 0.19583333333333333 0.8777777777777778 0.2604166666666667 0.8444444444444444 0.271875 0.8416666666666667 0.303125 0.825925925925926 0.35572916666666665 0.8157407407407408 0.38697916666666665 0.8055555555555556 0.39479166666666665 0.8 0.4119791666666667 0.8092592592592592 0.4348958333333333 0.7944444444444444 0.4390625 0.7972222222222223 0.44947916666666665 0.7888888888888889 0.4609375 0.7851851851851852
4 0.6369791666666667 0 0.740625 0 0.7463541666666667 0.003703703703703704 0.7588541666666667 0.003703703703703704 0.765625 0 0.8546875 0 0.8557291666666667 0.002777777777777778 0.8604166666666667 0 0.9104166666666667 0 0.9161458333333333 0.026851851851851852 0.915625 0.05462962962962963 0.9135416666666667 0.06481481481481481 0.9114583333333334 0.06666666666666667 0.9020833333333333 0.06388888888888888 0.896875 0.04537037037037037 0.8848958333333333 0.03888888888888889 0.8729166666666667 0.04351851851851852 0.8630208333333333 0.03981481481481482 0.85625 0.04259259259259259 0.859375 0.05092592592592592 0.875 0.06851851851851852 0.8765625 0.07314814814814814 0.8890625 0.07592592592592592 0.8953125 0.08333333333333333 0.8947916666666667 0.08796296296296297 0.8869791666666667 0.09814814814814815 0.8802083333333334 0.11296296296296296 0.86875 0.11666666666666667 0.8473958333333333 0.1175925925925926 0.8317708333333333 0.1111111111111111 0.8171875 0.09351851851851851 0.809375 0.08981481481481482 0.803125 0.09814814814814815 0.8067708333333333 0.10277777777777777 0.796875 0.10833333333333334 0.7864583333333334 0.13240740740740742 0.7723958333333333 0.1537037037037037 0.7182291666666667 0.21851851851851853 0.6927083333333334 0.25925925925925924 0.6875 0.26481481481481484 0.678125 0.26851851851851855 0.6755208333333333 0.2638888888888889 0.6703125 0.23055555555555557 0.6645833333333333 0.1712962962962963 0.6609375 0.15833333333333333 0.6604166666666667 0.1398148148148148 0.6567708333333333 0.12685185185185185 0.6567708333333333 0.11944444444444445 0.6463541666666667 0.06481481481481481 0.6380208333333334 0.03333333333333333 0.6348958333333333 0.008333333333333333 0.6369791666666667 0.000925925925925926
4 0.9197916666666667 0 0.9515625 0 0.9557291666666666 0.004629629629629629 0.971875 0.004629629629629629 0.9755208333333333 0.014814814814814815 0.9817708333333334 0.022222222222222223 0.9828125 0.030555555555555555 0.9947916666666666 0.03518518518518519 0.9994791666666667 0.04259259259259259 0.996875 0.046296296296296294 0.9994791666666667 0.05277777777777778 0.9963541666666667 0.05555555555555555 0.9994791666666667 0.058333333333333334 0.9994791666666667 0.06574074074074074 0.9963541666666667 0.06666666666666667 0.9942708333333333 0.07222222222222222 0.9890625 0.07314814814814814 0.9875 0.07777777777777778 0.9828125 0.0787037037037037 0.9817708333333334 0.08796296296296297 0.9875 0.09259259259259259 0.9885416666666667 0.09907407407407408 0.9729166666666667 0.1259259259259259 0.9875 0.12962962962962962 0.9932291666666667 0.13703703703703704 0.9963541666666667 0.14722222222222223 0.9994791666666667 0.14907407407407408 0.9953125 0.17407407407407408 0.990625 0.17777777777777778 0.9911458333333333 0.1824074074074074 0.9953125 0.18611111111111112 0.9963541666666667 0.2 0.9994791666666667 0.20462962962962963 0.9994791666666667 0.21944444444444444 0.9927083333333333 0.23703703703703705 0.9973958333333334 0.24444444444444444 0.9958333333333333 0.25 0.9973958333333334 0.2574074074074074 0.9994791666666667 0.25833333333333336 0.9994791666666667 0.26851851851851855 0.9942708333333333 0.275 0.9901041666666667 0.2740740740740741 0.9885416666666667 0.27870370370370373 0.9911458333333333 0.2824074074074074 0.9942708333333333 0.27870370370370373 0.9958333333333333 0.2824074074074074 0.9958333333333333 0.3037037037037037 0.9994791666666667 0.30648148148148147 0.9994791666666667 0.31574074074074077 0.996875 0.3175925925925926 0.9963541666666667 0.32685185185185184 0.9942708333333333 0.33055555555555555 0.9994791666666667 0.3398148148148148 0.9994791666666667 0.362962962962963 0.9963541666666667 0.36944444444444446 0.990625 0.3731481481481482 0.9953125 0.3907407407407407 0.9994791666666667 0.3962962962962963 0.9994791666666667 0.42592592592592593 0.9963541666666667 0.42777777777777776 0.9994791666666667 0.43333333333333335 0.9994791666666667 0.5231481481481481 0.996875 0.525 0.9963541666666667 0.5361111111111111 0.99375 0.5425925925925926 0.9958333333333333 0.5462962962962963 0.9958333333333333 0.5712962962962963 0.9994791666666667 0.575925925925926 0.9994791666666667 0.6407407407407407 0.99375 0.6509259259259259 0.9973958333333334 0.6675925925925926 0.9994791666666667 0.6694444444444444 0.9994791666666667 0.7231481481481481 0.9973958333333334 0.7240740740740741 0.9947916666666666 0.7342592592592593 0.99375 0.7564814814814815 0.9739583333333334 0.837037037037037 0.9609375 0.8712962962962963 0.9489583333333333 0.8944444444444445 0.9302083333333333 0.9074074074074074 0.9239583333333333 0.9046296296296297 0.9182291666666667 0.8925925925925926 0.9026041666666667 0.8972222222222223 0.8963541666666667 0.9064814814814814 0.8864583333333333 0.9333333333333333 0.8765625 0.9425925925925925 0.8604166666666667 0.9314814814814815 0.8463541666666666 0.9342592592592592 0.8359375 0.9287037037037037 0.8083333333333333 0.9259259259259259 0.796875 0.9185185185185185 0.7880208333333333 0.9037037037037037 0.7786458333333334 0.8972222222222223 0.7734375 0.8722222222222222 0.7671875 0.8611111111111112 0.7557291666666667 0.8537037037037037 0.7322916666666667 0.7888888888888889 0.7255208333333333 0.7379629629629629 0.7203125 0.7157407407407408 0.7192708333333333 0.675 0.7161458333333334 0.6657407407407407 0.7140625 0.6472222222222223 0.7020833333333333 0.6101851851851852 0.7 0.5935185185185186 0.6921875 0.5675925925925925 0.6875 0.5435185185185185 0.6822916666666666 0.5342592592592592 0.678125 0.5361111111111111 0.68125 0.562962962962963 0.6807291666666667 0.5731481481481482 0.6859375 0.5944444444444444 0.6895833333333333 0.6222222222222222 0.6890625 0.6370370370370371 0.6942708333333333 0.6675925925925926 0.7005208333333334 0.6861111111111111 0.7072916666666667 0.737037037037037 0.7078125 0.7490740740740741 0.70625 0.7518518518518519 0.6848958333333334 0.7444444444444445 0.6697916666666667 0.7351851851851852 0.6578125 0.7398148148148148 0.6546875 0.7379629629629629 0.6536458333333334 0.7333333333333333 0.6567708333333333 0.7268518518518519 0.65625 0.7074074074074074 0.6526041666666667 0.6953703703703704 0.6484375 0.6898148148148148 0.6395833333333333 0.6916666666666667 0.6270833333333333 0.7185185185185186 0.6182291666666667 0.7157407407407408 0.6130208333333333 0.6925925925925925 0.6125 0.674074074074074 0.625 0.6351851851851852 0.6390625 0.6055555555555555 0.640625 0.5944444444444444 0.65 0.5703703703703704 0.6447916666666667 0.5527777777777778 0.6296875 0.5388888888888889 0.6260416666666667 0.5425925925925926 0.6255208333333333 0.5564814814814815 0.6130208333333333 0.5925925925925926 0.6067708333333334 0.6037037037037037 0.5927083333333333 0.6407407407407407 0.5807291666666666 0.6537037037037037 0.5802083333333333 0.6657407407407407 0.5760416666666667 0.6731481481481482 0.5359375 0.6712962962962963 0.5333333333333333 0.6675925925925926 0.534375 0.6638888888888889 0.5291666666666667 0.6509259259259259 0.5203125 0.6435185185185185 0.5083333333333333 0.6462962962962963 0.5057291666666667 0.6351851851851852 0.4984375 0.6296296296296297 0.5005208333333333 0.6092592592592593 0.5114583333333333 0.5990740740740741 0.5119791666666667 0.5916666666666667 0.525 0.5685185185185185 0.5276041666666667 0.5574074074074075 0.5270833333333333 0.5370370370370371 0.5291666666666667 0.5231481481481481 0.534375 0.5194444444444445 0.5348958333333333 0.5120370370370371 0.5411458333333333 0.5046296296296297 0.5598958333333334 0.49444444444444446 0.5765625 0.47314814814814815 0.5895833333333333 0.44166666666666665 0.6046875 0.4185185185185185 0.6161458333333333 0.38796296296296295 0.6322916666666667 0.36574074074074076 0.64375 0.33796296296296297 0.6473958333333333 0.33425925925925926 0.6546875 0.3175925925925926 0.6619791666666667 0.30925925925925923 0.6796875 0.275 0.6947916666666667 0.2657407407407407 0.703125 0.24814814814814815 0.715625 0.23333333333333334 0.7203125 0.2222222222222222 0.7328125 0.2111111111111111 0.7447916666666666 0.19166666666666668 0.7744791666666667 0.1574074074074074 0.7979166666666667 0.12037037037037036 0.8145833333333333 0.11666666666666667 0.8208333333333333 0.11018518518518519 0.8411458333333334 0.12407407407407407 0.8453125 0.13055555555555556 0.8526041666666667 0.12962962962962962 0.8578125 0.13703703703703704 0.8572916666666667 0.1398148148148148 0.8598958333333333 0.14351851851851852 0.8588541666666667 0.14814814814814814 0.8635416666666667 0.14814814814814814 0.8661458333333333 0.13796296296296295 0.8713541666666667 0.13425925925925927 0.8739583333333333 0.12962962962962962 0.8739583333333333 0.125 0.8864583333333333 0.10925925925925926 0.890625 0.10462962962962963 0.9046875 0.1 0.9114583333333334 0.09074074074074075 0.9208333333333333 0.0712962962962963 0.9213541666666667 0.06296296296296296 0.9270833333333334 0.05648148148148148 0.921875 0.05 0.921875 0.03518518518518519 0.9255208333333333 0.026851851851851852 0.921875 0.025 0.9171875 0.012962962962962963 0.9197916666666667 0.000925925925925926
4 0.6692708333333334 0.7379629629629629 0.6854166666666667 0.7481481481481481 0.6963541666666667 0.7490740740740741 0.7166666666666667 0.7620370370370371 0.7317708333333334 0.7870370370370371 0.7375 0.8018518518518518 0.7395833333333334 0.8138888888888889 0.753125 0.8481481481481481 0.7729166666666667 0.8731481481481481 0.7791666666666667 0.899074074074074 0.7869791666666667 0.9046296296296297 0.7963541666666667 0.9194444444444444 0.8135416666666667 0.9314814814814815 0.8354166666666667 0.9314814814814815 0.84375 0.9407407407407408 0.8625 0.937962962962963 0.8703125 0.9481481481481482 0.8791666666666667 0.975 0.8885416666666667 0.9916666666666667 0.8869791666666667 0.9990740740740741 0.7880208333333333 0.9990740740740741 0.7807291666666667 0.9962962962962963 0.7645833333333333 0.9990740740740741 0.74375 0.9990740740740741 0.7395833333333334 0.9962962962962963 0.7057291666666666 0.9990740740740741 0.703125 0.9962962962962963 0.6859375 0.9944444444444445 0.6822916666666666 0.9851851851851852 0.6692708333333334 0.9694444444444444 0.6640625 0.9666666666666667 0.6390625 0.9314814814814815 0.6234375 0.8953703703703704 0.6088541666666667 0.8759259259259259 0.6088541666666667 0.8629629629629629 0.6140625 0.8518518518518519 0.6135416666666667 0.8481481481481481 0.6119791666666666 0.8407407407407408 0.6015625 0.8277777777777777 0.6 0.8212962962962963 0.6015625 0.8101851851851852 0.615625 0.7935185185185185 0.6088541666666667 0.7870370370370371 0.60625 0.7787037037037037 0.6119791666666666 0.7564814814814815 0.6161458333333333 0.75 0.6333333333333333 0.7462962962962963 0.64375 0.7509259259259259 0.6541666666666667 0.7509259259259259 0.6598958333333333 0.7425925925925926 0.66875 0.7379629629629629
4 0.29270833333333335 0 0.3359375 0 0.33958333333333335 0.002777777777777778 0.36822916666666666 0.005555555555555556 0.3885416666666667 0.013888888888888888 0.41458333333333336 0.028703703703703703 0.4479166666666667 0.05277777777777778 0.4557291666666667 0.05925925925925926 0.48072916666666665 0.09074074074074075 0.5083333333333333 0.10648148148148148 0.5145833333333333 0.11666666666666667 0.5182291666666666 0.13055555555555556 0.5177083333333333 0.1638888888888889 0.5223958333333333 0.1787037037037037 0.528125 0.2101851851851852 0.5395833333333333 0.22685185185185186 0.546875 0.24259259259259258 0.559375 0.25925925925925924 0.5625 0.27314814814814814 0.5630208333333333 0.28888888888888886 0.559375 0.31203703703703706 0.5598958333333334 0.32407407407407407 0.5557291666666667 0.3398148148148148 0.5541666666666667 0.36203703703703705 0.5453125 0.41388888888888886 0.5364583333333334 0.4425925925925926 0.5369791666666667 0.4537037037037037 0.5333333333333333 0.46296296296296297 0.5354166666666667 0.4666666666666667 0.5307291666666667 0.4703703703703704 0.5317708333333333 0.4777777777777778 0.534375 0.48055555555555557 0.5317708333333333 0.4824074074074074 0.5322916666666667 0.487962962962963 0.5286458333333334 0.49444444444444446 0.5223958333333333 0.4935185185185185 0.5203125 0.5027777777777778 0.5192708333333333 0.5120370370370371 0.5223958333333333 0.5277777777777778 0.5229166666666667 0.5574074074074075 0.5208333333333334 0.5648148148148148 0.5083333333333333 0.5861111111111111 0.4875 0.612037037037037 0.4734375 0.6138888888888889 0.4640625 0.6462962962962963 0.4510416666666667 0.6648148148148149 0.4479166666666667 0.6787037037037037 0.4359375 0.6944444444444444 0.42552083333333335 0.7 0.38697916666666665 0.700925925925926 0.35625 0.7064814814814815 0.325 0.7027777777777777 0.31145833333333334 0.6981481481481482 0.29270833333333335 0.6703703703703704 0.28854166666666664 0.6703703703703704 0.28125 0.6898148148148148 0.26875 0.6916666666666667 0.26458333333333334 0.6962962962962963 0.2526041666666667 0.6925925925925925 0.2484375 0.687962962962963 0.240625 0.6898148148148148 0.221875 0.6851851851851852 0.203125 0.6851851851851852 0.20260416666666667 0.6731481481481482 0.20052083333333334 0.6694444444444444 0.19583333333333333 0.6703703703703704 0.19166666666666668 0.6648148148148149 0.1921875 0.6611111111111111 0.1890625 0.6509259259259259 0.17135416666666667 0.6472222222222223 0.1609375 0.6324074074074074 0.13854166666666667 0.6111111111111112 0.13020833333333334 0.5990740740740741 0.1203125 0.575 0.11666666666666667 0.5712962962962963 0.11302083333333333 0.5574074074074075 0.10052083333333334 0.5333333333333333 0.09947916666666666 0.5259259259259259 0.090625 0.5027777777777778 0.08541666666666667 0.46944444444444444 0.0703125 0.46111111111111114 0.035416666666666666 0.4527777777777778 0.019791666666666666 0.4546296296296296 0.008854166666666666 0.4666666666666667 0 0.4638888888888889 0 0.38425925925925924 0.0015625 0.38333333333333336 0 0.3814814814814815 0 0.33055555555555555 0.0026041666666666665 0.32407407407407407 0.0020833333333333333 0.2935185185185185 0 0.29074074074074074 0 0.19444444444444445 0.0020833333333333333 0.1925925925925926 0.0026041666666666665 0.18333333333333332 0.0026041666666666665 0.1787037037037037 0 0.17592592592592593 0 0.10462962962962963 0.0020833333333333333 0.1037037037037037 0 0.1 0 0.024074074074074074 0.008333333333333333 0.024074074074074074 0.0359375 0.03796296296296296 0.046875 0.021296296296296296 0.05416666666666667 0.019444444444444445 0.06041666666666667 0.022222222222222223 0.06614583333333333 0.030555555555555555 0.09791666666666667 0.10277777777777777 0.11614583333333334 0.11018518518518519 0.14166666666666666 0.11296296296296296 0.16145833333333334 0.10648148148148148 0.17447916666666666 0.09814814814814815 0.19375 0.07222222222222222 0.203125 0.05092592592592592 0.23072916666666668 0.04722222222222222 0.2677083333333333 0.013888888888888888 0.29270833333333335 0.000925925925925926
0 0.9354166666666667 0.24351851851851852 0.94375 0.24722222222222223 0.9505208333333334 0.2564814814814815 0.9557291666666666 0.2935185185185185 0.9526041666666667 0.31296296296296294 0.9489583333333333 0.32037037037037036 0.94375 0.32314814814814813 0.9369791666666667 0.337037037037037 0.9375 0.36203703703703705 0.9255208333333333 0.39814814814814814 0.9182291666666667 0.4046296296296296 0.9041666666666667 0.4 0.8953125 0.4185185185185185 0.8807291666666667 0.4287037037037037 0.86875 0.425 0.8614583333333333 0.41759259259259257 0.8598958333333333 0.41203703703703703 0.8786458333333333 0.39166666666666666 0.8911458333333333 0.3824074074074074 0.8927083333333333 0.375 0.8848958333333333 0.37222222222222223 0.8552083333333333 0.39444444444444443 0.8598958333333333 0.3527777777777778 0.8661458333333333 0.3277777777777778 0.8640625 0.31574074074074077 0.8677083333333333 0.29814814814814816 0.8661458333333333 0.2814814814814815 0.8765625 0.2638888888888889 0.8901041666666667 0.2574074074074074 0.8973958333333333 0.25 0.9041666666666667 0.25 0.9135416666666667 0.23981481481481481 0.9348958333333334 0.24351851851851852
0 0.478125 0.6768518518518518 0.48125 0.6777777777777778 0.48333333333333334 0.6824074074074075 0.4828125 0.6962962962962963 0.484375 0.7027777777777777 0.48489583333333336 0.6990740740740741 0.5020833333333333 0.6796296296296296 0.5072916666666667 0.6814814814814815 0.50625 0.6888888888888889 0.48802083333333335 0.7037037037037037 0.484375 0.7027777777777777 0.47708333333333336 0.7222222222222222 0.4625 0.7333333333333333 0.45625 0.7435185185185185 0.4510416666666667 0.7472222222222222 0.44947916666666665 0.7546296296296297 0.44583333333333336 0.7546296296296297 0.44583333333333336 0.7620370370370371 0.4395833333333333 0.775 0.4390625 0.7805555555555556 0.428125 0.7814814814814814 0.4296875 0.7870370370370371 0.4390625 0.7888888888888889 0.4359375 0.7962962962962963 0.4265625 0.7962962962962963 0.41458333333333336 0.8018518518518518 0.4119791666666667 0.7981481481481482 0.4078125 0.7981481481481482 0.40572916666666664 0.8037037037037037 0.39739583333333334 0.7925925925925926 0.39739583333333334 0.7851851851851852 0.40729166666666666 0.7407407407407407 0.41458333333333336 0.725 0.4265625 0.7212962962962963 0.4328125 0.725925925925926 0.43645833333333334 0.7194444444444444 0.4401041666666667 0.7194444444444444 0.4427083333333333 0.7240740740740741 0.44583333333333336 0.7166666666666667 0.4453125 0.7129629629629629 0.4505208333333333 0.7101851851851851 0.4479166666666667 0.6935185185185185 0.4505208333333333 0.6851851851851852 0.4635416666666667 0.6777777777777778 0.47760416666666666 0.6768518518518518
3 0.8567708333333334 0 0.9104166666666667 0 0.9161458333333333 0.026851851851851852 0.9135416666666667 0.06296296296296296 0.9104166666666667 0.06666666666666667 0.903125 0.06666666666666667 0.9 0.06111111111111111 0.8989583333333333 0.05092592592592592 0.884375 0.030555555555555555 0.8578125 0.019444444444444445 0.8552083333333333 0.008333333333333333 0.8567708333333334 0.000925925925925926
3 0.6765625 0.7416666666666667 0.6848958333333334 0.7481481481481481 0.696875 0.75 0.7140625 0.7601851851851852 0.7270833333333333 0.7777777777777778 0.734375 0.7935185185185185 0.753125 0.8490740740740741 0.7723958333333333 0.8722222222222222 0.7776041666666667 0.899074074074074 0.7864583333333334 0.9055555555555556 0.7989583333333333 0.9231481481481482 0.8072916666666666 0.9277777777777778 0.8177083333333334 0.950925925925926 0.8192708333333333 0.9703703703703703 0.8151041666666666 0.9944444444444445 0.7729166666666667 0.9953703703703703 0.7635416666666667 0.9990740740740741 0.7447916666666666 0.9990740740740741 0.7380208333333333 0.9953703703703703 0.6984375 0.9953703703703703 0.6864583333333333 0.9916666666666667 0.6401041666666667 0.9324074074074075 0.6229166666666667 0.8944444444444445 0.609375 0.8759259259259259 0.609375 0.8638888888888889 0.6140625 0.8481481481481481 0.6109375 0.8379629629629629 0.6010416666666667 0.8268518518518518 0.6 0.8175925925925925 0.6036458333333333 0.8064814814814815 0.6166666666666667 0.7935185185185185 0.6083333333333333 0.7851851851851852 0.6067708333333334 0.7805555555555556 0.6067708333333334 0.774074074074074 0.6125 0.7564814814814815 0.6161458333333333 0.7509259259259259 0.6265625 0.7462962962962963 0.653125 0.7518518518518519 0.6645833333333333 0.7398148148148148 0.6760416666666667 0.7416666666666667
3 0.48072916666666665 0.6768518518518518 0.48333333333333334 0.6851851851851852 0.4817708333333333 0.7046296296296296 0.478125 0.7185185185185186 0.4635416666666667 0.7342592592592593 0.4505208333333333 0.7555555555555555 0.44427083333333334 0.7722222222222223 0.4390625 0.7962962962962963 0.4265625 0.8009259259259259 0.41510416666666666 0.8111111111111111 0.4041666666666667 0.8055555555555556 0.3958333333333333 0.7925925925925926 0.4041666666666667 0.7462962962962963 0.4109375 0.7287037037037037 0.41458333333333336 0.7231481481481481 0.42552083333333335 0.7194444444444444 0.4328125 0.712037037037037 0.44635416666666666 0.7046296296296296 0.4473958333333333 0.6972222222222222 0.4453125 0.6925925925925925 0.44583333333333336 0.6888888888888889 0.45364583333333336 0.6814814814814815 0.46510416666666665 0.6768518518518518 0.48020833333333335 0.6768518518518518
3 0.2 0.7092592592592593 0.2125 0.7148148148148148 0.23072916666666668 0.7111111111111111 0.24635416666666668 0.712037037037037 0.25677083333333334 0.7212962962962963 0.26979166666666665 0.7231481481481481 0.27239583333333334 0.7268518518518519 0.27239583333333334 0.7333333333333333 0.2635416666666667 0.7666666666666667 0.25677083333333334 0.7814814814814814 0.24427083333333333 0.799074074074074 0.234375 0.8046296296296296 0.21666666666666667 0.8 0.19375 0.7759259259259259 0.19114583333333332 0.7601851851851852 0.18489583333333334 0.7407407407407407 0.184375 0.7268518518518519 0.18958333333333333 0.7111111111111111 0.19947916666666668 0.7092592592592593
3 0.7932291666666667 0.003703703703703704 0.8229166666666666 0.004629629629629629 0.8453125 0.013888888888888888 0.8567708333333334 0.023148148148148147 0.8640625 0.023148148148148147 0.8848958333333333 0.032407407407407406 0.8859375 0.03796296296296296 0.8744791666666667 0.04351851851851852 0.865625 0.04351851851851852 0.8588541666666667 0.03333333333333333 0.8557291666666667 0.03425925925925926 0.8541666666666666 0.04351851851851852 0.8765625 0.075 0.890625 0.07592592592592592 0.8921875 0.0824074074074074 0.8911458333333333 0.09259259259259259 0.8802083333333334 0.11296296296296296 0.8520833333333333 0.11666666666666667 0.8333333333333334 0.11296296296296296 0.8098958333333334 0.07962962962962963 0.7963541666666667 0.07407407407407407 0.7921875 0.06944444444444445 0.7848958333333333 0.05277777777777778 0.7838541666666666 0.03888888888888889 0.7864583333333334 0.005555555555555556 0.7927083333333333 0.003703703703703704
3 0.6708333333333333 0.7388888888888889 0.6864583333333333 0.7490740740740741 0.6942708333333333 0.7490740740740741 0.7109375 0.7583333333333333 0.7203125 0.7685185185185185 0.7307291666666667 0.7851851851851852 0.7489583333333333 0.8388888888888889 0.7578125 0.8583333333333333 0.7515625 0.8787037037037037 0.728125 0.8962962962962963 0.7098958333333333 0.9148148148148149 0.6786458333333333 0.975 0.6661458333333333 0.9666666666666667 0.6401041666666667 0.9314814814814815 0.6223958333333334 0.8925925925925926 0.609375 0.875 0.609375 0.8648148148148148 0.6140625 0.8472222222222222 0.609375 0.8361111111111111 0.6 0.8240740740740741 0.6015625 0.8101851851851852 0.6161458333333333 0.7935185185185185 0.6083333333333333 0.7861111111111111 0.60625 0.7805555555555556 0.6067708333333334 0.7722222222222223 0.6125 0.7546296296296297 0.6161458333333333 0.75 0.6333333333333333 0.7453703703703703 0.6546875 0.7509259259259259 0.6640625 0.7398148148148148 0.6703125 0.7388888888888889
3 0.465625 0.787962962962963 0.48541666666666666 0.799074074074074 0.5229166666666667 0.787962962962963 0.5291666666666667 0.7916666666666666 0.53125 0.7981481481481482 0.5401041666666667 0.8027777777777778 0.5536458333333333 0.8166666666666667 0.5614583333333333 0.8314814814814815 0.5609375 0.8379629629629629 0.5645833333333333 0.8444444444444444 0.5625 0.8481481481481481 0.5708333333333333 0.8564814814814815 0.571875 0.862037037037037 0.5640625 0.8833333333333333 0.5583333333333333 0.8861111111111111 0.553125 0.8935185185185185 0.5494791666666666 0.9037037037037037 0.5484375 0.9148148148148149 0.55 0.9185185185185185 0.5567708333333333 0.9222222222222223 0.5619791666666667 0.9212962962962963 0.5703125 0.9324074074074075 0.5744791666666667 0.9342592592592592 0.5776041666666667 0.9435185185185185 0.5890625 0.9555555555555556 0.5890625 0.975925925925926 0.5817708333333333 0.9833333333333333 0.5708333333333333 0.9824074074074074 0.5375 0.9611111111111111 0.5026041666666666 0.9472222222222222 0.4744791666666667 0.9194444444444444 0.4703125 0.9194444444444444 0.4552083333333333 0.9324074074074075 0.43385416666666665 0.9351851851851852 0.4322916666666667 0.9259259259259259 0.4348958333333333 0.9111111111111111 0.434375 0.9009259259259259 0.41510416666666666 0.8157407407407408 0.4265625 0.8037037037037037 0.4401041666666667 0.8 0.453125 0.7861111111111111 0.46510416666666665 0.787962962962963
3 0.48541666666666666 0.3175925925925926 0.4953125 0.3175925925925926 0.5088541666666667 0.3314814814814815 0.5182291666666666 0.3490740740740741 0.5223958333333333 0.37037037037037035 0.5223958333333333 0.40925925925925927 0.5203125 0.4083333333333333 0.5203125 0.4009259259259259 0.51875 0.3990740740740741 0.5177083333333333 0.4101851851851852 0.5229166666666667 0.41759259259259257 0.5223958333333333 0.4212962962962963 0.5192708333333333 0.4185185185185185 0.5177083333333333 0.4203703703703704 0.5192708333333333 0.42777777777777776 0.5125 0.4425925925925926 0.5109375 0.45185185185185184 0.51875 0.49166666666666664 0.5244791666666667 0.5425925925925926 0.5229166666666667 0.5648148148148148 0.4947916666666667 0.6101851851851852 0.48541666666666666 0.6166666666666667 0.4786458333333333 0.6166666666666667 0.459375 0.6055555555555555 0.45260416666666664 0.5981481481481481 0.4427083333333333 0.5796296296296296 0.42864583333333334 0.5425925925925926 0.425 0.5416666666666666 0.41770833333333335 0.562962962962963 0.41041666666666665 0.5722222222222222 0.4 0.5712962962962963 0.39479166666666665 0.5601851851851852 0.39739583333333334 0.524074074074074 0.4114583333333333 0.5222222222222223 0.41875 0.5157407407407407 0.4244791666666667 0.5055555555555555 0.43020833333333336 0.5018518518518519 0.4322916666666667 0.4962962962962963 0.42864583333333334 0.4925925925925926 0.4270833333333333 0.4842592592592593 0.4421875 0.48148148148148145 0.45677083333333335 0.4537037037037037 0.4609375 0.43425925925925923 0.47760416666666666 0.4101851851851852 0.478125 0.3925925925925926 0.47708333333333336 0.38796296296296295 0.4744791666666667 0.38796296296296295 0.475 0.3685185185185185 0.4635416666666667 0.34629629629629627 0.4703125 0.3314814814814815 0.48541666666666666 0.31851851851851853