4 0.3880208333333333 0.9722222222222222 0.384375 0.9925925925925926 0.38645833333333335 0.9981481481481481 0.4088541666666667 0.9981481481481481 0.43125 0.9935185185185185 0.4479166666666667 0.9935185185185185 0.4630208333333333 0.9981481481481481 0.48489583333333336 0.9981481481481481 0.4947916666666667 0.9935185185185185 0.5015625 0.9398148148148148 0.50625 0.9324074074074075 0.509375 0.9212962962962963 0.5098958333333333 0.9 0.5192708333333333 0.875 0.5223958333333333 0.8731481481481481 0.5291666666666667 0.8592592592592593 0.5291666666666667 0.8435185185185186 0.51875 0.8416666666666667 0.49166666666666664 0.862037037037037 0.48125 0.850925925925926 0.4708333333333333 0.850925925925926 0.4583333333333333 0.8601851851851852 0.44947916666666665 0.8712962962962963 0.4317708333333333 0.8777777777777778 0.41458333333333336 0.8898148148148148 0.4041666666666667 0.9101851851851852 0.3880208333333333 0.9722222222222222
4 0.81875 0.6759259259259259 0.8203125 0.6805555555555556 0.8223958333333333 0.6796296296296296 0.821875 0.6768518518518518 0.81875 0.6759259259259259
4 0.8010416666666667 0.6037037037037037 0.8 0.6212962962962963 0.8026041666666667 0.6351851851851852 0.8057291666666667 0.6398148148148148 0.8 0.649074074074074 0.8 0.6574074074074074 0.8026041666666667 0.6638888888888889 0.8177083333333334 0.6731481481481482 0.8296875 0.6990740740740741 0.8328125 0.7481481481481481 0.8296875 0.7916666666666666 0.8338541666666667 0.8212962962962963 0.8427083333333333 0.8527777777777777 0.84375 0.8740740740740741 0.8489583333333334 0.9037037037037037 0.8489583333333334 0.9074074074074074 0.84375 0.912962962962963 0.84375 0.9222222222222223 0.8479166666666667 0.9444444444444444 0.85 0.9962962962962963 0.9489583333333333 0.9962962962962963 0.9494791666666667 0.9888888888888889 0.94375 0.9675925925925926 0.9427083333333334 0.9462962962962963 0.9354166666666667 0.8935185185185185 0.9302083333333333 0.8870370370370371 0.9192708333333334 0.8851851851851852 0.9192708333333334 0.8638888888888889 0.9125 0.8453703703703703 0.9119791666666667 0.8351851851851851 0.9078125 0.8222222222222222 0.90625 0.8018518518518518 0.90625 0.7583333333333333 0.9078125 0.7398148148148148 0.90625 0.6777777777777778 0.9026041666666667 0.6620370370370371 0.9020833333333333 0.6416666666666667 0.8989583333333333 0.625 0.8942708333333333 0.6166666666666667 0.8911458333333333 0.6027777777777777 0.8770833333333333 0.5962962962962963 0.875 0.5907407407407408 0.875 0.5805555555555556 0.8671875 0.5685185185185185 0.8578125 0.5666666666666667 0.84375 0.5694444444444444 0.8317708333333333 0.5666666666666667 0.8203125 0.5731481481481482 0.8135416666666667 0.5805555555555556 0.8052083333333333 0.5990740740740741 0.8010416666666667 0.6037037037037037
4 0.925 0.5305555555555556 0.9208333333333333 0.5416666666666666 0.9244791666666666 0.55 0.9317708333333333 0.5509259259259259 0.9354166666666667 0.5546296296296296 0.9421875 0.5509259259259259 0.9520833333333333 0.5212962962962963 0.9526041666666667 0.5185185185185185 0.9489583333333333 0.5148148148148148 0.9541666666666667 0.5074074074074074 0.9494791666666667 0.5074074074074074 0.9484375 0.5166666666666667 0.9385416666666667 0.5185185185185185 0.925 0.5305555555555556
4 0.9716145833333333 0.3175925925925926 0.0036458333333333334 0.001851851851851852
4 0.6833333333333333 0.06666666666666667 0.6796875 0.13425925925925927 0.6729166666666667 0.16944444444444445 0.6729166666666667 0.17685185185185184 0.6760416666666667 0.1925925925925926 0.6932291666666667 0.2324074074074074 0.7 0.24166666666666667 0.7098958333333333 0.24814814814814815 0.7119791666666667 0.25555555555555554 0.7104166666666667 0.2722222222222222 0.7026041666666667 0.3138888888888889 0.7010416666666667 0.3398148148148148 0.7026041666666667 0.36018518518518516 0.7088541666666667 0.3638888888888889 0.7177083333333333 0.36203703703703705 0.7348958333333333 0.3509259259259259 0.7598958333333333 0.3435185185185185 0.7645833333333333 0.3388888888888889 0.7744791666666667 0.3351851851851852 0.7770833333333333 0.33055555555555555 0.7880208333333333 0.32592592592592595 0.796875 0.32592592592592595 0.8 0.33425925925925926 0.8026041666666667 0.3287037037037037 0.8078125 0.3277777777777778 0.8265625 0.3101851851851852 0.83125 0.2962962962962963 0.8375 0.2962962962962963 0.8505208333333333 0.2898148148148148 0.859375 0.2916666666666667 0.8598958333333333 0.28888888888888886 0.8630208333333333 0.28888888888888886 0.8651041666666667 0.2935185185185185 0.86875 0.29444444444444445 0.8703125 0.30833333333333335 0.875 0.31296296296296294 0.875 0.32407407407407407 0.8786458333333333 0.32592592592592595 0.8822916666666667 0.33425925925925926 0.8890625 0.337037037037037 0.8953125 0.34444444444444444 0.8911458333333333 0.4009259259259259 0.8885416666666667 0.4083333333333333 0.8885416666666667 0.4203703703703704 0.89375 0.44907407407407407 0.89375 0.4601851851851852 0.8963541666666667 0.4666666666666667 0.8963541666666667 0.4842592592592593 0.89375 0.4898148148148148 0.89375 0.5027777777777778 0.8994791666666667 0.5212962962962963 0.9041666666666667 0.5277777777777778 0.9078125 0.5277777777777778 0.9171875 0.5185185185185185 0.9291666666666667 0.5185185185185185 0.9380208333333333 0.48518518518518516 0.953125 0.46296296296296297 0.9588541666666667 0.44907407407407407 0.9541666666666667 0.42314814814814816 0.9510416666666667 0.4185185185185185 0.9473958333333333 0.4027777777777778 0.9447916666666667 0.4 0.94375 0.38981481481481484 0.9385416666666667 0.37592592592592594 0.9453125 0.3574074074074074 0.9505208333333334 0.3527777777777778 0.9546875 0.3527777777777778 0.9609375 0.34629629629629627 0.9619791666666667 0.34814814814814815 0.9588541666666667 0.3416666666666667 0.9682291666666667 0.337037037037037 0.9666666666666667 0.33055555555555555 0.9640625 0.3277777777777778 0.9640625 0.32314814814814813 0.9666666666666667 0.32314814814814813 0.9619791666666667 0.3194444444444444 0.9625 0.30648148148148147 0.9692708333333333 0.2814814814814815 0.975 0.27314814814814814 0.9765625 0.25925925925925924 0.9859375 0.2388888888888889 0.9890625 0.22592592592592592 0.9875 0.20833333333333334 0.9885416666666667 0.1638888888888889 0.9859375 0.1425925925925926 0.9875 0.11388888888888889 0.9854166666666667 0.058333333333333334 0.9890625 0.027777777777777776 0.9911458333333333 0.025 0.9927083333333333 0.014814814814814815 0.9921875 0.002777777777777778 0.9885416666666667 0 0.8895833333333333 0 0.884375 0.002777777777777778 0.8682291666666667 0.002777777777777778 0.8661458333333333 0 0.85 0 0.846875 0.002777777777777778 0.821875 0 0.8114583333333333 0.002777777777777778 0.8036458333333333 0.010185185185185186 0.7989583333333333 0.002777777777777778 0.7953125 0.002777777777777778 0.79375 0 0.6953125 0 0.6916666666666667 0.006481481481481481 0.690625 0.03148148148148148 0.6875 0.040740740740740744 0.6833333333333333 0.06666666666666667
4 0.5989583333333334 0 0.5265625 0 0.51875 0.002777777777777778 0.5098958333333333 0 0.48333333333333334 0 0.4739583333333333 0.004629629629629629 0.4546875 0.002777777777777778 0.45208333333333334 0 0.421875 0 0.41822916666666665 0.002777777777777778 0.40625 0 0.37552083333333336 0 0.3619791666666667 0.004629629629629629 0.3328125 0.002777777777777778 0.32916666666666666 0 0.15 0.000925925925925926 0.15208333333333332 0.002777777777777778 0.1515625 0.012037037037037037 0.16145833333333334 0.02962962962962963 0.16197916666666667 0.03518518518518519 0.17083333333333334 0.046296296296296294 0.18125 0.06666666666666667 0.19479166666666667 0.07962962962962963 0.20364583333333333 0.0824074074074074 0.20520833333333333 0.08703703703703704 0.1953125 0.10555555555555556 0.1875 0.1425925925925926 0.18645833333333334 0.16111111111111112 0.18854166666666666 0.20833333333333334 0.19322916666666667 0.23796296296296296 0.20364583333333333 0.275 0.22083333333333333 0.39166666666666666 0.23177083333333334 0.4425925925925926 0.23541666666666666 0.4527777777777778 0.2520833333333333 0.48518518518518516 0.27239583333333334 0.5027777777777778 0.2765625 0.5101851851851852 0.28489583333333335 0.5138888888888888 0.2942708333333333 0.5231481481481481 0.3046875 0.5259259259259259 0.32083333333333336 0.5370370370370371 0.334375 0.5370370370370371 0.3385416666666667 0.5416666666666666 0.3489583333333333 0.5462962962962963 0.35989583333333336 0.5435185185185185 0.3645833333333333 0.5370370370370371 0.36822916666666666 0.5370370370370371 0.37395833333333334 0.5296296296296297 0.37604166666666666 0.5231481481481481 0.3796875 0.5231481481481481 0.384375 0.5268518518518519 0.38697916666666665 0.5351851851851852 0.39427083333333335 0.5388888888888889 0.421875 0.5388888888888889 0.43072916666666666 0.5527777777777778 0.4328125 0.562037037037037 0.44166666666666665 0.5666666666666667 0.44947916666666665 0.5666666666666667 0.46145833333333336 0.5555555555555556 0.48072916666666665 0.5481481481481482 0.4817708333333333 0.5324074074074074 0.4942708333333333 0.5287037037037037 0.4973958333333333 0.5685185185185185 0.48802083333333335 0.5962962962962963 0.48489583333333336 0.5990740740740741 0.48489583333333336 0.6027777777777777 0.48072916666666665 0.6074074074074074 0.4734375 0.6092592592592593 0.4713541666666667 0.6222222222222222 0.46822916666666664 0.6259259259259259 0.46822916666666664 0.6296296296296297 0.4739583333333333 0.6305555555555555 0.4765625 0.6342592592592593 0.496875 0.6212962962962963 0.5010416666666667 0.6212962962962963 0.5041666666666667 0.6268518518518519 0.5 0.6509259259259259 0.4953125 0.6666666666666666 0.4901041666666667 0.6759259259259259 0.4869791666666667 0.6888888888888889 0.48333333333333334 0.6935185185185185 0.4817708333333333 0.7 0.48333333333333334 0.7138888888888889 0.48802083333333335 0.7138888888888889 0.5052083333333334 0.6944444444444444 0.5098958333333333 0.6962962962962963 0.51875 0.6935185185185185 0.5265625 0.687037037037037 0.5364583333333334 0.6888888888888889 0.5432291666666667 0.6842592592592592 0.55 0.675 0.5536458333333333 0.6620370370370371 0.5546875 0.6444444444444445 0.5583333333333333 0.6259259259259259 0.5723958333333333 0.5916666666666667 0.5838541666666667 0.55 0.5994791666666667 0.5138888888888888 0.6010416666666667 0.5064814814814815 0.6041666666666666 0.5027777777777778 0.6067708333333334 0.4935185185185185 0.6239583333333333 0.48518518518518516 0.6291666666666667 0.48055555555555557 0.6375 0.4666666666666667 0.6432291666666666 0.4462962962962963 0.6447916666666667 0.4305555555555556 0.6421875 0.38333333333333336 0.6458333333333334 0.35833333333333334 0.6505208333333333 0.3490740740740741 0.6567708333333333 0.34629629629629627 0.6598958333333333 0.3398148148148148 0.6625 0.3388888888888889 0.6661458333333333 0.3296296296296296 0.6666666666666666 0.2777777777777778 0.6640625 0.26296296296296295 0.6671875 0.20462962962962963 0.6661458333333333 0.1824074074074074 0.6598958333333333 0.1527777777777778 0.6494791666666667 0.12314814814814815 0.6442708333333333 0.10462962962962963 0.64375 0.0962962962962963 0.6359375 0.07314814814814814 0.6166666666666667 0.03888888888888889 0.6125 0.03518518518518519 0.6109375 0.027777777777777776 0.60625 0.021296296296296296 0.5989583333333334 0
4 0.81875 0.6759259259259259 0.8203125 0.6805555555555556 0.8213541666666667 0.6768518518518518 0.8229166666666666 0.6805555555555556 0.8234375 0.6777777777777778 0.81875 0.6759259259259259
4 0.8020833333333334 0.600925925925926 0.8 0.6074074074074074 0.8 0.6203703703703703 0.8057291666666667 0.6416666666666667 0.8 0.649074074074074 0.8 0.6574074074074074 0.8072916666666666 0.6666666666666666 0.8203125 0.6731481481481482 0.8286458333333333 0.6981481481481482 0.83125 0.7148148148148148 0.8328125 0.7546296296296297 0.8302083333333333 0.774074074074074 0.8302083333333333 0.7953703703703704 0.8338541666666667 0.8212962962962963 0.8421875 0.85 0.84375 0.8740740740740741 0.8489583333333334 0.9046296296296297 0.8489583333333334 0.9074074074074074 0.84375 0.9138888888888889 0.84375 0.9212962962962963 0.8473958333333333 0.9398148148148148 0.8505208333333333 0.9962962962962963 0.9489583333333333 0.9962962962962963 0.9494791666666667 0.987037037037037 0.9442708333333333 0.9703703703703703 0.9427083333333334 0.9444444444444444 0.9359375 0.8944444444444445 0.9307291666666667 0.8870370370370371 0.9208333333333333 0.8870370370370371 0.9192708333333334 0.8842592592592593 0.9197916666666667 0.8666666666666667 0.9182291666666667 0.8574074074074074 0.9130208333333333 0.8472222222222222 0.9125 0.837037037037037 0.9078125 0.8203703703703704 0.90625 0.7611111111111111 0.9083333333333333 0.7342592592592593 0.90625 0.6759259259259259 0.9026041666666667 0.6601851851851852 0.9026041666666667 0.6444444444444445 0.8989583333333333 0.6231481481481481 0.8932291666666666 0.6129629629629629 0.8916666666666667 0.6027777777777777 0.8864583333333333 0.5981481481481481 0.8796875 0.5981481481481481 0.8765625 0.5944444444444444 0.8734375 0.575925925925926 0.8630208333333333 0.5666666666666667 0.8484375 0.5694444444444444 0.8385416666666666 0.5666666666666667 0.8270833333333333 0.5685185185185185 0.8135416666666667 0.5805555555555556 0.8057291666666667 0.5981481481481481 0.8020833333333334 0.600925925925926
4 0.8395833333333333 0.962037037037037 0.8380208333333333 0.9666666666666667 0.84375 0.9666666666666667 0.8421875 0.962037037037037 0.8395833333333333 0.962037037037037
4 0.5145833333333333 0.8148148148148148 0.5140625 0.8166666666666667 0.5161458333333333 0.8166666666666667 0.5145833333333333 0.8148148148148148
4 0.9921875 0.7805555555555556 0.9916666666666667 0.7833333333333333 0.99375 0.7851851851851852 0.9942708333333333 0.7805555555555556 0.9921875 0.7805555555555556
4 0.4239583333333333 0.7333333333333333 0.4239583333333333 0.7481481481481481 0.42864583333333334 0.7481481481481481 0.4296875 0.7435185185185185 0.4270833333333333 0.7398148148148148 0.4265625 0.7324074074074074 0.425 0.7305555555555555 0.4239583333333333 0.7333333333333333
4 0.3489583333333333 0.6097222222222223 0.0010416666666666667 0.000925925925925926
4 0.5916666666666667 0.575925925925926 0.5911458333333334 0.5805555555555556 0.5942708333333333 0.5898148148148148 0.5932291666666667 0.5916666666666667 0.58125 0.5935185185185186 0.5833333333333334 0.5962962962962963 0.5866317708333334 0.5916666666666667 0.5875 0.5962962962962963 0.590625 0.5935185185185186 0.5989583333333334 0.5935185185185186 0.6015625 0.5842592592592593 0.6041666666666666 0.5824074074074074 0.6041666666666666 0.5916666666666667 0.6083333333333333 0.5888888888888889 0.6130208333333333 0.5916666666666667 0.6161458333333333 0.5888888888888889 0.6130208333333333 0.5824074074074074 0.6192708333333333 0.5777777777777777 0.6166666666666667 0.5740740740740741 0.6072916666666667 0.5712962962962963 0.6036458333333333 0.5731481481481482 0.603125 0.5824074074074074 0.6005208333333333 0.5824074074074074 0.5994791666666667 0.5777777777777777 0.5963541666666666 0.5777777777777777 0.5927083333333333 0.5824074074074074 0.5932291666666667 0.5777777777777777 0.5916666666666667 0.575925925925926
4 0.6234375 0.5666666666666667 0.6182291666666667 0.5666666666666667 0.6182291666666667 0.5712962962962963 0.6234375 0.5666666666666667
4 0.6145833333333334 0.5597222222222222 0.005208333333333333 0.000925925925925926
4 0.6229166666666667 0.5555555555555556 0.6229166666666667 0.5592592592592592 0.6229166666666667 0.5555555555555556
4 0.5890625 0.562037037037037 0.5875 0.5648148148148148 0.5880208333333333 0.5685185185185185 0.6020833333333333 0.5666666666666667 0.6098958333333333 0.5694444444444444 0.6140625 0.5666666666666667 0.6125 0.5638888888888889 0.6083333333333333 0.5638888888888889 0.6057291666666667 0.5574074074074075 0.6 0.5555555555555556 0.5890625 0.562037037037037
4 0.8932291666666666 0.5935185185185186 0.89375 0.6055555555555555 0.8994791666666667 0.6194444444444445 0.9 0.6296296296296297 0.9052083333333333 0.649074074074074 0.9046875 0.6638888888888889 0.9067708333333333 0.674074074074074 0.9072916666666667 0.6916666666666667 0.909375 0.6990740740740741 0.9098958333333333 0.7361111111111112 0.9072916666666667 0.7537037037037037 0.909375 0.774074074074074 0.9072916666666667 0.7981481481481482 0.9135416666666667 0.8453703703703703 0.9192708333333334 0.8574074074074074 0.9223958333333333 0.875 0.9276041666666667 0.8824074074074074 0.946875 0.8824074074074074 0.9494791666666667 0.8712962962962963 0.9536458333333333 0.8685185185185185 0.9557291666666666 0.862037037037037 0.9604166666666667 0.862037037037037 0.9619791666666667 0.8555555555555555 0.9609375 0.8453703703703703 0.9692708333333333 0.8083333333333333 0.9739583333333334 0.8074074074074075 0.98125 0.7962962962962963 0.9817708333333334 0.7870370370370371 0.9875 0.7870370370370371 0.9901041666666667 0.7824074074074074 0.9875 0.774074074074074 0.98125 0.7722222222222223 0.9807291666666667 0.7648148148148148 0.9854166666666667 0.7555555555555555 0.9833333333333333 0.7435185185185185 0.9875 0.7388888888888889 0.9895833333333334 0.725925925925926 0.9885416666666667 0.7203703703703703 0.9927083333333333 0.7157407407407408 0.9953125 0.7046296296296296 0.9953125 0.6638888888888889 0.9895833333333334 0.6546296296296297 0.9890625 0.65 0.9994791666666667 0.6481481481481481 0.9994791666666667 0.6342592592592593 0.9963541666666667 0.6296296296296297 0.9994791666666667 0.6277777777777778 0.9994791666666667 0.6138888888888889 0.9958333333333333 0.6111111111111112 0.9973958333333334 0.6 0.9958333333333333 0.587037037037037 0.9932291666666667 0.5814814814814815 0.9942708333333333 0.5777777777777777 0.9921875 0.575 0.9942708333333333 0.5731481481481482 0.9927083333333333 0.5731481481481482 0.9921875 0.5675925925925925 0.9963541666666667 0.5638888888888889 0.9942708333333333 0.5574074074074075 0.9953125 0.55 0.9916666666666667 0.5481481481481482 0.9890625 0.5509259259259259 0.9807291666666667 0.5518518518518518 0.98125 0.5546296296296296 0.9848958333333333 0.5564814814814815 0.9854166666666667 0.5638888888888889 0.9916666666666667 0.5666666666666667 0.9916666666666667 0.575925925925926 0.98125 0.5777777777777777 0.9666666666666667 0.5731481481481482 0.9625 0.5768518518518518 0.95625 0.575925925925926 0.9541666666666667 0.5851851851851851 0.9458333333333333 0.5851851851851851 0.9375 0.5731481481481482 0.9223958333333333 0.587037037037037 0.9104166666666667 0.5916666666666667 0.8994791666666667 0.5888888888888889 0.8973958333333333 0.5935185185185186 0.8932291666666666 0.5935185185185186
4 0.9796875 0.5370370370370371 0.9770833333333333 0.5388888888888889 0.9807291666666667 0.5481481481481482 0.9822916666666667 0.5388888888888889 0.9796875 0.5370370370370371
4 0.12135416666666667 0.8212962962962963 0.12083333333333333 0.8527777777777777 0.12291666666666666 0.8712962962962963 0.12135416666666667 0.8777777777777778 0.12291666666666666 0.9740740740740741 0.12604166666666666 0.9962962962962963 0.134375 0.9944444444444445 0.14166666666666666 0.9981481481481481 0.1640625 0.9981481481481481 0.18229166666666666 0.9944444444444445 0.19166666666666668 0.9981481481481481 0.21354166666666666 0.9981481481481481 0.21927083333333333 0.9944444444444445 0.23229166666666667 0.9944444444444445 0.240625 0.9981481481481481 0.2640625 0.9981481481481481 0.27447916666666666 0.9935185185185185 0.2796875 0.9935185185185185 0.28177083333333336 0.9962962962962963 0.31197916666666664 0.9962962962962963 0.33177083333333335 0.9916666666666667 0.3494791666666667 0.9944444444444445 0.3723958333333333 0.9935185185185185 0.37552083333333336 0.9888888888888889 0.3807291666666667 0.987037037037037 0.3854166666666667 0.9796296296296296 0.39479166666666665 0.9305555555555556 0.39947916666666666 0.925 0.40625 0.8981481481481481 0.41302083333333334 0.8870370370370371 0.425 0.8805555555555555 0.4276041666666667 0.8685185185185185 0.42552083333333335 0.862037037037037 0.42916666666666664 0.8592592592592593 0.4239583333333333 0.8574074074074074 0.4192708333333333 0.8481481481481481 0.4140625 0.8481481481481481 0.40677083333333336 0.850925925925926 0.3880208333333333 0.8712962962962963 0.3802083333333333 0.8759259259259259 0.37552083333333336 0.8759259259259259 0.36875 0.8703703703703703 0.36666666666666664 0.8574074074074074 0.3645833333333333 0.8537037037037037 0.3645833333333333 0.8407407407407408 0.37864583333333335 0.8351851851851851 0.39739583333333334 0.8138888888888889 0.4015625 0.8055555555555556 0.39947916666666666 0.7851851851851852 0.40729166666666666 0.7759259259259259 0.41041666666666665 0.7759259259259259 0.4119791666666667 0.7712962962962963 0.4114583333333333 0.7546296296296297 0.4083333333333333 0.7509259259259259 0.4109375 0.75 0.4125 0.7435185185185185 0.4114583333333333 0.7416666666666667 0.40625 0.7462962962962963 0.4046875 0.7425925925925926 0.40625 0.7305555555555555 0.4114583333333333 0.7185185185185186 0.4119791666666667 0.7055555555555556 0.4083333333333333 0.7055555555555556 0.40625 0.6981481481481482 0.4015625 0.6962962962962963 0.4005208333333333 0.6916666666666667 0.3958333333333333 0.6888888888888889 0.39114583333333336 0.712037037037037 0.3932291666666667 0.7231481481481481 0.39114583333333336 0.7277777777777777 0.3885416666666667 0.7277777777777777 0.3854166666666667 0.7111111111111111 0.3859375 0.6759259259259259 0.38333333333333336 0.6703703703703704 0.3854166666666667 0.6527777777777778 0.384375 0.6444444444444445 0.36666666666666664 0.6305555555555555 0.3515625 0.6277777777777778 0.35052083333333334 0.6240740740740741 0.35572916666666665 0.6185185185185185 0.35572916666666665 0.612037037037037 0.35208333333333336 0.6148148148148148 0.34427083333333336 0.612037037037037 0.3416666666666667 0.6212962962962963 0.3421875 0.6268518518518519 0.3385416666666667 0.6305555555555555 0.33229166666666665 0.6277777777777778 0.33125 0.6166666666666667 0.3265625 0.6194444444444445 0.3223958333333333 0.612037037037037 0.32760416666666664 0.6027777777777777 0.33489583333333334 0.600925925925926 0.33645833333333336 0.5666666666666667 0.32447916666666665 0.5574074074074075 0.3171875 0.5601851851851852 0.3145833333333333 0.5555555555555556 0.3109375 0.5388888888888889 0.3026041666666667 0.5351851851851852 0.2989583333333333 0.5351851851851852 0.29739583333333336 0.5416666666666666 0.29322916666666665 0.5462962962962963 0.290625 0.5425925925925926 0.290625 0.5370370370370371 0.28541666666666665 0.5342592592592592 0.253125 0.5481481481481482 0.215625 0.5509259259259259 0.20833333333333334 0.5546296296296296 0.16875 0.5555555555555556 0.1421875 0.5666666666666667 0.13802083333333334 0.5768518518518518 0.1359375 0.6 0.1328125 0.6148148148148148 0.1328125 0.6342592592592593 0.13072916666666667 0.6435185185185185 0.12916666666666668 0.6842592592592592 0.12708333333333333 0.6916666666666667 0.12760416666666666 0.7092592592592593 0.12552083333333333 0.7324074074074074 0.12552083333333333 0.7416666666666667 0.12864583333333332 0.75 0.125 0.7601851851851852 0.1234375 0.775 0.12291666666666666 0.8148148148148148 0.12135416666666667 0.8212962962962963
4 0.9598958333333333 0.5231481481481481 0.9588541666666667 0.5259259259259259 0.9598958333333333 0.5231481481481481
4 0.9697916666666667 0.4777777777777778 0.96875 0.48333333333333334 0.9703125 0.4861111111111111 0.9645833333333333 0.4925925925925926 0.9661458333333334 0.4981481481481482 0.9703125 0.4981481481481482 0.9739583333333334 0.4935185185185185 0.9697916666666667 0.4777777777777778
4 0.9697916666666667 0.4666666666666667 0.9713541666666666 0.4722222222222222 0.9692708333333333 0.47314814814814815 0.9697916666666667 0.4759259259259259 0.9734375 0.4703703703703704 0.9739583333333334 0.4648148148148148 0.9796875 0.462037037037037 0.9817708333333334 0.4527777777777778 0.9770833333333333 0.45555555555555555 0.971875 0.4666666666666667 0.9697916666666667 0.4666666666666667
4 0.5046875 0.9555555555555556 0.503125 0.9694444444444444 0.5046875 0.9842592592592593 0.5114583333333333 0.9824074074074074 0.5135416666666667 0.9851851851851852 0.5140625 0.9935185185185185 0.5291666666666667 0.9935185185185185 0.5322916666666667 0.9888888888888889 0.5416666666666666 0.9898148148148148 0.5453125 0.9935185185185185 0.5947916666666667 0.9935185185185185 0.5989583333333334 0.9898148148148148 0.6005208333333333 0.9935185185185185 0.6078125 0.9981481481481481 0.61875 0.9981481481481481 0.6364583333333333 0.9916666666666667 0.6713541666666667 0.9935185185185185 0.6744791666666666 0.9898148148148148 0.6796875 0.9916666666666667 0.6817708333333333 0.9888888888888889 0.6869791666666667 0.9888888888888889 0.6895833333333333 0.9935185185185185 0.6953125 0.9944444444444445 0.74375 0.9935185185185185 0.7463541666666667 0.9962962962962963 0.7744791666666667 0.9981481481481481 0.7859375 0.9944444444444445 0.8171875 0.9935185185185185 0.815625 0.9888888888888889 0.8182291666666667 0.9888888888888889 0.8203125 0.9851851851851852 0.8200520833333333 0.9935185185185185 0.8229166666666666 0.9935185185185185 0.821875 0.9842592592592593 0.8255208333333334 0.9805555555555555 0.8229166666666666 0.9731481481481481 0.8255208333333334 0.962037037037037 0.825 0.9444444444444444 0.8265625 0.9416666666666667 0.8385416666666666 0.9388888888888889 0.8385416666666666 0.9351851851851852 0.8416666666666667 0.9324074074074075 0.8390625 0.924074074074074 0.8380208333333333 0.9037037037037037 0.8416666666666667 0.8731481481481481 0.8333333333333334 0.8407407407407408 0.8348958333333333 0.8305555555555556 0.8270833333333333 0.8194444444444444 0.8291666666666667 0.8101851851851852 0.8270833333333333 0.7907407407407407 0.8270833333333333 0.7768518518518519 0.8291666666666667 0.7712962962962963 0.8286458333333333 0.7592592592592593 0.8265625 0.7546296296296297 0.8276041666666667 0.7388888888888889 0.8244791666666667 0.7296296296296296 0.8234375 0.7185185185185186 0.8161458333333333 0.7092592592592593 0.815625 0.6888888888888889 0.8130208333333333 0.6814814814814815 0.7984375 0.6685185185185185 0.79375 0.6601851851851852 0.7942708333333334 0.649074074074074 0.7989583333333333 0.6388888888888888 0.7989583333333333 0.6277777777777778 0.7932291666666667 0.6074074074074074 0.7890625 0.6027777777777777 0.7833333333333333 0.6138888888888889 0.7770833333333333 0.6185185185185185 0.7734375 0.6277777777777778 0.7697916666666667 0.6305555555555555 0.7630208333333334 0.6166666666666667 0.7859375 0.5685185185185185 0.7921875 0.5462962962962963 0.7848958333333333 0.5398148148148149 0.7760416666666666 0.5388888888888889 0.7703125 0.5342592592592592 0.7609375 0.5212962962962963 0.759375 0.5101851851851852 0.7572916666666667 0.5101851851851852 0.7536458333333333 0.5027777777777778 0.7505208333333333 0.5027777777777778 0.7479166666666667 0.4962962962962963 0.7453125 0.4962962962962963 0.7390625 0.4888888888888889 0.7260416666666667 0.4824074074074074 0.7166666666666667 0.4824074074074074 0.7088541666666667 0.4759259259259259 0.6921875 0.4740740740740741 0.6885416666666667 0.46944444444444444 0.6859375 0.47129629629629627 0.6848958333333334 0.45185185185185184 0.6875 0.44351851851851853 0.690625 0.44351851851851853 0.7119791666666667 0.45092592592592595 0.7192708333333333 0.4462962962962963 0.721875 0.44814814814814813 0.721875 0.4527777777777778 0.7223958333333333 0.45 0.725 0.4527777777777778 0.7244791666666667 0.44351851851851853 0.7265625 0.4388888888888889 0.7348958333333333 0.45092592592592595 0.7494791666666667 0.45925925925925926 0.8036458333333333 0.4777777777777778 0.8114583333333333 0.47314814814814815 0.8130208333333333 0.46944444444444444 0.8119791666666667 0.46296296296296297 0.8171875 0.45555555555555555 0.815625 0.4527777777777778 0.8166666666666667 0.4462962962962963 0.825 0.44907407407407407 0.8348958333333333 0.4444444444444444 0.8354166666666667 0.43703703703703706 0.8322916666666667 0.42962962962962964 0.8335416666666667 0.42777777777777776 0.8515625 0.42592592592592593 0.85625 0.4212962962962963 0.8640625 0.42314814814814816 0.8703125 0.41203703703703703 0.88125 0.4101851851851852 0.884375 0.4027777777777778 0.8828125 0.3962962962962963 0.88125 0.3962962962962963 0.8807291666666667 0.37962962962962965 0.8776041666666666 0.37962962962962965 0.8770833333333333 0.3824074074074074 0.8744791666666667 0.37962962962962965 0.8625 0.38055555555555554 0.8645833333333334 0.3685185185185185 0.8765625 0.3685185185185185 0.8796875 0.3712962962962963 0.8869791666666667 0.3685185185185185 0.8901041666666667 0.36203703703703705 0.8901041666666667 0.34814814814814815 0.8828125 0.3416666666666667 0.8744791666666667 0.3435185185185185 0.86875 0.337037037037037 0.8651041666666667 0.337037037037037 0.8635416666666667 0.33425925925925926 0.8640625 0.33055555555555555 0.8609375 0.32592592592592595 0.8541666666666666 0.3277777777777778 0.8479166666666667 0.32314814814814813 0.8484375 0.3296296296296296 0.8453125 0.337037037037037 0.8401041666666667 0.33055555555555555 0.83125 0.3277777777777778 0.8270833333333333 0.33055555555555555 0.8270833333333333 0.3351851851851852 0.821875 0.3388888888888889 0.7864583333333334 0.3435185185185185 0.7822916666666667 0.34814814814814815 0.7760416666666666 0.3490740740740741 0.7640625 0.3574074074074074 0.7390625 0.36203703703703705 0.7270833333333333 0.3731481481481482 0.7151041666666667 0.37777777777777777 0.7109375 0.3851851851851852 0.7036458333333333 0.39166666666666666 0.696875 0.39166666666666666 0.6880208333333333 0.3962962962962963 0.6822916666666666 0.40555555555555556 0.6822916666666666 0.41388888888888886 0.6776041666666667 0.41203703703703703 0.6640625 0.41944444444444445 0.6619791666666667 0.42314814814814816 0.6567708333333333 0.42314814814814816 0.65 0.4351851851851852 0.6473958333333333 0.4583333333333333 0.64375 0.46296296296296297 0.6427083333333333 0.47129629629629627 0.625 0.4981481481481482 0.6229166666666667 0.5074074074074074 0.6072916666666667 0.5101851851851852 0.6067708333333334 0.5185185185185185 0.6 0.5287037037037037 0.6 0.5388888888888889 0.6057291666666667 0.5453703703703704 0.6041666666666666 0.55 0.6057291666666667 0.5555555555555556 0.6166666666666667 0.5509259259259259 0.6192708333333333 0.5462962962962963 0.6223958333333334 0.5462962962962963 0.6328125 0.5555555555555556 0.6364583333333333 0.5546296296296296 0.6484375 0.5416666666666666 0.6494791666666667 0.5361111111111111 0.6557291666666667 0.5259259259259259 0.6583333333333333 0.5148148148148148 0.6635416666666667 0.5148148148148148 0.6739583333333333 0.5324074074074074 0.675 0.5398148148148149 0.6744791666666666 0.55 0.6682291666666667 0.562962962962963 0.6661458333333333 0.5740740740740741 0.665625 0.5805555555555556 0.6697916666666667 0.5916666666666667 0.6692708333333334 0.6 0.6677083333333333 0.600925925925926 0.6661458333333333 0.5935185185185186 0.6567708333333333 0.5805555555555556 0.6536458333333334 0.5861111111111111 0.6505208333333333 0.587037037037037 0.6411458333333333 0.6046296296296296 0.6364583333333333 0.6074074074074074 0.634375 0.6138888888888889 0.63125 0.6148148148148148 0.6286458333333333 0.6212962962962963 0.628125 0.6342592592592593 0.6260416666666667 0.637962962962963 0.6270833333333333 0.6620370370370371 0.625 0.675 0.6161458333333333 0.6851851851851852 0.6140625 0.6916666666666667 0.6135416666666667 0.7166666666666667 0.6166666666666667 0.7296296296296296 0.6125 0.7333333333333333 0.6114583333333333 0.7435185185185185 0.6083333333333333 0.7481481481481481 0.6067708333333334 0.7592592592592593 0.6010416666666667 0.774074074074074 0.5989583333333334 0.7925925925925926 0.603125 0.8 0.6010416666666667 0.8027777777777778 0.6 0.8231481481481482 0.5958333333333333 0.8305555555555556 0.5958333333333333 0.8342592592592593 0.5807291666666666 0.8574074074074074 0.5786458333333333 0.8638888888888889 0.5729166666666666 0.8638888888888889 0.56875 0.8685185185185185 0.5572916666666666 0.8712962962962963 0.5536458333333333 0.8759259259259259 0.546875 0.8712962962962963 0.5458333333333333 0.8731481481481481 0.5489583333333333 0.8759259259259259 0.5416666666666666 0.9027777777777778 0.5338541666666666 0.912962962962963 0.5307291666666667 0.9212962962962963 0.5145833333333333 0.9259259259259259 0.509375 0.9314814814814815 0.5072916666666667 0.9351851851851852 0.509375 0.9462962962962963 0.5046875 0.9555555555555556
1 0.4979166666666667 0.7074074074074074 0.4895833333333333 0.7222222222222222 0.4901041666666667 0.7296296296296296 0.5015625 0.7527777777777778 0.5276041666666667 0.7796296296296297 0.5348958333333333 0.7796296296296297 0.5385416666666667 0.7666666666666667 0.546875 0.7509259259259259 0.5489583333333333 0.7574074074074074 0.5442708333333334 0.7824074074074074 0.5479166666666667 0.7851851851851852 0.5614583333333333 0.7851851851851852 0.5723958333333333 0.7796296296296297 0.58125 0.7685185185185185 0.5869791666666667 0.7546296296296297 0.5854166666666667 0.725925925925926 0.5833333333333334 0.7157407407407408 0.5833333333333334 0.7037037037037037 0.5859375 0.6888888888888889 0.5854166666666667 0.6777777777777778 0.5635416666666667 0.6351851851851852 0.5588541666666667 0.6435185185185185 0.5541666666666667 0.6685185185185185 0.5473958333333333 0.6851851851851852 0.5411458333333333 0.6916666666666667 0.5244791666666667 0.6935185185185185 0.5119791666666667 0.700925925925926 0.5041666666666667 0.700925925925926 0.4979166666666667 0.7074074074074074
1 0.48072916666666665 0.6388888888888888 0.478125 0.6435185185185185 0.4796875 0.6509259259259259 0.484375 0.6574074074074074 0.4901041666666667 0.6601851851851852 0.4979166666666667 0.6481481481481481 0.5010416666666667 0.6351851851851852 0.5010416666666667 0.6259259259259259 0.4875 0.6324074074074074 0.48072916666666665 0.6388888888888888
1 0.7338541666666667 0.4009259259259259 0.7333333333333333 0.4101851851851852 0.7447916666666666 0.42777777777777776 0.7473958333333334 0.43425925925925923 0.75 0.45092592592592595 0.75625 0.4527777777777778 0.759375 0.4462962962962963 0.7604166666666666 0.43703703703703706 0.759375 0.41203703703703703 0.75625 0.39814814814814814 0.7510416666666667 0.39166666666666666 0.7432291666666667 0.39166666666666666 0.7338541666666667 0.4009259259259259
3 0.39010416666666664 0.962037037037037 0.38645833333333335 0.9842592592592593 0.38333333333333336 0.9935185185185185 0.3859375 0.9981481481481481 0.4921875 0.9962962962962963 0.4942708333333333 0.9935185185185185 0.4979166666666667 0.975925925925926 0.5015625 0.9472222222222222 0.5098958333333333 0.9185185185185185 0.5104166666666666 0.9009259259259259 0.5140625 0.8898148148148148 0.5296875 0.8601851851851852 0.5317708333333333 0.8462962962962963 0.5291666666666667 0.8416666666666667 0.5208333333333334 0.8398148148148148 0.49322916666666666 0.8601851851851852 0.4901041666666667 0.8601851851851852 0.4828125 0.850925925925926 0.4713541666666667 0.850925925925926 0.46510416666666665 0.8574074074074074 0.4578125 0.8601851851851852 0.44583333333333336 0.8731481481481481 0.4317708333333333 0.8777777777777778 0.4140625 0.8898148148148148 0.40208333333333335 0.9166666666666666 0.39010416666666664 0.962037037037037
3 0.8197916666666667 0.6759259259259259 0.8197916666666667 0.6814814814814815 0.8223958333333333 0.6824074074074075 0.8229166666666666 0.6777777777777778 0.8197916666666667 0.6759259259259259
3 0.8 0.6074074074074074 0.8005208333333333 0.6222222222222222 0.8057291666666667 0.6388888888888888 0.8041666666666667 0.6444444444444445 0.8005208333333333 0.6472222222222223 0.8 0.6592592592592592 0.8026041666666667 0.6638888888888889 0.8109375 0.6648148148148149 0.8171875 0.6731481481481482 0.8239583333333333 0.6685185185185185 0.8322916666666667 0.6944444444444444 0.8291666666666667 0.6981481481481482 0.8328125 0.7277777777777777 0.8333333333333334 0.75 0.8302083333333333 0.774074074074074 0.83125 0.8092592592592592 0.8421875 0.8481481481481481 0.8442708333333333 0.8777777777777778 0.8505208333333333 0.9074074074074074 0.8557291666666667 0.9101851851851852 0.8807291666666667 0.9101851851851852 0.8953125 0.9046296296296297 0.9161458333333333 0.887962962962963 0.9182291666666667 0.8824074074074074 0.91875 0.8638888888888889 0.9125 0.8481481481481481 0.9119791666666667 0.837037037037037 0.9083333333333333 0.825925925925926 0.90625 0.8064814814814815 0.90625 0.7564814814814815 0.9078125 0.7324074074074074 0.90625 0.6851851851851852 0.8989583333333333 0.6277777777777778 0.89375 0.6166666666666667 0.8901041666666667 0.6027777777777777 0.8869791666666667 0.5981481481481481 0.8786458333333333 0.5981481481481481 0.8760416666666667 0.5935185185185186 0.8739583333333333 0.5777777777777777 0.8671875 0.5685185185185185 0.85625 0.5666666666666667 0.8427083333333333 0.5694444444444444 0.8348958333333333 0.5666666666666667 0.825 0.5694444444444444 0.8140625 0.5805555555555556 0.80625 0.5990740740740741 0.8026041666666667 0.600925925925926 0.8 0.6074074074074074
3 0.3734375 0.36018518518518516 0.3703125 0.4009259259259259 0.3776041666666667 0.4101851851851852 0.37552083333333336 0.4185185185185185 0.3875 0.4185185185185185 0.3921875 0.425 0.3963541666666667 0.42592592592592593 0.4 0.4351851851851852 0.409375 0.43703703703703706 0.42604166666666665 0.4527777777777778 0.4359375 0.45555555555555555 0.45260416666666664 0.44351851851851853 0.4609375 0.43148148148148147 0.4666666666666667 0.4166666666666667 0.4666666666666667 0.3962962962962963 0.4625 0.3685185185185185 0.4625 0.35648148148148145 0.4640625 0.33611111111111114 0.47239583333333335 0.3194444444444444 0.47239583333333335 0.3101851851851852 0.4666666666666667 0.30277777777777776 0.4473958333333333 0.29444444444444445 0.4432291666666667 0.29444444444444445 0.4395833333333333 0.30092592592592593 0.4354166666666667 0.30092592592592593 0.4270833333333333 0.3074074074074074 0.42291666666666666 0.2916666666666667 0.4192708333333333 0.2861111111111111 0.4088541666666667 0.2851851851851852 0.4015625 0.2962962962962963 0.4 0.3055555555555556 0.39375 0.3101851851851852 0.3807291666666667 0.33055555555555555 0.3807291666666667 0.3388888888888889 0.38385416666666666 0.3472222222222222 0.37552083333333336 0.3509259259259259 0.3734375 0.36018518518518516
3 0.7520833333333333 0.20555555555555555 0.7505208333333333 0.21296296296296297 0.7510416666666667 0.22870370370370371 0.7619791666666667 0.24351851851851852 0.76875 0.2777777777777778 0.775 0.2935185185185185 0.7890625 0.30277777777777776 0.7973958333333333 0.30277777777777776 0.8265625 0.2935185185185185 0.8317708333333333 0.28888888888888886 0.83125 0.2777777777777778 0.8255208333333334 0.25833333333333336 0.8244791666666667 0.24814814814814815 0.8125 0.21481481481481482 0.8072916666666666 0.2074074074074074 0.7932291666666667 0.1962962962962963 0.7822916666666667 0.1935185185185185 0.7723958333333333 0.1824074074074074 0.7682291666666666 0.1824074074074074 0.7567708333333333 0.1935185185185185 0.7520833333333333 0.20555555555555555
3 0.9197916666666667 0.5351851851851852 0.9166666666666666 0.55 0.9145833333333333 0.5527777777777778 0.921875 0.5638888888888889 0.9255208333333333 0.5648148148148148 0.9276041666666667 0.5712962962962963 0.9421875 0.5527777777777778 0.9494791666666667 0.5351851851851852 0.9583333333333334 0.4898148148148148 0.9541666666666667 0.4898148148148148 0.9473958333333333 0.5046296296296297 0.9333333333333333 0.5185185185185185 0.93125 0.5231481481481481 0.9276041666666667 0.5231481481481481 0.9197916666666667 0.5351851851851852
3 0.8895833333333333 0.4027777777777778 0.8890625 0.4222222222222222 0.8932291666666666 0.4648148148148148 0.8916666666666667 0.49537037037037035 0.8958333333333334 0.5222222222222223 0.9 0.5305555555555556 0.9083333333333333 0.5324074074074074 0.9182291666666667 0.5194444444444445 0.9302083333333333 0.5194444444444445 0.9354166666666667 0.5055555555555555 0.9375 0.4898148148148148 0.9442708333333333 0.4777777777777778 0.95625 0.4638888888888889 0.9614583333333333 0.45092592592592595 0.9604166666666667 0.4398148148148148 0.9390625 0.38425925925925924 0.9369791666666667 0.36944444444444446 0.9234375 0.3509259259259259 0.9 0.3435185185185185 0.8953125 0.3509259259259259 0.89375 0.3768518518518518 0.8911458333333333 0.4 0.8895833333333333 0.4027777777777778
3 0.8197916666666667 0.6759259259259259 0.8182291666666667 0.6777777777777778 0.8192708333333333 0.6814814814814815 0.8223958333333333 0.6824074074074075 0.8234375 0.6777777777777778 0.8197916666666667 0.6759259259259259
3 0.8020833333333334 0.6018518518518519 0.8 0.6074074074074074 0.8 0.6231481481481481 0.8052083333333333 0.6435185185185185 0.8 0.649074074074074 0.8 0.6574074074074074 0.8036458333333333 0.6638888888888889 0.8109375 0.6685185185185185 0.8138020833333334 0.6685185185185185 0.8171875 0.6638888888888889 0.8166666666666667 0.6685185185185185 0.8302083333333333 0.6981481481481482 0.834375 0.7518518518518519 0.8505208333333333 0.7574074074074074 0.8791666666666667 0.7601851851851852 0.8859375 0.7527777777777778 0.8942708333333333 0.737037037037037 0.90625 0.7231481481481481 0.90625 0.687037037037037 0.8989583333333333 0.6277777777777778 0.89375 0.6157407407407407 0.8901041666666667 0.600925925925926 0.8869791666666667 0.5981481481481481 0.8786458333333333 0.5981481481481481 0.8760416666666667 0.5944444444444444 0.8744791666666667 0.5787037037037037 0.8682291666666667 0.5685185185185185 0.8260416666666667 0.5685185185185185 0.8135416666666667 0.5805555555555556 0.8057291666666667 0.5990740740740741 0.8020833333333334 0.6018518518518519
3 0.6046875 0.4787037037037037 0.6057291666666667 0.48703703703703705 0.6057291666666667 0.4777777777777778 0.6046875 0.4787037037037037
3 0.4625 0.6212962962962963 0.4625 0.6324074074074074 0.47291666666666665 0.6388888888888888 0.4786458333333333 0.6388888888888888 0.4979166666666667 0.6231481481481481 0.5010416666666667 0.6231481481481481 0.503125 0.6268518518518519 0.496875 0.6546296296296297 0.49270833333333336 0.6648148148148149 0.4890625 0.6685185185185185 0.48125 0.6916666666666667 0.48020833333333335 0.712037037037037 0.48333333333333334 0.7185185185185186 0.49114583333333334 0.7166666666666667 0.5015625 0.6990740740740741 0.5052083333333334 0.6962962962962963 0.5135416666666667 0.6981481481481482 0.5286458333333334 0.6888888888888889 0.5421875 0.6888888888888889 0.5479166666666667 0.6824074074074075 0.5541666666666667 0.6666666666666666 0.5630208333333333 0.6203703703703703 0.5734375 0.5935185185185186 0.5760416666666667 0.5787037037037037 0.5796875 0.5712962962962963 0.5828125 0.5564814814814815 0.5895833333333333 0.5370370370370371 0.5921875 0.5342592592592592 0.603125 0.5009259259259259 0.603125 0.4898148148148148 0.59375 0.4888888888888889 0.5942708333333333 0.46574074074074073 0.5979166666666667 0.45925925925925926 0.5942708333333333 0.4564814814814815 0.5927083333333333 0.44814814814814813 0.58125 0.44166666666666665 0.5651041666666666 0.44814814814814813 0.5572916666666666 0.44814814814814813 0.5479166666666667 0.4546296296296296 0.5432291666666667 0.4546296296296296 0.534375 0.4722222222222222 0.5046875 0.4981481481481482 0.49895833333333334 0.5064814814814815 0.4942708333333333 0.5203703703703704 0.4947916666666667 0.55 0.496875 0.5685185185185185 0.48854166666666665 0.5777777777777777 0.4869791666666667 0.587037037037037 0.48385416666666664 0.5925925925925926 0.46927083333333336 0.6074074074074074 0.4625 0.6212962962962963