1 0.19427083333333334 0.08888888888888889 0.18802083333333333 0.10185185185185185 0.18802083333333333 0.11018518518518519 0.19010416666666666 0.11388888888888889 0.2 0.11388888888888889 0.2078125 0.10740740740740741 0.209375 0.0962962962962963 0.20520833333333333 0.08055555555555556 0.2 0.08055555555555556 0.19427083333333334 0.08888888888888889
1 0.11197916666666667 0.06851851851851852 0.1109375 0.08888888888888889 0.11354166666666667 0.0962962962962963 0.1171875 0.09814814814814815 0.12291666666666666 0.09166666666666666 0.125 0.075 0.12239583333333333 0.06851851851851852 0.11822916666666666 0.06481481481481481 0.115625 0.06388888888888888 0.11197916666666667 0.06851851851851852
1 0.8161458333333333 0.9148148148148149 0.8161458333333333 0.9185185185185185 0.8234375 0.9166666666666666 0.8208333333333333 0.9138888888888889 0.8161458333333333 0.9148148148148149
1 0.81875 0.9027777777777778 0.8182291666666667 0.9046296296296297 0.8203125 0.9046296296296297 0.81875 0.9027777777777778
1 0.9666666666666667 0.8731481481481481 0.9651041666666667 0.8759259259259259 0.9697916666666667 0.8759259259259259 0.9666666666666667 0.8731481481481481
1 0.8161458333333333 0.8342592592592593 0.815625 0.837037037037037 0.8177083333333334 0.837037037037037 0.8182291666666667 0.8351851851851851 0.8161458333333333 0.8342592592592593
1 0.9453125 0.8305555555555556 0.940625 0.8314814814814815 0.9427083333333334 0.837037037037037 0.9473958333333333 0.837037037037037 0.9447916666666667 0.8333333333333334 0.9453125 0.8305555555555556
1 0.8208333333333333 0.8236111111111111 0.0020833333333333333 0.000925925925925926
1 0.8135416666666667 0.8212962962962963 0.8114583333333333 0.8231481481481482 0.8135416666666667 0.8240740740740741 0.8135416666666667 0.8212962962962963
1 0.9354166666666667 0.7907407407407407 0.9375 0.8027777777777778 0.9333333333333333 0.8074074074074075 0.940625 0.8101851851851852 0.94375 0.8074074074074075 0.94375 0.8009259259259259 0.9489583333333333 0.8009259259259259 0.9557291666666666 0.7962962962962963 0.9578125 0.8018518518518518 0.9572916666666667 0.8064814814814815 0.9619791666666667 0.8111111111111111 0.9645833333333333 0.825 0.9619791666666667 0.8268518518518518 0.9598958333333333 0.8351851851851851 0.9505208333333334 0.8351851851851851 0.9494791666666667 0.8435185185185186 0.946875 0.8472222222222222 0.9541666666666667 0.8546296296296296 0.95625 0.8638888888888889 0.9604166666666667 0.8648148148148148 0.9619791666666667 0.862037037037037 0.9604166666666667 0.8583333333333333 0.9619791666666667 0.8555555555555555 0.9598958333333333 0.8490740740740741 0.9604166666666667 0.8444444444444444 0.971875 0.8351851851851851 0.9765625 0.8194444444444444 0.9755208333333333 0.8166666666666667 0.9786458333333333 0.8138888888888889 0.9739583333333334 0.7898148148148149 0.9677083333333333 0.7805555555555556 0.9604166666666667 0.7851851851851852 0.9552083333333333 0.7842592592592592 0.9541666666666667 0.7824074074074074 0.95625 0.7777777777777778 0.9515625 0.7759259259259259 0.9494791666666667 0.7796296296296297 0.9484375 0.7777777777777778 0.9427083333333334 0.7888888888888889 0.9354166666666667 0.7907407407407407
1 0.89375 0.6944444444444444 0.8942708333333333 0.6981481481481482 0.8984375 0.6962962962962963 0.89375 0.6944444444444444
1 0.5098958333333333 0.6694444444444444 0.5104166666666666 0.6731481481481482 0.5151041666666667 0.6759259259259259 0.5151041666666667 0.6805555555555556 0.5177083333333333 0.6851851851851852 0.5171875 0.6888888888888889 0.5291666666666667 0.6916666666666667 0.5291666666666667 0.687037037037037 0.5244791666666667 0.6842592592592592 0.5166666666666667 0.6694444444444444 0.5151041666666667 0.6731481481481482 0.5130208333333334 0.6731481481481482 0.5130208333333334 0.6685185185185185 0.5098958333333333 0.6694444444444444
1 0.9020833333333333 0.5777777777777777 0.9005208333333333 0.5805555555555556 0.9005208333333333 0.5981481481481481 0.9036458333333334 0.6046296296296296 0.9072916666666667 0.6092592592592593 0.9109375 0.6074074074074074 0.9192708333333334 0.612037037037037 0.925 0.6101851851851852 0.9265625 0.5907407407407408 0.9291666666666667 0.587037037037037 0.9286458333333333 0.5824074074074074 0.9239583333333333 0.5851851851851851 0.9177083333333333 0.5740740740740741 0.9151041666666667 0.5731481481481482 0.9114583333333334 0.5777777777777777 0.9020833333333333 0.5777777777777777
1 0.41822916666666665 0.22870370370370371 0.4161458333333333 0.2675925925925926 0.41822916666666665 0.3037037037037037 0.42864583333333334 0.3416666666666667 0.43125 0.3675925925925926 0.4375 0.39351851851851855 0.4510416666666667 0.42962962962962964 0.4578125 0.45740740740740743 0.48072916666666665 0.5101851851851852 0.4895833333333333 0.5370370370370371 0.4921875 0.5398148148148149 0.4953125 0.5564814814814815 0.5046875 0.5777777777777777 0.5046875 0.5842592592592593 0.5104166666666666 0.5907407407407408 0.5119791666666667 0.5981481481481481 0.5166666666666667 0.6037037037037037 0.5192708333333333 0.612037037037037 0.5229166666666667 0.6148148148148148 0.5276041666666667 0.6305555555555555 0.5333333333333333 0.6370370370370371 0.5458333333333333 0.6592592592592592 0.5494791666666666 0.6601851851851852 0.5614583333333333 0.6824074074074075 0.5557291666666667 0.6962962962962963 0.55 0.6888888888888889 0.5390625 0.6907407407407408 0.5359375 0.6824074074074075 0.5354166666666667 0.6953703703703704 0.5427083333333333 0.7027777777777777 0.5390625 0.712037037037037 0.5421875 0.7185185185185186 0.5416666666666666 0.7231481481481481 0.5453125 0.7277777777777777 0.5432291666666667 0.7305555555555555 0.5442708333333334 0.7342592592592593 0.5421875 0.7398148148148148 0.5458333333333333 0.7398148148148148 0.5484375 0.7435185185185185 0.5442708333333334 0.7472222222222222 0.5453125 0.7546296296296297 0.5505208333333333 0.7574074074074074 0.5604166666666667 0.7527777777777778 0.5614583333333333 0.7574074074074074 0.5588541666666667 0.7620370370370371 0.5630208333333333 0.7685185185185185 0.584375 0.7685185185185185 0.5838541666666667 0.7731481481481481 0.5786458333333333 0.7777777777777778 0.5791666666666667 0.7796296296296297 0.5927083333333333 0.7851851851851852 0.5947916666666667 0.7935185185185185 0.5984375 0.7935185185185185 0.6494791666666667 0.837037037037037 0.6520833333333333 0.837037037037037 0.6682291666666667 0.8592592592592593 0.684375 0.8685185185185185 0.6880208333333333 0.8731481481481481 0.715625 0.8796296296296297 0.7166666666666667 0.8824074074074074 0.7192708333333333 0.8777777777777778 0.7234375 0.8777777777777778 0.725 0.8805555555555555 0.725 0.8870370370370371 0.7359375 0.8898148148148148 0.7401041666666667 0.8935185185185185 0.7536458333333333 0.8935185185185185 0.7567708333333333 0.8870370370370371 0.7557291666666667 0.8805555555555555 0.7583333333333333 0.8759259259259259 0.7583333333333333 0.8703703703703703 0.7625 0.8685185185185185 0.7682291666666666 0.8731481481481481 0.7729166666666667 0.8731481481481481 0.7744791666666667 0.8759259259259259 0.7729166666666667 0.8796296296296297 0.7744791666666667 0.8805555555555555 0.784375 0.8805555555555555 0.7848958333333333 0.8777777777777778 0.7875 0.8777777777777778 0.7890625 0.8824074074074074 0.7875 0.8898148148148148 0.7895833333333333 0.8935185185185185 0.7927083333333333 0.8888888888888888 0.7932291666666667 0.8935185185185185 0.7947916666666667 0.8805555555555555 0.8046875 0.8777777777777778 0.8067708333333333 0.8851851851851852 0.8083333333333333 0.8870370370370371 0.8119791666666667 0.8814814814814815 0.8125 0.8870370370370371 0.8151041666666666 0.8759259259259259 0.821875 0.8722222222222222 0.8260416666666667 0.8638888888888889 0.8270833333333333 0.8666666666666667 0.8411458333333334 0.8685185185185185 0.8432291666666667 0.8722222222222222 0.8416666666666667 0.8759259259259259 0.8348958333333333 0.8759259259259259 0.8317708333333333 0.8796296296296297 0.8333333333333334 0.8824074074074074 0.83125 0.8898148148148148 0.8348958333333333 0.8888888888888888 0.8416666666666667 0.8972222222222223 0.8395833333333333 0.9009259259259259 0.83125 0.9027777777777778 0.83125 0.9092592592592592 0.8421875 0.9101851851851852 0.8442708333333333 0.9138888888888889 0.8442708333333333 0.9185185185185185 0.853125 0.9166666666666666 0.8552083333333333 0.9120370370370371 0.8572916666666667 0.9185185185185185 0.8625 0.9194444444444444 0.8682291666666667 0.9185185185185185 0.86875 0.9120370370370371 0.878125 0.9074074074074074 0.8796875 0.8944444444444445 0.8708333333333333 0.8833333333333333 0.8692708333333333 0.8777777777777778 0.8645833333333334 0.875 0.8692708333333333 0.8666666666666667 0.86875 0.8574074074074074 0.8666666666666667 0.8574074074074074 0.8640625 0.8518518518518519 0.8671875 0.8388888888888889 0.8666666666666667 0.8324074074074074 0.8625 0.8277777777777777 0.85625 0.8296296296296296 0.8520833333333333 0.8166666666666667 0.8487848958333333 0.8166666666666667 0.8505208333333333 0.7666666666666667 0.8598958333333333 0.7666666666666667 0.8630208333333333 0.7620370370370371 0.8697916666666666 0.7666666666666667 0.8723958333333334 0.7759259259259259 0.8760416666666667 0.7759259259259259 0.8770833333333333 0.7666666666666667 0.8796875 0.7638888888888888 0.8802083333333334 0.7574074074074074 0.8828125 0.7555555555555555 0.8833333333333333 0.7481481481481481 0.88125 0.7425925925925926 0.884375 0.7398148148148148 0.8869791666666667 0.7305555555555555 0.8822916666666667 0.7157407407407408 0.8822916666666667 0.7092592592592593 0.884375 0.7055555555555556 0.8828125 0.7 0.8848958333333333 0.6962962962962963 0.8848958333333333 0.6916666666666667 0.8817708333333333 0.687962962962963 0.8807291666666667 0.6824074074074075 0.878125 0.6814814814814815 0.8796875 0.6796296296296296 0.8802083333333334 0.6666666666666666 0.8770833333333333 0.6611111111111111 0.8765625 0.6546296296296297 0.88125 0.6388888888888888 0.8791666666666667 0.6259259259259259 0.8770833333333333 0.6222222222222222 0.8802083333333334 0.612037037037037 0.878125 0.5805555555555556 0.88125 0.562037037037037 0.8817708333333333 0.5462962962962963 0.8869791666666667 0.5324074074074074 0.8989583333333333 0.5231481481481481 0.909375 0.524074074074074 0.9296875 0.5370370370370371 0.9427083333333334 0.5398148148148149 0.94375 0.537962962962963 0.9453125 0.5416666666666666 0.9494791666666667 0.5435185185185185 0.95 0.5305555555555556 0.9552083333333333 0.5259259259259259 0.9682291666666667 0.5212962962962963 0.9697916666666667 0.5166666666666667 0.978125 0.5092592592592593 0.98125 0.5009259259259259 0.9859375 0.4962962962962963 0.9973958333333334 0.4648148148148148 0.9994791666666667 0.4638888888888889 0.9994791666666667 0.4212962962962963 0.9963541666666667 0.41759259259259257 0.9953125 0.4064814814814815 0.9973958333333334 0.4009259259259259 0.9973958333333334 0.3861111111111111 0.9994791666666667 0.3851851851851852 0.9994791666666667 0.3398148148148148 0.9942708333333333 0.3351851851851852 0.9953125 0.3194444444444444 0.9994791666666667 0.3148148148148148 0.9994791666666667 0.2935185185185185 0.9973958333333334 0.29259259259259257 0.9994791666666667 0.28888888888888886 0.9994791666666667 0.28055555555555556 0.9958333333333333 0.27870370370370373 0.9994791666666667 0.27314814814814814 0.9994791666666667 0.1962962962962963 0.9885416666666667 0.17777777777777778 0.9859375 0.1638888888888889 0.9880208333333333 0.1574074074074074 0.9880208333333333 0.14907407407407408 0.9942708333333333 0.14351851851851852 0.9953125 0.13796296296296295 0.9994791666666667 0.13518518518518519 0.9994791666666667 0.06851851851851852 0.9911458333333333 0.05277777777777778 0.9932291666666667 0.046296296296296294 0.9994791666666667 0.041666666666666664 0.9994791666666667 0.007407407407407408 0.9958333333333333 0.007407407407407408 0.9932291666666667 0.002777777777777778 0.9895833333333334 0.002777777777777778 0.9880208333333333 0 0.971875 0 0.9635416666666666 0.005555555555555556 0.9473958333333333 0.002777777777777778 0.9307291666666667 0.002777777777777778 0.9276041666666667 0.005555555555555556 0.9182291666666667 0 0.9020833333333333 0 0.8994791666666667 0.002777777777777778 0.878125 0.007407407407407408 0.8645833333333334 0.004629629629629629 0.8604166666666667 0 0.8390625 0 0.8369791666666667 0.002777777777777778 0.8213541666666667 0.004629629629629629 0.7958333333333333 0.004629629629629629 0.790625 0 0.7630208333333334 0 0.7609375 0.002777777777777778 0.75625 0 0.7296875 0 0.7213541666666666 0.004629629629629629 0.6916666666666667 0.004629629629629629 0.6786458333333333 0 0.675 0.002777777777777778 0.63125 0.005555555555555556 0.603125 0.002777777777777778 0.6 0 0.5729166666666666 0 0.5682291666666667 0.002777777777777778 0.5364583333333334 0 0.5322916666666667 0.002777777777777778 0.5151041666666667 0.002777777777777778 0.5125 0.005555555555555556 0.5010416666666667 0 0.4630208333333333 0 0.4578125 0.006481481481481481 0.45625 0.016666666666666666 0.45260416666666664 0.023148148148148147 0.4473958333333333 0.05 0.4401041666666667 0.06944444444444445 0.434375 0.10277777777777777 0.43125 0.1111111111111111 0.43020833333333336 0.125 0.425 0.14351851851851852 0.4234375 0.1935185185185185 0.42083333333333334 0.20092592592592592 0.41822916666666665 0.22870370370370371
1 0.96875 0.9435185185185185 0.96875 0.962037037037037 0.9739583333333334 0.9712962962962963 0.978125 0.9712962962962963 0.9885416666666667 0.9574074074074074 0.9885416666666667 0.9444444444444444 0.9807291666666667 0.9351851851851852 0.9739583333333334 0.9351851851851852 0.96875 0.9435185185185185
1 0.23333333333333334 0.4398148148148148 0.23125 0.4638888888888889 0.23697916666666666 0.48055555555555557 0.24114583333333334 0.4824074074074074 0.26875 0.48055555555555557 0.27291666666666664 0.47314814814814815 0.26979166666666665 0.4666666666666667 0.26927083333333335 0.45185185185185184 0.2760416666666667 0.44166666666666665 0.2786458333333333 0.44166666666666665 0.275 0.4324074074074074 0.2713541666666667 0.4101851851851852 0.26875 0.4046296296296296 0.26510416666666664 0.4027777777777778 0.2604166666666667 0.4074074074074074 0.2552083333333333 0.425 0.2390625 0.42592592592592593 0.23697916666666666 0.42777777777777776 0.23333333333333334 0.4398148148148148
3 0.16510416666666666 0 0 0 0 0.3351851851851852 0.029166666666666667 0.33055555555555555 0.043229166666666666 0.32407407407407407 0.046875 0.31666666666666665 0.04739583333333333 0.30277777777777776 0.043229166666666666 0.2851851851851852 0.03802083333333333 0.2759259259259259 0.03802083333333333 0.26944444444444443 0.096875 0.28055555555555556 0.11197916666666667 0.28055555555555556 0.12864583333333332 0.2712962962962963 0.1421875 0.2574074074074074 0.15625 0.22962962962962963 0.16041666666666668 0.19166666666666668 0.15572916666666667 0.16944444444444445 0.15208333333333332 0.1638888888888889 0.153125 0.16111111111111112 0.15677083333333333 0.16018518518518518 0.17239583333333333 0.16666666666666666 0.19739583333333333 0.16666666666666666 0.22864583333333333 0.13703703703703704 0.24114583333333334 0.11851851851851852 0.2453125 0.1 0.24583333333333332 0.07962962962962963 0.24322916666666666 0.06481481481481481 0.2359375 0.04814814814814815 0.22135416666666666 0.03425925925925926 0.209375 0.018518518518518517 0.19895833333333332 0.010185185185185186 0.16510416666666666 0