1 0.8270833333333333 0.31296296296296294 0.8239583333333333 0.3425925925925926 0.83125 0.3592592592592593 0.8359375 0.362962962962963 0.8369791666666667 0.3731481481481482 0.8354166666666667 0.3907407407407407 0.8369791666666667 0.4 0.8416666666666667 0.4074074074074074 0.8473958333333333 0.42314814814814816 0.853125 0.4583333333333333 0.8520833333333333 0.46944444444444444 0.8541666666666666 0.47314814814814815 0.8541666666666666 0.5138888888888888 0.8510416666666667 0.5212962962962963 0.8489583333333334 0.5638888888888889 0.8458333333333333 0.5731481481481482 0.8473958333333333 0.5777777777777777 0.8447916666666667 0.5824074074074074 0.8447916666666667 0.5916666666666667 0.8572916666666667 0.5916666666666667 0.9166666666666666 0.5731481481481482 0.9427083333333334 0.5712962962962963 0.9671875 0.5574074074074075 0.9875 0.5546296296296296 0.9947916666666666 0.55 0.9963541666666667 0.5462962962962963 0.9994791666666667 0.5462962962962963 0.9994791666666667 0.5185185185185185 0.9932291666666667 0.5101851851851852 0.9921875 0.5027777777777778 0.9880208333333333 0.49907407407407406 0.9911458333333333 0.49166666666666664 0.9994791666666667 0.48703703703703705 0.9994791666666667 0.46944444444444444 0.9921875 0.4685185185185185 0.9875 0.462037037037037 0.9875 0.44074074074074077 0.9911458333333333 0.4324074074074074 0.9890625 0.42962962962962964 0.9895833333333334 0.42685185185185187 0.9994791666666667 0.4212962962962963 0.9994791666666667 0.39814814814814814 0.9927083333333333 0.38981481481481484 0.99375 0.37222222222222223 0.9963541666666667 0.36203703703703705 0.9994791666666667 0.36018518518518516 0.9994791666666667 0.3574074074074074 0.996875 0.3611111111111111 0.9942708333333333 0.35462962962962963 0.9942708333333333 0.3509259259259259 0.9973958333333334 0.34814814814814815 0.9958333333333333 0.34629629629629627 0.9973958333333334 0.3416666666666667 0.9942708333333333 0.33611111111111114 0.9958333333333333 0.3277777777777778 0.9932291666666667 0.3148148148148148 0.9880208333333333 0.3138888888888889 0.9802083333333333 0.30277777777777776 0.9729166666666667 0.3 0.9557291666666666 0.28055555555555556 0.9505208333333334 0.2777777777777778 0.9442708333333333 0.2796296296296296 0.9380208333333333 0.27314814814814814 0.9291666666666667 0.26944444444444443 0.9140625 0.26851851851851855 0.9057291666666667 0.2601851851851852 0.9 0.25925925925925924 0.8911458333333333 0.24814814814814815 0.8885416666666667 0.24814814814814815 0.8833333333333333 0.23981481481481481 0.8729166666666667 0.2388888888888889 0.86875 0.2324074074074074 0.8640625 0.2324074074074074 0.8583333333333333 0.22777777777777777 0.8510416666666667 0.22777777777777777 0.8442708333333333 0.23981481481481481 0.84375 0.25092592592592594 0.8375 0.26851851851851855 0.8291666666666667 0.3101851851851852 0.8270833333333333 0.31296296296296294
1 0.9317708333333333 0.20277777777777778 0.93125 0.20555555555555555 0.9375 0.2074074074074074 0.9385416666666667 0.21203703703703702 0.9447916666666667 0.21481481481481482 0.946875 0.21481481481481482 0.95 0.20555555555555555 0.9494791666666667 0.20092592592592592 0.9458333333333333 0.2 0.9427083333333334 0.20277777777777778 0.9317708333333333 0.20277777777777778
1 0.8036458333333333 0.17685185185185184 0.8036458333333333 0.18518518518518517 0.8072916666666666 0.18518518518518517 0.8083333333333333 0.17777777777777778 0.8036458333333333 0.17685185185185184
1 0.775 0.13240740740740742 0.7703125 0.1388888888888889 0.7760416666666666 0.14629629629629629 0.7796875 0.14629629629629629 0.7786458333333334 0.13703703703703704 0.7765625 0.13703703703703704 0.775 0.13240740740740742
1 0.9 0.06851851851851852 0.8984375 0.0712962962962963 0.9020833333333333 0.0712962962962963 0.9 0.06851851851851852
1 0.8932291666666666 0.062037037037037036 0.8927083333333333 0.06388888888888888 0.8953125 0.06388888888888888 0.8932291666666666 0.062037037037037036
1 0.9 0.05555555555555555 0.8994791666666667 0.05740740740740741 0.9 0.05555555555555555
1 0.8942708333333333 0.04814814814814815 0.89375 0.05 0.8942708333333333 0.04814814814814815
1 0.8973958333333333 0.03888888888888889 0.89375 0.041666666666666664 0.8963541666666667 0.04814814814814815 0.9010416666666666 0.04351851851851852 0.9005208333333333 0.03981481481481482 0.8973958333333333 0.03888888888888889
1 0.9171875 0.027777777777777776 0.9135416666666667 0.028703703703703703 0.9171875 0.027777777777777776
1 0.8963541666666667 0.025925925925925925 0.8963541666666667 0.02962962962962963 0.9005208333333333 0.02962962962962963 0.8963541666666667 0.025925925925925925
1 0.7020833333333333 0.010185185185185186 0.7010416666666667 0.012037037037037037 0.7052083333333333 0.010185185185185186 0.7020833333333333 0.010185185185185186
1 0.6875 0.010185185185185186 0.6848958333333334 0.013888888888888888 0.6885416666666667 0.018518518518518517 0.6916666666666667 0.013888888888888888 0.6890625 0.009259259259259259 0.6875 0.010185185185185186
1 0.7072916666666667 0.009259259259259259 0.7067708333333333 0.012037037037037037 0.7119791666666667 0.012037037037037037 0.7125 0.007407407407407408 0.7072916666666667 0.009259259259259259
1 0.709375 0.005092592592592593 0.0010416666666666667 0.000925925925925926
1 0.6885416666666667 0.004629629629629629 0.6885416666666667 0.007407407407407408 0.6885416666666667 0.004629629629629629
1 0.30520833333333336 0.004629629629629629 0.2921875 0.004629629629629629 0.29583333333333334 0.007407407407407408 0.30520833333333336 0.004629629629629629
1 0.4083333333333333 0.08981481481481482 0.40729166666666666 0.11018518518518519 0.40989583333333335 0.1259259259259259 0.4088541666666667 0.13240740740740742 0.4166666666666667 0.16944444444444445 0.4197916666666667 0.20277777777777778 0.4239583333333333 0.21481481481481482 0.425 0.22870370370370371 0.42864583333333334 0.23796296296296296 0.4317708333333333 0.2675925925925926 0.4375 0.29259259259259257 0.43802083333333336 0.30925925925925923 0.44114583333333335 0.3194444444444444 0.44479166666666664 0.35 0.45260416666666664 0.387037037037037 0.45625 0.39814814814814814 0.46145833333333336 0.4046296296296296 0.465625 0.4148148148148148 0.47604166666666664 0.4842592592592593 0.4875 0.5351851851851852 0.4901041666666667 0.5351851851851852 0.48854166666666665 0.5314814814814814 0.49895833333333334 0.5212962962962963 0.5015625 0.5148148148148148 0.5072916666666667 0.5138888888888888 0.5114583333333333 0.5092592592592593 0.51875 0.5101851851851852 0.5291666666666667 0.5185185185185185 0.5328125 0.5277777777777778 0.5369791666666667 0.5324074074074074 0.5380208333333333 0.5462962962962963 0.5432291666666667 0.5601851851851852 0.54375 0.5972222222222222 0.5421875 0.6027777777777777 0.5390625 0.6046296296296296 0.5385416666666667 0.612037037037037 0.53125 0.6305555555555555 0.5291666666666667 0.6472222222222223 0.5307291666666667 0.6555555555555556 0.5442708333333334 0.6620370370370371 0.5520833333333334 0.6759259259259259 0.5630208333333333 0.6824074074074075 0.571875 0.6925925925925925 0.5796875 0.7055555555555556 0.5817708333333333 0.7138888888888889 0.5864583333333333 0.7194444444444444 0.5875 0.7277777777777777 0.5927083333333333 0.7342592592592593 0.5932291666666667 0.7416666666666667 0.6119791666666666 0.7694444444444445 0.6197916666666666 0.7962962962962963 0.6296875 0.8138888888888889 0.634375 0.8166666666666667 0.64375 0.8351851851851851 0.6473958333333333 0.837037037037037 0.6625 0.8592592592592593 0.6723958333333333 0.8666666666666667 0.6817708333333333 0.8796296296296297 0.6916666666666667 0.8870370370370371 0.7026041666666667 0.9009259259259259 0.7078125 0.9046296296296297 0.7135416666666666 0.9046296296296297 0.7182291666666667 0.9009259259259259 0.721875 0.8925925925925926 0.7369791666666666 0.8759259259259259 0.7390625 0.8537037037037037 0.7416666666666667 0.8481481481481481 0.7458333333333333 0.8064814814814815 0.7473958333333334 0.8027777777777778 0.7515625 0.7518518518518519 0.7546875 0.7416666666666667 0.7619791666666667 0.6972222222222222 0.7661458333333333 0.6888888888888889 0.76875 0.6759259259259259 0.76875 0.6648148148148149 0.7625 0.6638888888888889 0.7614583333333333 0.6685185185185185 0.7578125 0.6685185185185185 0.75625 0.6638888888888889 0.7447916666666666 0.6638888888888889 0.7375 0.6555555555555556 0.7322916666666667 0.6555555555555556 0.7307291666666667 0.649074074074074 0.7255208333333333 0.6462962962962963 0.7234375 0.6416666666666667 0.7182291666666667 0.6416666666666667 0.7109375 0.6342592592592593 0.7098958333333333 0.6296296296296297 0.7057291666666666 0.6296296296296297 0.696875 0.6138888888888889 0.6932291666666667 0.6138888888888889 0.690625 0.6092592592592593 0.6911458333333333 0.6027777777777777 0.6838541666666667 0.587037037037037 0.6854166666666667 0.5842592592592593 0.6854166666666667 0.5648148148148148 0.6833333333333333 0.5601851851851852 0.6817708333333333 0.5462962962962963 0.6776041666666667 0.5425925925925926 0.6791666666666667 0.5351851851851852 0.6760416666666667 0.5268518518518519 0.6760416666666667 0.5157407407407407 0.6786458333333333 0.5092592592592593 0.6765625 0.4925925925925926 0.6765625 0.46944444444444444 0.68125 0.4527777777777778 0.6807291666666667 0.42962962962962964 0.6864583333333333 0.4212962962962963 0.6890625 0.4009259259259259 0.6921875 0.3962962962962963 0.69375 0.3851851851851852 0.7010416666666667 0.3638888888888889 0.7130208333333333 0.34444444444444444 0.7260416666666667 0.3351851851851852 0.7317708333333334 0.33425925925925926 0.7583333333333333 0.3351851851851852 0.7661458333333333 0.3416666666666667 0.7755208333333333 0.3416666666666667 0.7786458333333334 0.3388888888888889 0.7802083333333333 0.32685185185185184 0.7859375 0.31666666666666665 0.7880208333333333 0.30277777777777776 0.790625 0.29814814814814816 0.7942708333333334 0.26944444444444443 0.796875 0.2638888888888889 0.8005208333333333 0.24444444444444444 0.8036458333333333 0.23981481481481481 0.8078125 0.21481481481481482 0.8119791666666667 0.20277777777777778 0.8 0.18981481481481483 0.7953125 0.19166666666666668 0.7828125 0.1824074074074074 0.7822916666666667 0.17777777777777778 0.7770833333333333 0.17592592592592593 0.7770833333333333 0.1712962962962963 0.771875 0.1675925925925926 0.7578125 0.14444444444444443 0.7541666666666667 0.14629629629629629 0.7255208333333333 0.13518518518518519 0.7109375 0.12129629629629629 0.7072916666666667 0.11481481481481481 0.6947916666666667 0.10740740740740741 0.6885416666666667 0.0962962962962963 0.6859375 0.08055555555555556 0.6791666666666667 0.06666666666666667 0.6796875 0.06018518518518518 0.6828125 0.05462962962962963 0.6822916666666666 0.03888888888888889 0.6770833333333334 0.028703703703703703 0.6786458333333333 0.023148148148148147 0.6770833333333334 0.018518518518518517 0.6796875 0.013888888888888888 0.6708333333333333 0.002777777777777778 0.659375 0.002777777777777778 0.65625 0 0.6453125 0.002777777777777778 0.6005208333333333 0.002777777777777778 0.5973958333333333 0 0.5890625 0.002777777777777778 0.5619791666666667 0.002777777777777778 0.5588541666666667 0 0.5375 0 0.5354166666666667 0.002777777777777778 0.4557291666666667 0.002777777777777778 0.44583333333333336 0.009259259259259259 0.44479166666666664 0.004629629629629629 0.4348958333333333 0.004629629629629629 0.43333333333333335 0.007407407407407408 0.4322916666666667 0.004629629629629629 0.43333333333333335 0.009259259259259259 0.4317708333333333 0.014814814814814815 0.4348958333333333 0.010185185185185186 0.43645833333333334 0.014814814814814815 0.43854166666666666 0.013888888888888888 0.4421875 0.018518518518518517 0.4270833333333333 0.027777777777777776 0.428125 0.03148148148148148 0.4265625 0.03796296296296296 0.4197916666666667 0.05 0.4171875 0.06851851851851852 0.41041666666666665 0.08055555555555556 0.4083333333333333 0.08981481481481482
1 0.2078125 0 0.20572916666666666 0.003703703703703704 0.20625 0.007407407407407408 0.209375 0.018518518518518517 0.2125 0.023148148148148147 0.21302083333333333 0.03518518518518519 0.21927083333333333 0.05092592592592592 0.21927083333333333 0.06388888888888888 0.2265625 0.09074074074074075 0.2296875 0.09259259259259259 0.23072916666666668 0.1 0.234375 0.10462962962962963 0.23333333333333334 0.11481481481481481 0.23697916666666666 0.12685185185185185 0.2484375 0.15 0.2515625 0.15092592592592594 0.24895833333333334 0.15555555555555556 0.25104166666666666 0.1638888888888889 0.26979166666666665 0.18888888888888888 0.27395833333333336 0.19166666666666668 0.2755208333333333 0.20277777777777778 0.28125 0.21481481481481482 0.28229166666666666 0.23055555555555557 0.2859375 0.24259259259259258 0.2859375 0.25555555555555554 0.2890625 0.2611111111111111 0.28854166666666664 0.2675925925925926 0.29791666666666666 0.2898148148148148 0.3 0.3 0.3046875 0.3037037037037037 0.30625 0.3138888888888889 0.309375 0.31851851851851853 0.31302083333333336 0.33240740740740743 0.3177083333333333 0.337037037037037 0.33125 0.37592592592592594 0.3416666666666667 0.38425925925925924 0.35520833333333335 0.3824074074074074 0.3572916666666667 0.37592592592592594 0.3567708333333333 0.3537037037037037 0.3625 0.34444444444444444 0.3625 0.31574074074074077 0.36614583333333334 0.3138888888888889 0.3671875 0.3101851851851852 0.3651041666666667 0.2953703703703704 0.36875 0.2916666666666667 0.3651041666666667 0.2898148148148148 0.3645833333333333 0.2824074074074074 0.37083333333333335 0.2759259259259259 0.3692708333333333 0.2657407407407407 0.3729166666666667 0.2638888888888889 0.36822916666666666 0.262037037037037 0.365625 0.2675925925925926 0.3645833333333333 0.2601851851851852 0.35104166666666664 0.25462962962962965 0.35104166666666664 0.23333333333333334 0.3536458333333333 0.23055555555555557 0.353125 0.22592592592592592 0.3546875 0.22314814814814815 0.3515625 0.21203703703703702 0.35572916666666665 0.2074074074074074 0.35572916666666665 0.20277777777777778 0.35104166666666664 0.19907407407407407 0.35052083333333334 0.1925925925925926 0.353125 0.18888888888888888 0.35104166666666664 0.18518518518518517 0.35104166666666664 0.17777777777777778 0.3484375 0.17407407407407408 0.3411458333333333 0.17592592592592593 0.3375 0.17222222222222222 0.3380208333333333 0.16018518518518518 0.3359375 0.14907407407407408 0.3375 0.13703703703703704 0.33489583333333334 0.12314814814814815 0.32447916666666665 0.11944444444444445 0.32083333333333336 0.1111111111111111 0.32083333333333336 0.08703703703703704 0.3182291666666667 0.08425925925925926 0.3182291666666667 0.075 0.3145833333333333 0.06759259259259259 0.3151041666666667 0.05555555555555555 0.31302083333333336 0.049074074074074076 0.3125 0.037037037037037035 0.3072916666666667 0.016666666666666666 0.30416666666666664 0.016666666666666666 0.3 0.022222222222222223 0.296875 0.021296296296296296 0.28802083333333334 0.013888888888888888 0.2859375 0.009259259259259259 0.2786458333333333 0.009259259259259259 0.28020833333333334 0.004629629629629629 0.2640625 0.002777777777777778 0.26197916666666665 0 0.25833333333333336 0.005555555555555556 0.2557291666666667 0.005555555555555556 0.2552083333333333 0.002777777777777778 0.25052083333333336 0.002777777777777778 0.25 0.005555555555555556 0.24375 0.008333333333333333 0.24114583333333334 0.005555555555555556 0.2375 0.012962962962962963 0.234375 0.012037037037037037 0.23125 0.004629629629629629 0.21927083333333333 0.012037037037037037 0.2140625 0 0.2078125 0
3 0.9614583333333333 0 0.9609375 0.032407407407407406 0.9625 0.041666666666666664 0.9682291666666667 0.053703703703703705 0.96875 0.06111111111111111 0.9802083333333333 0.0824074074074074 0.9822916666666667 0.08981481481481482 0.9932291666666667 0.10277777777777777 0.9994791666666667 0.10555555555555556 0.9994791666666667 0.000925925925925926 0.9614583333333333 0
3 0.74375 0.8574074074074074 0.7432291666666667 0.8796296296296297 0.7447916666666666 0.8824074074074074 0.7776041666666667 0.8888888888888888 0.7828125 0.8962962962962963 0.7911458333333333 0.899074074074074 0.7994791666666666 0.912962962962963 0.80625 0.9351851851851852 0.8125 0.9435185185185185 0.8276041666666667 0.9546296296296296 0.8359375 0.9388888888888889 0.8390625 0.9203703703703704 0.853125 0.8805555555555555 0.8557291666666667 0.8472222222222222 0.8578125 0.8333333333333334 0.8619791666666666 0.8212962962962963 0.8635416666666667 0.7953703703703704 0.8703125 0.7694444444444445 0.8875 0.7388888888888889 0.8895833333333333 0.7388888888888889 0.9010416666666666 0.7231481481481481 0.9036458333333334 0.7231481481481481 0.9072916666666667 0.7166666666666667 0.925 0.7092592592592593 0.9265625 0.7055555555555556 0.9307291666666667 0.7046296296296296 0.9447916666666667 0.6916666666666667 0.9541666666666667 0.6888888888888889 0.9625 0.6777777777777778 0.96875 0.6759259259259259 0.9833333333333333 0.6601851851851852 0.9942708333333333 0.6592592592592592 0.9958333333333333 0.6509259259259259 0.9994791666666667 0.6481481481481481 0.9994791666666667 0.6138888888888889 0.9958333333333333 0.612037037037037 0.9958333333333333 0.6074074074074074 0.9994791666666667 0.6055555555555555 0.9994791666666667 0.5666666666666667 0.9963541666666667 0.5638888888888889 0.9723958333333333 0.5638888888888889 0.9479166666666666 0.5777777777777777 0.9072916666666667 0.5824074074074074 0.875 0.5916666666666667 0.8541666666666666 0.600925925925926 0.8479166666666667 0.600925925925926 0.8276041666666667 0.612037037037037 0.8119791666666667 0.6259259259259259 0.8067708333333333 0.6277777777777778 0.7953125 0.6398148148148148 0.7791666666666667 0.6648148148148149 0.7651041666666667 0.7074074074074074 0.7578125 0.7416666666666667 0.7473958333333334 0.8388888888888889 0.74375 0.8574074074074074