4 0.25677083333333334 0 0.28125 0 0.2890625 0.004629629629629629 0.3067708333333333 0.002777777777777778 0.309375 0 0.3953125 0 0.4140625 0.025 0.43645833333333334 0.06574074074074074 0.465625 0.10092592592592593 0.4875 0.11851851851851852 0.4942708333333333 0.1287037037037037 0.4953125 0.14907407407407408 0.49322916666666666 0.1638888888888889 0.4984375 0.20185185185185187 0.4979166666666667 0.2212962962962963 0.49583333333333335 0.22870370370370371 0.4901041666666667 0.23703703703703705 0.48854166666666665 0.24351851851851852 0.47708333333333336 0.24722222222222223 0.47552083333333334 0.25462962962962965 0.46979166666666666 0.26481481481481484 0.45364583333333336 0.2722222222222222 0.4484375 0.2675925925925926 0.4453125 0.2796296296296296 0.4473958333333333 0.2824074074074074 0.4479166666666667 0.2935185185185185 0.45989583333333334 0.2962962962962963 0.45989583333333334 0.30092592592592593 0.475 0.30925925925925923 0.4869791666666667 0.325 0.48802083333333335 0.33425925925925926 0.49270833333333336 0.3472222222222222 0.4973958333333333 0.3824074074074074 0.5104166666666666 0.4083333333333333 0.5234375 0.425 0.5291666666666667 0.4287037037037037 0.5333333333333333 0.4425925925925926 0.5364583333333334 0.46296296296296297 0.5197916666666667 0.47129629629629627 0.5166666666666667 0.4777777777777778 0.5130208333333334 0.5027777777777778 0.5125 0.5157407407407407 0.5213541666666667 0.5398148148148149 0.5234375 0.5537037037037037 0.5229166666666667 0.5638888888888889 0.5083333333333333 0.575925925925926 0.484375 0.5805555555555556 0.4734375 0.5907407407407408 0.46770833333333334 0.6055555555555555 0.46770833333333334 0.6157407407407407 0.4703125 0.6212962962962963 0.4786458333333333 0.6259259259259259 0.4791666666666667 0.6296296296296297 0.4703125 0.6314814814814815 0.4635416666666667 0.625 0.45989583333333334 0.6268518518518519 0.4583333333333333 0.6333333333333333 0.45364583333333336 0.6398148148148148 0.4479166666666667 0.6398148148148148 0.4354166666666667 0.6342592592592593 0.42916666666666664 0.6277777777777778 0.4239583333333333 0.6287037037037037 0.41354166666666664 0.6583333333333333 0.4125 0.675 0.42291666666666666 0.6907407407407408 0.4421875 0.7046296296296296 0.4453125 0.7111111111111111 0.4552083333333333 0.7129629629629629 0.4578125 0.7314814814814815 0.45729166666666665 0.7555555555555555 0.459375 0.7611111111111111 0.4552083333333333 0.7833333333333333 0.4630208333333333 0.8037037037037037 0.4552083333333333 0.8101851851851852 0.45677083333333335 0.8212962962962963 0.45 0.8351851851851851 0.4479166666666667 0.8444444444444444 0.4473958333333333 0.8731481481481481 0.44947916666666665 0.8787037037037037 0.4546875 0.8796296296296297 0.453125 0.8833333333333333 0.4583333333333333 0.8870370370370371 0.46197916666666666 0.8972222222222223 0.4671875 0.8935185185185185 0.46770833333333334 0.9037037037037037 0.4703125 0.9083333333333333 0.4786458333333333 0.9111111111111111 0.46979166666666666 0.9120370370370371 0.46770833333333334 0.9166666666666666 0.47291666666666665 0.9212962962962963 0.4703125 0.9259259259259259 0.4822916666666667 0.9287037037037037 0.4786458333333333 0.9314814814814815 0.4828125 0.9351851851851852 0.48072916666666665 0.9435185185185185 0.48333333333333334 0.9481481481481482 0.48333333333333334 0.9546296296296296 0.48541666666666666 0.9527777777777777 0.4864583333333333 0.9462962962962963 0.48489583333333336 0.9277777777777778 0.4875 0.9185185185185185 0.4875 0.9101851851851852 0.4942708333333333 0.9148148148148149 0.4984375 0.9277777777777778 0.4979166666666667 0.9351851851851852 0.4921875 0.9416666666666667 0.49270833333333336 0.9453703703703704 0.496875 0.9398148148148148 0.5135416666666667 0.9305555555555556 0.5223958333333333 0.9222222222222223 0.5255208333333333 0.9157407407407407 0.5354166666666667 0.9111111111111111 0.54375 0.9120370370370371 0.5494791666666666 0.9064814814814814 0.5640625 0.912962962962963 0.5682291666666667 0.9175925925925926 0.5729166666666666 0.9111111111111111 0.5807291666666666 0.9101851851851852 0.5864583333333333 0.9027777777777778 0.5932291666666667 0.9046296296296297 0.5927083333333333 0.9166666666666666 0.5973958333333333 0.9314814814814815 0.5932291666666667 0.9351851851851852 0.59375 0.9425925925925925 0.5895833333333333 0.9490740740740741 0.5953125 0.9574074074074074 0.5973958333333333 0.9574074074074074 0.596875 0.9527777777777777 0.6052083333333333 0.9407407407407408 0.6119791666666666 0.9388888888888889 0.615625 0.9324074074074075 0.6260416666666667 0.9287037037037037 0.6307291666666667 0.9314814814814815 0.6265625 0.9435185185185185 0.6223958333333334 0.9398148148148148 0.6140625 0.9490740740740741 0.6166666666666667 0.9527777777777777 0.6140625 0.9546296296296296 0.6145833333333334 0.9574074074074074 0.6213541666666667 0.9583333333333334 0.6255208333333333 0.9629629629629629 0.6119791666666666 0.9712962962962963 0.6125 0.975 0.6161458333333333 0.9731481481481481 0.6177083333333333 0.9768518518518519 0.6182291666666667 0.9824074074074074 0.6161458333333333 0.9861111111111112 0.603125 0.9861111111111112 0.6072916666666667 0.9944444444444445 0.5994791666666667 0.9944444444444445 0.5963541666666666 0.9898148148148148 0.5916666666666667 0.9916666666666667 0.5901041666666667 0.9888888888888889 0.5859375 0.9898148148148148 0.5848958333333333 0.9944444444444445 0.5729166666666666 0.9944444444444445 0.5708333333333333 0.9898148148148148 0.5630208333333333 0.9851851851851852 0.5635416666666667 0.9824074074074074 0.5703125 0.9796296296296296 0.5880208333333333 0.9787037037037037 0.5916666666666667 0.9675925925925926 0.6041666666666666 0.9731481481481481 0.5989583333333334 0.9768518518518519 0.6057291666666667 0.9796296296296296 0.6078125 0.9768518518518519 0.6057291666666667 0.9703703703703703 0.6072916666666667 0.9666666666666667 0.60625 0.9592592592592593 0.603125 0.9666666666666667 0.5953125 0.962037037037037 0.5833333333333334 0.9722222222222222 0.5776041666666667 0.9703703703703703 0.5838541666666667 0.962037037037037 0.5770833333333333 0.962037037037037 0.5723958333333333 0.9685185185185186 0.5744791666666667 0.9731481481481481 0.5713541666666667 0.975 0.5640625 0.9731481481481481 0.5572916666666666 0.9777777777777777 0.5447916666666667 0.975925925925926 0.5458333333333333 0.9814814814814815 0.5510416666666667 0.9787037037037037 0.55625 0.9944444444444445 0.5484375 0.9944444444444445 0.5463541666666667 0.9907407407407407 0.5432291666666667 0.9925925925925926 0.5432291666666667 0.9861111111111112 0.5359375 0.9861111111111112 0.5369791666666667 0.9944444444444445 0.49635416666666665 0.9990740740740741 0.49166666666666664 0.9898148148148148 0.48489583333333336 0.9833333333333333 0.4817708333333333 0.9842592592592593 0.48020833333333335 0.987037037037037 0.48125 0.9907407407407407 0.47604166666666664 0.9944444444444445 0.4588541666666667 0.9944444444444445 0.4552083333333333 0.9879629629629629 0.4583333333333333 0.9842592592592593 0.45625 0.9796296296296296 0.44427083333333334 0.9851851851851852 0.4348958333333333 0.9814814814814815 0.425 0.987037037037037 0.41875 0.9944444444444445 0.4125 0.9953703703703703 0.3875 0.9888888888888889 0.38333333333333336 0.9925925925925926 0.3796875 0.9851851851851852 0.3734375 0.9824074074074074 0.3359375 0.9851851851851852 0.3234375 0.9805555555555555 0.31927083333333334 0.9685185185185186 0.309375 0.9564814814814815 0.2911458333333333 0.9518518518518518 0.2859375 0.9518518518518518 0.2755208333333333 0.9638888888888889 0.25885416666666666 0.9694444444444444 0.24583333333333332 0.9787037037037037 0.18854166666666666 0.9805555555555555 0.16822916666666668 0.975925925925926 0.15989583333333332 0.9703703703703703 0.15625 0.9768518518518519 0.1546875 0.9851851851851852 0.15104166666666666 0.9805555555555555 0.14739583333333334 0.9805555555555555 0.140625 0.9879629629629629 0.12604166666666666 0.9925925925925926 0.11979166666666667 0.9879629629629629 0.1203125 0.9833333333333333 0.11614583333333334 0.975925925925926 0.10364583333333334 0.9296296296296296 0.059895833333333336 0.875 0.036458333333333336 0.8268518518518518 0.021875 0.8027777777777778 0 0.7759259259259259 0 0.5231481481481481 0.009375 0.5018518518518519 0.013541666666666667 0.4842592592592593 0.0484375 0.3861111111111111 0.1078125 0.25092592592592594 0.15729166666666666 0.15555555555555556 0.18854166666666666 0.10277777777777777 0.25677083333333334 0.000925925925925926
4 0.5567708333333333 0 0.5713541666666667 0 0.5796875 0.003703703703703704 0.5911458333333334 0 0.6276041666666666 0 0.6333333333333333 0.002777777777777778 0.6546875 0 0.6625 0.003703703703703704 0.7192708333333333 0.001851851851851852 0.7328125 0.004629629629629629 0.7510416666666667 0.003703703703703704 0.7588541666666667 0 0.7958333333333333 0 0.803125 0.003703703703703704 0.8098958333333334 0 0.8369791666666667 0 0.8416666666666667 0.002777777777777778 0.85 0.002777777777777778 0.8520833333333333 0 0.990625 0 0.9953125 0.005555555555555556 0.9973958333333334 0.020370370370370372 0.9994791666666667 0.021296296296296296 0.9994791666666667 0.09722222222222222 0.9979166666666667 0.09814814814814815 0.9994791666666667 0.1 0.9994791666666667 0.175 0.9963541666666667 0.17777777777777778 0.9973958333333334 0.18611111111111112 0.9994791666666667 0.18703703703703703 0.9994791666666667 0.20462962962962963 0.9973958333333334 0.2064814814814815 0.9973958333333334 0.21296296296296297 0.9994791666666667 0.21481481481481482 0.9994791666666667 0.21851851851851853 0.9973958333333334 0.21944444444444444 0.9994791666666667 0.22407407407407406 0.9994791666666667 0.25925925925925924 0.9973958333333334 0.2601851851851852 0.9973958333333334 0.26666666666666666 0.9994791666666667 0.26851851851851855 0.9994791666666667 0.3333333333333333 0.9979166666666667 0.33425925925925926 0.9994791666666667 0.3351851851851852 0.9994791666666667 0.4740740740740741 0.996875 0.47685185185185186 0.9953125 0.49444444444444446 0.9932291666666667 0.49907407407407406 0.9958333333333333 0.5064814814814815 0.9963541666666667 0.5175925925925926 0.9994791666666667 0.5203703703703704 0.9994791666666667 0.5370370370370371 0.9963541666666667 0.5388888888888889 0.9963541666666667 0.5601851851851852 0.9890625 0.5675925925925925 0.9947916666666666 0.5731481481481482 0.996875 0.5990740740740741 0.9994791666666667 0.600925925925926 0.9994791666666667 0.6240740740740741 0.9973958333333334 0.625 0.9958333333333333 0.6333333333333333 0.9916666666666667 0.6370370370370371 0.9927083333333333 0.6537037037037037 0.9994791666666667 0.6611111111111111 0.996875 0.6638888888888889 0.9963541666666667 0.6712962962962963 0.9994791666666667 0.6888888888888889 0.9958333333333333 0.6916666666666667 0.9880208333333333 0.7129629629629629 0.9791666666666666 0.7166666666666667 0.978125 0.7203703703703703 0.9822916666666667 0.7231481481481481 0.9822916666666667 0.7277777777777777 0.9734375 0.7277777777777777 0.9703125 0.7342592592592593 0.9708333333333333 0.737037037037037 0.9677083333333333 0.7407407407407407 0.9692708333333333 0.7444444444444445 0.9671875 0.7518518518518519 0.9703125 0.7564814814814815 0.9755208333333333 0.7564814814814815 0.98125 0.7509259259259259 0.9770833333333333 0.7435185185185185 0.984375 0.7324074074074074 0.9880208333333333 0.7407407407407407 0.9854166666666667 0.7481481481481481 0.9911458333333333 0.7518518518518519 0.990625 0.7546296296296297 0.9880208333333333 0.7583333333333333 0.9838541666666667 0.7583333333333333 0.9817708333333334 0.7675925925925926 0.9796875 0.7694444444444445 0.9661458333333334 0.7703703703703704 0.9572916666666667 0.774074074074074 0.9552083333333333 0.7777777777777778 0.9557291666666666 0.7805555555555556 0.9666666666666667 0.7814814814814814 0.9708333333333333 0.7787037037037037 0.978125 0.7842592592592592 0.978125 0.787962962962963 0.9734375 0.787962962962963 0.9697916666666667 0.7925925925925926 0.9677083333333333 0.7870370370370371 0.9630208333333333 0.7870370370370371 0.9588541666666667 0.7888888888888889 0.959375 0.7925925925925926 0.9572916666666667 0.7953703703703704 0.9526041666666667 0.7953703703703704 0.9510416666666667 0.7935185185185185 0.9520833333333333 0.7824074074074074 0.9489583333333333 0.7759259259259259 0.9328125 0.7675925925925926 0.9317708333333333 0.7555555555555555 0.9270833333333334 0.7611111111111111 0.9276041666666667 0.7759259259259259 0.925 0.7814814814814814 0.9276041666666667 0.8027777777777778 0.9317708333333333 0.8157407407407408 0.9359375 0.8185185185185185 0.9385416666666667 0.8101851851851852 0.940625 0.8101851851851852 0.9427083333333334 0.8148148148148148 0.9463541666666667 0.8148148148148148 0.95625 0.8231481481481482 0.9630208333333333 0.8240740740740741 0.971875 0.8305555555555556 0.9729166666666667 0.8351851851851851 0.9807291666666667 0.837037037037037 0.9822916666666667 0.8425925925925926 0.9947916666666666 0.85 0.9953125 0.8638888888888889 0.9885416666666667 0.8731481481481481 0.9942708333333333 0.8796296296296297 0.99375 0.887962962962963 0.9994791666666667 0.8972222222222223 0.9994791666666667 0.9157407407407407 0.9953125 0.9212962962962963 0.9947916666666666 0.9342592592592592 0.9901041666666667 0.9425925925925925 0.996875 0.9518518518518518 0.9953125 0.9601851851851851 0.9973958333333334 0.9675925925925926 0.9994791666666667 0.9685185185185186 0.9994791666666667 0.9898148148148148 0.996875 0.9944444444444445 0.9682291666666667 0.9953703703703703 0.9625 0.9944444444444445 0.9567708333333333 0.9888888888888889 0.9385416666666667 0.987037037037037 0.9380208333333333 0.9805555555555555 0.9421875 0.9768518518518519 0.9421875 0.9722222222222222 0.9317708333333333 0.9685185185185186 0.9291666666666667 0.9592592592592593 0.9317708333333333 0.9546296296296296 0.9364583333333333 0.9537037037037037 0.94375 0.9425925925925925 0.9484375 0.9212962962962963 0.9520833333333333 0.9166666666666666 0.9526041666666667 0.9120370370370371 0.95 0.9009259259259259 0.9510416666666667 0.8972222222222223 0.9421875 0.8861111111111111 0.9401041666666666 0.8759259259259259 0.9354166666666667 0.8777777777777778 0.9322916666666666 0.8712962962962963 0.9369791666666667 0.8703703703703703 0.9364583333333333 0.8657407407407407 0.9390625 0.8638888888888889 0.9484375 0.8638888888888889 0.9515625 0.8583333333333333 0.946875 0.8527777777777777 0.9354166666666667 0.8527777777777777 0.9286458333333333 0.8574074074074074 0.9260416666666667 0.8453703703703703 0.9302083333333333 0.8379629629629629 0.9244791666666666 0.8324074074074074 0.9213541666666667 0.8388888888888889 0.9234375 0.8481481481481481 0.9213541666666667 0.8518518518518519 0.9203125 0.8703703703703703 0.9239583333333333 0.8759259259259259 0.925 0.8888888888888888 0.9223958333333333 0.9287037037037037 0.9255208333333333 0.9462962962962963 0.9229166666666667 0.9564814814814815 0.9270833333333334 0.9629629629629629 0.9234375 0.9685185185185186 0.9270833333333334 0.9879629629629629 0.9244791666666666 0.9925925925925926 0.9171875 0.9953703703703703 0.8765625 0.9953703703703703 0.8765625 0.975 0.8807291666666667 0.9703703703703703 0.8796875 0.962037037037037 0.8833333333333333 0.9490740740740741 0.8895833333333333 0.9453703703703704 0.9046875 0.9472222222222222 0.9083333333333333 0.9416666666666667 0.9057291666666667 0.9388888888888889 0.8838541666666667 0.9388888888888889 0.8838541666666667 0.9351851851851852 0.8979166666666667 0.9314814814814815 0.8942708333333333 0.9268518518518518 0.8854166666666666 0.925 0.8838541666666667 0.9212962962962963 0.8786458333333333 0.8907407407407407 0.8807291666666667 0.8722222222222222 0.8770833333333333 0.8305555555555556 0.875 0.8212962962962963 0.865625 0.8055555555555556 0.8645833333333334 0.7953703703703704 0.8614583333333333 0.7870370370370371 0.8635416666666667 0.7666666666666667 0.8583333333333333 0.7481481481481481 0.8572916666666667 0.7342592592592593 0.8536458333333333 0.7268518518518519 0.8630208333333333 0.7231481481481481 0.8588541666666667 0.7111111111111111 0.8557291666666667 0.7129629629629629 0.8541666666666666 0.7027777777777777 0.8557291666666667 0.700925925925926 0.8588541666666667 0.7055555555555556 0.8635416666666667 0.7037037037037037 0.86875 0.6935185185185185 0.8677083333333333 0.6888888888888889 0.8635416666666667 0.6851851851851852 0.865625 0.6814814814814815 0.8651041666666667 0.675 0.8677083333333333 0.6657407407407407 0.859375 0.6564814814814814 0.85 0.6601851851851852 0.8447916666666667 0.6574074074074074 0.8489583333333334 0.6509259259259259 0.8526041666666667 0.6509259259259259 0.8557291666666667 0.6564814814814814 0.8578125 0.6537037037037037 0.8630208333333333 0.6564814814814814 0.8713541666666667 0.6555555555555556 0.8760416666666667 0.6509259259259259 0.8838541666666667 0.6546296296296297 0.8822916666666667 0.6509259259259259 0.8854166666666666 0.65 0.8869791666666667 0.6435185185185185 0.8921875 0.6416666666666667 0.9010416666666666 0.6324074074074074 0.9046875 0.6138888888888889 0.9104166666666667 0.6055555555555555 0.9083333333333333 0.6018518518518519 0.9083333333333333 0.5962962962962963 0.9041666666666667 0.6037037037037037 0.8984375 0.5888888888888889 0.890625 0.5833333333333334 0.8833333333333333 0.5944444444444444 0.8755208333333333 0.600925925925926 0.8630208333333333 0.6083333333333333 0.8557291666666667 0.6074074074074074 0.8552083333333333 0.5944444444444444 0.8770833333333333 0.5703703703703704 0.8765625 0.5546296296296296 0.8703125 0.537962962962963 0.8557291666666667 0.5361111111111111 0.8458333333333333 0.5398148148148149 0.8395833333333333 0.55 0.834375 0.5527777777777778 0.8328125 0.5574074074074075 0.8364583333333333 0.5648148148148148 0.8505208333333333 0.5648148148148148 0.859375 0.5685185185185185 0.8604166666666667 0.5731481481481482 0.8385416666666666 0.575925925925926 0.8375 0.5842592592592593 0.840625 0.5888888888888889 0.8411458333333334 0.6 0.8348958333333333 0.6055555555555555 0.8244791666666667 0.6074074074074074 0.8 0.6287037037037037 0.7916666666666666 0.6398148148148148 0.7927083333333333 0.6462962962962963 0.7963541666666667 0.6518518518518519 0.8046875 0.6527777777777778 0.8307291666666666 0.6388888888888888 0.8369791666666667 0.6388888888888888 0.8416666666666667 0.6342592592592593 0.8567708333333334 0.6370370370370371 0.846875 0.6388888888888888 0.8479166666666667 0.6435185185185185 0.8427083333333333 0.6462962962962963 0.8432291666666667 0.6518518518518519 0.8307291666666666 0.6657407407407407 0.8291666666666667 0.6814814814814815 0.8255208333333334 0.6907407407407408 0.8072916666666666 0.7138888888888889 0.796875 0.7222222222222222 0.7583333333333333 0.7268518518518519 0.7307291666666667 0.725925925925926 0.7203125 0.7074074074074074 0.7182291666666667 0.6981481481481482 0.7177083333333333 0.6916666666666667 0.7223958333333333 0.6703703703703704 0.7359375 0.6425925925925926 0.7489583333333333 0.6222222222222222 0.7640625 0.6203703703703703 0.7703125 0.6037037037037037 0.7770833333333333 0.5981481481481481 0.7776041666666667 0.5879629629629629 0.7838541666666666 0.5703703703703704 0.7760416666666666 0.5611111111111111 0.7494791666666667 0.5666666666666667 0.7328125 0.5842592592592593 0.7223958333333333 0.5851851851851851 0.7026041666666667 0.5731481481481482 0.6854166666666667 0.5537037037037037 0.6729166666666667 0.5361111111111111 0.671875 0.5277777777777778 0.6682291666666667 0.5212962962962963 0.6651041666666667 0.5296296296296297 0.6619791666666667 0.5314814814814814 0.6536458333333334 0.5324074074074074 0.6510416666666666 0.5287037037037037 0.646875 0.5287037037037037 0.6458333333333334 0.5425925925925926 0.65 0.5611111111111111 0.6473958333333333 0.5787037037037037 0.6359375 0.6092592592592593 0.634375 0.625 0.6395833333333333 0.6592592592592592 0.6395833333333333 0.6694444444444444 0.64375 0.6759259259259259 0.6536458333333334 0.6787037037037037 0.6552083333333333 0.6944444444444444 0.6484375 0.6981481481481482 0.6432291666666666 0.6953703703703704 0.6348958333333333 0.7166666666666667 0.6270833333333333 0.7231481481481481 0.6223958333333334 0.7194444444444444 0.615625 0.6962962962962963 0.6052083333333333 0.6925925925925925 0.5869791666666667 0.675 0.5776041666666667 0.6527777777777778 0.5666666666666667 0.6361111111111111 0.5588541666666667 0.6027777777777777 0.5604166666666667 0.5916666666666667 0.559375 0.5407407407407407 0.5619791666666667 0.5324074074074074 0.5625 0.5055555555555555 0.5557291666666667 0.48148148148148145 0.5494791666666666 0.4685185185185185 0.5463541666666667 0.4675925925925926 0.5442708333333334 0.46296296296296297 0.534375 0.4222222222222222 0.5322916666666667 0.4185185185185185 0.5223958333333333 0.4148148148148148 0.5083333333333333 0.39444444444444443 0.5 0.37037037037037035 0.496875 0.35185185185185186 0.4979166666666667 0.3287037037037037 0.5010416666666667 0.3175925925925926 0.5083333333333333 0.30833333333333335 0.5151041666666667 0.30648148148148147 0.5114583333333333 0.2675925925925926 0.503125 0.21944444444444444 0.49947916666666664 0.16203703703703703 0.5020833333333333 0.1398148148148148 0.49635416666666665 0.1 0.496875 0.08611111111111111 0.5046875 0.03888888888888889 0.5083333333333333 0.020370370370370372 0.5151041666666667 0.002777777777777778 0.5442708333333334 0.004629629629629629 0.5567708333333333 0.000925925925925926
3 0.5921875 0.8972222222222223 0.6 0.9074074074074074 0.603125 0.9296296296296296 0.6130208333333333 0.9231481481481482 0.625 0.9212962962962963 0.6333333333333333 0.9231481481481482 0.6401041666666667 0.9314814814814815 0.6380208333333334 0.9574074074074074 0.6302083333333334 0.9703703703703703 0.6302083333333334 0.9768518518518519 0.6359375 0.9944444444444445 0.6296875 0.9990740740740741 0.5395833333333333 0.9990740740740741 0.5354166666666667 0.9962962962962963 0.5244791666666667 0.9962962962962963 0.5213541666666667 0.9990740740740741 0.4244791666666667 0.9990740740740741 0.4244791666666667 0.9944444444444445 0.43125 0.987037037037037 0.4552083333333333 0.9861111111111112 0.4869791666666667 0.95 0.5302083333333333 0.9074074074074074 0.5510416666666667 0.9009259259259259 0.5677083333333334 0.9120370370370371 0.5828125 0.9 0.5916666666666667 0.8972222222222223
3 0.5963541666666666 0.46944444444444444 0.6125 0.48055555555555557 0.6260416666666667 0.48518518518518516 0.6333333333333333 0.4842592592592593 0.6369791666666667 0.4935185185185185 0.6520833333333333 0.5574074074074075 0.6510416666666666 0.5703703703703704 0.6380208333333334 0.6157407407407407 0.6369791666666667 0.6333333333333333 0.6390625 0.649074074074074 0.6447916666666667 0.6509259259259259 0.6421875 0.6574074074074074 0.6432291666666666 0.6648148148148149 0.6479166666666667 0.6583333333333333 0.6541666666666667 0.6657407407407407 0.6588541666666666 0.687037037037037 0.6588541666666666 0.6953703703703704 0.6520833333333333 0.7018518518518518 0.6416666666666667 0.6990740740740741 0.6369791666666667 0.7185185185185186 0.6296875 0.7268518518518519 0.6213541666666667 0.7231481481481481 0.6135416666666667 0.6981481481481482 0.6020833333333333 0.6935185185185185 0.584375 0.6759259259259259 0.5765625 0.6555555555555556 0.565625 0.6361111111111111 0.5578125 0.6074074074074074 0.55625 0.5731481481481482 0.5572916666666666 0.5462962962962963 0.5609375 0.5185185185185185 0.5598958333333334 0.49722222222222223 0.5708333333333333 0.49537037037037035 0.5734375 0.49074074074074076 0.5833333333333334 0.4842592592592593 0.5791666666666667 0.47962962962962963 0.5796875 0.47685185185185186 0.5848958333333333 0.47685185185185186 0.5958333333333333 0.46944444444444444
3 0.696875 0.9564814814814815 0.7026041666666667 0.9611111111111111 0.7208333333333333 0.987037037037037 0.7229166666666667 0.9935185185185185 0.7223958333333333 0.9990740740740741 0.690625 0.9990740740740741 0.6822916666666666 0.9953703703703703 0.678125 0.9953703703703703 0.6755208333333333 0.9990740740740741 0.6578125 0.9990740740740741 0.6578125 0.9879629629629629 0.6645833333333333 0.9703703703703703 0.6682291666666667 0.9694444444444444 0.6765625 0.9787037037037037 0.6755208333333333 0.9629629629629629 0.6776041666666667 0.9583333333333334 0.6838541666666667 0.9555555555555556 0.6963541666666667 0.9564814814814815
3 0.8208333333333333 0.5611111111111111 0.8296875 0.5685185185185185 0.840625 0.5916666666666667 0.840625 0.5990740740740741 0.8354166666666667 0.6055555555555555 0.8317708333333333 0.6055555555555555 0.8104166666666667 0.6222222222222222 0.8041666666666667 0.6305555555555555 0.8041666666666667 0.6342592592592593 0.7932291666666667 0.6398148148148148 0.7921875 0.6444444444444445 0.7963541666666667 0.6518518518518519 0.8052083333333333 0.6527777777777778 0.8270833333333333 0.6388888888888888 0.8364583333333333 0.6388888888888888 0.825 0.6925925925925925 0.8 0.7240740740740741 0.7541666666666667 0.7268518518518519 0.740625 0.7314814814814815 0.7296875 0.7305555555555555 0.7234375 0.7203703703703703 0.7177083333333333 0.7027777777777777 0.7166666666666667 0.6916666666666667 0.7234375 0.662962962962963 0.73125 0.6546296296296297 0.7463541666666667 0.6231481481481481 0.7515625 0.6203703703703703 0.7640625 0.6222222222222222 0.76875 0.6092592592592593 0.7776041666666667 0.5981481481481481 0.7822916666666667 0.5787037037037037 0.7890625 0.5675925925925925 0.8 0.562037037037037 0.8203125 0.5611111111111111
3 0.1046875 0 0.13541666666666666 0 0.13645833333333332 0.006481481481481481 0.14479166666666668 0.017592592592592594 0.14791666666666667 0.025925925925925925 0.14479166666666668 0.04351851851851852 0.13802083333333334 0.05462962962962963 0.13229166666666667 0.05740740740740741 0.1234375 0.0712962962962963 0.11875 0.0712962962962963 0.115625 0.06666666666666667 0.11145833333333334 0.05092592592592592 0.1046875 0.000925925925925926
1 0.022916666666666665 0.014814814814814815 0.027604166666666666 0.020370370370370372 0.028645833333333332 0.025925925925925925 0.022916666666666665 0.044444444444444446 0.01875 0.05 0.0140625 0.05 0.009895833333333333 0.04537037037037037 0.008333333333333333 0.040740740740740744 0.008854166666666666 0.02962962962962963 0.014583333333333334 0.01574074074074074 0.022395833333333334 0.014814814814814815
1 0.6604166666666667 0.7018518518518518 0.665625 0.7083333333333334 0.6682291666666667 0.7194444444444444 0.6692708333333334 0.7490740740740741 0.6651041666666667 0.7657407407407407 0.6416666666666667 0.7962962962962963 0.6421875 0.8055555555555556 0.6463541666666667 0.8101851851851852 0.6401041666666667 0.8166666666666667 0.6401041666666667 0.8203703703703704 0.6354166666666666 0.8277777777777777 0.6432291666666666 0.8314814814814815 0.6416666666666667 0.8333333333333334 0.6421875 0.8379629629629629 0.640625 0.8407407407407408 0.6369791666666667 0.8388888888888889 0.6296875 0.8277777777777777 0.6276041666666666 0.8203703703703704 0.6354166666666666 0.8064814814814815 0.6359375 0.8009259259259259 0.6338541666666667 0.7962962962962963 0.6229166666666667 0.8037037037037037 0.6203125 0.8148148148148148 0.6161458333333333 0.8148148148148148 0.6151041666666667 0.8175925925925925 0.6213541666666667 0.8416666666666667 0.628125 0.8537037037037037 0.634375 0.8731481481481481 0.6338541666666667 0.8833333333333333 0.628125 0.8981481481481481 0.6229166666666667 0.9037037037037037 0.60625 0.9018518518518519 0.5989583333333334 0.8972222222222223 0.5958333333333333 0.8861111111111111 0.5932291666666667 0.8611111111111112 0.5869791666666667 0.8351851851851851 0.5880208333333333 0.8157407407407408 0.5864583333333333 0.7907407407407407 0.5880208333333333 0.762962962962963 0.5989583333333334 0.7194444444444444 0.60625 0.7055555555555556 0.6125 0.7046296296296296 0.6161458333333333 0.7166666666666667 0.615625 0.7231481481481481 0.6078125 0.7268518518518519 0.6057291666666667 0.7435185185185185 0.6026041666666667 0.7481481481481481 0.6026041666666667 0.7648148148148148 0.60625 0.7666666666666667 0.6229166666666667 0.7333333333333333 0.6348958333333333 0.725 0.6421875 0.7046296296296296 0.6598958333333333 0.7018518518518518
1 0.5229166666666667 0.7972222222222223 0.525 0.8055555555555556 0.5255208333333333 0.8481481481481481 0.5177083333333333 0.8546296296296296 0.5052083333333334 0.8583333333333333 0.5015625 0.8657407407407407 0.4890625 0.8703703703703703 0.484375 0.8685185185185185 0.49322916666666666 0.8462962962962963 0.4953125 0.8203703703703704 0.4979166666666667 0.8166666666666667 0.509375 0.8138888888888889 0.5223958333333333 0.7972222222222223
1 0.13125 0 0.16145833333333334 0 0.15572916666666667 0.013888888888888888 0.14791666666666667 0.020370370370370372 0.13958333333333334 0.01574074074074074 0.13125 0.000925925925925926
1 0.6682291666666667 0.7592592592592593 0.6723958333333333 0.7657407407407407 0.6838541666666667 0.7712962962962963 0.6854166666666667 0.7759259259259259 0.6859375 0.7861111111111111 0.6822916666666666 0.799074074074074 0.6828125 0.8074074074074075 0.6791666666666667 0.812962962962963 0.6796875 0.8175925925925925 0.6776041666666667 0.8222222222222222 0.6786458333333333 0.8333333333333334 0.6739583333333333 0.8379629629629629 0.675 0.8481481481481481 0.6703125 0.8481481481481481 0.6682291666666667 0.8361111111111111 0.6640625 0.8379629629629629 0.6671875 0.8416666666666667 0.6625 0.8453703703703703 0.6640625 0.8481481481481481 0.6609375 0.8481481481481481 0.6578125 0.8435185185185186 0.6526041666666667 0.8453703703703703 0.6401041666666667 0.8425925925925926 0.6359375 0.8388888888888889 0.6296875 0.8240740740740741 0.6317708333333333 0.812037037037037 0.6380208333333334 0.7972222222222223 0.6520833333333333 0.7833333333333333 0.6541666666666667 0.7777777777777778 0.6604166666666667 0.774074074074074 0.6682291666666667 0.7601851851851852
1 0.6125 0.8268518518518518 0.6192708333333333 0.8351851851851851 0.6354166666666666 0.8759259259259259 0.6296875 0.8953703703703704 0.6229166666666667 0.9037037037037037 0.6057291666666667 0.9027777777777778 0.5989583333333334 0.8981481481481481 0.59375 0.8768518518518519 0.59375 0.8583333333333333 0.5911458333333334 0.8490740740740741 0.590625 0.8342592592592593 0.5963541666666666 0.8296296296296296 0.6119791666666666 0.8268518518518518
1 0.21614583333333334 0 0.2520833333333333 0 0.24791666666666667 0.010185185185185186 0.23072916666666668 0.03148148148148148 0.2234375 0.024074074074074074 0.22083333333333333 0.013888888888888888 0.21614583333333334 0.006481481481481481 0.21614583333333334 0.000925925925925926
1 0.5536458333333333 0.7324074074074074 0.5640625 0.7416666666666667 0.5645833333333333 0.7490740740740741 0.5630208333333333 0.7509259259259259 0.5453125 0.7444444444444445 0.5463541666666667 0.7351851851851852 0.553125 0.7324074074074074
1 0.5234375 0.799074074074074 0.5255208333333333 0.8212962962962963 0.525 0.8481481481481481 0.5182291666666666 0.8537037037037037 0.5052083333333334 0.8574074074074074 0.5010416666666667 0.8657407407407407 0.48854166666666665 0.8703703703703703 0.48489583333333336 0.8694444444444445 0.48489583333333336 0.8657407407407407 0.49270833333333336 0.8481481481481481 0.4947916666666667 0.8212962962962963 0.4973958333333333 0.8166666666666667 0.5104166666666666 0.8138888888888889 0.5182291666666666 0.8018518518518518 0.5229166666666667 0.799074074074074
1 0.6619791666666667 0.7018518518518518 0.6661458333333333 0.7074074074074074 0.6692708333333334 0.7194444444444444 0.6697916666666667 0.75 0.6671875 0.7648148148148148 0.6625 0.7731481481481481 0.6505208333333333 0.7851851851851852 0.6505208333333333 0.7925925925925926 0.6432291666666666 0.7962962962962963 0.6458333333333334 0.8009259259259259 0.6515625 0.8037037037037037 0.6520833333333333 0.8101851851851852 0.6453125 0.8175925925925925 0.6442708333333333 0.825 0.6473958333333333 0.8314814814814815 0.6458333333333334 0.837037037037037 0.6473958333333333 0.8416666666666667 0.640625 0.8425925925925926 0.6364583333333333 0.8398148148148148 0.6270833333333333 0.8212962962962963 0.6223958333333334 0.8175925925925925 0.6265625 0.8185185185185185 0.6296875 0.8138888888888889 0.6338541666666667 0.8055555555555556 0.6333333333333333 0.799074074074074 0.6291666666666667 0.799074074074074 0.628125 0.8027777777777778 0.6229166666666667 0.8046296296296296 0.6203125 0.8148148148148148 0.6151041666666667 0.8157407407407408 0.6213541666666667 0.8416666666666667 0.628125 0.8527777777777777 0.6348958333333333 0.8759259259259259 0.63125 0.8916666666666667 0.6239583333333333 0.9037037037037037 0.6052083333333333 0.9018518518518519 0.5989583333333334 0.8972222222222223 0.5953125 0.8870370370370371 0.5932291666666667 0.862037037037037 0.5859375 0.8351851851851851 0.5869791666666667 0.8138888888888889 0.5854166666666667 0.7925925925925926 0.5880208333333333 0.7601851851851852 0.5989583333333334 0.7185185185185186 0.6088541666666667 0.7027777777777777 0.6135416666666667 0.7055555555555556 0.6161458333333333 0.7194444444444444 0.6078125 0.7277777777777777 0.6057291666666667 0.7444444444444445 0.6026041666666667 0.7481481481481481 0.6020833333333333 0.7648148148148148 0.6057291666666667 0.7675925925925926 0.621875 0.7342592592592593 0.6348958333333333 0.725 0.6427083333333333 0.7037037037037037 0.6614583333333334 0.7018518518518518
1 0.659375 0.7018518518518518 0.6645833333333333 0.7074074074074074 0.6682291666666667 0.7203703703703703 0.6671875 0.7305555555555555 0.66875 0.7481481481481481 0.665625 0.762962962962963 0.6473958333333333 0.7861111111111111 0.6260416666666667 0.799074074074074 0.6 0.825925925925926 0.5942708333333333 0.825925925925926 0.5916666666666667 0.8222222222222222 0.5880208333333333 0.8027777777777778 0.5890625 0.7861111111111111 0.5927083333333333 0.7787037037037037 0.5921875 0.774074074074074 0.5880208333333333 0.7731481481481481 0.5880208333333333 0.7638888888888888 0.5989583333333334 0.7203703703703703 0.6057291666666667 0.7083333333333334 0.6125 0.7092592592592593 0.6130208333333333 0.712037037037037 0.6109375 0.7222222222222222 0.6067708333333334 0.7287037037037037 0.6041666666666666 0.7444444444444445 0.6015625 0.7481481481481481 0.6020833333333333 0.762962962962963 0.5994791666666667 0.7648148148148148 0.60625 0.7666666666666667 0.621875 0.7342592592592593 0.6359375 0.7231481481481481 0.6416666666666667 0.7055555555555556 0.6588541666666666 0.7018518518518518
2 0.515625 0.5074074074074074 0.5151041666666667 0.5194444444444445 0.5234375 0.5388888888888889 0.5244791666666667 0.5601851851851852 0.53125 0.5953703703703703 0.53125 0.6157407407407407 0.5359375 0.6435185185185185 0.5427083333333333 0.6537037037037037 0.5526041666666667 0.6527777777777778 0.5635416666666667 0.6305555555555555 0.55625 0.5972222222222222 0.5557291666666667 0.5833333333333334 0.5572916666666666 0.5787037037037037 0.55625 0.5509259259259259 0.5609375 0.5185185185185185 0.5588541666666667 0.49907407407407406 0.5447916666666667 0.4722222222222222 0.5255208333333333 0.4703703703703704 0.5192708333333333 0.47685185185185186
2 0.553125 0.675 0.5489583333333333 0.6925925925925925 0.5614583333333333 0.6925925925925925 0.5640625 0.687037037037037 0.5677083333333334 0.6888888888888889 0.5703125 0.6787037037037037 0.5828125 0.6777777777777778 0.5770833333333333 0.6675925925925926 0.5776041666666667 0.6638888888888889 0.5708333333333333 0.6666666666666666 0.5682291666666667 0.674074074074074 0.5588541666666667 0.6777777777777778
6 0.45 0.850925925925926 0.4505208333333333 0.8629629629629629 0.4552083333333333 0.8731481481481481 0.46822916666666664 0.8824074074074074 0.5041666666666667 0.8638888888888889 0.525 0.8648148148148148 0.5223958333333333 0.7722222222222223 0.5182291666666666 0.7712962962962963 0.5151041666666667 0.7814814814814814 0.5072916666666667 0.7888888888888889 0.4979166666666667 0.7842592592592592 0.48020833333333335 0.7935185185185185 0.45208333333333334 0.8416666666666667