4 0.9625 0 0.975 0 0.9796875 0.003703703703703704 0.9994791666666667 0.03425925925925926 0.9994791666666667 0.05740740740740741 0.990625 0.06666666666666667 0.9916666666666667 0.0712962962962963 0.9890625 0.08055555555555556 0.990625 0.08796296296296297 0.9942708333333333 0.08796296296296297 0.9994791666666667 0.09444444444444444 0.9994791666666667 0.10092592592592593 0.9963541666666667 0.10462962962962963 0.9994791666666667 0.10833333333333334 0.9963541666666667 0.11203703703703703 0.9994791666666667 0.11574074074074074 0.9994791666666667 0.12129629629629629 0.9963541666666667 0.12314814814814815 0.9958333333333333 0.14722222222222223 0.9942708333333333 0.15092592592592594 0.996875 0.16666666666666666 0.9994791666666667 0.17037037037037037 0.9994791666666667 0.1962962962962963 0.996875 0.19907407407407407 0.9994791666666667 0.20277777777777778 0.99375 0.2064814814814815 0.9973958333333334 0.22314814814814815 0.9958333333333333 0.23796296296296296 0.9994791666666667 0.24259259259259258 0.9994791666666667 0.2462962962962963 0.9973958333333334 0.24722222222222223 0.9994791666666667 0.25 0.9994791666666667 0.27037037037037037 0.9953125 0.2777777777777778 0.9994791666666667 0.2814814814814815 0.9994791666666667 0.287962962962963 0.996875 0.2898148148148148 0.996875 0.2962962962962963 0.9994791666666667 0.29814814814814816 0.9994791666666667 0.3277777777777778 0.9963541666666667 0.33055555555555555 0.9973958333333334 0.3472222222222222 0.9994791666666667 0.34814814814814815 0.9994791666666667 0.362962962962963 0.996875 0.36574074074074076 0.9932291666666667 0.38333333333333336 0.9973958333333334 0.4009259259259259 0.9994791666666667 0.40185185185185185 0.9973958333333334 0.4064814814814815 0.9994791666666667 0.40925925925925927 0.9994791666666667 0.5083333333333333 0.9958333333333333 0.5120370370370371 0.9973958333333334 0.5203703703703704 0.9958333333333333 0.5268518518518519 0.9958333333333333 0.5462962962962963 0.9994791666666667 0.5527777777777778 0.9994791666666667 0.5574074074074075 0.9963541666666667 0.562962962962963 0.9963541666666667 0.5712962962962963 0.9994791666666667 0.575925925925926 0.9994791666666667 0.5805555555555556 0.9979166666666667 0.5814814814814815 0.9994791666666667 0.5824074074074074 0.9994791666666667 0.6064814814814815 0.996875 0.6092592592592593 0.9994791666666667 0.6138888888888889 0.9994791666666667 0.6435185185185185 0.9921875 0.6509259259259259 0.9973958333333334 0.6731481481481482 0.9994791666666667 0.675 0.9994791666666667 0.7166666666666667 0.996875 0.7194444444444444 0.9973958333333334 0.7407407407407407 0.9927083333333333 0.7611111111111111 0.9916666666666667 0.7805555555555556 0.9697916666666667 0.8564814814814815 0.9489583333333333 0.9083333333333333 0.9322916666666666 0.924074074074074 0.925 0.9212962962962963 0.9135416666666667 0.9222222222222223 0.9078125 0.9148148148148149 0.9067708333333333 0.9092592592592592 0.9 0.9083333333333333 0.8932291666666666 0.9148148148148149 0.8911458333333333 0.925 0.8869791666666667 0.9333333333333333 0.8791666666666667 0.9407407407407408 0.8739583333333333 0.9388888888888889 0.86875 0.9324074074074075 0.8453125 0.9268518518518518 0.8286458333333333 0.9166666666666666 0.8135416666666667 0.9166666666666666 0.7953125 0.8972222222222223 0.771875 0.85 0.7609375 0.8379629629629629 0.7494791666666667 0.812962962962963 0.7421875 0.7898148148148149 0.728125 0.7648148148148148 0.725 0.7388888888888889 0.7213541666666666 0.725925925925926 0.71875 0.6824074074074075 0.715625 0.6694444444444444 0.7151041666666667 0.6546296296296297 0.7026041666666667 0.6129629629629629 0.690625 0.5518518518518518 0.6869791666666667 0.5398148148148149 0.6828125 0.5342592592592592 0.6791666666666667 0.5361111111111111 0.6786458333333333 0.5425925925925926 0.6890625 0.6157407407407407 0.6895833333333333 0.6444444444444445 0.6932291666666667 0.6675925925925926 0.7 0.6888888888888889 0.703125 0.7101851851851851 0.7041666666666667 0.725925925925926 0.7020833333333333 0.7314814814814815 0.68125 0.7314814814814815 0.6697916666666667 0.7194444444444444 0.6614583333333334 0.7175925925925926 0.6588541666666666 0.7037037037037037 0.6546875 0.6944444444444444 0.6479166666666667 0.687962962962963 0.6395833333333333 0.6944444444444444 0.6265625 0.7222222222222222 0.6192708333333333 0.7185185185185186 0.6130208333333333 0.6935185185185185 0.6125 0.675 0.6322916666666667 0.6194444444444445 0.6411458333333333 0.6046296296296296 0.6427083333333333 0.5935185185185186 0.6515625 0.5675925925925925 0.6453125 0.5518518518518518 0.6333333333333333 0.537962962962963 0.6296875 0.5370370370370371 0.6270833333333333 0.5407407407407407 0.6270833333333333 0.5555555555555556 0.6130208333333333 0.5916666666666667 0.6036458333333333 0.6092592592592593 0.5932291666666667 0.6398148148148148 0.5807291666666666 0.6509259259259259 0.5802083333333333 0.6611111111111111 0.575 0.6712962962962963 0.5385416666666667 0.6685185185185185 0.5354166666666667 0.6611111111111111 0.5286458333333334 0.6546296296296297 0.5276041666666667 0.65 0.5192708333333333 0.6425925925925926 0.5125 0.6481481481481481 0.5098958333333333 0.6472222222222223 0.5078125 0.6370370370370371 0.5083333333333333 0.6259259259259259 0.5005208333333333 0.6083333333333333 0.5010416666666667 0.5981481481481481 0.515625 0.575 0.5255208333333333 0.5537037037037037 0.5286458333333334 0.5324074074074074 0.5270833333333333 0.5185185185185185 0.5291666666666667 0.5074074074074074 0.5364583333333334 0.5083333333333333 0.5416666666666666 0.4981481481481482 0.5536458333333333 0.487962962962963 0.565625 0.4888888888888889 0.5666666666666667 0.48703703703703705 0.5645833333333333 0.4842592592592593 0.5713541666666667 0.4787037037037037 0.5734375 0.4703703703703704 0.5901041666666667 0.4351851851851852 0.6104166666666667 0.40185185185185185 0.6151041666666667 0.38425925925925924 0.6302083333333334 0.3638888888888889 0.6447916666666667 0.3351851851851852 0.6505208333333333 0.30648148148148147 0.6541666666666667 0.29814814814814816 0.665625 0.2898148148148148 0.6885416666666667 0.2611111111111111 0.7015625 0.2490740740740741 0.7270833333333333 0.21296296296296297 0.7385416666666667 0.20185185185185187 0.7505208333333333 0.18333333333333332 0.76875 0.16203703703703703 0.8203125 0.11296296296296296 0.8203125 0.10925925925925926 0.8333333333333334 0.10648148148148148 0.85625 0.10925925925925926 0.8557291666666667 0.11296296296296296 0.8447916666666667 0.11481481481481481 0.8453125 0.11944444444444445 0.8479166666666667 0.11944444444444445 0.8453125 0.11944444444444445 0.8432291666666667 0.12685185185185185 0.85 0.1287037037037037 0.8541666666666666 0.12222222222222222 0.859375 0.12037037037037036 0.8640625 0.12962962962962962 0.8635416666666667 0.1398148148148148 0.8723958333333334 0.14629629629629629 0.8703125 0.15462962962962962 0.8786458333333333 0.18055555555555555 0.884375 0.18981481481481483 0.8901041666666667 0.18981481481481483 0.884375 0.17037037037037037 0.884375 0.16111111111111112 0.8786458333333333 0.15185185185185185 0.8760416666666667 0.14074074074074075 0.890625 0.14444444444444443 0.89375 0.1425925925925926 0.8963541666666667 0.13425925925925927 0.9104166666666667 0.13333333333333333 0.9135416666666667 0.12777777777777777 0.9114583333333334 0.12037037037037036 0.9067708333333333 0.11944444444444445 0.9036458333333334 0.1111111111111111 0.8958333333333334 0.10925925925925926 0.9015625 0.10185185185185185 0.8994791666666667 0.09907407407407408 0.9005208333333333 0.09351851851851851 0.9213541666666667 0.09444444444444444 0.9260416666666667 0.08611111111111111 0.9265625 0.011111111111111112 0.9286458333333333 0.004629629629629629 0.9432291666666667 0.004629629629629629 0.9458333333333333 0.007407407407407408 0.9473958333333333 0.004629629629629629 0.9625 0.000925925925925926
4 0.42864583333333334 0.7064814814814815 0.4359375 0.7064814814814815 0.43385416666666665 0.7092592592592593 0.434375 0.7175925925925926 0.4421875 0.7268518518518519 0.4453125 0.7203703703703703 0.44895833333333335 0.7194444444444444 0.4479166666666667 0.7231481481481481 0.44947916666666665 0.725925925925926 0.4515625 0.7231481481481481 0.45677083333333335 0.725925925925926 0.45625 0.7305555555555555 0.4479166666666667 0.7361111111111112 0.44635416666666666 0.7425925925925926 0.44375 0.7407407407407407 0.4453125 0.7342592592592593 0.4421875 0.7296296296296296 0.4375 0.737037037037037 0.4395833333333333 0.7407407407407407 0.4317708333333333 0.7462962962962963 0.43020833333333336 0.7518518518518519 0.4395833333333333 0.7527777777777778 0.4421875 0.7462962962962963 0.44375 0.7527777777777778 0.45677083333333335 0.75 0.46979166666666666 0.7407407407407407 0.48489583333333336 0.7435185185185185 0.5067708333333333 0.7620370370370371 0.5359375 0.8027777777777778 0.5473958333333333 0.8351851851851851 0.5453125 0.8583333333333333 0.5453125 0.875 0.5473958333333333 0.887962962962963 0.5572916666666666 0.9074074074074074 0.5692708333333333 0.9166666666666666 0.5786458333333333 0.9333333333333333 0.5822916666666667 0.9462962962962963 0.578125 0.9564814814814815 0.5625 0.9592592592592593 0.5526041666666667 0.9527777777777777 0.5463541666666667 0.9416666666666667 0.5364583333333334 0.9314814814814815 0.5317708333333333 0.9203703703703704 0.5104166666666666 0.9046296296296297 0.4890625 0.8777777777777778 0.48020833333333335 0.8740740740740741 0.4703125 0.8796296296296297 0.45364583333333336 0.8805555555555555 0.44479166666666664 0.899074074074074 0.42864583333333334 0.9111111111111111 0.4171875 0.9324074074074075 0.4109375 0.937962962962963 0.403125 0.9546296296296296 0.39375 0.962037037037037 0.38385416666666666 0.975925925925926 0.38645833333333335 0.9814814814814815 0.3984375 0.9796296296296296 0.4015625 0.9768518518518519 0.4010416666666667 0.9703703703703703 0.40260416666666665 0.9675925925925926 0.4109375 0.9638888888888889 0.4109375 0.9740740740740741 0.4197916666666667 0.9796296296296296 0.4125 0.9944444444444445 0.3489583333333333 0.9972222222222222 0.3380208333333333 0.9935185185185185 0.33489583333333334 0.9833333333333333 0.33229166666666665 0.9833333333333333 0.328125 0.9935185185185185 0.325 0.9953703703703703 0.28541666666666665 0.9990740740740741 0.2598958333333333 0.9962962962962963 0.24739583333333334 0.9990740740740741 0.23333333333333334 0.9953703703703703 0.18229166666666666 0.9962962962962963 0.1796875 0.9990740740740741 0.15520833333333334 0.9990740740740741 0.146875 0.9962962962962963 0.14479166666666668 0.9990740740740741 0.12552083333333333 0.9990740740740741 0.121875 0.9944444444444445 0.13020833333333334 0.9712962962962963 0.14166666666666666 0.9481481481481482 0.146875 0.9333333333333333 0.146875 0.9277777777777778 0.15208333333333332 0.9222222222222223 0.17552083333333332 0.8768518518518519 0.18645833333333334 0.85 0.19427083333333334 0.8398148148148148 0.21666666666666667 0.8324074074074074 0.24427083333333333 0.8166666666666667 0.26979166666666665 0.8092592592592592 0.2796875 0.8018518518518518 0.32135416666666666 0.7824074074074074 0.3848958333333333 0.7648148148148148 0.41458333333333336 0.7490740740740741 0.4276041666666667 0.7537037037037037 0.428125 0.7472222222222222 0.42552083333333335 0.7407407407407407 0.41875 0.7407407407407407 0.421875 0.7379629629629629 0.4203125 0.7305555555555555 0.42135416666666664 0.7203703703703703 0.425 0.7222222222222222 0.4270833333333333 0.7296296296296296 0.42916666666666664 0.7305555555555555 0.43125 0.7212962962962963 0.42864583333333334 0.7074074074074074
4 0.6463541666666667 0 0.6875 0 0.6921875 0.002777777777777778 0.7052083333333333 0 0.9234375 0 0.9229166666666667 0.017592592592592594 0.925 0.03888888888888889 0.925 0.07314814814814814 0.921875 0.08703703703703704 0.9140625 0.08796296296296297 0.9026041666666667 0.0787037037037037 0.896875 0.07777777777777778 0.8916666666666667 0.08611111111111111 0.8973958333333333 0.08796296296296297 0.890625 0.08703703703703704 0.8885416666666667 0.09166666666666666 0.8932291666666666 0.0962962962962963 0.8869791666666667 0.09351851851851851 0.8786458333333333 0.09814814814814815 0.8442708333333333 0.1 0.8265625 0.09259259259259259 0.821875 0.10092592592592593 0.8171875 0.10185185185185185 0.803125 0.1175925925925926 0.7932291666666667 0.13425925925925927 0.7677083333333333 0.1574074074074074 0.7411458333333333 0.1925925925925926 0.715625 0.2212962962962963 0.6963541666666667 0.2490740740740741 0.6890625 0.2574074074074074 0.6817708333333333 0.2601851851851852 0.678125 0.2518518518518518 0.6734375 0.21666666666666667 0.6703125 0.16944444444444445 0.6703125 0.1287037037037037 0.6567708333333333 0.08888888888888889 0.6479166666666667 0.046296296296296294 0.6458333333333334 0.03333333333333333 0.6463541666666667 0.000925925925925926
4 0.6760416666666667 0.7324074074074074 0.684375 0.7388888888888889 0.7015625 0.737037037037037 0.7166666666666667 0.75 0.7354166666666667 0.7796296296296297 0.7604166666666666 0.8407407407407408 0.7723958333333333 0.8527777777777777 0.7796875 0.8675925925925926 0.7822916666666667 0.8814814814814815 0.8036458333333333 0.912962962962963 0.8171875 0.9231481481481482 0.8411458333333334 0.925 0.8494791666666667 0.9342592592592592 0.8713541666666667 0.9351851851851852 0.8765625 0.9444444444444444 0.8807291666666667 0.9629629629629629 0.8947916666666667 0.9935185185185185 0.8927083333333333 0.9990740740740741 0.7067708333333333 0.9990740740740741 0.6895833333333333 0.9879629629629629 0.6828125 0.9805555555555555 0.6776041666666667 0.9694444444444444 0.6692708333333334 0.9666666666666667 0.6557291666666667 0.9537037037037037 0.6296875 0.912962962962963 0.6270833333333333 0.9027777777777778 0.6208333333333333 0.8907407407407407 0.6109375 0.8787037037037037 0.6098958333333333 0.8685185185185185 0.6125 0.8555555555555555 0.6177083333333333 0.8546296296296296 0.6229166666666667 0.8638888888888889 0.6260416666666667 0.8648148148148148 0.6296875 0.8638888888888889 0.6317708333333333 0.8592592592592593 0.628125 0.8555555555555555 0.6270833333333333 0.85 0.6213541666666667 0.8462962962962963 0.6109375 0.8305555555555556 0.6005208333333333 0.8212962962962963 0.5984375 0.8175925925925925 0.5984375 0.8101851851851852 0.6104166666666667 0.7888888888888889 0.6083333333333333 0.774074074074074 0.6119791666666666 0.7564814814814815 0.6161458333333333 0.7462962962962963 0.634375 0.7416666666666667 0.6541666666666667 0.7472222222222222 0.65625 0.7379629629629629 0.659375 0.7351851851851852 0.6671875 0.7314814814814815 0.6755208333333333 0.7324074074074074
4 0.43645833333333334 0.7055555555555556 0.4473958333333333 0.7064814814814815 0.45 0.7092592592592593 0.4510416666666667 0.7157407407407408 0.45729166666666665 0.7222222222222222 0.45677083333333335 0.7305555555555555 0.44947916666666665 0.7407407407407407 0.44947916666666665 0.7481481481481481 0.45625 0.75 0.471875 0.7407407407407407 0.4828125 0.7435185185185185 0.5072916666666667 0.762962962962963 0.5151041666666667 0.7768518518518519 0.5291666666666667 0.7925925925925926 0.5395833333333333 0.812037037037037 0.5442708333333334 0.8333333333333334 0.546875 0.8379629629629629 0.5447916666666667 0.8518518518518519 0.54375 0.8870370370370371 0.55625 0.9083333333333333 0.5651041666666666 0.9148148148148149 0.5776041666666667 0.9361111111111111 0.5802083333333333 0.9453703703703704 0.5776041666666667 0.9527777777777777 0.5651041666666666 0.9583333333333334 0.5541666666666667 0.9537037037037037 0.5333333333333333 0.9203703703703704 0.5083333333333333 0.9018518518518519 0.496875 0.8851851851851852 0.48385416666666664 0.8731481481481481 0.48072916666666665 0.8731481481481481 0.4671875 0.8796296296296297 0.45260416666666664 0.8787037037037037 0.44583333333333336 0.8972222222222223 0.4395833333333333 0.9046296296296297 0.4265625 0.9111111111111111 0.415625 0.9324074074074075 0.40989583333333335 0.9361111111111111 0.40208333333333335 0.9527777777777777 0.3807291666666667 0.975925925925926 0.37604166666666666 0.9879629629629629 0.37083333333333335 0.9907407407407407 0.3802083333333333 0.9925925925925926 0.3828125 0.987037037037037 0.3848958333333333 0.987037037037037 0.38697916666666665 0.9916666666666667 0.39010416666666664 0.9888888888888889 0.3932291666666667 0.9944444444444445 0.3484375 0.9962962962962963 0.3421875 0.9935185185185185 0.3359375 0.9814814814814815 0.3307291666666667 0.9814814814814815 0.32760416666666664 0.9842592592592593 0.32395833333333335 0.9944444444444445 0.31927083333333334 0.9953703703703703 0.21614583333333334 0.9953703703703703 0.20625 0.9990740740740741 0.15520833333333334 0.9990740740740741 0.14947916666666666 0.9962962962962963 0.12760416666666666 0.9990740740740741 0.12239583333333333 0.9944444444444445 0.13125 0.9703703703703703 0.14583333333333334 0.9398148148148148 0.1484375 0.9287037037037037 0.15625 0.9185185185185185 0.19114583333333332 0.8453703703703703 0.1984375 0.8379629629629629 0.21875 0.8333333333333334 0.24322916666666666 0.8185185185185185 0.26979166666666665 0.8101851851851852 0.3177083333333333 0.7851851851851852 0.371875 0.7685185185185185 0.390625 0.7675925925925926 0.4005208333333333 0.7574074074074074 0.41302083333333334 0.7509259259259259 0.41302083333333334 0.7453703703703703 0.40677083333333336 0.7407407407407407 0.4078125 0.7342592592592593 0.4161458333333333 0.7240740740740741 0.41458333333333336 0.7185185185185186 0.42864583333333334 0.7064814814814815 0.4359375 0.7055555555555556
4 0.0020833333333333333 0 0.08697916666666666 0 0.0875 0.004629629629629629 0.09166666666666666 0.010185185185185186 0.09479166666666666 0.006481481481481481 0.10416666666666667 0.004629629629629629 0.10364583333333334 0.012962962962962963 0.10625 0.018518518518518517 0.10364583333333334 0.021296296296296296 0.1046875 0.023148148148148147 0.11979166666666667 0.03796296296296296 0.12708333333333333 0.05 0.1375 0.058333333333333334 0.1453125 0.06018518518518518 0.17135416666666667 0.05740740740740741 0.18072916666666666 0.05185185185185185 0.19791666666666666 0.03148148148148148 0.2140625 0.006481481481481481 0.23333333333333334 0.008333333333333333 0.246875 0 0.42135416666666664 0 0.44166666666666665 0.017592592592592594 0.46927083333333336 0.05185185185185185 0.5192708333333333 0.10185185185185185 0.5244791666666667 0.11574074074074074 0.5255208333333333 0.15648148148148147 0.5348958333333333 0.19814814814814816 0.5484375 0.23703703703703705 0.5609375 0.2518518518518518 0.5661458333333333 0.262037037037037 0.5682291666666667 0.2712962962962963 0.5666666666666667 0.30185185185185187 0.559375 0.32592592592592595 0.5578125 0.35185185185185186 0.5546875 0.37037037037037035 0.546875 0.40555555555555556 0.5364583333333334 0.43148148148148147 0.5484375 0.4527777777777778 0.5458333333333333 0.4564814814814815 0.5453125 0.46296296296296297 0.5401041666666667 0.4703703703703704 0.540625 0.47314814814814815 0.5338541666666666 0.48055555555555557 0.5239583333333333 0.48333333333333334 0.521875 0.48703703703703705 0.5234375 0.5277777777777778 0.5223958333333333 0.5462962962962963 0.5151041666666667 0.562037037037037 0.49583333333333335 0.5907407407407408 0.48333333333333334 0.6 0.4703125 0.600925925925926 0.4708333333333333 0.6055555555555555 0.4671875 0.6175925925925926 0.453125 0.6518518518518519 0.44635416666666666 0.6611111111111111 0.44114583333333335 0.662962962962963 0.43802083333333336 0.6777777777777778 0.4317708333333333 0.687037037037037 0.4078125 0.6925925925925925 0.3453125 0.6925925925925925 0.3359375 0.687962962962963 0.3125 0.6888888888888889 0.3 0.6842592592592592 0.296875 0.6777777777777778 0.28072916666666664 0.6657407407407407 0.2677083333333333 0.6787037037037037 0.25833333333333336 0.6777777777777778 0.23854166666666668 0.6685185185185185 0.21666666666666667 0.6675925925925926 0.21302083333333333 0.6638888888888889 0.21979166666666666 0.6574074074074074 0.2171875 0.6527777777777778 0.20625 0.6481481481481481 0.19947916666666668 0.6546296296296297 0.19895833333333332 0.65 0.203125 0.6425925925925926 0.2234375 0.6416666666666667 0.225 0.6398148148148148 0.2234375 0.6324074074074074 0.2125 0.6388888888888888 0.209375 0.6370370370370371 0.21197916666666666 0.6342592592592593 0.20989583333333334 0.6277777777777778 0.20364583333333333 0.6268518518518519 0.19947916666666668 0.6305555555555555 0.19479166666666667 0.6435185185185185 0.19010416666666666 0.65 0.178125 0.6472222222222223 0.1671875 0.6361111111111111 0.1640625 0.6268518518518519 0.14791666666666667 0.5981481481481481 0.12447916666666667 0.575 0.08333333333333333 0.47685185185185186 0.07708333333333334 0.44907407407407407 0.07447916666666667 0.3888888888888889 0.06822916666666666 0.3851851851851852 0.053125 0.3851851851851852 0.016145833333333335 0.3685185185185185 0.005729166666666666 0.37037037037037035 0 0.36666666666666664 0 0.21574074074074073 0.0020833333333333333 0.21481481481481482 0.0020833333333333333 0.20462962962962963 0 0.2037037037037037 0 0.08703703703703704 0.0036458333333333334 0.08148148148148149 0.0026041666666666665 0.06018518518518518 0.004166666666666667 0.05555555555555555 0.0036458333333333334 0.03888888888888889 0 0.032407407407407406 0 0.002777777777777778 0.0020833333333333333 0.000925925925925926
1 0.5213541666666667 0.6925925925925925 0.5432291666666667 0.7203703703703703 0.546875 0.7268518518518519 0.5494791666666666 0.7388888888888889 0.5567708333333333 0.7407407407407407 0.5796875 0.7685185185185185 0.58125 0.774074074074074 0.5807291666666666 0.8074074074074075 0.5854166666666667 0.8111111111111111 0.5864583333333333 0.8194444444444444 0.5890625 0.8240740740740741 0.5932291666666667 0.8444444444444444 0.5932291666666667 0.8555555555555555 0.5802083333333333 0.8870370370370371 0.5588541666666667 0.8962962962962963 0.5536458333333333 0.8953703703703704 0.5489583333333333 0.8861111111111111 0.546875 0.862037037037037 0.5494791666666666 0.8361111111111111 0.5411458333333333 0.8083333333333333 0.5239583333333333 0.7787037037037037 0.5057291666666667 0.7546296296296297 0.5052083333333334 0.75 0.4973958333333333 0.7481481481481481 0.5041666666666667 0.7444444444444445 0.5046875 0.7138888888888889 0.5098958333333333 0.7083333333333334 0.5151041666666667 0.6953703703703704 0.5208333333333334 0.6925925925925925
0 0.9286458333333333 0.24444444444444444 0.946875 0.25 0.9567708333333333 0.2601851851851852 0.9598958333333333 0.2722222222222222 0.9619791666666667 0.29814814814814816 0.9604166666666667 0.31851851851851853 0.95625 0.3277777777777778 0.9489583333333333 0.33240740740740743 0.94375 0.3453703703703704 0.9427083333333334 0.37407407407407406 0.9364583333333333 0.39444444444444443 0.9286458333333333 0.40925925925925927 0.9203125 0.41203703703703703 0.9119791666666667 0.4074074074074074 0.9078125 0.4083333333333333 0.9 0.425 0.8838541666666667 0.4351851851851852 0.8708333333333333 0.42777777777777776 0.8635416666666667 0.4148148148148148 0.8817708333333333 0.39537037037037037 0.8927083333333333 0.38796296296296295 0.890625 0.3787037037037037 0.8770833333333333 0.3861111111111111 0.8598958333333333 0.40185185185185185 0.8578125 0.39814814814814814 0.8625 0.3824074074074074 0.865625 0.3527777777777778 0.8708333333333333 0.33240740740740743 0.8692708333333333 0.31296296296296294 0.8755208333333333 0.2972222222222222 0.871875 0.29074074074074074 0.871875 0.2851851851851852 0.8786458333333333 0.2712962962962963 0.8848958333333333 0.26481481481481484 0.8953125 0.2611111111111111 0.9036458333333334 0.2537037037037037 0.9114583333333334 0.2564814814814815 0.9208333333333333 0.24351851851851852 0.928125 0.24444444444444444
3 0.6770833333333334 0.7342592592592593 0.6838541666666667 0.7388888888888889 0.6989583333333333 0.737037037037037 0.7057291666666666 0.7407407407407407 0.7135416666666666 0.7472222222222222 0.7276041666666667 0.7666666666666667 0.7416666666666667 0.7935185185185185 0.7609375 0.8435185185185186 0.7697916666666667 0.8518518518518519 0.7776041666666667 0.8657407407407407 0.7828125 0.8888888888888888 0.7932291666666667 0.9 0.8010416666666667 0.912962962962963 0.8140625 0.9231481481481482 0.8234375 0.9490740740740741 0.8234375 0.9666666666666667 0.8171875 0.9953703703703703 0.775 0.9953703703703703 0.7692708333333333 0.9990740740740741 0.7390625 0.9990740740740741 0.7328125 0.9962962962962963 0.7203125 0.9990740740740741 0.6921875 0.987037037037037 0.6791666666666667 0.9703703703703703 0.6630208333333333 0.9583333333333334 0.6526041666666667 0.9416666666666667 0.640625 0.9296296296296296 0.6322916666666667 0.9157407407407407 0.6229166666666667 0.8935185185185185 0.6098958333333333 0.8731481481481481 0.6125 0.862037037037037 0.6151041666666667 0.8592592592592593 0.6255208333333333 0.8675925925925926 0.6348958333333333 0.8657407407407407 0.6333333333333333 0.8583333333333333 0.5984375 0.8166666666666667 0.5989583333333334 0.8074074074074075 0.6114583333333333 0.7870370370370371 0.6088541666666667 0.7824074074074074 0.6083333333333333 0.7759259259259259 0.6125 0.7537037037037037 0.6213541666666667 0.7435185185185185 0.634375 0.7416666666666667 0.6520833333333333 0.7462962962962963 0.6609375 0.7351851851851852 0.6677083333333333 0.7324074074074074 0.6765625 0.7342592592592593
3 0.478125 0.6722222222222223 0.48020833333333335 0.675 0.48020833333333335 0.6814814814814815 0.47760416666666666 0.7027777777777777 0.4739583333333333 0.7148148148148148 0.4703125 0.7212962962962963 0.459375 0.7287037037037037 0.4354166666666667 0.7648148148148148 0.42864583333333334 0.7620370370370371 0.4192708333333333 0.75 0.40520833333333334 0.7555555555555555 0.3984375 0.7546296296296297 0.396875 0.75 0.39739583333333334 0.7407407407407407 0.4036458333333333 0.7240740740740741 0.409375 0.7157407407407408 0.4192708333333333 0.712037037037037 0.42864583333333334 0.7018518518518518 0.44479166666666664 0.6981481481481482 0.44583333333333336 0.6916666666666667 0.4427083333333333 0.6824074074074075 0.45 0.675 0.4630208333333333 0.6712962962962963 0.47760416666666666 0.6722222222222223
3 0.19427083333333334 0.687962962962963 0.2078125 0.6925925925925925 0.2390625 0.6925925925925925 0.2515625 0.7037037037037037 0.2625 0.7055555555555556 0.265625 0.7092592592592593 0.265625 0.7185185185185186 0.24947916666666667 0.7675925925925926 0.24010416666666667 0.7824074074074074 0.22708333333333333 0.7898148148148149 0.20520833333333333 0.7796296296296297 0.184375 0.7555555555555555 0.175 0.7166666666666667 0.175 0.7046296296296296 0.18125 0.687962962962963 0.19375 0.687962962962963
3 0.7385416666666667 0 0.8723958333333334 0 0.8760416666666667 0.002777777777777778 0.896875 0 0.8958333333333334 0.018518518518518517 0.8989583333333333 0.025925925925925925 0.8973958333333333 0.032407407407407406 0.8848958333333333 0.03148148148148148 0.878125 0.03888888888888889 0.8833333333333333 0.044444444444444446 0.8869791666666667 0.041666666666666664 0.8859375 0.04722222222222222 0.8901041666666667 0.046296296296296294 0.8921875 0.05462962962962963 0.8921875 0.08055555555555556 0.884375 0.09259259259259259 0.8807291666666667 0.09537037037037037 0.8619791666666666 0.09351851851851851 0.8432291666666667 0.09722222222222222 0.83125 0.08981481481481482 0.8119791666666667 0.06388888888888888 0.8036458333333333 0.058333333333333334 0.7932291666666667 0.05740740740740741 0.784375 0.06481481481481481 0.7614583333333333 0.06574074074074074 0.7510416666666667 0.06388888888888888 0.7432291666666667 0.05740740740740741 0.7375 0.04722222222222222 0.734375 0.03425925925925926 0.7338541666666667 0.025 0.7385416666666667 0.000925925925925926
3 0.8953125 0 0.9234375 0 0.9255208333333333 0.041666666666666664 0.925 0.08148148148148149 0.921875 0.09074074074074075 0.9145833333333333 0.08888888888888889 0.9020833333333333 0.06759259259259259 0.8994791666666667 0.025925925925925925 0.8953125 0.000925925925925926
3 0.4817708333333333 0.7416666666666667 0.5057291666666667 0.7611111111111111 0.5296875 0.7916666666666666 0.5401041666666667 0.8092592592592592 0.5479166666666667 0.8351851851851851 0.5458333333333333 0.8740740740740741 0.5484375 0.8888888888888888 0.5578125 0.9064814814814814 0.5770833333333333 0.9277777777777778 0.5828125 0.9425925925925925 0.5822916666666667 0.9527777777777777 0.5802083333333333 0.9564814814814815 0.5677083333333334 0.9611111111111111 0.5614583333333333 0.9611111111111111 0.5541666666666667 0.9546296296296296 0.5463541666666667 0.9462962962962963 0.5328125 0.9231481481481482 0.5067708333333333 0.9027777777777778 0.484375 0.8740740740740741 0.4671875 0.8805555555555555 0.45729166666666665 0.8805555555555555 0.4552083333333333 0.8777777777777778 0.4552083333333333 0.8407407407407408 0.4473958333333333 0.8037037037037037 0.4375 0.7731481481481481 0.4375 0.7648148148148148 0.44583333333333336 0.7527777777777778 0.4666666666666667 0.7407407407407407 0.48125 0.7416666666666667
3 0.49895833333333334 0.30277777777777776 0.5119791666666667 0.31666666666666665 0.5192708333333333 0.33055555555555555 0.5229166666666667 0.3453703703703704 0.525 0.37592592592592594 0.5239583333333333 0.387037037037037 0.5255208333333333 0.39166666666666666 0.5229166666666667 0.4 0.5223958333333333 0.4111111111111111 0.5182291666666666 0.4101851851851852 0.5197916666666667 0.41388888888888886 0.5135416666666667 0.4287037037037037 0.5135416666666667 0.4388888888888889 0.5208333333333334 0.47685185185185186 0.5244791666666667 0.5435185185185185 0.5197916666666667 0.5583333333333333 0.49947916666666664 0.5916666666666667 0.48385416666666664 0.6037037037037037 0.4744791666666667 0.6018518518518519 0.45208333333333334 0.5833333333333334 0.4421875 0.5638888888888889 0.4322916666666667 0.5314814814814814 0.42552083333333335 0.5194444444444445 0.42291666666666666 0.5222222222222223 0.4166666666666667 0.5416666666666666 0.40677083333333336 0.5537037037037037 0.396875 0.5509259259259259 0.3927083333333333 0.5425925925925926 0.3921875 0.5277777777777778 0.396875 0.4981481481481482 0.4088541666666667 0.5 0.4265625 0.48703703703703705 0.4578125 0.4388888888888889 0.4609375 0.43148148148148147 0.46145833333333336 0.41759259259259257 0.4796875 0.39444444444444443 0.4822916666666667 0.3888888888888889 0.4817708333333333 0.362962962962963 0.4786458333333333 0.3472222222222222 0.4744791666666667 0.33796296296296297 0.4666666666666667 0.3287037037037037 0.4666666666666667 0.32407407407407407 0.4703125 0.31666666666666665 0.48072916666666665 0.30648148148148147 0.4890625 0.30185185185185187 0.4984375 0.30277777777777776