4 0.7578125 0.2212962962962963 0.7572916666666667 0.22314814814814815 0.7604166666666666 0.22314814814814815 0.7619791666666667 0.21944444444444444 0.7578125 0.2212962962962963
4 0.8546875 0.09259259259259259 0.8541666666666666 0.11481481481481481 0.8510416666666667 0.14074074074074075 0.8557291666666667 0.15925925925925927 0.8640625 0.17962962962962964 0.875 0.18888888888888888 0.8927083333333333 0.18888888888888888 0.9015625 0.1824074074074074 0.9098958333333333 0.1962962962962963 0.9171875 0.20277777777777778 0.91875 0.21296296296296297 0.921875 0.21666666666666667 0.9244791666666666 0.22685185185185186 0.9270833333333334 0.22870370370370371 0.9276041666666667 0.23425925925925925 0.9390625 0.25555555555555554 0.9546875 0.262037037037037 0.9692708333333333 0.2962962962962963 0.9765625 0.3055555555555556 0.9947916666666666 0.3101851851851852 0.9963541666666667 0.3055555555555556 0.9958333333333333 0.28055555555555556 0.99375 0.2740740740740741 0.9973958333333334 0.26851851851851855 0.9958333333333333 0.26296296296296295 0.9973958333333334 0.22314814814814815 0.9953125 0.2037037037037037 0.9963541666666667 0.1962962962962963 0.9994791666666667 0.19166666666666668 0.9973958333333334 0.19074074074074074 0.9953125 0.17962962962962964 0.9942708333333333 0.14722222222222223 0.9973958333333334 0.1388888888888889 0.9973958333333334 0.12129629629629629 0.9958333333333333 0.1175925925925926 0.9942708333333333 0.09074074074074075 0.9963541666666667 0.08518518518518518 0.9973958333333334 0.0712962962962963 0.9932291666666667 0.05277777777777778 0.9901041666666667 0.05277777777777778 0.9833333333333333 0.044444444444444446 0.9671875 0.04351851851851852 0.9609375 0.037037037037037035 0.9598958333333333 0.032407407407407406 0.9536458333333333 0.02962962962962963 0.9515625 0.025925925925925925 0.9515625 0.020370370370370372 0.9536458333333333 0.013888888888888888 0.9541666666666667 0.002777777777777778 0.9520833333333333 0 0.9265625 0 0.9177083333333333 0.002777777777777778 0.9083333333333333 0 0.8869791666666667 0 0.8807291666666667 0.002777777777777778 0.8755208333333333 0.014814814814814815 0.8598958333333333 0.07314814814814814 0.8557291666666667 0.0824074074074074 0.8546875 0.09259259259259259
4 0.790625 0 0.6875 0 0.6828125 0.002777777777777778 0.6442708333333333 0 0.5947916666666667 0 0.5916666666666667 0.002777777777777778 0.5609375 0.002777777777777778 0.5578125 0 0.4765625 0 0.4765625 0.004629629629629629 0.48541666666666666 0.012037037037037037 0.49375 0.030555555555555555 0.5036458333333333 0.04351851851851852 0.5140625 0.06388888888888888 0.5192708333333333 0.06851851851851852 0.5375 0.0962962962962963 0.5625 0.11481481481481481 0.5838541666666667 0.14444444444444443 0.5979166666666667 0.1685185185185185 0.6010416666666667 0.18425925925925926 0.6088541666666667 0.2074074074074074 0.6302083333333334 0.22962962962962963 0.6432291666666666 0.2388888888888889 0.6505208333333333 0.2388888888888889 0.6552083333333333 0.23425925925925925 0.659375 0.22314814814814815 0.6619791666666667 0.17777777777777778 0.6552083333333333 0.13518518518518519 0.6578125 0.1259259259259259 0.6614583333333334 0.125 0.6625 0.13055555555555556 0.6682291666666667 0.1388888888888889 0.6703125 0.15 0.6723958333333333 0.1527777777777778 0.69375 0.2611111111111111 0.6984375 0.26851851851851855 0.7 0.2759259259259259 0.7072916666666667 0.28703703703703703 0.7244791666666667 0.2962962962962963 0.7421875 0.2916666666666667 0.7494791666666667 0.2777777777777778 0.7520833333333333 0.2212962962962963 0.75 0.21296296296296297 0.7473958333333334 0.17777777777777778 0.7505208333333333 0.1712962962962963 0.7557291666666667 0.18055555555555555 0.7666666666666667 0.22314814814814815 0.7739583333333333 0.22592592592592592 0.7755208333333333 0.23055555555555557 0.7817708333333333 0.23425925925925925 0.7932291666666667 0.2351851851851852 0.796875 0.2324074074074074 0.8052083333333333 0.22314814814814815 0.8125 0.2101851851851852 0.8161458333333333 0.1962962962962963 0.8182291666666667 0.17592592592592593 0.8161458333333333 0.1388888888888889 0.8098958333333334 0.0962962962962963 0.7953125 0.03611111111111111 0.7921875 0.002777777777777778 0.790625 0
4 0.5677083333333334 0.9800925925925926 0.0020833333333333333 0.000925925925925926
4 0.5083333333333333 0.9555555555555556 0.5078125 0.9601851851851851 0.5083333333333333 0.9555555555555556
4 0.51875 0.9527777777777777 0.5197916666666667 0.9564814814814815 0.5177083333333333 0.962037037037037 0.5192708333333333 0.9685185185185186 0.5177083333333333 0.9731481481481481 0.5182291666666666 0.9805555555555555 0.5223958333333333 0.9851851851851852 0.525 0.9805555555555555 0.5291666666666667 0.9824074074074074 0.5291666666666667 0.9694444444444444 0.53125 0.9601851851851851 0.5302083333333333 0.9527777777777777 0.51875 0.9527777777777777
4 0.51171875 0.9453703703703704 0.0015625 0.001851851851851852
4 0.5046875 0.9435185185185185 0.5052083333333334 0.9462962962962963 0.50625 0.9444444444444444 0.5046875 0.9435185185185185
4 0.5375 0.9416666666666667 0.5369791666666667 0.9444444444444444 0.5421875 0.9444444444444444 0.5375 0.9416666666666667
4 0.484375 0.9398148148148148 0.48333333333333334 0.9444444444444444 0.48489583333333336 0.9462962962962963 0.4875 0.9407407407407408 0.4890625 0.9462962962962963 0.4901041666666667 0.9444444444444444 0.4875 0.9398148148148148 0.484375 0.9398148148148148
4 0.5161458333333333 0.9277777777777778 0.5140625 0.9287037037037037 0.5161458333333333 0.9277777777777778
4 0.46979166666666666 0.9148148148148149 0.46927083333333336 0.9166666666666666 0.4708333333333333 0.9166666666666666 0.46979166666666666 0.9148148148148149
4 0.5046875 0.899074074074074 0.5046875 0.9055555555555556 0.5098958333333333 0.9055555555555556 0.5109375 0.9027777777777778 0.5098958333333333 0.899074074074074 0.5046875 0.899074074074074
4 0.5385416666666667 0.8861111111111111 0.5411458333333333 0.8907407407407407 0.5380208333333333 0.8962962962962963 0.5432291666666667 0.9027777777777778 0.5432291666666667 0.8870370370370371 0.5385416666666667 0.8861111111111111
4 0.5286458333333334 0.8824074074074074 0.525 0.8870370370370371 0.5307291666666667 0.8888888888888888 0.5286458333333334 0.8824074074074074
4 0.5359375 0.9685185185185186 0.5375 0.9847222222222223 0.5354166666666667 0.9935185185185185 0.5375 0.9907407407407407 0.5380729166666666 0.9935185185185185 0.5619791666666667 0.9935185185185185 0.5645833333333333 0.9824074074074074 0.5614583333333333 0.9805555555555555 0.5640625 0.9731481481481481 0.5697916666666667 0.9731481481481481 0.571875 0.9805555555555555 0.5770833333333333 0.9851851851851852 0.5802083333333333 0.9805555555555555 0.5848958333333333 0.9824074074074074 0.5885416666666666 0.975 0.5916666666666667 0.9731481481481481 0.5947916666666667 0.9851851851851852 0.5989583333333334 0.9851851851851852 0.6020833333333333 0.9935185185185185 0.6114583333333333 0.9944444444444445 0.9947916666666666 0.9944444444444445 0.9973958333333334 0.987037037037037 0.9973958333333334 0.9703703703703703 0.9994791666666667 0.9685185185185186 0.9994791666666667 0.875 0.9958333333333333 0.8666666666666667 0.9807291666666667 0.8694444444444445 0.9625 0.862037037037037 0.946875 0.862037037037037 0.9385416666666667 0.850925925925926 0.9276041666666667 0.8481481481481481 0.925 0.8435185185185186 0.9203125 0.8416666666666667 0.90625 0.8138888888888889 0.9046875 0.8027777777777778 0.9020833333333333 0.8 0.8953125 0.7805555555555556 0.8911458333333333 0.7638888888888888 0.8864583333333333 0.7583333333333333 0.8854166666666666 0.7527777777777778 0.8744791666666667 0.7305555555555555 0.8697916666666666 0.7277777777777777 0.8666666666666667 0.7212962962962963 0.8572916666666667 0.7138888888888889 0.846875 0.6990740740740741 0.8255208333333334 0.6777777777777778 0.8026041666666667 0.6648148148148149 0.7927083333333333 0.6638888888888889 0.7697916666666667 0.6990740740740741 0.7604166666666666 0.7212962962962963 0.7578125 0.7231481481481481 0.75 0.7481481481481481 0.7442708333333333 0.7574074074074074 0.7395833333333334 0.7601851851851852 0.73125 0.7601851851851852 0.7083333333333334 0.75 0.6838541666666667 0.7324074074074074 0.6677083333333333 0.7166666666666667 0.65625 0.7101851851851851 0.6473958333333333 0.7074074074074074 0.6260416666666667 0.7074074074074074 0.6125 0.7185185185185186 0.6098958333333333 0.725 0.6 0.737037037037037 0.5942708333333333 0.7527777777777778 0.5911458333333334 0.7712962962962963 0.5911458333333334 0.7925925925925926 0.5942708333333333 0.8138888888888889 0.6041666666666666 0.8305555555555556 0.6041666666666666 0.837037037037037 0.5833333333333334 0.8833333333333333 0.5807291666666666 0.924074074074074 0.58125 0.9324074074074075 0.5854166666666667 0.9416666666666667 0.5869791666666667 0.9527777777777777 0.5796875 0.9527777777777777 0.5786458333333333 0.9444444444444444 0.5739583333333333 0.9407407407407408 0.5739583333333333 0.9305555555555556 0.5625 0.9212962962962963 0.5567708333333333 0.9277777777777778 0.5510416666666667 0.9277777777777778 0.5494791666666666 0.937962962962963 0.5432291666666667 0.9444444444444444 0.546875 0.9462962962962963 0.5479166666666667 0.9518518518518518 0.5442708333333334 0.9601851851851851 0.5385416666666667 0.9601851851851851 0.5359375 0.9685185185185186
4 0.0015625 0.48333333333333334 0.0015625 0.5185185185185185 0 0.5194444444444445 0 0.5259259259259259 0.0015625 0.5287037037037037 0.0015625 0.5370370370370371 0 0.5388888888888889 0.0015625 0.5435185185185185 0 0.5462962962962963 0 0.5527777777777778 0.0020833333333333333 0.5592592592592592 0.003125 0.5851851851851851 0.0015625 0.5898148148148148 0.0015625 0.6277777777777778 0 0.6305555555555555 0 0.6416666666666667 0.0015625 0.6435185185185185 0 0.6824074074074075 0.0015625 0.6851851851851852 0.0020833333333333333 0.7055555555555556 0.0020833333333333333 0.7231481481481481 0 0.7277777777777777 0.0015625 0.7388888888888889 0 0.7444444444444445 0 0.774074074074074 0.0015625 0.7759259259259259 0.0020833333333333333 0.7861111111111111 0.0010416666666666667 0.8175925925925925 0.0036458333333333334 0.85 0.0020833333333333333 0.8527777777777777 0.0020833333333333333 0.8796296296296297 0 0.8851851851851852 0 0.9027777777777778 0.0015625 0.9046296296296297 0.0026041666666666665 0.9203703703703704 0.0020833333333333333 0.9666666666666667 0.0046875 0.9731481481481481 0.0078125 0.975 0.03333333333333333 0.9731481481481481 0.040625 0.975925925925926 0.0390625 0.9731481481481481 0.043229166666666666 0.9712962962962963 0.04583333333333333 0.9666666666666667 0.05677083333333333 0.9685185185185186 0.0671875 0.9601851851851851 0.084375 0.937037037037037 0.0890625 0.95 0.1015625 0.9666666666666667 0.12291666666666666 0.975 0.12604166666666666 0.9796296296296296 0.13020833333333334 0.9777777777777777 0.13125 0.9805555555555555 0.1359375 0.9805555555555555 0.13958333333333334 0.9824074074074074 0.14166666666666666 0.987037037037037 0.153125 0.9898148148148148 0.1546875 0.9935185185185185 0.45416666666666666 0.9935185185185185 0.45625 0.987037037037037 0.4552083333333333 0.9805555555555555 0.45 0.9768518518518519 0.4484375 0.9685185185185186 0.43333333333333335 0.9555555555555556 0.4234375 0.9527777777777777 0.41822916666666665 0.9481481481481482 0.4119791666666667 0.9481481481481482 0.4114583333333333 0.9425925925925925 0.4161458333333333 0.937037037037037 0.4296875 0.9027777777777778 0.43125 0.8712962962962963 0.42916666666666664 0.8472222222222222 0.4317708333333333 0.8416666666666667 0.4432291666666667 0.8351851851851851 0.453125 0.825 0.46041666666666664 0.812037037037037 0.46875 0.7768518518518519 0.4744791666666667 0.7638888888888888 0.47239583333333335 0.7546296296296297 0.4734375 0.7462962962962963 0.48020833333333335 0.7527777777777778 0.4828125 0.7592592592592593 0.49375 0.7731481481481481 0.4973958333333333 0.774074074074074 0.49947916666666664 0.7796296296296297 0.5109375 0.7870370370370371 0.5291666666666667 0.7824074074074074 0.5385416666666667 0.7666666666666667 0.5442708333333334 0.7481481481481481 0.5453125 0.7231481481481481 0.5432291666666667 0.700925925925926 0.5395833333333333 0.6944444444444444 0.5359375 0.6712962962962963 0.5328125 0.6694444444444444 0.5223958333333333 0.6518518518518519 0.5223958333333333 0.6481481481481481 0.5255208333333333 0.6435185185185185 0.5239583333333333 0.6296296296296297 0.5166666666666667 0.6185185185185185 0.5078125 0.6194444444444445 0.4984375 0.6259259259259259 0.49375 0.6166666666666667 0.49375 0.5944444444444444 0.4901041666666667 0.5888888888888889 0.4875 0.575925925925926 0.48333333333333334 0.5694444444444444 0.4786458333333333 0.5527777777777778 0.47291666666666665 0.5416666666666666 0.4661458333333333 0.5324074074074074 0.45989583333333334 0.5296296296296297 0.45416666666666666 0.5185185185185185 0.4421875 0.5074074074074074 0.4265625 0.5009259259259259 0.4083333333333333 0.48703703703703705 0.3958333333333333 0.46944444444444444 0.38229166666666664 0.4601851851851852 0.3723958333333333 0.45740740740740743 0.3614583333333333 0.44814814814814813 0.35208333333333336 0.4462962962962963 0.34322916666666664 0.4388888888888889 0.2942708333333333 0.4212962962962963 0.2453125 0.41203703703703703 0.1734375 0.41388888888888886 0.13958333333333334 0.4212962962962963 0.12447916666666667 0.42777777777777776 0.109375 0.42777777777777776 0.0984375 0.4324074074074074 0.07083333333333333 0.4305555555555556 0.05625 0.43703703703703706 0.024479166666666666 0.47129629629629627 0.0015625 0.48333333333333334
1 0.5380208333333333 0.41574074074074074 0.5359375 0.42962962962962964 0.5375 0.4351851851851852 0.5416666666666666 0.4398148148148148 0.5453125 0.4546296296296296 0.5390625 0.487962962962963 0.5442708333333334 0.5111111111111111 0.5520833333333334 0.5120370370370371 0.5604166666666667 0.5027777777777778 0.5723958333333333 0.48055555555555557 0.5692708333333333 0.46574074074074073 0.5677083333333334 0.44351851851851853 0.5614583333333333 0.4324074074074074 0.5541666666666667 0.42777777777777776 0.5479166666666667 0.41388888888888886 0.5427083333333333 0.41203703703703703 0.5380208333333333 0.41574074074074074
1 0.49375 0.8157407407407408 0.49375 0.8305555555555556 0.5057291666666667 0.8277777777777777 0.5088541666666667 0.8212962962962963 0.5140625 0.8166666666666667 0.5223958333333333 0.8194444444444444 0.54375 0.8148148148148148 0.5557291666666667 0.8185185185185185 0.5791666666666667 0.8416666666666667 0.5864583333333333 0.8416666666666667 0.5927083333333333 0.8305555555555556 0.5916666666666667 0.8240740740740741 0.5869791666666667 0.8194444444444444 0.5729166666666666 0.8166666666666667 0.55625 0.8055555555555556 0.54375 0.8009259259259259 0.5328125 0.7916666666666666 0.50625 0.7981481481481482 0.4984375 0.8055555555555556 0.4973958333333333 0.812037037037037 0.49375 0.8157407407407408
1 0.8015625 0.6472222222222223 0.7994791666666666 0.6518518518518519 0.8 0.6574074074074074 0.8104166666666667 0.6638888888888889 0.8135416666666667 0.6685185185185185 0.8208333333333333 0.6712962962962963 0.8416666666666667 0.6898148148148148 0.8796875 0.7361111111111112 0.8890625 0.7583333333333333 0.8927083333333333 0.7620370370370371 0.9005208333333333 0.7888888888888889 0.9078125 0.8 0.9114583333333334 0.8027777777777778 0.921875 0.7888888888888889 0.921875 0.7824074074074074 0.909375 0.7759259259259259 0.9020833333333333 0.7648148148148148 0.8979166666666667 0.7435185185185185 0.8958333333333334 0.7435185185185185 0.8890625 0.7324074074074074 0.884375 0.7185185185185186 0.8729166666666667 0.6962962962962963 0.8708333333333333 0.6962962962962963 0.8296875 0.6416666666666667 0.8182291666666667 0.6324074074074074 0.8130208333333333 0.6324074074074074 0.8067708333333333 0.6370370370370371 0.8015625 0.6472222222222223
1 0.7671875 0.6083333333333333 0.7671875 0.6148148148148148 0.7651041666666667 0.6194444444444445 0.76875 0.6212962962962963 0.7744791666666667 0.6101851851851852 0.784375 0.5981481481481481 0.7848958333333333 0.5851851851851851 0.7786458333333334 0.5824074074074074 0.7697916666666667 0.5981481481481481 0.7671875 0.6083333333333333
1 0.5505208333333333 0.7055555555555556 0.5505208333333333 0.7509259259259259 0.5723958333333333 0.7638888888888888 0.5828125 0.7731481481481481 0.5875 0.7731481481481481 0.5953125 0.7416666666666667 0.6015625 0.7305555555555555 0.6140625 0.712037037037037 0.6213541666666667 0.7055555555555556 0.6296875 0.7027777777777777 0.6416666666666667 0.7027777777777777 0.659375 0.7074074074074074 0.7010416666666667 0.7416666666666667 0.7135416666666666 0.7435185185185185 0.7166666666666667 0.7388888888888889 0.7203125 0.725925925925926 0.7234375 0.7231481481481481 0.725 0.7129629629629629 0.7317708333333334 0.6944444444444444 0.7416666666666667 0.675 0.7567708333333333 0.6370370370370371 0.7494791666666667 0.6342592592592593 0.7427083333333333 0.6212962962962963 0.7375 0.6185185185185185 0.7359375 0.6148148148148148 0.73125 0.6138888888888889 0.7239583333333334 0.6027777777777777 0.7208333333333333 0.6027777777777777 0.709375 0.5935185185185186 0.7026041666666667 0.5935185185185186 0.6802083333333333 0.5842592592592593 0.6583333333333333 0.5824074074074074 0.6552083333333333 0.5888888888888889 0.6453125 0.5935185185185186 0.6427083333333333 0.6 0.6369791666666667 0.6027777777777777 0.6348958333333333 0.5879629629629629 0.6348958333333333 0.5574074074074075 0.6333333333333333 0.5527777777777778 0.6291666666666667 0.5462962962962963 0.6161458333333333 0.5481481481481482 0.6078125 0.5527777777777778 0.6057291666666667 0.5601851851851852 0.6015625 0.5601851851851852 0.5958333333333333 0.5666666666666667 0.5895833333333333 0.5694444444444444 0.5869791666666667 0.5851851851851851 0.5838541666666667 0.5888888888888889 0.5786458333333333 0.612037037037037 0.5744791666666667 0.6212962962962963 0.5734375 0.6398148148148148 0.5703125 0.6435185185185185 0.5708333333333333 0.6620370370370371 0.5677083333333334 0.6666666666666666 0.5661458333333333 0.6759259259259259 0.5625 0.6842592592592592 0.5505208333333333 0.7055555555555556
1 0.3078125 0.7462962962962963 0.3078125 0.7583333333333333 0.3104166666666667 0.775 0.31875 0.7916666666666666 0.31927083333333334 0.8138888888888889 0.3182291666666667 0.8194444444444444 0.3140625 0.825925925925926 0.3067708333333333 0.8277777777777777 0.30104166666666665 0.8342592592592593 0.2994791666666667 0.85 0.29583333333333334 0.8648148148148148 0.29583333333333334 0.8851851851851852 0.30625 0.8981481481481481 0.31666666666666665 0.8981481481481481 0.3234375 0.8907407407407407 0.325 0.8851851851851852 0.32760416666666664 0.8842592592592593 0.3416666666666667 0.8574074074074074 0.34322916666666664 0.850925925925926 0.3541666666666667 0.8342592592592593 0.35833333333333334 0.8185185185185185 0.35833333333333334 0.7888888888888889 0.35572916666666665 0.7861111111111111 0.35572916666666665 0.7805555555555556 0.359375 0.7685185185185185 0.3546875 0.7574074074074074 0.33489583333333334 0.75 0.3260416666666667 0.7398148148148148 0.3145833333333333 0.7324074074074074 0.3098958333333333 0.7388888888888889 0.3078125 0.7462962962962963
3 0.99375 0.9800925925925926 0.0010416666666666667 0.000925925925925926
3 0.9432291666666667 0.9101851851851852 0.9421875 0.9111111111111111 0.9432291666666667 0.9101851851851852
3 0.5828125 0.899074074074074 0.5822916666666667 0.9222222222222223 0.5838541666666667 0.9342592592592592 0.6015625 0.9916666666666667 0.60625 0.9935185185185185 0.8578125 0.9935185185185185 0.8713541666666667 0.9898148148148148 0.878125 0.9935185185185185 0.9359375 0.9935185185185185 0.9385416666666667 0.9907407407407407 0.946875 0.9935185185185185 0.9771578125 0.9935185185185185 0.9786458333333333 0.9907407407407407 0.9799109375 0.9935185185185185 0.9854166666666667 0.9935185185185185 0.9859375 0.9879629629629629 0.9895833333333334 0.9805555555555555 0.9890625 0.9768518518518519 0.9942708333333333 0.975 0.9953125 0.9666666666666667 0.9942708333333333 0.9333333333333333 0.9958333333333333 0.925 0.9963541666666667 0.8870370370370371 0.9953125 0.8842592592592593 0.9916666666666667 0.8861111111111111 0.9921875 0.8796296296296297 0.9958333333333333 0.8759259259259259 0.9947916666666666 0.8685185185185185 0.9927083333333333 0.8685185185185185 0.990625 0.8731481481481481 0.9911458333333333 0.8777777777777778 0.9890625 0.8824074074074074 0.9880208333333333 0.8777777777777778 0.9859375 0.8777777777777778 0.9876734375 0.8731481481481481 0.9847223958333333 0.8731481481481481 0.9828125 0.8777777777777778 0.9817708333333334 0.8731481481481481 0.9755208333333333 0.8796296296296297 0.978125 0.8842592592592593 0.978125 0.8888888888888888 0.9697916666666667 0.8916666666666667 0.9666666666666667 0.899074074074074 0.9666666666666667 0.9055555555555556 0.9541666666666667 0.9074074074074074 0.9505208333333334 0.9120370370370371 0.9453125 0.9120370370370371 0.9432291666666667 0.9148148148148149 0.9385416666666667 0.9138888888888889 0.9359375 0.899074074074074 0.9270833333333334 0.8824074074074074 0.9234375 0.8601851851851852 0.9171875 0.837037037037037 0.9135416666666667 0.8324074074074074 0.9104166666666667 0.8212962962962963 0.9072916666666667 0.8166666666666667 0.9052083333333333 0.8055555555555556 0.89375 0.7777777777777778 0.8921875 0.7694444444444445 0.8817708333333333 0.7490740740740741 0.878125 0.737037037037037 0.8682291666666667 0.725925925925926 0.8666666666666667 0.7212962962962963 0.8572916666666667 0.7138888888888889 0.8286458333333333 0.6805555555555556 0.7994791666666666 0.6620370370370371 0.7932291666666667 0.6620370370370371 0.7880208333333333 0.6675925925925926 0.775 0.6888888888888889 0.7572916666666667 0.725925925925926 0.7494791666666667 0.75 0.740625 0.7601851851851852 0.73125 0.7601851851851852 0.7291666666666666 0.7574074074074074 0.7125 0.7527777777777778 0.6833333333333333 0.7324074074074074 0.6682291666666667 0.7166666666666667 0.6489583333333333 0.7074074074074074 0.6265625 0.7074074074074074 0.6130208333333333 0.7185185185185186 0.5973958333333333 0.7435185185185185 0.5901041666666667 0.7731481481481481 0.5942708333333333 0.812962962962963 0.6052083333333333 0.8305555555555556 0.6052083333333333 0.8388888888888889 0.6041666666666666 0.8435185185185186 0.5947916666666667 0.8583333333333333 0.5921875 0.8685185185185185 0.5869791666666667 0.8759259259259259 0.5828125 0.899074074074074
3 0.0921875 0.8305555555555556 0.09010416666666667 0.8333333333333334 0.0875 0.8305555555555556 0.0875 0.8342592592592593 0.0921875 0.8305555555555556
3 0.06302083333333333 0.774074074074074 0.0625 0.7777777777777778 0.06822916666666666 0.7777777777777778 0.06302083333333333 0.774074074074074
3 0.057291666666666664 0.7731481481481481 0.05625 0.7777777777777778 0.058333333333333334 0.7759259259259259 0.057291666666666664 0.7731481481481481
3 0.10677083333333333 0.7439814814814815 0.003125 0.000925925925925926
3 0.10625 0.7342592592592593 0.10572916666666667 0.737037037037037 0.10625 0.7342592592592593
3 0.0875 0.7351851851851852 0.0875 0.7388888888888889 0.090625 0.7342592592592593 0.09166666666666666 0.7388888888888889 0.09427083333333333 0.737037037037037 0.09166666666666666 0.7324074074074074 0.0875 0.7351851851851852
3 0.0625 0.7324074074074074 0.06197916666666667 0.737037037037037 0.06666666666666667 0.737037037037037 0.0625 0.7324074074074074
3 0.08072916666666667 0.6416666666666667 0.08020833333333334 0.6462962962962963 0.0859375 0.6462962962962963 0.08541666666666667 0.6416666666666667 0.08072916666666667 0.6416666666666667
3 0.0765625 0.6342592592592593 0.075 0.6351851851851852 0.0765625 0.6388888888888888 0.07864583333333333 0.6351851851851852 0.08020833333333334 0.6388888888888888 0.08125 0.6370370370370371 0.0765625 0.6342592592592593
3 0.07708333333333334 0.6212962962962963 0.0765625 0.6231481481481481 0.08020833333333334 0.6231481481481481 0.07708333333333334 0.6212962962962963
3 0.09895833333333333 0.5666666666666667 0.0875 0.5675925925925925 0.0921875 0.5712962962962963 0.09895833333333333 0.5666666666666667
3 0.11015625 0.5541666666666667 0.0036458333333333334 0.002777777777777778
3 0.04296875 0.45694444444444443 0.0005208333333333333 0.004629629629629629
3 0.05677083333333333 0.44166666666666665 0.05520833333333333 0.4462962962962963 0.058333333333333334 0.4462962962962963 0.05677083333333333 0.44166666666666665
3 0.0890625 0.4444444444444444 0.0921875 0.4462962962962963 0.09375 0.44351851851851853 0.0953125 0.4462962962962963 0.109375 0.45092592592592595 0.11197916666666667 0.4546296296296296 0.11875 0.4546296296296296 0.11770833333333333 0.45925925925925926 0.125 0.4685185185185185 0.125 0.4759259259259259 0.12864583333333332 0.4824074074074074 0.125 0.5064814814814815 0.13020833333333334 0.5111111111111111 0.13072916666666667 0.5231481481481481 0.12916666666666668 0.5305555555555556 0.12447916666666667 0.5324074074074074 0.12604166666666666 0.5435185185185185 0.1296875 0.5435185185185185 0.13072916666666667 0.5462962962962963 0.13020833333333334 0.5666666666666667 0.13229166666666667 0.5842592592592593 0.13072916666666667 0.5898148148148148 0.13020833333333334 0.6083333333333333 0.13072916666666667 0.6157407407407407 0.13385416666666666 0.6222222222222222 0.13177083333333334 0.6351851851851852 0.13333333333333333 0.6666666666666666 0.13072916666666667 0.6898148148148148 0.13020833333333334 0.7222222222222222 0.125 0.7675925925925926 0.12135416666666667 0.7842592592592592 0.12239583333333333 0.7898148148148149 0.1171875 0.8074074074074075 0.11666666666666667 0.8166666666666667 0.11302083333333333 0.8231481481481482 0.1125 0.8324074074074074 0.10677083333333333 0.8537037037037037 0.10625 0.862037037037037 0.096875 0.8685185185185185 0.1 0.8722222222222222 0.09791666666666667 0.8759259259259259 0.09739583333333333 0.8870370370370371 0.0953125 0.8916666666666667 0.0953125 0.9009259259259259 0.0921875 0.9148148148148149 0.08854166666666667 0.9212962962962963 0.08958333333333333 0.9462962962962963 0.09895833333333333 0.9638888888888889 0.10364583333333334 0.9685185185185186 0.11822916666666666 0.9731481481481481 0.12291666666666666 0.975925925925926 0.125 0.9805555555555555 0.1328125 0.9805555555555555 0.14479166666666668 0.987037037037037 0.15520833333333334 0.9888888888888889 0.15677083333333333 0.9935185185185185 0.4453125 0.9935185185185185 0.44947916666666665 0.987037037037037 0.4421875 0.9768518518518519 0.4432291666666667 0.9731481481481481 0.4401041666666667 0.9685185185185186 0.425 0.9555555555555556 0.405 0.9527777777777777 0.4046875 0.9472222222222222 0.4119791666666667 0.9416666666666667 0.42604166666666665 0.9120370370370371 0.43072916666666666 0.8842592592592593 0.43072916666666666 0.8601851851851852 0.42916666666666664 0.8518518518518519 0.43072916666666666 0.8444444444444444 0.45208333333333334 0.8277777777777777 0.46145833333333336 0.8092592592592592 0.46927083333333336 0.7787037037037037 0.47291666666666665 0.7712962962962963 0.4734375 0.7472222222222222 0.5020833333333333 0.7842592592592592 0.5119791666666667 0.7870370370370371 0.5302083333333333 0.7842592592592592 0.540625 0.7666666666666667 0.5432291666666667 0.7574074074074074 0.5458333333333333 0.7416666666666667 0.5432291666666667 0.6981481481481482 0.5375 0.674074074074074 0.5317708333333333 0.6685185185185185 0.5302083333333333 0.6601851851851852 0.525 0.6537037037037037 0.5244791666666667 0.6481481481481481 0.5265625 0.6398148148148148 0.5229166666666667 0.6259259259259259 0.5161458333333333 0.6148148148148148 0.5083333333333333 0.6138888888888889 0.5 0.5935185185185186 0.4953125 0.5879629629629629 0.49375 0.5805555555555556 0.4895833333333333 0.5777777777777777 0.4828125 0.5648148148148148 0.48072916666666665 0.5592592592592592 0.48072916666666665 0.5527777777777778 0.47291666666666665 0.5388888888888889 0.4588541666666667 0.5212962962962963 0.4515625 0.5138888888888888 0.4197916666666667 0.4981481481481482 0.40677083333333336 0.4861111111111111 0.39739583333333334 0.47129629629629627 0.3880208333333333 0.4666666666666667 0.384375 0.462037037037037 0.3703125 0.45740740740740743 0.35989583333333336 0.44907407407407407 0.32083333333333336 0.4305555555555556 0.2833333333333333 0.41944444444444445 0.23489583333333333 0.41203703703703703 0.20260416666666667 0.41203703703703703 0.16145833333333334 0.4166666666666667 0.128125 0.42777777777777776 0.10416666666666667 0.4305555555555556 0.09114583333333333 0.4388888888888889 0.0890625 0.4444444444444444
3 0.33229166666666665 0.4981481481481482 0.33125 0.5009259259259259 0.3328125 0.5009259259259259 0.33229166666666665 0.4981481481481482
3 0.05364583333333333 0.012037037037037037 0.051041666666666666 0.013888888888888888 0.05520833333333333 0.013888888888888888 0.05364583333333333 0.012037037037037037
3 0.0390625 0.2324074074074074 0.03854166666666667 0.24166666666666667 0.042708333333333334 0.2462962962962963 0.043229166666666666 0.25462962962962965 0.0484375 0.26481481481481484 0.05 0.2796296296296296 0.05416666666666667 0.28703703703703703 0.0578125 0.28888888888888886 0.05625 0.2962962962962963 0.0609375 0.30277777777777776 0.059895833333333336 0.325 0.0671875 0.34444444444444444 0.06979166666666667 0.3962962962962963 0.07760416666666667 0.4185185185185185 0.08697916666666666 0.425 0.09375 0.425 0.13645833333333332 0.4185185185185185 0.16145833333333334 0.4101851851851852 0.20572916666666666 0.40555555555555556 0.246875 0.4074074074074074 0.2864583333333333 0.41388888888888886 0.35885416666666664 0.4398148148148148 0.4 0.4685185185185185 0.41354166666666664 0.48518518518518516 0.4239583333333333 0.4888888888888889 0.44166666666666665 0.5009259259259259 0.4671875 0.5305555555555556 0.48072916666666665 0.5527777777777778 0.48333333333333334 0.5638888888888889 0.4864583333333333 0.5666666666666667 0.49322916666666666 0.5879629629629629 0.5 0.5944444444444444 0.5046875 0.6074074074074074 0.5041666666666667 0.612037037037037 0.5229166666666667 0.6129629629629629 0.5302083333333333 0.6388888888888888 0.5260416666666666 0.6546296296296297 0.5421875 0.675 0.5479166666666667 0.6888888888888889 0.5526041666666667 0.6888888888888889 0.5572916666666666 0.674074074074074 0.5625 0.6666666666666666 0.5661458333333333 0.6388888888888888 0.5666666666666667 0.6212962962962963 0.5729166666666666 0.6092592592592593 0.5786458333333333 0.5916666666666667 0.58125 0.5740740740740741 0.5828125 0.5601851851851852 0.5828125 0.5231481481481481 0.5817708333333333 0.48518518518518516 0.5786458333333333 0.45925925925925926 0.56875 0.4074074074074074 0.5572916666666666 0.3731481481481482 0.5427083333333333 0.34629629629629627 0.509375 0.30092592592592593 0.5005208333333333 0.2935185185185185 0.49375 0.2814814814814815 0.5036458333333333 0.2777777777777778 0.5177083333333333 0.2777777777777778 0.5427083333333333 0.2851851851851852 0.5609375 0.2916666666666667 0.6072916666666667 0.3212962962962963 0.6213541666666667 0.32407407407407407 0.6411458333333333 0.3212962962962963 0.6473958333333333 0.31666666666666665 0.65625 0.2898148148148148 0.65625 0.26944444444444443 0.6546875 0.2601851851851852 0.6458333333333334 0.2462962962962963 0.6255208333333333 0.2324074074074074 0.6125 0.21851851851851853 0.6072916666666667 0.21666666666666667 0.6052083333333333 0.21203703703703702 0.5901041666666667 0.20462962962962963 0.58125 0.19444444444444445 0.5697916666666667 0.18888888888888888 0.5625 0.18055555555555555 0.5234375 0.1574074074074074 0.5083333333333333 0.1527777777777778 0.47291666666666665 0.15092592592592594 0.4354166666666667 0.16296296296296298 0.4276041666666667 0.16203703703703703 0.425 0.1574074074074074 0.415625 0.15092592592592594 0.4005208333333333 0.15 0.38697916666666665 0.1398148148148148 0.3734375 0.1388888888888889 0.3651041666666667 0.13240740740740742 0.3614583333333333 0.1259259259259259 0.3453125 0.11666666666666667 0.33541666666666664 0.10555555555555556 0.3328125 0.10555555555555556 0.30625 0.0824074074074074 0.29270833333333335 0.08055555555555556 0.28229166666666666 0.06851851851851852 0.2708333333333333 0.062037037037037036 0.25 0.041666666666666664 0.23802083333333332 0.03518518518518519 0.23125 0.025925925925925925 0.23072916666666668 0.016666666666666666 0.22447916666666667 0.009259259259259259 0.2234375 0.002777777777777778 0.19270833333333334 0.005555555555555556 0.13072916666666667 0.002777777777777778 0.09375 0.007407407407407408 0.0875 0.026851851851851852 0.0859375 0.04259259259259259 0.0828125 0.046296296296296294 0.0734375 0.075 0.07135416666666666 0.09814814814814815 0.06614583333333333 0.10092592592592593 0.065625 0.10833333333333334 0.0578125 0.12962962962962962 0.0578125 0.13703703703703704 0.05416666666666667 0.15 0.0515625 0.1527777777777778 0.049479166666666664 0.18055555555555555 0.04583333333333333 0.18703703703703703 0.0484375 0.19166666666666668 0.04791666666666667 0.19537037037037036 0.044270833333333336 0.20925925925925926 0.04114583333333333 0.21203703703703702 0.043229166666666666 0.21574074074074073 0.043229166666666666 0.22314814814814815 0.040625 0.22592592592592592 0.0390625 0.2324074074074074
3 0.8557291666666667 0.09351851851851851 0.853125 0.14166666666666666 0.8583333333333333 0.1638888888888889 0.8651041666666667 0.17962962962962964 0.875 0.18703703703703703 0.89375 0.18703703703703703 0.9 0.18055555555555555 0.9041666666666667 0.18055555555555555 0.9067708333333333 0.19166666666666668 0.9161458333333333 0.2064814814814815 0.921875 0.22592592592592592 0.9375 0.25462962962962965 0.94375 0.2601851851851852 0.9494791666666667 0.2601851851851852 0.9536458333333333 0.2638888888888889 0.9692708333333333 0.29814814814814816 0.98125 0.30925925925925923 0.9958333333333333 0.3101851851851852 0.9994791666666667 0.3074074074074074 0.9994791666666667 0.2638888888888889 0.9973958333333334 0.262037037037037 0.9994791666666667 0.2574074074074074 0.9994791666666667 0.25277777777777777 0.9973958333333334 0.25092592592592594 0.9973958333333334 0.24259259259259258 0.9994791666666667 0.23981481481481481 0.9994791666666667 0.2074074074074074 0.9973958333333334 0.20555555555555555 0.9994791666666667 0.20277777777777778 0.9994791666666667 0.1685185185185185 0.9973958333333334 0.16666666666666666 0.9973958333333334 0.15648148148148147 0.9994791666666667 0.15462962962962962 0.9963541666666667 0.15 0.9973958333333334 0.14166666666666666 0.9994791666666667 0.1388888888888889 0.9994791666666667 0.06481481481481481 0.9973958333333334 0.06296296296296296 0.9953125 0.05462962962962963 0.9901041666666667 0.05092592592592592 0.9864583333333333 0.044444444444444446 0.9755208333333333 0.04351851851851852 0.9651041666666667 0.037037037037037035 0.95625 0.025925925925925925 0.9536458333333333 0.025925925925925925 0.9515625 0.022222222222222223 0.9526041666666667 0.004629629629629629 0.9505208333333334 0 0.9328125 0 0.928125 0.002777777777777778 0.8822916666666667 0.002777777777777778 0.8692708333333333 0.03981481481481482 0.8557291666666667 0.09351851851851851
3 0.4796875 0.002777777777777778 0.4791666666666667 0.004629629629629629 0.4864583333333333 0.012037037037037037 0.4921875 0.022222222222222223 0.4942708333333333 0.02962962962962963 0.503125 0.03981481481481482 0.5145833333333333 0.06388888888888888 0.5234375 0.0712962962962963 0.5359375 0.09166666666666666 0.553125 0.10092592592592593 0.5661458333333333 0.11388888888888889 0.56875 0.12129629629629629 0.5984375 0.16666666666666666 0.60625 0.20092592592592592 0.6140625 0.21388888888888888 0.6432291666666666 0.2388888888888889 0.6479166666666667 0.23981481481481481 0.6546875 0.23425925925925925 0.659375 0.2212962962962963 0.6609375 0.19814814814814816 0.6604166666666667 0.1712962962962963 0.65625 0.1537037037037037 0.6520833333333333 0.12222222222222222 0.6526041666666667 0.11018518518518519 0.659375 0.10462962962962963 0.675 0.16018518518518518 0.69375 0.25925925925925924 0.7026041666666667 0.2796296296296296 0.7109375 0.28703703703703703 0.7130208333333333 0.2916666666666667 0.7364583333333333 0.2935185185185185 0.7432291666666667 0.28888888888888886 0.7473958333333334 0.2796296296296296 0.7515625 0.22314814814814815 0.7463541666666667 0.18055555555555555 0.7463541666666667 0.1712962962962963 0.7479166666666667 0.1685185185185185 0.7536458333333333 0.16944444444444445 0.7630208333333334 0.2074074074074074 0.7703125 0.22314814814814815 0.7729166666666667 0.22314814814814815 0.7776041666666667 0.23055555555555557 0.7859375 0.23425925925925925 0.79375 0.2324074074074074 0.8046875 0.2212962962962963 0.8125 0.2074074074074074 0.8161458333333333 0.1935185185185185 0.8166666666666667 0.1527777777777778 0.8119791666666667 0.11018518518518519 0.7979166666666667 0.05185185185185185 0.790625 0.004629629629629629 0.7875 0 0.7692708333333333 0.002777777777777778 0.7104166666666667 0.002777777777777778 0.70625 0 0.6192708333333333 0.002777777777777778 0.6130208333333333 0 0.5989583333333334 0 0.5932291666666667 0.002777777777777778 0.5625 0.002777777777777778 0.5552083333333333 0.006481481481481481 0.5526041666666667 0.002777777777777778 0.5291666666666667 0.004629629629629629 0.49947916666666664 0.000925925925925926 0.48236614583333337 0.002777777777777778 0.48125 0.005555555555555556 0.4796875 0.002777777777777778