4 0.7875 0.9916666666666667 0.7869791666666667 0.9935185185185185 0.7921875 0.9935185185185185 0.7875 0.9916666666666667
4 0.5677083333333334 0.6388888888888888 0.5677083333333334 0.6416666666666667 0.5677083333333334 0.6388888888888888
4 0.6333333333333333 0.5824074074074074 0.6328125 0.5879629629629629 0.6369791666666667 0.5944444444444444 0.6369791666666667 0.6018518518518519 0.6395833333333333 0.6111111111111112 0.6432291666666666 0.612037037037037 0.6479166666666667 0.6185185185185185 0.6489583333333333 0.6259259259259259 0.6541666666666667 0.6370370370370371 0.6536458333333334 0.6435185185185185 0.6653125000000001 0.6435185185185185 0.6635416666666667 0.6388888888888888 0.6661458333333333 0.6388888888888888 0.6682291666666667 0.6435185185185185 0.6661458333333333 0.637962962962963 0.671875 0.6351851851851852 0.671875 0.6324074074074074 0.6677083333333333 0.6259259259259259 0.6630208333333333 0.625 0.6546875 0.612037037037037 0.646875 0.6074074074074074 0.6458333333333334 0.6055555555555555 0.6489583333333333 0.6027777777777777 0.6489583333333333 0.5981481481481481 0.6458333333333334 0.5962962962962963 0.6385416666666667 0.5824074074074074 0.6333333333333333 0.5824074074074074
4 0.540625 0.5592592592592592 0.5390625 0.5601851851851852 0.5432291666666667 0.5601851851851852 0.540625 0.5592592592592592
4 0.5244791666666667 0.5425925925925926 0.528125 0.5472222222222223 0.528125 0.5518518518518518 0.5213541666666667 0.5527777777777778 0.5208333333333334 0.5583333333333333 0.5229166666666667 0.5601851851851852 0.5239583333333333 0.5555555555555556 0.5260416666666666 0.5555555555555556 0.5265625 0.5601851851851852 0.5296875 0.562037037037037 0.5328125 0.5546296296296296 0.5296875 0.55 0.5328125 0.5481481481481482 0.5333333333333333 0.5416666666666666 0.5291666666666667 0.5388888888888889 0.5244791666666667 0.5425925925925926
4 0.5984375 0.5296296296296297 0.5973958333333333 0.5462962962962963 0.603125 0.5592592592592592 0.6166666666666667 0.5666666666666667 0.6192708333333333 0.5731481481481482 0.6296875 0.5777777777777777 0.6291666666666667 0.5694444444444444 0.6260416666666667 0.5601851851851852 0.6229166666666667 0.5555555555555556 0.6203125 0.5555555555555556 0.6177083333333333 0.5462962962962963 0.6135416666666667 0.5398148148148149 0.609375 0.5351851851851852 0.6015625 0.5342592592592592 0.5984375 0.5296296296296297
4 0.5848958333333333 0.5092592592592593 0.5838541666666667 0.5120370370370371 0.5901041666666667 0.5212962962962963 0.596875 0.524074074074074 0.5984375 0.5277777777777778 0.6 0.525 0.6010416666666667 0.5212962962962963 0.5973958333333333 0.5120370370370371 0.5848958333333333 0.5092592592592593
4 0.5848958333333333 0.5009259259259259 0.58125 0.5009259259259259 0.58125 0.5046296296296297 0.5854166666666667 0.5074074074074074 0.5848958333333333 0.5009259259259259
4 0.4796875 0.4888888888888889 0.4765625 0.49444444444444446 0.48072916666666665 0.5027777777777778 0.484375 0.5027777777777778 0.48802083333333335 0.5148148148148148 0.5 0.5148148148148148 0.4984375 0.5101851851851852 0.5010416666666667 0.5046296296296297 0.49322916666666666 0.49907407407407406 0.4895833333333333 0.4898148148148148 0.4921875 0.4888888888888889 0.49114583333333334 0.4842592592592593 0.48489583333333336 0.4898148148148148 0.4796875 0.4888888888888889
4 0.55625 0.45555555555555555 0.5557291666666667 0.46111111111111114 0.5572916666666666 0.462037037037037 0.5583333333333333 0.45925925925925926 0.55625 0.45555555555555555
4 0.54375 0.4305555555555556 0.5395833333333333 0.4305555555555556 0.5427083333333333 0.4351851851851852 0.54375 0.4305555555555556
4 0.5390625 0.4166666666666667 0.5317708333333333 0.4166666666666667 0.5328125 0.425 0.540625 0.42592592592592593 0.5390625 0.4166666666666667
4 0.5010416666666667 0.3592592592592593 0.5005208333333333 0.36203703703703705 0.5010416666666667 0.3592592592592593
4 0.41354166666666664 0.11944444444444445 0.40729166666666666 0.12962962962962962 0.40729166666666666 0.13703703703703704 0.4140625 0.15 0.425 0.16203703703703703 0.428125 0.17037037037037037 0.44375 0.19166666666666668 0.45625 0.20462962962962963 0.4765625 0.2388888888888889 0.4859375 0.2462962962962963 0.4890625 0.2564814814814815 0.5083333333333333 0.28703703703703703 0.5104166666666666 0.28703703703703703 0.5119791666666667 0.2916666666666667 0.5161458333333333 0.2935185185185185 0.51875 0.3 0.5229166666666667 0.30277777777777776 0.5255208333333333 0.31203703703703706 0.5390625 0.33055555555555555 0.5395833333333333 0.337037037037037 0.5442708333333334 0.34814814814814815 0.5625 0.36944444444444446 0.5661458333333333 0.37962962962962965 0.5723958333333333 0.3888888888888889 0.5739583333333333 0.3962962962962963 0.5796875 0.3990740740740741 0.58125 0.4074074074074074 0.5859375 0.41388888888888886 0.5911458333333334 0.4166666666666667 0.5947916666666667 0.42314814814814816 0.5984375 0.42314814814814816 0.6015625 0.4351851851851852 0.6057291666666667 0.43796296296296294 0.6078125 0.44814814814814813 0.6125 0.45092592592592595 0.6151041666666667 0.45925925925925926 0.6223958333333334 0.4666666666666667 0.625 0.47685185185185186 0.628125 0.4777777777777778 0.6354166666666666 0.4898148148148148 0.64375 0.5092592592592593 0.6505208333333333 0.5101851851851852 0.6510416666666666 0.5203703703703704 0.6578125 0.5324074074074074 0.6671875 0.5370370370370371 0.6807291666666667 0.5601851851851852 0.6916666666666667 0.5638888888888889 0.6963541666666667 0.5685185185185185 0.6958333333333333 0.5731481481481482 0.7026041666666667 0.5916666666666667 0.70625 0.5935185185185186 0.7130208333333333 0.6055555555555555 0.7239583333333334 0.6166666666666667 0.7401041666666667 0.6472222222222223 0.7473958333333334 0.649074074074074 0.7494791666666667 0.6527777777777778 0.7484375 0.6574074074074074 0.75 0.6611111111111111 0.7541666666666667 0.6648148148148149 0.7541666666666667 0.6777777777777778 0.75625 0.6824074074074075 0.7375 0.7148148148148148 0.7333333333333333 0.7138888888888889 0.7234375 0.6944444444444444 0.7145833333333333 0.687037037037037 0.7119791666666667 0.6805555555555556 0.7088541666666667 0.6796296296296296 0.7041666666666667 0.6712962962962963 0.6963541666666667 0.6685185185185185 0.6880208333333333 0.6694444444444444 0.6833333333333333 0.6666666666666666 0.68125 0.6620370370370371 0.6770833333333334 0.6638888888888889 0.6692708333333334 0.6574074074074074 0.6640625 0.6620370370370371 0.6609375 0.6685185185185185 0.6520833333333333 0.6694444444444444 0.6458333333333334 0.6777777777777778 0.6182291666666667 0.6851851851851852 0.6 0.7138888888888889 0.59375 0.7361111111111112 0.59375 0.7898148148148149 0.5921875 0.7972222222222223 0.59375 0.812037037037037 0.5916666666666667 0.8185185185185185 0.59375 0.8527777777777777 0.6015625 0.8953703703703704 0.6072916666666667 0.9148148148148149 0.6078125 0.924074074074074 0.6104166666666667 0.9277777777777778 0.6104166666666667 0.9342592592592592 0.6161458333333333 0.9444444444444444 0.6213541666666667 0.9666666666666667 0.6244791666666667 0.9694444444444444 0.6255208333333333 0.9787037037037037 0.6307291666666667 0.987037037037037 0.6369791666666667 0.9944444444444445 0.6427083333333333 0.9962962962962963 0.6645833333333333 0.9935185185185185 0.6682291666666667 0.987037037037037 0.66875 0.9935185185185185 0.6770833333333334 0.9962962962962963 0.7482291666666666 0.9935185185185185 0.7505208333333333 0.9888888888888889 0.7520833333333333 0.9916666666666667 0.7508682291666666 0.9935185185185185 0.7651041666666667 0.9935185185185185 0.7661458333333333 0.9907407407407407 0.7677083333333333 0.9935185185185185 0.7791666666666667 0.9944444444444445 0.7802083333333333 0.9916666666666667 0.78125 0.9935185185185185 0.7817708333333333 0.987037037037037 0.7864583333333334 0.9888888888888889 0.7880208333333333 0.9824074074074074 0.7994791666666666 0.9805555555555555 0.8005208333333333 0.9824074074074074 0.7958333333333333 0.9935185185185185 0.8105208333333334 0.9916666666666667 0.8114583333333333 0.9944444444444445 0.8145833333333333 0.9898148148148148 0.8171875 0.9962962962962963 0.8239583333333333 0.9935185185185185 0.8359375 0.9944444444444445 0.8369791666666667 0.9916666666666667 0.8395833333333333 0.9935185185185185 0.8421875 0.987037037037037 0.8375 0.9805555555555555 0.8348958333333333 0.9666666666666667 0.8291666666666667 0.9583333333333334 0.8270833333333333 0.9444444444444444 0.8229166666666666 0.9425925925925925 0.8244791666666667 0.9388888888888889 0.8161458333333333 0.9138888888888889 0.8171875 0.9101851851851852 0.8135416666666667 0.9074074074074074 0.8114583333333333 0.9009259259259259 0.8130208333333333 0.8935185185185185 0.8296875 0.9120370370370371 0.8333333333333334 0.9212962962962963 0.8421875 0.9259259259259259 0.8479166666666667 0.937037037037037 0.8583333333333333 0.9416666666666667 0.8645833333333334 0.950925925925926 0.8755208333333333 0.9592592592592593 0.884375 0.9601851851851851 0.89375 0.9712962962962963 0.9109375 0.9777777777777777 0.9182291666666667 0.9842592592592593 0.9510416666666667 0.9888888888888889 0.9578125 0.9935185185185185 0.9744791666666667 0.9981481481481481 0.9942708333333333 0.9935185185185185 0.9994791666666667 0.987037037037037 0.9973958333333334 0.9842592592592593 0.9973958333333334 0.9731481481481481 0.9947916666666666 0.9657407407407408 0.9942708333333333 0.9574074074074074 0.9880208333333333 0.9444444444444444 0.9901041666666667 0.9388888888888889 0.9947916666666666 0.9388888888888889 0.9958333333333333 0.9166666666666666 0.9901041666666667 0.9009259259259259 0.9947916666666666 0.8962962962962963 0.9973958333333334 0.8888888888888888 0.9973958333333334 0.8796296296296297 0.9994791666666667 0.8777777777777778 0.9994791666666667 0.862037037037037 0.9963541666666667 0.8583333333333333 0.9958333333333333 0.8453703703703703 0.9994791666666667 0.8416666666666667 0.9994791666666667 0.8166666666666667 0.9973958333333334 0.8157407407407408 0.9973958333333334 0.8101851851851852 0.9994791666666667 0.8092592592592592 0.9994791666666667 0.7944444444444444 0.9973958333333334 0.7944444444444444 0.9942708333333333 0.7888888888888889 0.9953125 0.7824074074074074 0.9927083333333333 0.7768518518518519 0.9916666666666667 0.7657407407407407 0.9942708333333333 0.7601851851851852 0.9994791666666667 0.7574074074074074 0.9963541666666667 0.7462962962962963 0.9963541666666667 0.7416666666666667 0.9994791666666667 0.737037037037037 0.9958333333333333 0.7342592592592593 0.9973958333333334 0.7305555555555555 0.9963541666666667 0.6944444444444444 0.9911458333333333 0.6796296296296296 0.984375 0.675 0.9796875 0.6601851851851852 0.9729166666666667 0.6527777777777778 0.9651041666666667 0.6509259259259259 0.9635416666666666 0.6481481481481481 0.9645833333333333 0.6388888888888888 0.9739583333333334 0.6416666666666667 0.9854166666666667 0.6527777777777778 0.9932291666666667 0.6509259259259259 0.9994791666666667 0.6435185185185185 0.9973958333333334 0.6435185185185185 0.9947916666666666 0.6305555555555555 0.9947916666666666 0.6222222222222222 0.9963541666666667 0.6185185185185185 0.9953125 0.6111111111111112 0.9973958333333334 0.6027777777777777 0.9994791666666667 0.600925925925926 0.9994791666666667 0.5592592592592592 0.9963541666666667 0.5564814814814815 0.9973958333333334 0.5481481481481482 0.9994791666666667 0.5462962962962963 0.9994791666666667 0.5370370370370371 0.9958333333333333 0.5333333333333333 0.9927083333333333 0.512962962962963 0.9947916666666666 0.5009259259259259 0.9994791666666667 0.4935185185185185 0.9994791666666667 0.45555555555555555 0.9958333333333333 0.4537037037037037 0.9927083333333333 0.44537037037037036 0.9953125 0.43333333333333335 0.9994791666666667 0.42962962962962964 0.9994791666666667 0.4074074074074074 0.9953125 0.4027777777777778 0.9973958333333334 0.39814814814814814 0.9994791666666667 0.39814814814814814 0.9994791666666667 0.3648148148148148 0.9947916666666666 0.36203703703703705 0.9973958333333334 0.35555555555555557 0.9979166666666667 0.34444444444444444 0.9958333333333333 0.33796296296296297 0.9994791666666667 0.33055555555555555 0.9994791666666667 0.13055555555555556 0.9958333333333333 0.125 0.9958333333333333 0.12129629629629629 0.9994791666666667 0.11851851851851852 0.9994791666666667 0.007407407407407408 0.9885416666666667 0 0.9692708333333333 0 0.9671875 0.002777777777777778 0.95 0.005555555555555556 0.9416666666666667 0.005555555555555556 0.9265625 0 0.9046875 0.007407407407407408 0.8869791666666667 0.002777777777777778 0.8604166666666667 0.000925925925925926 0.8442708333333333 0.002777777777777778 0.8416666666666667 0 0.8109375 0 0.8088541666666667 0.002777777777777778 0.7979166666666667 0.002777777777777778 0.7947916666666667 0 0.7817708333333333 0 0.7802083333333333 0.002777777777777778 0.7682291666666666 0.005555555555555556 0.7640625 0.009259259259259259 0.7578125 0.005555555555555556 0.7505208333333333 0.008333333333333333 0.7494791666666667 0.005555555555555556 0.7385416666666667 0.002777777777777778 0.7375 0 0.7234375 0 0.7109375 0.004629629629629629 0.6947916666666667 0.002777777777777778 0.69375 0 0.66875 0 0.6661458333333333 0.002777777777777778 0.6494791666666667 0 0.6260416666666667 0.004629629629629629 0.6067708333333334 0.004629629629629629 0.6015625 0 0.5317708333333333 0 0.5302083333333333 0.002777777777777778 0.5119791666666667 0.002777777777777778 0.5072916666666667 0.005555555555555556 0.5020833333333333 0.01574074074074074 0.49322916666666666 0.023148148148148147 0.4869791666666667 0.037037037037037035 0.47708333333333336 0.046296296296296294 0.47239583333333335 0.05555555555555555 0.4625 0.06388888888888888 0.4557291666666667 0.075 0.45 0.07777777777777778 0.4479166666666667 0.08333333333333333 0.43333333333333335 0.0962962962962963 0.41354166666666664 0.11944444444444445
4 0.0020833333333333333 0.010185185185185186 0 0.012037037037037037 0 0.11944444444444445 0.0036458333333333334 0.12314814814814815 0.0036458333333333334 0.13240740740740742 0.005208333333333333 0.13518518518518519 0.004166666666666667 0.14074074074074075 0.007291666666666667 0.15092592592592594 0.005729166666666666 0.16574074074074074 0 0.1712962962962963 0 0.20277777777777778 0.0020833333333333333 0.20555555555555555 0.026041666666666668 0.21851851851851853 0.03802083333333333 0.23055555555555557 0.042708333333333334 0.2324074074074074 0.058854166666666666 0.25 0.065625 0.2537037037037037 0.07083333333333333 0.262037037037037 0.09583333333333334 0.28888888888888886 0.12083333333333333 0.30092592592592593 0.13645833333333332 0.3277777777777778 0.14791666666666667 0.3351851851851852 0.1765625 0.3638888888888889 0.1875 0.36666666666666664 0.20572916666666666 0.39166666666666666 0.22239583333333332 0.4009259259259259 0.22708333333333333 0.4074074074074074 0.23489583333333333 0.41203703703703703 0.24427083333333333 0.42592592592592593 0.2484375 0.42777777777777776 0.25 0.4324074074074074 0.26458333333333334 0.4462962962962963 0.2760416666666667 0.4527777777777778 0.2833333333333333 0.4638888888888889 0.2911458333333333 0.46944444444444444 0.2942708333333333 0.4759259259259259 0.30625 0.48703703703703705 0.3182291666666667 0.4935185185185185 0.32760416666666664 0.5055555555555555 0.3546875 0.5138888888888888 0.359375 0.5185185185185185 0.36614583333333334 0.5324074074074074 0.37447916666666664 0.5370370370370371 0.38229166666666664 0.55 0.3859375 0.5509259259259259 0.39791666666666664 0.5638888888888889 0.4171875 0.575925925925926 0.42552083333333335 0.5842592592592593 0.43020833333333336 0.5851851851851851 0.4322916666666667 0.5888888888888889 0.4421875 0.5935185185185186 0.44583333333333336 0.5981481481481481 0.46458333333333335 0.6027777777777777 0.4828125 0.6259259259259259 0.503125 0.6388888888888888 0.5078125 0.6462962962962963 0.5130208333333334 0.6462962962962963 0.5166666666666667 0.6509259259259259 0.5197916666666667 0.6509259259259259 0.5213541666666667 0.6574074074074074 0.5223958333333333 0.6546296296296297 0.5291666666666667 0.6601851851851852 0.5354166666666667 0.6555555555555556 0.5427083333333333 0.6555555555555556 0.5427083333333333 0.6462962962962963 0.5505208333333333 0.6435185185185185 0.5473958333333333 0.6370370370370371 0.5479166666666667 0.6342592592592593 0.55 0.6342592592592593 0.55 0.6305555555555555 0.5536458333333333 0.6305555555555555 0.55625 0.6370370370370371 0.5609375 0.6388888888888888 0.5697916666666667 0.6296296296296297 0.5625 0.6277777777777778 0.55625 0.6212962962962963 0.5442708333333334 0.6194444444444445 0.5369791666666667 0.5824074074074074 0.5328125 0.5787037037037037 0.5322916666666667 0.5740740740740741 0.5359375 0.5712962962962963 0.5395833333333333 0.5731481481481482 0.540625 0.5777777777777777 0.5442708333333334 0.5805555555555556 0.546875 0.5805555555555556 0.5473958333333333 0.575925925925926 0.5354166666666667 0.5685185185185185 0.5333333333333333 0.5712962962962963 0.5324651041666667 0.5685185185185185 0.5255208333333333 0.5694444444444444 0.5229166666666667 0.5638888888888889 0.5192708333333333 0.562037037037037 0.5098958333333333 0.5685185185185185 0.5098958333333333 0.5768518518518518 0.5078125 0.5731481481481482 0.4973958333333333 0.5731481481481482 0.4953125 0.5703703703703704 0.49270833333333336 0.562037037037037 0.49375 0.5527777777777778 0.4859375 0.5509259259259259 0.48489583333333336 0.5435185185185185 0.4817708333333333 0.5407407407407407 0.48072916666666665 0.5259259259259259 0.47604166666666664 0.5194444444444445 0.46927083333333336 0.5166666666666667 0.4640625 0.5046296296296297 0.4640625 0.4935185185185185 0.4713541666666667 0.4888888888888889 0.475 0.4898148148148148 0.4744791666666667 0.48518518518518516 0.4666666666666667 0.48518518518518516 0.4640625 0.4888888888888889 0.46197916666666666 0.48518518518518516 0.4588541666666667 0.48703703703703705 0.4557291666666667 0.48518518518518516 0.4505208333333333 0.475 0.44895833333333335 0.4648148148148148 0.43854166666666666 0.44722222222222224 0.4375 0.43703703703703706 0.4317708333333333 0.42962962962962964 0.4390625 0.41388888888888886 0.43385416666666665 0.4111111111111111 0.4328125 0.40555555555555556 0.42864583333333334 0.40555555555555556 0.42552083333333335 0.4 0.425 0.3851851851851852 0.421875 0.38425925925925924 0.415625 0.37222222222222223 0.41770833333333335 0.3712962962962963 0.41822916666666665 0.3648148148148148 0.4140625 0.36666666666666664 0.4109375 0.362962962962963 0.4109375 0.3574074074074074 0.409375 0.3611111111111111 0.4075520833333333 0.3574074074074074 0.4 0.3537037037037037 0.4010416666666667 0.34814814814814815 0.3963541666666667 0.3314814814814815 0.3958333333333333 0.32314814814814813 0.3932291666666667 0.32037037037037036 0.39375 0.31666666666666665 0.3880208333333333 0.30925925925925923 0.3854166666666667 0.29814814814814816 0.3645833333333333 0.2611111111111111 0.3619791666666667 0.2351851851851852 0.35572916666666665 0.22962962962962963 0.35052083333333334 0.21944444444444444 0.3494791666666667 0.21203703703703702 0.3458333333333333 0.2101851851851852 0.3416666666666667 0.20092592592592592 0.33125 0.1962962962962963 0.33125 0.18703703703703703 0.32864583333333336 0.17777777777777778 0.3265625 0.17777777777777778 0.3125 0.1537037037037037 0.31302083333333336 0.13796296296296295 0.3171875 0.11481481481481481 0.321875 0.10925925925925926 0.3223958333333333 0.10185185185185185 0.32760416666666664 0.08796296296296297 0.33697916666666666 0.07777777777777778 0.3375 0.07222222222222222 0.3416666666666667 0.06666666666666667 0.34322916666666664 0.058333333333333334 0.3494791666666667 0.05 0.35104166666666664 0.03333333333333333 0.35989583333333336 0.025 0.36302083333333335 0.014814814814814815 0.36614583333333334 0.012037037037037037 0.36822916666666666 0.004629629629629629 0.36614583333333334 0 0.3416666666666667 0 0.33645833333333336 0.005555555555555556 0.3203125 0.000925925925925926 0.3140625 0.005555555555555556 0.29270833333333335 0.009259259259259259 0.2838541666666667 0.002777777777777778 0.2734375 0.002777777777777778 0.2703125 0 0.22916666666666666 0 0.22447916666666667 0.002777777777777778 0.20989583333333334 0.002777777777777778 0.20677083333333332 0 0.16927083333333334 0 0.165625 0.002777777777777778 0.10833333333333334 0 0.10572916666666667 0.002777777777777778 0.0875 0.005555555555555556 0.07916666666666666 0.005555555555555556 0.07135416666666666 0 0.051041666666666666 0 0.04583333333333333 0.004629629629629629 0.0140625 0.004629629629629629 0.0020833333333333333 0.010185185185185186
1 0.3182291666666667 0.002777777777777778 0.3151041666666667 0.007407407407407408 0.3151041666666667 0.013888888888888888 0.31875 0.023148148148148147 0.33229166666666665 0.025925925925925925 0.33645833333333336 0.023148148148148147 0.3385416666666667 0.016666666666666666 0.3380208333333333 0.005555555555555556 0.33541666666666664 0.000925925925925926 0.3223958333333333 0 0.3182291666666667 0.002777777777777778
1 0.26979166666666665 0.09074074074074075 0.2682291666666667 0.09444444444444444 0.26875 0.10462962962962963 0.278125 0.12407407407407407 0.28229166666666666 0.14351851851851852 0.2890625 0.15555555555555556 0.29583333333333334 0.15555555555555556 0.2989583333333333 0.14814814814814814 0.3 0.13703703703703704 0.29791666666666666 0.11666666666666667 0.28489583333333335 0.09444444444444444 0.278125 0.08888888888888889 0.26979166666666665 0.09074074074074075
1 0.10520833333333333 0.587037037037037 0.10416666666666667 0.6037037037037037 0.10833333333333334 0.6148148148148148 0.11875 0.6194444444444445 0.13072916666666667 0.6388888888888888 0.14010416666666667 0.6481481481481481 0.14375 0.6481481481481481 0.146875 0.6416666666666667 0.14739583333333334 0.6277777777777778 0.14479166666666668 0.6018518518518519 0.1515625 0.5740740740740741 0.1515625 0.5638888888888889 0.15 0.5601851851851852 0.14427083333333332 0.5592592592592592 0.13958333333333334 0.562037037037037 0.12916666666666668 0.5824074074074074 0.11145833333333334 0.5824074074074074 0.10520833333333333 0.587037037037037
1 0.2682291666666667 0.08888888888888889 0.2677083333333333 0.1 0.26927083333333335 0.10648148148148148 0.278125 0.125 0.28177083333333336 0.1425925925925926 0.2875 0.1537037037037037 0.2947916666666667 0.1574074074074074 0.29739583333333336 0.15555555555555556 0.3026041666666667 0.14351851851851852 0.3177083333333333 0.15 0.32083333333333336 0.13055555555555556 0.32083333333333336 0.12314814814814815 0.3177083333333333 0.11388888888888889 0.3140625 0.11018518518518519 0.3026041666666667 0.11203703703703703 0.2953125 0.10740740740740741 0.2859375 0.09351851851851851 0.2755208333333333 0.08518518518518518 0.2708333333333333 0.08518518518518518 0.2682291666666667 0.08888888888888889
1 0.9760416666666667 0.18518518518518517 0.9760416666666667 0.21203703703703702 0.9802083333333333 0.21944444444444444 0.9901041666666667 0.2601851851851852 0.99375 0.26666666666666666 0.9994791666666667 0.26851851851851855 0.9994791666666667 0.18055555555555555 0.98125 0.17592592592592593 0.9760416666666667 0.18518518518518517
3 0.5916666666666667 0.7509259259259259 0.5921875 0.7685185185185185 0.5890625 0.8157407407407408 0.5947916666666667 0.8685185185185185 0.60625 0.9268518518518518 0.6177083333333333 0.9574074074074074 0.625 0.987037037037037 0.63125 0.9981481481481481 0.8390625 0.9981481481481481 0.8494791666666667 0.9944444444444445 0.8479166666666667 0.9851851851851852 0.8333333333333334 0.9574074074074074 0.83125 0.9444444444444444 0.8244791666666667 0.9314814814814815 0.8255208333333334 0.9259259259259259 0.8348958333333333 0.9259259259259259 0.8442708333333333 0.9388888888888889 0.8473958333333333 0.9388888888888889 0.8515625 0.9462962962962963 0.8552083333333333 0.9481481481481482 0.85625 0.9527777777777777 0.8734375 0.9648148148148148 0.8838541666666667 0.9685185185185186 0.89375 0.9796296296296296 0.8984375 0.9805555555555555 0.9036458333333334 0.987037037037037 0.9125 0.9888888888888889 0.9161458333333333 0.9935185185185185 0.9432291666666667 0.9944444444444445 0.9552083333333333 0.9981481481481481 0.9916666666666667 0.9981481481481481 0.9994791666666667 0.9944444444444445 0.9994791666666667 0.6842592592592592 0.9973958333333334 0.6842592592592592 0.9927083333333333 0.6731481481481482 0.9890625 0.6712962962962963 0.9854166666666667 0.6638888888888889 0.9723958333333333 0.6527777777777778 0.9583333333333334 0.6481481481481481 0.94375 0.6388888888888888 0.9390625 0.6388888888888888 0.9359375 0.6351851851851852 0.93125 0.6351851851851852 0.8994791666666667 0.612037037037037 0.8796875 0.6101851851851852 0.8682291666666667 0.6138888888888889 0.85625 0.6231481481481481 0.8484375 0.6342592592592593 0.8411458333333334 0.6351851851851852 0.834375 0.6435185185185185 0.821875 0.6509259259259259 0.8135416666666667 0.6509259259259259 0.7973958333333333 0.6638888888888889 0.7932291666666667 0.6777777777777778 0.7744791666666667 0.712037037037037 0.7744791666666667 0.7425925925925926 0.7729166666666667 0.7574074074074074 0.7682291666666666 0.7620370370370371 0.7651041666666667 0.7601851851851852 0.7614583333333333 0.7509259259259259 0.7541666666666667 0.7416666666666667 0.7416666666666667 0.7138888888888889 0.7317708333333334 0.7027777777777777 0.7239583333333334 0.6888888888888889 0.7088541666666667 0.675 0.70625 0.6694444444444444 0.6942708333333333 0.6666666666666666 0.6895833333333333 0.6620370370370371 0.659375 0.6601851851851852 0.6520833333333333 0.6638888888888889 0.6421875 0.6759259259259259 0.625 0.6824074074074075 0.6098958333333333 0.6990740740740741 0.5947916666666667 0.7277777777777777 0.5916666666666667 0.7509259259259259