4 0.9588541666666667 0.6555555555555556 0.9578125 0.6583333333333333 0.9598958333333333 0.6592592592592592 0.9609375 0.6574074074074074 0.9588541666666667 0.6555555555555556
4 0.7161458333333334 0.5472222222222223 0.7151041666666667 0.5537037037037037 0.725 0.5592592592592592 0.7494791666666667 0.5601851851851852 0.7619791666666667 0.5666666666666667 0.7802083333333333 0.5685185185185185 0.7958333333333333 0.5824074074074074 0.8255208333333334 0.5916666666666667 0.8364583333333333 0.5916666666666667 0.8625 0.6398148148148148 0.8666666666666667 0.662962962962963 0.8682291666666667 0.687962962962963 0.8713541666666667 0.6962962962962963 0.8744791666666667 0.6981481481481482 0.8807291666666667 0.7092592592592593 0.8833333333333333 0.7185185185185186 0.8833333333333333 0.7305555555555555 0.8875 0.7435185185185185 0.8953125 0.7435185185185185 0.9046875 0.7388888888888889 0.9072916666666667 0.7342592592592593 0.9078125 0.7157407407407408 0.9197916666666667 0.7055555555555556 0.925 0.7055555555555556 0.9291666666666667 0.712037037037037 0.9291666666666667 0.7194444444444444 0.9255208333333333 0.7305555555555555 0.9260416666666667 0.7435185185185185 0.9354166666666667 0.7462962962962963 0.9432291666666667 0.7379629629629629 0.9484375 0.7101851851851851 0.9484375 0.6611111111111111 0.9494791666666667 0.6574074074074074 0.9526041666666667 0.6574074074074074 0.9489583333333333 0.6564814814814814 0.9484375 0.6537037037037037 0.9484375 0.6407407407407407 0.9505208333333334 0.6305555555555555 0.9489583333333333 0.625 0.9510416666666667 0.6111111111111112 0.9526041666666667 0.6074074074074074 0.9619791666666667 0.600925925925926 0.9697916666666667 0.5842592592592593 0.9734375 0.587037037037037 0.9744791666666667 0.5712962962962963 0.9723958333333333 0.5425925925925926 0.9760416666666667 0.5203703703703704 0.9802083333333333 0.5138888888888888 0.9833333333333333 0.5027777777777778 0.9869791666666666 0.5027777777777778 0.9901041666666667 0.4888888888888889 0.9994791666666667 0.48055555555555557 0.9994791666666667 0.4212962962962963 0.9963541666666667 0.41944444444444445 0.9953125 0.41574074074074074 0.9963541666666667 0.41203703703703703 0.9994791666666667 0.4101851851851852 0.9994791666666667 0.2935185185185185 0.9973958333333334 0.2916666666666667 0.9994791666666667 0.28703703703703703 0.9994791666666667 0.11388888888888889 0.99375 0.11481481481481481 0.9875 0.1259259259259259 0.9791666666666666 0.13518518518518519 0.9760416666666667 0.13518518518518519 0.9697916666666667 0.14351851851851852 0.9614583333333333 0.2074074074074074 0.95625 0.21481481481481482 0.9442708333333333 0.21666666666666667 0.9416666666666667 0.21388888888888888 0.8916666666666667 0.2101851851851852 0.8645833333333334 0.21944444444444444 0.8494791666666667 0.2388888888888889 0.8390625 0.25555555555555554 0.8328125 0.27314814814814814 0.81875 0.30277777777777776 0.8171875 0.31666666666666665 0.8130208333333333 0.32685185185185184 0.8125 0.33425925925925926 0.8057291666666667 0.34629629629629627 0.8005208333333333 0.362962962962963 0.7848958333333333 0.43703703703703706 0.7536458333333333 0.4888888888888889 0.7515625 0.4888888888888889 0.7427083333333333 0.5101851851851852 0.7375 0.5120370370370371 0.7296875 0.5277777777777778 0.7239583333333334 0.5324074074074074 0.7161458333333334 0.5472222222222223
4 0.9734375 0.9550925925925926 0.0010416666666666667 0.000925925925925926
4 0.9005208333333333 0.8398148148148148 0.9 0.8416666666666667 0.9026041666666667 0.8416666666666667 0.9005208333333333 0.8398148148148148
4 0.9041666666666667 0.8324074074074074 0.9026041666666667 0.8342592592592593 0.9052083333333333 0.8351851851851851 0.9041666666666667 0.8324074074074074
4 0.7151041666666667 0.5481481481481482 0.7145833333333333 0.5546296296296296 0.7234375 0.5601851851851852 0.7484375 0.562037037037037 0.7510416666666667 0.5666666666666667 0.75625 0.5685185185185185 0.7692708333333333 0.5685185185185185 0.7828125 0.5796296296296296 0.8265625 0.5916666666666667 0.8317708333333333 0.5981481481481481 0.8411458333333334 0.600925925925926 0.8598958333333333 0.6388888888888888 0.8640625 0.6648148148148149 0.8625 0.6787037037037037 0.8703125 0.6962962962962963 0.8739583333333333 0.6981481481481482 0.8807291666666667 0.7092592592592593 0.8817708333333333 0.7305555555555555 0.8864583333333333 0.7435185185185185 0.9177083333333333 0.7388888888888889 0.925 0.7481481481481481 0.9244791666666666 0.7546296296296297 0.9104166666666667 0.7509259259259259 0.8828125 0.7555555555555555 0.8791666666666667 0.7657407407407407 0.8786458333333333 0.7731481481481481 0.875 0.7777777777777778 0.8729166666666667 0.7861111111111111 0.875 0.8046296296296296 0.8838541666666667 0.8092592592592592 0.8895833333333333 0.8194444444444444 0.9 0.8277777777777777 0.9229166666666667 0.8277777777777777 0.9302083333333333 0.8333333333333334 0.9317708333333333 0.8481481481481481 0.9395833333333333 0.8592592592592593 0.9390625 0.862037037037037 0.9494791666666667 0.8851851851851852 0.9510416666666667 0.9157407407407407 0.9546875 0.9324074074074075 0.9567708333333333 0.9351851851851852 0.9557291666666666 0.9416666666666667 0.9526041666666667 0.9453703703703704 0.95625 0.9490740740740741 0.9692708333333333 0.9481481481481482 0.9708333333333333 0.950925925925926 0.9765625 0.950925925925926 0.978125 0.9435185185185185 0.9828125 0.9444444444444444 0.9828125 0.9527777777777777 0.99375 0.9527777777777777 0.9942708333333333 0.937037037037037 0.9916666666666667 0.9277777777777778 0.9953125 0.925 0.99375 0.9120370370370371 0.9973958333333334 0.9046296296296297 0.9994791666666667 0.9046296296296297 0.9994791666666667 0.8101851851851852 0.9958333333333333 0.8074074074074075 0.9942708333333333 0.7962962962962963 0.9885416666666667 0.787962962962963 0.9911458333333333 0.7851851851851852 0.9958333333333333 0.7694444444444445 0.9994791666666667 0.7666666666666667 0.9994791666666667 0.7388888888888889 0.9973958333333334 0.7379629629629629 0.9973958333333334 0.7333333333333333 0.9994791666666667 0.7324074074074074 0.9994791666666667 0.6805555555555556 0.99375 0.6685185185185185 0.9848958333333333 0.6203703703703703 0.9859375 0.6138888888888889 0.9942708333333333 0.6138888888888889 0.9942708333333333 0.6092592592592593 0.9817708333333334 0.6055555555555555 0.98125 0.5944444444444444 0.975 0.5712962962962963 0.9734375 0.5472222222222223 0.9760416666666667 0.524074074074074 0.9802083333333333 0.5203703703703704 0.9828125 0.5064814814814815 0.9885416666666667 0.5009259259259259 0.9885416666666667 0.49444444444444446 0.990625 0.4888888888888889 0.9994791666666667 0.48055555555555557 0.9994791666666667 0.4212962962962963 0.9963541666666667 0.4185185185185185 0.9963541666666667 0.41388888888888886 0.9994791666666667 0.41203703703703703 0.9994791666666667 0.11388888888888889 0.9932291666666667 0.11388888888888889 0.9692708333333333 0.14444444444444443 0.9635416666666666 0.19444444444444445 0.9609375 0.2074074074074074 0.9578125 0.21203703703703702 0.9453125 0.21481481481481482 0.915625 0.2101851851851852 0.8890625 0.2101851851851852 0.8645833333333334 0.21944444444444444 0.8479166666666667 0.24166666666666667 0.8385416666666666 0.2574074074074074 0.8286458333333333 0.2824074074074074 0.8208333333333333 0.2962962962962963 0.8114583333333333 0.337037037037037 0.80625 0.34444444444444444 0.7947916666666667 0.3861111111111111 0.7859375 0.43425925925925923 0.7739583333333333 0.4546296296296296 0.7651041666666667 0.4638888888888889 0.7640625 0.4685185185185185 0.753125 0.48703703703703705 0.7510416666666667 0.48703703703703705 0.7395833333333334 0.5101851851851852 0.7234375 0.5324074074074074 0.7151041666666667 0.5481481481481482
4 0.22708333333333333 0.9898148148148148 0.2234375 0.9935185185185185 0.2234375 0.9981481481481481 0.3182291666666667 0.9981481481481481 0.353125 0.9944444444444445 0.3875 0.9962962962962963 0.4036458333333333 0.9935185185185185 0.4119791666666667 0.9981481481481481 0.4859375 0.9981481481481481 0.4890625 0.9944444444444445 0.4953125 0.9935185185185185 0.5005208333333333 0.9851851851851852 0.5223958333333333 0.9685185185185186 0.5333333333333333 0.950925925925926 0.5432291666666667 0.9416666666666667 0.5458333333333333 0.9351851851851852 0.5541666666666667 0.925 0.5625 0.8962962962962963 0.5708333333333333 0.8805555555555555 0.5739583333333333 0.8759259259259259 0.5822916666666667 0.8731481481481481 0.5911458333333334 0.8870370370370371 0.5947916666666667 0.9046296296296297 0.5973958333333333 0.9083333333333333 0.6015625 0.9231481481481482 0.6083333333333333 0.9342592592592592 0.6166666666666667 0.9416666666666667 0.61875 0.9592592592592593 0.6223958333333334 0.9648148148148148 0.6296875 0.9888888888888889 0.6348958333333333 0.9935185185185185 0.6677083333333333 0.9944444444444445 0.6729166666666667 0.9981481481481481 0.6973958333333333 0.9981481481481481 0.7067708333333333 0.9935185185185185 0.7260416666666667 0.9962962962962963 0.7359375 0.9935185185185185 0.7536458333333333 0.9962962962962963 0.7927083333333333 0.9935185185185185 0.8005208333333333 0.9981481481481481 0.8682291666666667 0.9962962962962963 0.8661458333333333 0.9898148148148148 0.8505208333333333 0.975 0.8411458333333334 0.9601851851851851 0.8296875 0.9481481481481482 0.8270833333333333 0.9481481481481482 0.81875 0.937037037037037 0.7973958333333333 0.9009259259259259 0.7895833333333333 0.8962962962962963 0.7557291666666667 0.8555555555555555 0.7203125 0.8277777777777777 0.7104166666666667 0.8148148148148148 0.70625 0.812037037037037 0.6958333333333333 0.812037037037037 0.678125 0.8212962962962963 0.6682291666666667 0.8231481481481482 0.6614583333333334 0.8305555555555556 0.6557291666666667 0.8305555555555556 0.6494791666666667 0.8027777777777778 0.6494791666666667 0.7731481481481481 0.6411458333333333 0.7601851851851852 0.634375 0.7574074074074074 0.6223958333333334 0.7574074074074074 0.6088541666666667 0.7685185185185185 0.6020833333333333 0.7601851851851852 0.5953125 0.7620370370370371 0.5901041666666667 0.7759259259259259 0.5927083333333333 0.7935185185185185 0.5875 0.8064814814814815 0.5869791666666667 0.8342592592592593 0.584375 0.8462962962962963 0.5744791666666667 0.8305555555555556 0.5697916666666667 0.8296296296296296 0.5588541666666667 0.8194444444444444 0.5447916666666667 0.812037037037037 0.5302083333333333 0.7962962962962963 0.5119791666666667 0.7870370370370371 0.5015625 0.7888888888888889 0.49114583333333334 0.7962962962962963 0.4822916666666667 0.812037037037037 0.48072916666666665 0.8212962962962963 0.47708333333333336 0.825925925925926 0.4661458333333333 0.8592592592592593 0.4421875 0.8870370370370371 0.43125 0.8898148148148148 0.41770833333333335 0.9046296296296297 0.41041666666666665 0.899074074074074 0.4 0.899074074074074 0.384375 0.9138888888888889 0.34479166666666666 0.9277777777777778 0.33697916666666666 0.9351851851851852 0.30833333333333335 0.950925925925926 0.28489583333333335 0.9555555555555556 0.25729166666666664 0.9694444444444444 0.22708333333333333 0.9898148148148148
4 0.36666666666666664 0.8981481481481481 0.3640625 0.9027777777777778 0.3645833333333333 0.9055555555555556 0.37552083333333336 0.9055555555555556 0.3776041666666667 0.9027777777777778 0.37552083333333336 0.8972222222222223 0.37604166666666666 0.8935185185185185 0.37083333333333335 0.8935185185185185 0.36666666666666664 0.8981481481481481
4 0.4276041666666667 0.875462962962963 0.005208333333333333 0.000925925925925926
4 0.4328125 0.8759259259259259 0.43125 0.8805555555555555 0.4328125 0.8768518518518519 0.4348958333333333 0.8805555555555555 0.4375 0.875 0.434375 0.8731481481481481 0.4328125 0.8759259259259259
4 0.44244791666666666 0.8347222222222223 0.0005208333333333333 0.000925925925925926
4 0.35 0.8388888888888889 0.3515625 0.8481481481481481 0.359375 0.8527777777777777 0.3541666666666667 0.8666666666666667 0.3609375 0.8666666666666667 0.36875 0.8712962962962963 0.3734375 0.8685185185185185 0.375 0.8712962962962963 0.3723958333333333 0.8759259259259259 0.375 0.8731481481481481 0.37604166666666666 0.8796296296296297 0.38177083333333334 0.8777777777777778 0.38229166666666664 0.8805555555555555 0.3802083333333333 0.8824074074074074 0.3828125 0.8842592592592593 0.38697916666666665 0.8787037037037037 0.38697916666666665 0.8842592592592593 0.3880208333333333 0.8731481481481481 0.3932291666666667 0.8675925925925926 0.39739583333333334 0.8666666666666667 0.40625 0.8712962962962963 0.4203125 0.8685185185185185 0.425 0.8712962962962963 0.42864583333333334 0.8638888888888889 0.43125 0.8666666666666667 0.43333333333333335 0.862037037037037 0.4432291666666667 0.8638888888888889 0.4427083333333333 0.8574074074074074 0.44583333333333336 0.8527777777777777 0.44427083333333334 0.8398148148148148 0.4348958333333333 0.8388888888888889 0.42864583333333334 0.8342592592592593 0.4239583333333333 0.8351851851851851 0.41770833333333335 0.8416666666666667 0.4119791666666667 0.8416666666666667 0.41041666666666665 0.8481481481481481 0.415625 0.8518518518518519 0.4140625 0.8555555555555555 0.40572916666666664 0.8555555555555555 0.4046875 0.850925925925926 0.4010416666666667 0.8481481481481481 0.3963541666666667 0.8481481481481481 0.39010416666666664 0.8527777777777777 0.3854166666666667 0.8416666666666667 0.3885416666666667 0.8351851851851851 0.38697916666666665 0.8277777777777777 0.38697916666666665 0.8314814814814815 0.38125 0.8305555555555556 0.3796875 0.8277777777777777 0.37916666666666665 0.8305555555555556 0.36875 0.8351851851851851 0.3625 0.8416666666666667 0.35833333333333334 0.837037037037037 0.35 0.8388888888888889
4 0.3859375 0.8185185185185185 0.3848958333333333 0.8212962962962963 0.38697916666666665 0.8240740740740741 0.3859375 0.8185185185185185
4 0.3921875 0.812037037037037 0.39166666666666666 0.8138888888888889 0.396875 0.8148148148148148 0.4 0.8231481481481482 0.4046875 0.8138888888888889 0.3921875 0.812037037037037
4 0.378125 0.8111111111111111 0.3776041666666667 0.8138888888888889 0.3802083333333333 0.8166666666666667 0.3880208333333333 0.8138888888888889 0.3828125 0.8101851851851852 0.378125 0.8111111111111111
4 0.40390625 0.799537037037037 0.0005208333333333333 0.002777777777777778
4 0.38229166666666664 0.7888888888888889 0.3807291666666667 0.7935185185185185 0.3854166666666667 0.7907407407407407 0.38697916666666665 0.7935185185185185 0.3848958333333333 0.7888888888888889 0.38229166666666664 0.7888888888888889
4 0.05677083333333333 0.9203703703703704 0.05572916666666667 0.9518518518518518 0.05260416666666667 0.9712962962962963 0.05260416666666667 0.987037037037037 0.05625 0.9962962962962963 0.08020833333333334 0.9916666666666667 0.09427083333333333 0.9981481481481481 0.115625 0.9916666666666667 0.14270833333333333 0.9935185185185185 0.146875 0.9962962962962963 0.17864583333333334 0.9916666666666667 0.19739583333333333 0.9935185185185185 0.20052083333333334 0.9888888888888889 0.21666666666666667 0.987037037037037 0.21979166666666666 0.9805555555555555 0.22395833333333334 0.9824074074074074 0.22916666666666666 0.975925925925926 0.23541666666666666 0.975 0.246875 0.9648148148148148 0.259375 0.962037037037037 0.2640625 0.9574074074074074 0.2708333333333333 0.9555555555555556 0.2734375 0.9481481481481482 0.2890625 0.9481481481481482 0.2947916666666667 0.9435185185185185 0.30520833333333336 0.9435185185185185 0.31666666666666665 0.937037037037037 0.32760416666666664 0.9351851851851852 0.32864583333333336 0.9305555555555556 0.33697916666666666 0.925 0.3380208333333333 0.9185185185185185 0.3416666666666667 0.9185185185185185 0.34322916666666664 0.9101851851851852 0.3416666666666667 0.9055555555555556 0.34479166666666666 0.9046296296296297 0.34427083333333336 0.9 0.3463541666666667 0.8935185185185185 0.3494791666666667 0.8935185185185185 0.3421875 0.8898148148148148 0.33697916666666666 0.8916666666666667 0.33229166666666665 0.8777777777777778 0.33177083333333335 0.8666666666666667 0.33697916666666666 0.862037037037037 0.3380208333333333 0.8555555555555555 0.3411458333333333 0.8555555555555555 0.340625 0.850925925925926 0.3375 0.85 0.33645833333333336 0.8435185185185186 0.34479166666666666 0.8416666666666667 0.3494791666666667 0.837037037037037 0.3489583333333333 0.8314814814814815 0.35104166666666664 0.8231481481481482 0.3567708333333333 0.8194444444444444 0.35989583333333336 0.8212962962962963 0.3619791666666667 0.8185185185185185 0.3703125 0.8185185185185185 0.371875 0.8166666666666667 0.3703125 0.8092592592592592 0.37604166666666666 0.8055555555555556 0.3776041666666667 0.8074074074074075 0.3692708333333333 0.7962962962962963 0.36354166666666665 0.7962962962962963 0.36302083333333335 0.7907407407407407 0.371875 0.7824074074074074 0.36770833333333336 0.7796296296296297 0.3671875 0.7666666666666667 0.3807291666666667 0.7638888888888888 0.3859375 0.7731481481481481 0.38958333333333334 0.774074074074074 0.3927083333333333 0.7796296296296297 0.39739583333333334 0.7805555555555556 0.39947916666666666 0.7851851851851852 0.4041666666666667 0.7851851851851852 0.4041666666666667 0.7805555555555556 0.41770833333333335 0.7777777777777778 0.4161458333333333 0.774074074074074 0.42083333333333334 0.7620370370370371 0.42239583333333336 0.7620370370370371 0.42291666666666666 0.7666666666666667 0.425 0.7509259259259259 0.4348958333333333 0.7555555555555555 0.44583333333333336 0.7555555555555555 0.4510416666666667 0.7592592592592593 0.475 0.7574074074074074 0.4859375 0.7481481481481481 0.49375 0.7462962962962963 0.5098958333333333 0.725 0.5161458333333333 0.7092592592592593 0.5145833333333333 0.7064814814814815 0.5145833333333333 0.6990740740740741 0.5078125 0.687962962962963 0.5119791666666667 0.6666666666666666 0.5145833333333333 0.6620370370370371 0.5213541666666667 0.6592592592592592 0.5255208333333333 0.6509259259259259 0.5364583333333334 0.6435185185185185 0.5432291666666667 0.6351851851851852 0.546875 0.6259259259259259 0.546875 0.6212962962962963 0.5432291666666667 0.6148148148148148 0.5364583333333334 0.6138888888888889 0.5333333333333333 0.6101851851851852 0.5249348958333333 0.6101851851851852 0.525 0.5731481481481482 0.546875 0.575925925925926 0.5598958333333334 0.5685185185185185 0.5869791666666667 0.5685185185185185 0.5916666666666667 0.5657407407407408 0.609375 0.5972222222222222 0.6072916666666667 0.600925925925926 0.6067708333333334 0.6148148148148148 0.6166666666666667 0.625 0.6171875 0.6370370370370371 0.6270833333333333 0.6370370370370371 0.6432291666666666 0.6259259259259259 0.6453125 0.6212962962962963 0.6473958333333333 0.6212962962962963 0.65 0.6138888888888889 0.6536458333333334 0.612037037037037 0.671875 0.5777777777777777 0.6802083333333333 0.5111111111111111 0.6854166666666667 0.5009259259259259 0.6973958333333333 0.48703703703703705 0.6989583333333333 0.48148148148148145 0.70625 0.47962962962962963 0.71875 0.4601851851851852 0.7223958333333333 0.4444444444444444 0.7223958333333333 0.42407407407407405 0.7244791666666667 0.41388888888888886 0.7317708333333334 0.40555555555555556 0.7416666666666667 0.4027777777777778 0.75 0.39166666666666666 0.7510416666666667 0.3611111111111111 0.7546875 0.34814814814814815 0.75625 0.33055555555555555 0.7619791666666667 0.31203703703703706 0.7677083333333333 0.2824074074074074 0.7682291666666666 0.24814814814814815 0.7666666666666667 0.2222222222222222 0.7677083333333333 0.18796296296296297 0.7697916666666667 0.1712962962962963 0.7682291666666666 0.1398148148148148 0.790625 0.13703703703703704 0.8 0.12962962962962962 0.8083333333333333 0.11666666666666667 0.8177083333333334 0.11388888888888889 0.8296875 0.10462962962962963 0.85 0.075 0.8625 0.046296296296296294 0.8635416666666667 0.03981481481481482 0.8765625 0.016666666666666666 0.8864583333333333 0.004629629629629629 0.8869791666666667 0 0.853125 0 0.85 0.002777777777777778 0.834375 0.004629629629629629 0.7333333333333333 0.004629629629629629 0.728125 0 0.6432291666666666 0 0.6401041666666667 0.002777777777777778 0.6302083333333334 0 0.5802083333333333 0 0.578125 0.002777777777777778 0.5734375 0 0.5161458333333333 0 0.5046875 0.004629629629629629 0.44427083333333334 0 0.44114583333333335 0.002777777777777778 0.4265625 0.004629629629629629 0.4166666666666667 0 0.36354166666666665 0 0.35104166666666664 0.005555555555555556 0.3489583333333333 0.010185185185185186 0.3260416666666667 0.030555555555555555 0.3182291666666667 0.044444444444444446 0.30833333333333335 0.07777777777777778 0.2869791666666667 0.0962962962962963 0.2796875 0.10555555555555556 0.2640625 0.11203703703703703 0.2557291666666667 0.11851851851851852 0.23333333333333334 0.1527777777777778 0.23125 0.16018518518518518 0.22760416666666666 0.1648148148148148 0.22395833333333334 0.18703703703703703 0.21979166666666666 0.2 0.2015625 0.23148148148148148 0.19427083333333334 0.25277777777777777 0.1828125 0.2712962962962963 0.17604166666666668 0.28703703703703703 0.16458333333333333 0.34074074074074073 0.1609375 0.4027777777777778 0.15833333333333333 0.40555555555555556 0.15104166666666666 0.42592592592592593 0.14322916666666666 0.45555555555555555 0.14270833333333333 0.46296296296296297 0.1375 0.47685185185185186 0.12864583333333332 0.5212962962962963 0.12552083333333333 0.5259259259259259 0.12447916666666667 0.5342592592592592 0.12135416666666667 0.5416666666666666 0.115625 0.5675925925925925 0.115625 0.575 0.10729166666666666 0.6027777777777777 0.09739583333333333 0.6601851851851852 0.09010416666666667 0.6759259259259259 0.0859375 0.700925925925926 0.08125 0.7138888888888889 0.08020833333333334 0.7481481481481481 0.075 0.7768518518518519 0.0734375 0.8 0.07083333333333333 0.8083333333333333 0.0671875 0.8462962962962963 0.0625 0.8703703703703703 0.06197916666666667 0.887962962962963 0.05677083333333333 0.9203703703703704
1 0.8583333333333333 0.7212962962962963 0.8583333333333333 0.7416666666666667 0.8625 0.7444444444444445 0.8677083333333333 0.7435185185185185 0.8734375 0.7342592592592593 0.875 0.7166666666666667 0.8739583333333333 0.7092592592592593 0.8713541666666667 0.7055555555555556 0.8651041666666667 0.7055555555555556 0.8583333333333333 0.7212962962962963
1 0.55 0.6990740740740741 0.5520833333333334 0.725 0.565625 0.7462962962962963 0.5604166666666667 0.7527777777777778 0.55 0.7388888888888889 0.5453125 0.7398148148148148 0.5458333333333333 0.7620370370370371 0.55 0.7805555555555556 0.5604166666666667 0.8027777777777778 0.5609375 0.8138888888888889 0.5625 0.8166666666666667 0.5822916666666667 0.8324074074074074 0.5848958333333333 0.825925925925926 0.5875 0.8027777777777778 0.5880208333333333 0.7675925925925926 0.5916666666666667 0.7601851851851852 0.596875 0.7555555555555555 0.6057291666666667 0.7592592592592593 0.6046875 0.7574074074074074 0.60625 0.7555555555555555 0.6057291666666667 0.7231481481481481 0.6020833333333333 0.725925925925926 0.5958333333333333 0.7388888888888889 0.5911458333333334 0.7379629629629629 0.5973958333333333 0.7092592592592593 0.5973958333333333 0.6990740740740741 0.6 0.6944444444444444 0.6 0.6388888888888888 0.59375 0.6370370370370371 0.5817708333333333 0.6416666666666667 0.5744791666666667 0.6527777777777778 0.5677083333333334 0.6694444444444444 0.5583333333333333 0.6777777777777778 0.5578125 0.6824074074074075 0.55 0.6990740740740741
3 0.5768229166666666 0.850462962962963 0.0005208333333333333 0.000925925925925926
3 0.42083333333333334 0.9027777777777778 0.42083333333333334 0.9166666666666666 0.43072916666666666 0.9444444444444444 0.43072916666666666 0.9490740740740741 0.43697916666666664 0.9666666666666667 0.43802083333333336 0.9824074074074074 0.4432291666666667 0.9962962962962963 0.484375 0.9981481481481481 0.4979166666666667 0.9888888888888889 0.5072916666666667 0.9777777777777777 0.51875 0.9731481481481481 0.553125 0.9287037037037037 0.5625 0.8981481481481481 0.5723958333333333 0.8805555555555555 0.5739583333333333 0.8712962962962963 0.5729166666666666 0.8537037037037037 0.5744791666666667 0.8416666666666667 0.5770833333333333 0.8388888888888889 0.5770833333333333 0.8351851851851851 0.5661458333333333 0.8231481481481482 0.5526041666666667 0.8166666666666667 0.534375 0.7981481481481482 0.5171875 0.7870370370370371 0.49895833333333334 0.7888888888888889 0.4895833333333333 0.7953703703703704 0.4765625 0.825925925925926 0.46822916666666664 0.8546296296296296 0.46145833333333336 0.8666666666666667 0.45260416666666664 0.8731481481481481 0.44114583333333335 0.8888888888888888 0.4328125 0.8898148148148148 0.42083333333333334 0.9027777777777778
3 0.8609375 0.6185185185185185 0.8604166666666667 0.6324074074074074 0.8666666666666667 0.6648148148148149 0.8682291666666667 0.6935185185185185 0.8739583333333333 0.6990740740740741 0.8807291666666667 0.712037037037037 0.8822916666666667 0.7314814814814815 0.8854166666666666 0.7425925925925926 0.8880208333333334 0.7462962962962963 0.89375 0.7462962962962963 0.90625 0.7398148148148148 0.9057291666666667 0.712037037037037 0.9041666666666667 0.7101851851851851 0.9026041666666667 0.6953703703703704 0.9041666666666667 0.6935185185185185 0.9072916666666667 0.6981481481481482 0.9098958333333333 0.7027777777777777 0.9109375 0.7101851851851851 0.9234375 0.7092592592592593 0.9229166666666667 0.6981481481481482 0.9135416666666667 0.6777777777777778 0.9098958333333333 0.6601851851851852 0.8973958333333333 0.6305555555555555 0.8807291666666667 0.5981481481481481 0.8692708333333333 0.6055555555555555 0.8609375 0.6185185185185185
3 0.9161458333333333 0.6731481481481482 0.9166666666666666 0.6842592592592592 0.9296875 0.7129629629629629 0.9286458333333333 0.7231481481481481 0.925 0.7314814814814815 0.925 0.7462962962962963 0.9359375 0.7481481481481481 0.94375 0.737037037037037 0.946875 0.7212962962962963 0.946875 0.6435185185185185 0.9432291666666667 0.6370370370370371 0.9333333333333333 0.6277777777777778 0.925 0.6277777777777778 0.9161458333333333 0.6731481481481482
3 0.33958333333333335 0.6851851851851852 0.3390625 0.6888888888888889 0.34375 0.700925925925926 0.35052083333333334 0.7101851851851851 0.3645833333333333 0.7166666666666667 0.384375 0.7194444444444444 0.42552083333333335 0.7527777777777778 0.4546875 0.7620370370370371 0.4765625 0.7620370370370371 0.4890625 0.7509259259259259 0.503125 0.7435185185185185 0.5171875 0.7231481481481481 0.5203125 0.7092592592592593 0.51875 0.700925925925926 0.5140625 0.6907407407407408 0.5125 0.6768518518518518 0.5145833333333333 0.6712962962962963 0.51875 0.6685185185185185 0.5213541666666667 0.6620370370370371 0.5317708333333333 0.649074074074074 0.5416666666666666 0.6416666666666667 0.5479166666666667 0.6296296296296297 0.5484375 0.6231481481481481 0.54375 0.6138888888888889 0.5286458333333334 0.6092592592592593 0.49895833333333334 0.6101851851851852 0.47708333333333336 0.6166666666666667 0.4671875 0.625 0.45 0.625 0.4427083333333333 0.6166666666666667 0.4203125 0.6 0.4041666666666667 0.5805555555555556 0.3828125 0.5648148148148148 0.37552083333333336 0.5768518518518518 0.375 0.5824074074074074 0.3645833333333333 0.6074074074074074 0.3572916666666667 0.6351851851851852 0.35104166666666664 0.6509259259259259 0.34791666666666665 0.6675925925925926 0.33958333333333335 0.6851851851851852
3 0.44479166666666664 0.6101851851851852 0.44427083333333334 0.6148148148148148 0.44583333333333336 0.6166666666666667 0.45260416666666664 0.6166666666666667 0.4630208333333333 0.6231481481481481 0.46875 0.6231481481481481 0.47552083333333334 0.6166666666666667 0.4786458333333333 0.6166666666666667 0.4817708333333333 0.612037037037037 0.4796875 0.6101851851851852 0.4817708333333333 0.5981481481481481 0.4817708333333333 0.5851851851851851 0.475 0.5824074074074074 0.4666666666666667 0.587037037037037 0.4552083333333333 0.5962962962962963 0.44479166666666664 0.6101851851851852
3 0.48541666666666666 0.5814814814814815 0.484375 0.5842592592592593 0.4890625 0.5916666666666667 0.49166666666666664 0.600925925925926 0.48489583333333336 0.612037037037037 0.4869791666666667 0.6092592592592593 0.48828125 0.612037037037037 0.49166666666666664 0.612037037037037 0.4942708333333333 0.6074074074074074 0.5015625 0.6055555555555555 0.5052083333333334 0.5972222222222222 0.5078125 0.6055555555555555 0.5192708333333333 0.6055555555555555 0.525 0.5981481481481481 0.5286458333333334 0.600925925925926 0.5380208333333333 0.600925925925926 0.5432291666666667 0.6046296296296296 0.55 0.6148148148148148 0.5505208333333333 0.6268518518518519 0.5536458333333333 0.6305555555555555 0.5640625 0.6277777777777778 0.5729166666666666 0.612037037037037 0.5723958333333333 0.6055555555555555 0.5666666666666667 0.5935185185185186 0.5588541666666667 0.5851851851851851 0.5416666666666666 0.5824074074074074 0.5307291666666667 0.575925925925926 0.5197916666666667 0.575925925925926 0.5182291666666666 0.5824074074074074 0.5135416666666667 0.5842592592592593 0.5130208333333334 0.5935185185185186 0.5067708333333333 0.5944444444444444 0.503125 0.5907407407407408 0.503125 0.587037037037037 0.50625 0.5842592592592593 0.5 0.5796296296296296 0.49895833333333334 0.575925925925926 0.4895833333333333 0.5740740740740741 0.48541666666666666 0.5814814814814815
3 0.6135416666666667 0.5268518518518519 0.6197916666666666 0.5546296296296296 0.6286458333333333 0.5638888888888889 0.6442708333333333 0.5638888888888889 0.6479166666666667 0.5675925925925925 0.6494791666666667 0.5712962962962963 0.6489583333333333 0.587037037037037 0.6473958333333333 0.5935185185185186 0.6432291666666666 0.5935185185185186 0.6447916666666667 0.5972222222222222 0.6432291666666666 0.6 0.6364583333333333 0.6027777777777777 0.6286458333333333 0.5935185185185186 0.6229166666666667 0.5935185185185186 0.6177083333333333 0.5824074074074074 0.6114583333333333 0.5777777777777777 0.6057291666666667 0.5777777777777777 0.6020833333333333 0.5888888888888889 0.6036458333333333 0.5972222222222222 0.6020833333333333 0.6148148148148148 0.6078125 0.6333333333333333 0.6145833333333334 0.6416666666666667 0.6229166666666667 0.6435185185185185 0.6359375 0.6388888888888888 0.6473958333333333 0.625 0.6489583333333333 0.6194444444444445 0.6630208333333333 0.5962962962962963 0.6671875 0.5935185185185186 0.6729166666666667 0.5842592592592593 0.6786458333333333 0.5462962962962963 0.6817708333333333 0.5074074074074074 0.6927083333333334 0.49444444444444446 0.696875 0.4824074074074074 0.6979166666666666 0.45925925925925926 0.6953125 0.4462962962962963 0.6921875 0.4388888888888889 0.6859375 0.44166666666666665 0.6817708333333333 0.44907407407407407 0.6807291666666667 0.45740740740740743 0.6765625 0.46296296296296297 0.6703125 0.48055555555555557 0.6630208333333333 0.49444444444444446 0.6619791666666667 0.5009259259259259 0.65625 0.5111111111111111 0.6552083333333333 0.5166666666666667 0.6520833333333333 0.5185185185185185 0.65 0.5259259259259259 0.6494791666666667 0.5148148148148148 0.6546875 0.5055555555555555 0.65625 0.4962962962962963 0.671875 0.45555555555555555 0.671875 0.44351851851851853 0.6583333333333333 0.45092592592592595 0.6395833333333333 0.47129629629629627 0.6317708333333333 0.48518518518518516 0.6291666666666667 0.5 0.61875 0.5101851851851852 0.6135416666666667 0.5268518518518519
3 0.5859375 0.8231481481481482 0.5848958333333333 0.8527777777777777 0.5869791666666667 0.8824074074074074 0.6005208333333333 0.9194444444444444 0.6125 0.9388888888888889 0.6161458333333333 0.9388888888888889 0.6239583333333333 0.9185185185185185 0.63125 0.8824074074074074 0.6369791666666667 0.8666666666666667 0.6484375 0.850925925925926 0.6541666666666667 0.8324074074074074 0.6546875 0.8148148148148148 0.6510416666666666 0.8018518518518518 0.6510416666666666 0.7759259259259259 0.6484375 0.7685185185185185 0.6364583333333333 0.7574074074074074 0.625 0.7555555555555555 0.6109375 0.7666666666666667 0.6078125 0.7666666666666667 0.6041666666666666 0.7601851851851852 0.59375 0.7601851851851852 0.5885416666666666 0.774074074074074 0.5895833333333333 0.7972222222222223 0.5859375 0.8231481481481482
3 0.4765625 0.8231481481481482 0.46822916666666664 0.8555555555555555 0.46458333333333335 0.862037037037037 0.46875 0.8685185185185185 0.471875 0.8685185185185185 0.503125 0.8935185185185185 0.5177083333333333 0.912962962962963 0.5197916666666667 0.9185185185185185 0.5286458333333334 0.9277777777777778 0.53125 0.9342592592592592 0.53125 0.9527777777777777 0.5458333333333333 0.9388888888888889 0.5546875 0.925 0.5578125 0.9120370370370371 0.5703125 0.8824074074074074 0.5848958333333333 0.8796296296296297 0.5848958333333333 0.8731481481481481 0.5807291666666666 0.8685185185185185 0.5817708333333333 0.8444444444444444 0.5786458333333333 0.8333333333333334 0.5619791666666667 0.8185185185185185 0.5453125 0.8101851851851852 0.5354166666666667 0.7981481481481482 0.5151041666666667 0.7851851851851852 0.503125 0.7870370370370371 0.4895833333333333 0.7944444444444444 0.4765625 0.8231481481481482