4 0.278125 0.9824074074074074 0.275 0.9851851851851852 0.27708333333333335 0.9898148148148148 0.2760416666666667 0.9935185185185185 0.2859375 0.9935185185185185 0.2864583333333333 0.9824074074074074 0.278125 0.9824074074074074
4 0.5231770833333333 0.5689814814814815 0.0015625 0.000925925925925926
4 0.21692708333333333 0.02546296296296296 0.0005208333333333333 0.000925925925925926
4 0.00625 0.009259259259259259 0 0.032407407407407406 0 0.05462962962962963 0.0015625 0.05555555555555555 0.0015625 0.07777777777777778 0 0.07962962962962963 0 0.17314814814814813 0.0020833333333333333 0.18055555555555555 0.0020833333333333333 0.1935185185185185 0.0067708333333333336 0.2101851851851852 0.011458333333333333 0.21388888888888888 0.025 0.23703703703703705 0.025 0.24074074074074073 0.03229166666666667 0.2574074074074074 0.04791666666666667 0.27314814814814814 0.0578125 0.28703703703703703 0.06666666666666667 0.2935185185185185 0.08020833333333334 0.2935185185185185 0.084375 0.2962962962962963 0.09479166666666666 0.3101851851851852 0.10520833333333333 0.31666666666666665 0.11770833333333333 0.33425925925925926 0.1328125 0.34629629629629627 0.14114583333333333 0.3611111111111111 0.13697916666666668 0.3648148148148148 0.12083333333333333 0.4203703703703704 0.11822916666666666 0.4527777777777778 0.11354166666666667 0.4675925925925926 0.10677083333333333 0.5314814814814814 0.1078125 0.5851851851851851 0.11302083333333333 0.6296296296296297 0.11302083333333333 0.65 0.11770833333333333 0.6824074074074075 0.11197916666666667 0.7564814814814815 0.1140625 0.7731481481481481 0.12708333333333333 0.7962962962962963 0.12552083333333333 0.8166666666666667 0.1265625 0.8361111111111111 0.14166666666666666 0.862037037037037 0.14583333333333334 0.8805555555555555 0.15104166666666666 0.8935185185185185 0.1609375 0.9092592592592592 0.16770833333333332 0.9935185185185185 0.18177083333333333 0.9935185185185185 0.18697916666666667 0.9981481481481481 0.1953125 0.9981481481481481 0.19895833333333332 0.9944444444444445 0.23802083333333332 0.9944444444444445 0.24375 0.9981481481481481 0.25052083333333336 0.9944444444444445 0.2635416666666667 0.9935185185185185 0.26510416666666664 0.987037037037037 0.26875 0.987037037037037 0.26979166666666665 0.9842592592592593 0.2682291666666667 0.9814814814814815 0.2677083333333333 0.9712962962962963 0.26979166666666665 0.9666666666666667 0.2671875 0.9648148148148148 0.26614583333333336 0.9601851851851851 0.2604166666666667 0.9564814814814815 0.26458333333333334 0.950925925925926 0.26979166666666665 0.9527777777777777 0.2682291666666667 0.9416666666666667 0.26614583333333336 0.9407407407407408 0.26666666666666666 0.9351851851851852 0.2869791666666667 0.9296296296296296 0.2916666666666667 0.924074074074074 0.2953125 0.9138888888888889 0.30052083333333335 0.9101851851851852 0.31354166666666666 0.9092592592592592 0.321875 0.9120370370370371 0.3411458333333333 0.9055555555555556 0.35572916666666665 0.9055555555555556 0.3614583333333333 0.9 0.37447916666666664 0.8759259259259259 0.375 0.8712962962962963 0.3807291666666667 0.8666666666666667 0.38177083333333334 0.862037037037037 0.39166666666666666 0.8462962962962963 0.3953125 0.8342592592592593 0.403125 0.825925925925926 0.41875 0.8212962962962963 0.4234375 0.8138888888888889 0.421875 0.8074074074074075 0.4119791666666667 0.7981481481481482 0.39166666666666666 0.7981481481481482 0.371875 0.7935185185185185 0.3697916666666667 0.7861111111111111 0.37604166666666666 0.7796296296296297 0.3776041666666667 0.774074074074074 0.3776041666666667 0.7666666666666667 0.375 0.7574074074074074 0.37135416666666665 0.7555555555555555 0.3729166666666667 0.75 0.3765625 0.7509259259259259 0.38125 0.7462962962962963 0.3854166666666667 0.7462962962962963 0.3885416666666667 0.7268518518518519 0.39479166666666665 0.7185185185185186 0.4114583333333333 0.7185185185185186 0.41770833333333335 0.7277777777777777 0.4239583333333333 0.7231481481481481 0.4328125 0.7231481481481481 0.4432291666666667 0.7166666666666667 0.45364583333333336 0.7055555555555556 0.45677083333333335 0.7 0.45729166666666665 0.6935185185185185 0.48072916666666665 0.7055555555555556 0.490625 0.7055555555555556 0.4953125 0.7027777777777777 0.5057291666666667 0.6851851851851852 0.5083333333333333 0.6472222222222223 0.5130208333333334 0.6259259259259259 0.5135416666666667 0.6055555555555555 0.5104166666666666 0.5814814814814815 0.5114583333333333 0.5657407407407408 0.5291666666666667 0.5638888888888889 0.5359375 0.5509259259259259 0.540625 0.5481481481481482 0.5567708333333333 0.55 0.5661458333333333 0.5407407407407407 0.565625 0.5324074074074074 0.5604166666666667 0.5166666666666667 0.5578125 0.5148148148148148 0.5421875 0.48518518518518516 0.5369791666666667 0.48055555555555557 0.5354166666666667 0.4703703703703704 0.5359375 0.45 0.5385416666666667 0.4324074074074074 0.5479166666666667 0.41388888888888886 0.5546875 0.38425925925925924 0.5536458333333333 0.3712962962962963 0.5453125 0.3472222222222222 0.5432291666666667 0.33425925925925926 0.5421875 0.31666666666666665 0.5390625 0.30462962962962964 0.5375 0.28888888888888886 0.5354166666666667 0.24814814814814815 0.51875 0.22037037037037038 0.5166666666666667 0.21203703703703702 0.5098958333333333 0.2 0.5020833333333333 0.18981481481481483 0.48489583333333336 0.16944444444444445 0.4817708333333333 0.1685185185185185 0.4666666666666667 0.14814814814814814 0.45625 0.1388888888888889 0.4552083333333333 0.13518518518518519 0.4192708333333333 0.10277777777777777 0.40989583333333335 0.08981481481481482 0.3984375 0.08055555555555556 0.3854166666666667 0.07592592592592592 0.3734375 0.07314814814814814 0.35208333333333336 0.07592592592592592 0.32083333333333336 0.08981481481481482 0.30364583333333334 0.10277777777777777 0.28958333333333336 0.0962962962962963 0.28072916666666664 0.0962962962962963 0.26875 0.11018518518518519 0.2640625 0.12129629629629629 0.25052083333333336 0.13240740740740742 0.2453125 0.12962962962962962 0.23697916666666666 0.10925925925925926 0.23333333333333334 0.10462962962962963 0.22447916666666667 0.075 0.21927083333333333 0.06574074074074074 0.21822916666666667 0.04814814814814815 0.2078125 0.025 0.20677083333333332 0.017592592592592594 0.209375 0.010185185185185186 0.20364583333333333 0 0.153125 0 0.14114583333333333 0.002777777777777778 0.13020833333333334 0 0.0125 0 0.008854166666666666 0.002777777777777778 0.00625 0.009259259259259259
4 0.8799479166666667 0.1597222222222222 0.0015625 0.000925925925925926
4 0.9572916666666667 0 0.9125 0 0.9135416666666667 0.009259259259259259 0.925 0.032407407407407406 0.9270833333333334 0.05092592592592592 0.9328125 0.05277777777777778 0.93125 0.06018518518518518 0.9328125 0.062037037037037036 0.9322916666666666 0.06666666666666667 0.9385416666666667 0.08055555555555556 0.9453125 0.07962962962962963 0.9541666666666667 0.05092592592592592 0.9583333333333334 0.025 0.9572916666666667 0
4 0.5994791666666667 0.1259259259259259 0.5984375 0.1712962962962963 0.6005208333333333 0.20833333333333334 0.6057291666666667 0.2490740740740741 0.6057291666666667 0.2833333333333333 0.6125 0.31296296296296294 0.61875 0.3277777777777778 0.6265625 0.337037037037037 0.6421875 0.3490740740740741 0.6635416666666667 0.3712962962962963 0.6755208333333333 0.3685185185185185 0.6776041666666667 0.3638888888888889 0.6973958333333333 0.35462962962962963 0.7171875 0.33240740740740743 0.7286458333333333 0.3101851851851852 0.7328125 0.2898148148148148 0.7442708333333333 0.2824074074074074 0.7510416666666667 0.27314814814814814 0.7505208333333333 0.26666666666666666 0.7536458333333333 0.26851851851851855 0.7520833333333333 0.2638888888888889 0.753125 0.262037037037037 0.7666666666666667 0.25925925925925924 0.7739583333333333 0.25555555555555554 0.7807291666666667 0.24814814814814815 0.7859375 0.24814814814814815 0.8020833333333334 0.25925925925925924 0.8151041666666666 0.2638888888888889 0.8348958333333333 0.2777777777777778 0.8489583333333334 0.2916666666666667 0.853125 0.2916666666666667 0.8604166666666667 0.28055555555555556 0.8677083333333333 0.2777777777777778 0.875 0.25555555555555554 0.875 0.2324074074074074 0.8723958333333334 0.21203703703703702 0.8671875 0.20277777777777778 0.8583333333333333 0.19814814814814816 0.8552083333333333 0.1935185185185185 0.8375 0.18518518518518517 0.8348958333333333 0.18055555555555555 0.8354166666666667 0.17777777777777778 0.8302083333333333 0.17592592592592593 0.8203125 0.16018518518518518 0.825 0.15462962962962962 0.8260416666666667 0.1398148148148148 0.8307291666666666 0.12129629629629629 0.8348958333333333 0.11666666666666667 0.8354166666666667 0.10833333333333334 0.8416666666666667 0.10277777777777777 0.8489583333333334 0.08703703703703704 0.8515625 0.07592592592592592 0.8515625 0.0712962962962963 0.8494791666666667 0.06759259259259259 0.8510416666666667 0.053703703703703705 0.8557291666666667 0.05555555555555555 0.853125 0.044444444444444446 0.8489583333333334 0.03981481481481482 0.8505208333333333 0.037037037037037035 0.8552083333333333 0.037037037037037035 0.8546875 0.02962962962962963 0.8567708333333334 0.025925925925925925 0.8625 0.025 0.8645833333333334 0.019444444444444445 0.8760416666666667 0.021296296296296296 0.8770833333333333 0.018518518518518517 0.8828125 0.018518518518518517 0.89375 0 0.7609375 0 0.7572916666666667 0.002777777777777778 0.74375 0.002777777777777778 0.7416666666666667 0 0.6109375 0 0.60625 0.006481481481481481 0.603125 0.08703703703703704 0.5994791666666667 0.1259259259259259
4 0.44947916666666665 0.9638888888888889 0.4479166666666667 0.9981481481481481 0.8338541666666667 0.9981481481481481 0.8322916666666667 0.9935185185185185 0.8203125 0.987037037037037 0.8166666666666667 0.9824074074074074 0.8083333333333333 0.9796296296296296 0.7963541666666667 0.9685185185185186 0.7869791666666667 0.9666666666666667 0.7760416666666666 0.9601851851851851 0.7625 0.9481481481481482 0.7515625 0.9481481481481482 0.7442708333333333 0.9546296296296296 0.7390625 0.9555555555555556 0.7333333333333333 0.962037037037037 0.7197916666666667 0.9685185185185186 0.7192708333333333 0.9731481481481481 0.7145833333333333 0.975925925925926 0.7104166666666667 0.9851851851851852 0.70625 0.9851851851851852 0.7005208333333334 0.9805555555555555 0.6921875 0.9805555555555555 0.6848958333333334 0.9842592592592593 0.665625 0.9824074074074074 0.6473958333333333 0.9731481481481481 0.6322916666666667 0.9712962962962963 0.6208333333333333 0.9601851851851851 0.6140625 0.9601851851851851 0.59375 0.950925925925926 0.575 0.950925925925926 0.5515625 0.9685185185185186 0.5395833333333333 0.9712962962962963 0.5375 0.9583333333333334 0.5385416666666667 0.9305555555555556 0.5432291666666667 0.9185185185185185 0.5442708333333334 0.9046296296296297 0.5411458333333333 0.8981481481481481 0.540625 0.8888888888888888 0.5369791666666667 0.8824074074074074 0.5130208333333334 0.8759259259259259 0.5109375 0.8731481481481481 0.4869791666666667 0.8759259259259259 0.47708333333333336 0.8851851851851852 0.4578125 0.9259259259259259 0.45260416666666664 0.9444444444444444 0.44947916666666665 0.9638888888888889
1 0.4890625 0.7425925925925926 0.49375 0.7796296296296297 0.5020833333333333 0.7962962962962963 0.49375 0.8037037037037037 0.4901041666666667 0.8166666666666667 0.48854166666666665 0.8342592592592593 0.49375 0.8388888888888889 0.5041666666666667 0.8398148148148148 0.5208333333333334 0.8712962962962963 0.5255208333333333 0.8759259259259259 0.5380208333333333 0.8805555555555555 0.5416666666666666 0.8851851851851852 0.5458333333333333 0.8981481481481481 0.5546875 0.8981481481481481 0.565625 0.8907407407407407 0.5776041666666667 0.8601851851851852 0.5770833333333333 0.8462962962962963 0.5708333333333333 0.825 0.5682291666666667 0.7888888888888889 0.5432291666666667 0.7527777777777778 0.5375 0.7509259259259259 0.5302083333333333 0.7550925925925925 0.5291666666666667 0.7388888888888889 0.5270833333333333 0.7324074074074074 0.5239583333333333 0.725925925925926 0.5161458333333333 0.7185185185185186 0.50625 0.7166666666666667 0.5020833333333333 0.7231481481481481 0.5104166666666666 0.737037037037037 0.5135416666666667 0.7509259259259259 0.5171875 0.7546296296296297 0.5197916666666667 0.762962962962963 0.5125 0.7592592592592593 0.5057291666666667 0.7416666666666667 0.4984375 0.7324074074074074 0.49166666666666664 0.7324074074074074 0.4890625 0.7425925925925926
3 0.9583333333333334 0 0.9125 0 0.9135416666666667 0.012037037037037037 0.925 0.032407407407407406 0.9260416666666667 0.04814814814814815 0.9286458333333333 0.05925925925925926 0.9276041666666667 0.07314814814814814 0.9317708333333333 0.0824074074074074 0.9432291666666667 0.08425925925925926 0.9494791666666667 0.075 0.9494791666666667 0.06944444444444445 0.9583333333333334 0.03425925925925926 0.9583333333333334 0
3 0.5203125 0.9953703703703703 0.5197916666666667 0.9981481481481481 0.5958333333333333 0.9981481481481481 0.6083333333333333 0.9944444444444445 0.6192708333333333 0.9944444444444445 0.6286458333333333 0.9981481481481481 0.7140625 0.9981481481481481 0.7125 0.9888888888888889 0.7052083333333333 0.987037037037037 0.7010416666666667 0.9824074074074074 0.6911458333333333 0.9824074074074074 0.6875 0.9851851851851852 0.6645833333333333 0.9824074074074074 0.6614583333333334 0.9842592592592593 0.6515625 0.975925925925926 0.6328125 0.9731481481481481 0.628125 0.9666666666666667 0.61875 0.9601851851851851 0.5895833333333333 0.950925925925926 0.5770833333333333 0.950925925925926 0.565625 0.9601851851851851 0.5583333333333333 0.962037037037037 0.553125 0.9685185185185186 0.5317708333333333 0.9805555555555555 0.5203125 0.9953703703703703
3 0.44947916666666665 0.9583333333333334 0.4484375 0.9981481481481481 0.5166666666666667 0.9981481481481481 0.5369791666666667 0.9712962962962963 0.5380208333333333 0.9314814814814815 0.5432291666666667 0.9166666666666666 0.5416666666666666 0.8916666666666667 0.5369791666666667 0.8824074074074074 0.5166666666666667 0.8777777777777778 0.5104166666666666 0.8731481481481481 0.4875 0.8759259259259259 0.46927083333333336 0.899074074074074 0.4557291666666667 0.9314814814814815 0.44947916666666665 0.9583333333333334
3 0.28229166666666666 0.7916666666666666 0.28177083333333336 0.7935185185185185 0.2864583333333333 0.7916666666666666 0.28229166666666666 0.7916666666666666
3 0.26875 0.8787037037037037 0.2703125 0.8824074074074074 0.2677083333333333 0.8870370370370371 0.26927083333333335 0.8898148148148148 0.28125 0.8981481481481481 0.2828125 0.9055555555555556 0.290625 0.9074074074074074 0.2916666666666667 0.9101851851851852 0.29583333333333334 0.9074074074074074 0.353125 0.9074074074074074 0.3614583333333333 0.9009259259259259 0.3770833333333333 0.8703703703703703 0.3854166666666667 0.8601851851851852 0.4010416666666667 0.8305555555555556 0.42239583333333336 0.8212962962962963 0.425 0.8166666666666667 0.425 0.8092592592592592 0.4161458333333333 0.7981481481481482 0.41041666666666665 0.7962962962962963 0.3723958333333333 0.7935185185185185 0.3729166666666667 0.7861111111111111 0.37864583333333335 0.7796296296296297 0.3765625 0.7638888888888888 0.3723958333333333 0.7555555555555555 0.36614583333333334 0.7527777777777778 0.3375 0.7527777777777778 0.3260416666666667 0.7555555555555555 0.29791666666666666 0.7824074074074074 0.2875 0.7888888888888889 0.28802083333333334 0.7916666666666666 0.2921875 0.7935185185185185 0.2890625 0.8277777777777777 0.28489583333333335 0.8435185185185186 0.2755208333333333 0.8583333333333333 0.27291666666666664 0.8759259259259259 0.26875 0.8787037037037037
3 0.7755208333333333 0.1824074074074074 0.775 0.20185185185185187 0.7807291666666667 0.21851851851851853 0.78125 0.24259259259259258 0.7859375 0.24814814814814815 0.8026041666666667 0.25925925925925924 0.8151041666666666 0.2638888888888889 0.8192708333333333 0.26851851851851855 0.8229166666666666 0.26851851851851855 0.8505208333333333 0.2935185185185185 0.8557291666666667 0.2916666666666667 0.8614583333333333 0.28055555555555556 0.8661458333333333 0.2796296296296296 0.8734375 0.26481481481481484 0.8755208333333333 0.23981481481481481 0.8723958333333334 0.21203703703703702 0.8661458333333333 0.20277777777777778 0.8546875 0.1935185185185185 0.8317708333333333 0.1824074074074074 0.8270833333333333 0.17592592592592593 0.8244791666666667 0.1648148148148148 0.8166666666666667 0.1648148148148148 0.7958333333333333 0.17777777777777778 0.7864583333333334 0.17777777777777778 0.7755208333333333 0.1824074074074074
3 0.44114583333333335 0.562962962962963 0.4401041666666667 0.5740740740740741 0.4432291666666667 0.5916666666666667 0.44166666666666665 0.6203703703703703 0.4432291666666667 0.6351851851851852 0.4505208333333333 0.6416666666666667 0.46145833333333336 0.6435185185185185 0.46770833333333334 0.6324074074074074 0.4744791666666667 0.6324074074074074 0.47604166666666664 0.6277777777777778 0.478125 0.6277777777777778 0.4822916666666667 0.6398148148148148 0.484375 0.6648148148148149 0.4822916666666667 0.6685185185185185 0.47552083333333334 0.6694444444444444 0.47239583333333335 0.6731481481481482 0.4625 0.6731481481481482 0.4578125 0.6759259259259259 0.4557291666666667 0.6805555555555556 0.45729166666666665 0.6916666666666667 0.46875 0.7027777777777777 0.4817708333333333 0.7092592592592593 0.49166666666666664 0.7101851851851851 0.4947916666666667 0.7074074074074074 0.50625 0.6851851851851852 0.5135416666666667 0.6231481481481481 0.5119791666666667 0.5898148148148148 0.5083333333333333 0.562962962962963 0.5083333333333333 0.5398148148148149 0.5130208333333334 0.5101851851851852 0.5161458333333333 0.5046296296296297 0.5177083333333333 0.4962962962962963 0.515625 0.4935185185185185 0.5171875 0.48703703703703705 0.5166666666666667 0.47314814814814815 0.5145833333333333 0.4648148148148148 0.5119791666666667 0.46296296296296297 0.5119791666666667 0.45555555555555555 0.5098958333333333 0.45555555555555555 0.5078125 0.44814814814814813 0.5020833333333333 0.44166666666666665 0.496875 0.4444444444444444 0.49322916666666666 0.45092592592592595 0.48854166666666665 0.45092592592592595 0.4875 0.44166666666666665 0.48489583333333336 0.44814814814814813 0.48072916666666665 0.4444444444444444 0.4796875 0.4546296296296296 0.4765625 0.45740740740740743 0.47239583333333335 0.4759259259259259 0.46458333333333335 0.49444444444444446 0.4609375 0.5166666666666667 0.4552083333333333 0.5305555555555556 0.4578125 0.5527777777777778 0.4609375 0.5574074074074075 0.465625 0.5768518518518518 0.4661458333333333 0.5851851851851851 0.4635416666666667 0.5898148148148148 0.4588541666666667 0.5833333333333334 0.4546875 0.5666666666666667 0.44895833333333335 0.5527777777777778 0.4453125 0.5527777777777778 0.44114583333333335 0.562962962962963