4 0.9666666666666667 0.10092592592592593 0.9682291666666667 0.10555555555555556 0.9697916666666667 0.10092592592592593 0.9713541666666666 0.10555555555555556 0.9755208333333333 0.10092592592592593 0.9666666666666667 0.10092592592592593
4 0.9875 0.05740740740740741 0.9859375 0.062037037037037036 0.9942708333333333 0.06018518518518518 0.9895833333333334 0.06018518518518518 0.9875 0.05740740740740741
4 0.005729166666666666 0.05092592592592592 0 0.05092592592592592 0 0.06851851851851852 0.0015625 0.07222222222222222 0.0015625 0.08055555555555556 0 0.0824074074074074 0 0.09351851851851851 0.0015625 0.09444444444444444 0 0.13055555555555556 0.0015625 0.13240740740740742 0.0020833333333333333 0.15555555555555556 0 0.17314814814814813 0.0020833333333333333 0.17777777777777778 0.0010416666666666667 0.21666666666666667 0.003125 0.23796296296296296 0 0.2601851851851852 0 0.28055555555555556 0.0015625 0.2824074074074074 0 0.28425925925925927 0 0.3074074074074074 0.003125 0.31296296296296294 0.0020833333333333333 0.33425925925925926 0 0.337037037037037 0 0.34814814814814815 0.0015625 0.3490740740740741 0.0015625 0.35648148148148145 0 0.3574074074074074 0 0.3712962962962963 0.0015625 0.3731481481481482 0.0015625 0.3824074074074074 0 0.3851851851851852 0 0.41388888888888886 0.0015625 0.4166666666666667 0 0.41944444444444445 0 0.4444444444444444 0.025 0.4462962962962963 0.03958333333333333 0.44351851851851853 0.04895833333333333 0.43703703703703706 0.06041666666666667 0.41388888888888886 0.075 0.35648148148148145 0.08645833333333333 0.3212962962962963 0.08697916666666666 0.3148148148148148 0.09375 0.30277777777777776 0.09375 0.2962962962962963 0.1 0.28425925925925927 0.10677083333333333 0.2574074074074074 0.11197916666666667 0.25277777777777777 0.11822916666666666 0.2388888888888889 0.11927083333333334 0.21481481481481482 0.1171875 0.20462962962962963 0.1171875 0.1925925925925926 0.12239583333333333 0.1638888888888889 0.11770833333333333 0.15555555555555556 0.10729166666666666 0.14814814814814814 0.0953125 0.13425925925925927 0.084375 0.11481481481481481 0.07135416666666666 0.10740740740740741 0.06614583333333333 0.10092592592592593 0.052083333333333336 0.10092592592592593 0.04791666666666667 0.09537037037037037 0.04583333333333333 0.08703703703703704 0.0375 0.07777777777777778 0.025 0.0712962962962963 0.005729166666666666 0.05092592592592592
4 0.9807291666666667 0.04351851851851852 0.9796875 0.04814814814814815 0.9807291666666667 0.04351851851851852
4 0.08333333333333333 0.053703703703703705 0.0828125 0.05925925925925926 0.08802083333333334 0.06666666666666667 0.0921875 0.06851851851851852 0.12135416666666667 0.1 0.1328125 0.10462962962962963 0.13645833333333332 0.09814814814814815 0.13489583333333333 0.0712962962962963 0.12291666666666666 0.046296296296296294 0.11770833333333333 0.041666666666666664 0.1 0.041666666666666664 0.08802083333333334 0.04814814814814815 0.08333333333333333 0.053703703703703705
4 0.73125 0.17037037037037037 0.73125 0.2074074074074074 0.7380208333333333 0.2212962962962963 0.7416666666666667 0.22314814814814815 0.7479166666666667 0.21203703703703702 0.7625 0.1675925925925926 0.76875 0.15092592592592594 0.7723958333333333 0.14629629629629629 0.7760416666666666 0.1287037037037037 0.7833333333333333 0.10925925925925926 0.7864583333333334 0.10555555555555556 0.7927083333333333 0.08148148148148149 0.8005208333333333 0.07592592592592592 0.8036458333333333 0.08055555555555556 0.8057291666666667 0.11851851851851852 0.81875 0.1398148148148148 0.8135416666666667 0.14814814814814814 0.8114583333333333 0.16018518518518518 0.80625 0.16666666666666666 0.8005208333333333 0.18425925925925926 0.7770833333333333 0.2324074074074074 0.7734375 0.25277777777777777 0.7770833333333333 0.262037037037037 0.7864583333333334 0.26851851851851855 0.7932291666666667 0.26944444444444443 0.8067708333333333 0.26851851851851855 0.8166666666666667 0.2601851851851852 0.821875 0.25925925925925924 0.8265625 0.25555555555555554 0.8333333333333334 0.24444444444444444 0.8390625 0.24351851851851852 0.8427083333333333 0.2388888888888889 0.8484375 0.2388888888888889 0.8541666666666666 0.2324074074074074 0.8630208333333333 0.23055555555555557 0.871875 0.2222222222222222 0.8947916666666667 0.18981481481481483 0.9098958333333333 0.17962962962962964 0.91875 0.1685185185185185 0.9421875 0.14814814814814814 0.9473958333333333 0.14629629629629629 0.95 0.14166666666666666 0.9567708333333333 0.1388888888888889 0.9609375 0.13240740740740742 0.9635416666666666 0.12314814814814815 0.9614583333333333 0.11851851851851852 0.9619791666666667 0.11481481481481481 0.9541666666666667 0.11203703703703703 0.953125 0.10833333333333334 0.9552083333333333 0.10462962962962963 0.9526041666666667 0.10092592592592593 0.9244791666666666 0.1 0.9203125 0.09814814814814815 0.9208333333333333 0.09444444444444444 0.9296875 0.09166666666666666 0.93125 0.08703703703703704 0.9348958333333334 0.08518518518518518 0.9427083333333334 0.08518518518518518 0.9494791666666667 0.08055555555555556 0.95 0.08425925925925926 0.9520833333333333 0.08518518518518518 0.9671875 0.08518518518518518 0.9697916666666667 0.09351851851851851 0.9744791666666667 0.09351851851851851 0.9765625 0.08703703703703704 0.9802083333333333 0.09166666666666666 0.9817708333333334 0.09814814814814815 0.9890625 0.09814814814814815 0.9890625 0.09444444444444444 0.9932291666666667 0.08888888888888889 0.9942708333333333 0.08055555555555556 0.9825520833333333 0.07777777777777778 0.9828125 0.06481481481481481 0.9807291666666667 0.05740740740740741 0.9760416666666667 0.06388888888888888 0.9755208333333333 0.06018518518518518 0.9692708333333333 0.05925925925925926 0.9682291666666667 0.05648148148148148 0.9692708333333333 0.044444444444444446 0.9734375 0.04351851851851852 0.9755208333333333 0.03981481481481482 0.9739583333333334 0.018518518518518517 0.9703125 0.016666666666666666 0.96875 0.010185185185185186 0.9729166666666667 0.005555555555555556 0.9776041666666667 0.005555555555555556 0.98125 0.009259259259259259 0.99375 0.002777777777777778 0.99375 0 0.94375 0 0.9395833333333333 0.002777777777777778 0.75625 0 0.7520833333333333 0.007407407407407408 0.75 0.020370370370370372 0.75 0.046296296296296294 0.7572916666666667 0.062037037037037036 0.7723958333333333 0.08518518518518518 0.7666666666666667 0.0962962962962963 0.7552083333333334 0.10740740740740741 0.7494791666666667 0.1175925925925926 0.7447916666666666 0.13240740740740742 0.7375 0.14444444444444443 0.73125 0.17037037037037037
1 0.690625 0.4824074074074074 0.6875 0.4824074074074074 0.6880208333333333 0.48703703703703705 0.69375 0.48703703703703705 0.690625 0.4824074074074074
1 0.6942708333333333 0.46944444444444444 0.6958333333333333 0.48055555555555557 0.6994791666666667 0.48055555555555557 0.7 0.4759259259259259 0.7046875 0.4740740740740741 0.7098958333333333 0.4759259259259259 0.7098958333333333 0.4648148148148148 0.7119791666666667 0.45925925925925926 0.7098958333333333 0.4462962962962963 0.7078125 0.45092592592592595 0.7083333333333334 0.4546296296296296 0.7052083333333333 0.45092592592592595 0.7052083333333333 0.45740740740740743 0.7015625 0.45740740740740743 0.7 0.4638888888888889 0.6942708333333333 0.46944444444444444
1 0.37552083333333336 0.11666666666666667 0.37552083333333336 0.1259259259259259 0.3932291666666667 0.14351851851851852 0.40572916666666664 0.1638888888888889 0.40989583333333335 0.17407407407407408 0.4119791666666667 0.1935185185185185 0.43125 0.2175925925925926 0.4432291666666667 0.25925925925925924 0.44895833333333335 0.26944444444444443 0.4510416666666667 0.2824074074074074 0.4505208333333333 0.32222222222222224 0.46197916666666666 0.3435185185185185 0.465625 0.35833333333333334 0.46875 0.37592592592592594 0.47291666666666665 0.42962962962962964 0.47604166666666664 0.44166666666666665 0.48541666666666666 0.45185185185185184 0.4895833333333333 0.462037037037037 0.4953125 0.4685185185185185 0.5036458333333333 0.4842592592592593 0.5104166666666666 0.4888888888888889 0.5145833333333333 0.4962962962962963 0.5229166666666667 0.5009259259259259 0.5244791666666667 0.5055555555555555 0.534375 0.5138888888888888 0.5458333333333333 0.5296296296296297 0.55 0.5305555555555556 0.5567708333333333 0.5416666666666666 0.5630208333333333 0.5444444444444444 0.5677083333333334 0.5546296296296296 0.5921875 0.5777777777777777 0.6041666666666666 0.5981481481481481 0.6182291666666667 0.6101851851851852 0.6213541666666667 0.6268518518518519 0.6177083333333333 0.6342592592592593 0.6067708333333334 0.6342592592592593 0.59375 0.6277777777777778 0.5864583333333333 0.6277777777777778 0.5619791666666667 0.600925925925926 0.5520833333333334 0.5962962962962963 0.5458333333333333 0.587037037037037 0.5328125 0.5777777777777777 0.5296875 0.5712962962962963 0.51875 0.5638888888888889 0.5145833333333333 0.5574074074074075 0.5114583333333333 0.5583333333333333 0.5104166666666666 0.5527777777777778 0.5057291666666667 0.5509259259259259 0.5036458333333333 0.5444444444444444 0.4984375 0.5453703703703704 0.5 0.5592592592592592 0.5036458333333333 0.5601851851851852 0.5114583333333333 0.5740740740740741 0.5135416666666667 0.5888888888888889 0.5145833333333333 0.6203703703703703 0.5177083333333333 0.6296296296296297 0.5223958333333333 0.662962962962963 0.5223958333333333 0.6805555555555556 0.5244791666666667 0.6916666666666667 0.5244791666666667 0.7490740740740741 0.5307291666666667 0.7712962962962963 0.5328125 0.7972222222222223 0.5354166666666667 0.8074074074074075 0.5348958333333333 0.8583333333333333 0.5442708333333334 0.8824074074074074 0.5557291666666667 0.899074074074074 0.5588541666666667 0.9101851851851852 0.5682291666666667 0.9305555555555556 0.5697916666666667 0.9416666666666667 0.5744791666666667 0.9555555555555556 0.5765625 0.987037037037037 0.5796875 0.9935185185185185 0.5833333333333334 0.9944444444444445 0.7223958333333333 0.9935185185185185 0.725 0.9824074074074074 0.725 0.950925925925926 0.7203125 0.9157407407407407 0.7208333333333333 0.8805555555555555 0.7166666666666667 0.8574074074074074 0.7135416666666666 0.8490740740740741 0.7166666666666667 0.8324074074074074 0.7166666666666667 0.8055555555555556 0.7145833333333333 0.8018518518518518 0.7104166666666667 0.7731481481481481 0.7005208333333334 0.7472222222222222 0.6953125 0.7185185185185186 0.6895833333333333 0.7037037037037037 0.6854166666666667 0.6851851851851852 0.6833333333333333 0.6842592592592592 0.6807291666666667 0.6759259259259259 0.6697916666666667 0.6666666666666666 0.671875 0.6574074074074074 0.6723958333333333 0.6388888888888888 0.671875 0.6296296296296297 0.66875 0.6259259259259259 0.6682291666666667 0.575925925925926 0.6640625 0.5657407407407408 0.6614583333333334 0.5527777777777778 0.6520833333333333 0.5527777777777778 0.64375 0.5666666666666667 0.6401041666666667 0.5805555555555556 0.6375 0.5805555555555556 0.6270833333333333 0.5601851851851852 0.6265625 0.549074074074074 0.628125 0.5388888888888889 0.6328125 0.5259259259259259 0.6328125 0.5185185185185185 0.6416666666666667 0.5009259259259259 0.6453125 0.48055555555555557 0.6416666666666667 0.45555555555555555 0.6375 0.44537037037037036 0.63125 0.41203703703703703 0.6244791666666667 0.39537037037037037 0.6234375 0.387037037037037 0.6197916666666666 0.3814814814814815 0.6140625 0.3425925925925926 0.6125 0.30277777777777776 0.6072916666666667 0.287962962962963 0.6005208333333333 0.25833333333333336 0.6 0.22777777777777777 0.5984375 0.2212962962962963 0.5901041666666667 0.2074074074074074 0.5807291666666666 0.16296296296296298 0.5770833333333333 0.15925925925925927 0.546875 0.1574074074074074 0.528125 0.1638888888888889 0.5067708333333333 0.1638888888888889 0.49895833333333334 0.16203703703703703 0.49270833333333336 0.15555555555555556 0.45989583333333334 0.13703703703703704 0.43333333333333335 0.13055555555555556 0.4322916666666667 0.1259259259259259 0.421875 0.12314814814814815 0.41302083333333334 0.125 0.4041666666666667 0.11944444444444445 0.39114583333333336 0.11666666666666667 0.37552083333333336 0.11666666666666667
1 0.5869791666666667 0.65 0.5875 0.6592592592592592 0.5942708333333333 0.6620370370370371 0.6020833333333333 0.6712962962962963 0.6125 0.6712962962962963 0.6182291666666667 0.6759259259259259 0.6239583333333333 0.687037037037037 0.628125 0.7333333333333333 0.628125 0.7407407407407407 0.625 0.7481481481481481 0.6260416666666667 0.7712962962962963 0.6302083333333334 0.7777777777777778 0.6302083333333334 0.7824074074074074 0.6348958333333333 0.7888888888888889 0.6421875 0.7888888888888889 0.6442708333333333 0.7685185185185185 0.6432291666666666 0.7611111111111111 0.6473958333333333 0.7546296296296297 0.64375 0.7509259259259259 0.64375 0.737037037037037 0.6395833333333333 0.7203703703703703 0.6395833333333333 0.6888888888888889 0.6369791666666667 0.6796296296296296 0.6385416666666667 0.6574074074074074 0.6369791666666667 0.65 0.6395833333333333 0.6435185185185185 0.6385416666666667 0.637962962962963 0.6401041666666667 0.6296296296296297 0.6375 0.6175925925925926 0.6369791666666667 0.6 0.6333333333333333 0.587037037037037 0.6328125 0.5916666666666667 0.6270833333333333 0.5981481481481481 0.6239583333333333 0.612037037037037 0.61875 0.6148148148148148 0.6213541666666667 0.6259259259259259 0.6192708333333333 0.6351851851851852 0.6041666666666666 0.6388888888888888 0.59375 0.6324074074074074 0.5911458333333334 0.6398148148148148 0.5911458333333334 0.6462962962962963 0.5869791666666667 0.65
1 0.6078125 0.4824074074074074 0.6072916666666667 0.48703703703703705 0.6130208333333333 0.48703703703703705 0.6125 0.4824074074074074 0.6078125 0.4824074074074074
1 0.6125 0.44166666666666665 0.6072916666666667 0.4425925925925926 0.6125 0.4444444444444444 0.6125 0.44166666666666665
1 0.3770833333333333 0.11944444444444445 0.3765625 0.12314814814814815 0.3796875 0.12962962962962962 0.39166666666666666 0.1398148148148148 0.3963541666666667 0.15 0.40520833333333334 0.16111111111111112 0.41041666666666665 0.17407407407407408 0.4119791666666667 0.19166666666666668 0.4140625 0.19814814814814816 0.43125 0.21388888888888888 0.4348958333333333 0.22407407407407406 0.43854166666666666 0.24351851851851852 0.44114583333333335 0.2462962962962963 0.44427083333333334 0.25925925925925924 0.4484375 0.26481481481481484 0.4515625 0.2796296296296296 0.4510416666666667 0.3175925925925926 0.45260416666666664 0.32314814814814813 0.45989583333333334 0.33055555555555555 0.4630208333333333 0.3435185185185185 0.4661458333333333 0.34629629629629627 0.4666666666666667 0.36018518518518516 0.46979166666666666 0.3685185185185185 0.46927083333333336 0.37777777777777777 0.4713541666666667 0.3824074074074074 0.46979166666666666 0.39444444444444443 0.47291666666666665 0.4009259259259259 0.4734375 0.4222222222222222 0.48072916666666665 0.44351851851851853 0.48385416666666664 0.4444444444444444 0.48854166666666665 0.45740740740740743 0.4901041666666667 0.4537037037037037 0.4921875 0.45555555555555555 0.49114583333333334 0.45740740740740743 0.5109375 0.42314814814814816 0.5375 0.4166666666666667 0.5411458333333333 0.4101851851851852 0.55 0.4101851851851852 0.5526041666666667 0.40555555555555556 0.5557291666666667 0.4074074074074074 0.5578125 0.412962962962963 0.5552083333333333 0.4222222222222222 0.5546875 0.45 0.5588541666666667 0.46944444444444444 0.5583333333333333 0.47685185185185186 0.5614583333333333 0.48703703703703705 0.5604166666666667 0.4898148148148148 0.5630208333333333 0.5083333333333333 0.565625 0.5120370370370371 0.5645833333333333 0.5259259259259259 0.5708333333333333 0.549074074074074 0.56875 0.5527777777777778 0.5776041666666667 0.5666666666666667 0.5802083333333333 0.5666666666666667 0.5828125 0.5712962962962963 0.5875 0.5712962962962963 0.5864583333333333 0.5555555555555556 0.58125 0.537962962962963 0.5791666666666667 0.5027777777777778 0.5755208333333334 0.4935185185185185 0.5760416666666667 0.46574074074074073 0.5791666666666667 0.45555555555555555 0.5765625 0.44814814814814813 0.5739583333333333 0.3861111111111111 0.5786458333333333 0.38425925925925924 0.58125 0.37592592592592594 0.5848958333333333 0.37962962962962965 0.5880208333333333 0.3648148148148148 0.5989583333333334 0.36203703703703705 0.6041666666666666 0.3574074074074074 0.6078125 0.34814814814814815 0.6130208333333333 0.34814814814814815 0.6135416666666667 0.33055555555555555 0.6109375 0.29444444444444445 0.60625 0.28425925925925927 0.6 0.2537037037037037 0.5994791666666667 0.22407407407407406 0.5890625 0.2037037037037037 0.5848958333333333 0.17777777777777778 0.58125 0.16666666666666666 0.5776041666666667 0.16203703703703703 0.5572916666666666 0.16018518518518518 0.509375 0.16666666666666666 0.4973958333333333 0.16203703703703703 0.4864583333333333 0.1527777777777778 0.4625 0.1388888888888889 0.45677083333333335 0.1388888888888889 0.45208333333333334 0.13518518518518519 0.42864583333333334 0.13425925925925927 0.42604166666666665 0.13055555555555556 0.3932291666666667 0.11944444444444445 0.3770833333333333 0.11944444444444445
1 0.6677083333333333 0.5083333333333333 0.6645833333333333 0.5185185185185185 0.6645833333333333 0.5296296296296297 0.6682291666666667 0.5370370370370371 0.6770833333333334 0.5370370370370371 0.6817708333333333 0.5296296296296297 0.6859375 0.5148148148148148 0.6953125 0.4981481481481482 0.7036458333333333 0.49166666666666664 0.7104166666666667 0.47962962962962963 0.7140625 0.462037037037037 0.7140625 0.4398148148148148 0.7125 0.43703703703703706 0.70625 0.43703703703703706 0.6947916666666667 0.45092592592592595 0.6854166666666667 0.4666666666666667 0.6796875 0.4935185185185185 0.6697916666666667 0.5027777777777778 0.6677083333333333 0.5083333333333333
3 0.0015625 0.04814814814814815 0 0.04814814814814815 0 0.14814814814814814 0.0015625 0.15462962962962962 0 0.16018518518518518 0 0.18055555555555555 0.0015625 0.18611111111111112 0 0.22314814814814815 0.0015625 0.22592592592592592 0.003125 0.24259259259259258 0.0015625 0.25555555555555554 0 0.2574074074074074 0 0.3074074074074074 0.0020833333333333333 0.3194444444444444 0 0.3277777777777778 0 0.3490740740740741 0.0015625 0.3509259259259259 0 0.3574074074074074 0 0.4444444444444444 0.026041666666666668 0.4462962962962963 0.04114583333333333 0.44351851851851853 0.049479166666666664 0.43703703703703706 0.0609375 0.41388888888888886 0.0828125 0.33055555555555555 0.08541666666666667 0.3277777777777778 0.0890625 0.31203703703703706 0.09375 0.30462962962962964 0.09427083333333333 0.29814814814814816 0.09947916666666666 0.28888888888888886 0.10729166666666666 0.2564814814814815 0.109375 0.25277777777777777 0.11510416666666666 0.25092592592592594 0.11822916666666666 0.24351851851851852 0.11979166666666667 0.23703703703703705 0.1203125 0.21666666666666667 0.11770833333333333 0.19537037037037036 0.12291666666666666 0.16666666666666666 0.11822916666666666 0.15555555555555556 0.10729166666666666 0.14814814814814814 0.0953125 0.13240740740740742 0.08697916666666666 0.11666666666666667 0.08072916666666667 0.11018518518518519 0.06979166666666667 0.10462962962962963 0.06770833333333333 0.10092592592592593 0.05364583333333333 0.10092592592592593 0.04739583333333333 0.08703703703703704 0.03802083333333333 0.07592592592592592 0.024479166666666666 0.06851851851851852 0.0015625 0.04814814814814815
3 0.08333333333333333 0.05277777777777778 0.08177083333333333 0.06018518518518518 0.08697916666666666 0.06666666666666667 0.09114583333333333 0.06851851851851852 0.12604166666666666 0.10462962962962963 0.13072916666666667 0.10740740740740741 0.13541666666666666 0.10462962962962963 0.13697916666666668 0.09351851851851851 0.13541666666666666 0.075 0.13020833333333334 0.05925925925925926 0.12291666666666666 0.046296296296296294 0.1140625 0.03981481481481482 0.10625 0.03981481481481482 0.0953125 0.04351851851851852 0.08333333333333333 0.05277777777777778
3 0.7307291666666667 0.17407407407407408 0.73125 0.2074074074074074 0.7385416666666667 0.22314814814814815 0.7421875 0.22407407407407406 0.7479166666666667 0.21388888888888888 0.7510416666666667 0.20185185185185187 0.7604166666666666 0.18055555555555555 0.7645833333333333 0.1638888888888889 0.7734375 0.14629629629629629 0.7765625 0.13055555555555556 0.7875 0.10462962962962963 0.7921875 0.08518518518518518 0.7979166666666667 0.07777777777777778 0.8015625 0.0787037037037037 0.8041666666666667 0.08888888888888889 0.80625 0.12129629629629629 0.8182291666666667 0.1398148148148148 0.8119791666666667 0.15185185185185185 0.8109375 0.15925925925925927 0.80625 0.1648148148148148 0.7994791666666666 0.18518518518518517 0.7760416666666666 0.2324074074074074 0.7729166666666667 0.24537037037037038 0.7729166666666667 0.25555555555555554 0.7817708333333333 0.26666666666666666 0.7916666666666666 0.2712962962962963 0.8088541666666667 0.2712962962962963 0.8171875 0.26851851851851855 0.8223958333333333 0.2638888888888889 0.8348958333333333 0.24444444444444444 0.8489583333333334 0.24444444444444444 0.8557291666666667 0.23703703703703705 0.8625 0.23703703703703705 0.8661458333333333 0.22962962962962963 0.8729166666666667 0.22777777777777777 0.8828125 0.2074074074074074 0.8963541666666667 0.18981481481481483 0.9109375 0.18055555555555555 0.9390625 0.1527777777777778 0.946875 0.15 0.9567708333333333 0.1398148148148148 0.9604166666666667 0.1388888888888889 0.9645833333333333 0.13240740740740742 0.9666666666666667 0.13240740740740742 0.96875 0.12314814814814815 0.971875 0.11851851851851852 0.9947916666666666 0.09814814814814815 0.9973958333333334 0.09166666666666666 0.9963541666666667 0.06481481481481481 0.9994791666666667 0.06018518518518518 0.9947916666666666 0.05462962962962963 0.99375 0.044444444444444446 0.9958333333333333 0.037037037037037035 0.9994791666666667 0.03518518518518519 0.9958333333333333 0.03148148148148148 0.9973958333333334 0.022222222222222223 0.9994791666666667 0.021296296296296296 0.9963541666666667 0.014814814814814815 0.9973958333333334 0.008333333333333333 0.9994791666666667 0.007407407407407408 0.9994791666666667 0.002777777777777778 0.9963541666666667 0 0.9192708333333334 0 0.9119791666666667 0.002777777777777778 0.8875 0 0.7552083333333334 0 0.7520833333333333 0.007407407407407408 0.7505208333333333 0.019444444444444445 0.75 0.046296296296296294 0.7598958333333333 0.06666666666666667 0.7708333333333334 0.07962962962962963 0.7723958333333333 0.08425925925925926 0.7677083333333333 0.09351851851851851 0.7505208333333333 0.11481481481481481 0.7432291666666667 0.1361111111111111 0.7380208333333333 0.14444444444444443 0.7307291666666667 0.17407407407407408