4 0.221875 0.03611111111111111 0.22708333333333333 0.041666666666666664 0.24375 0.03796296296296296 0.2869791666666667 0.03888888888888889 0.29010416666666666 0.041666666666666664 0.29791666666666666 0.03796296296296296 0.3067708333333333 0.040740740740740744 0.32760416666666664 0.03796296296296296 0.3302083333333333 0.03981481481481482 0.32760416666666664 0.04259259259259259 0.3333333333333333 0.05 0.32916666666666666 0.058333333333333334 0.32135416666666666 0.058333333333333334 0.31614583333333335 0.06759259259259259 0.3223958333333333 0.07777777777777778 0.315625 0.08333333333333333 0.31354166666666666 0.09166666666666666 0.3026041666666667 0.1 0.2989583333333333 0.09907407407407408 0.29375 0.09166666666666666 0.2994791666666667 0.08425925925925926 0.2989583333333333 0.08055555555555556 0.29270833333333335 0.07407407407407407 0.2947916666666667 0.06388888888888888 0.29739583333333336 0.06018518518518518 0.2942708333333333 0.05092592592592592 0.28854166666666664 0.05277777777777778 0.2864583333333333 0.06388888888888888 0.2760416666666667 0.06296296296296296 0.27447916666666666 0.0712962962962963 0.2796875 0.07314814814814814 0.2828125 0.0787037037037037 0.28802083333333334 0.07777777777777778 0.2921875 0.08425925925925926 0.28854166666666664 0.08796296296296297 0.2916666666666667 0.09166666666666666 0.2864583333333333 0.09722222222222222 0.2791666666666667 0.0962962962962963 0.2791666666666667 0.1037037037037037 0.2755208333333333 0.10648148148148148 0.27239583333333334 0.09814814814814815 0.27760416666666665 0.09537037037037037 0.27760416666666665 0.08055555555555556 0.2755208333333333 0.0787037037037037 0.27291666666666664 0.08425925925925926 0.26875 0.08425925925925926 0.26614583333333336 0.09166666666666666 0.26666666666666666 0.1175925925925926 0.26197916666666665 0.1175925925925926 0.25416666666666665 0.1287037037037037 0.259375 0.1398148148148148 0.25885416666666666 0.14351851851851852 0.24791666666666667 0.14351851851851852 0.24479166666666666 0.14907407407407408 0.24114583333333334 0.14907407407407408 0.23802083333333332 0.14351851851851852 0.225 0.14166666666666666 0.22864583333333333 0.12777777777777777 0.22708333333333333 0.11944444444444445 0.22864583333333333 0.11574074074074074 0.22604166666666667 0.10833333333333334 0.23072916666666668 0.09907407407407408 0.23802083333333332 0.09907407407407408 0.24010416666666667 0.10462962962962963 0.240625 0.11851851851851852 0.24479166666666666 0.11666666666666667 0.24427083333333333 0.10833333333333334 0.2421875 0.10555555555555556 0.24479166666666666 0.10185185185185185 0.24427083333333333 0.09444444444444444 0.25 0.09166666666666666 0.24583333333333332 0.08425925925925926 0.2515625 0.08055555555555556 0.2552083333333333 0.08981481481481482 0.2598958333333333 0.08425925925925926 0.2604166666666667 0.07407407407407407 0.2557291666666667 0.06851851851851852 0.24010416666666667 0.06759259259259259 0.23541666666666666 0.0712962962962963 0.2359375 0.07777777777777778 0.21354166666666666 0.0824074074074074 0.21302083333333333 0.08703703703703704 0.21822916666666667 0.08981481481481482 0.22135416666666666 0.1 0.2125 0.11574074074074074 0.2171875 0.11944444444444445 0.20989583333333334 0.1259259259259259 0.209375 0.1361111111111111 0.21197916666666666 0.1398148148148148 0.21041666666666667 0.14351851851851852 0.21354166666666666 0.14814814814814814 0.2203125 0.14074074074074075 0.22291666666666668 0.14351851851851852 0.22395833333333334 0.15185185185185185 0.22083333333333333 0.1574074074074074 0.21354166666666666 0.15 0.203125 0.1537037037037037 0.1984375 0.15092592592592594 0.1953125 0.15555555555555556 0.19947916666666668 0.16018518518518518 0.20989583333333334 0.16111111111111112 0.20729166666666668 0.1648148148148148 0.2109375 0.17314814814814813 0.21770833333333334 0.175 0.21354166666666666 0.17592592592592593 0.2125 0.17962962962962964 0.21666666666666667 0.18333333333333332 0.2203125 0.1962962962962963 0.20989583333333334 0.1962962962962963 0.20729166666666668 0.19907407407407407 0.20833333333333334 0.20277777777777778 0.20625 0.2074074074074074 0.19427083333333334 0.20833333333333334 0.19270833333333334 0.2175925925925926 0.190625 0.21944444444444444 0.19635416666666666 0.21944444444444444 0.19895833333333332 0.22592592592592592 0.209375 0.22685185185185186 0.2078125 0.2324074074074074 0.20885416666666667 0.24814814814814815 0.20625 0.2518518518518518 0.21197916666666666 0.25833333333333336 0.21041666666666667 0.26851851851851855 0.21197916666666666 0.2712962962962963 0.2234375 0.26851851851851855 0.22708333333333333 0.275 0.2375 0.27314814814814814 0.24166666666666667 0.26851851851851855 0.2375 0.25925925925925924 0.2140625 0.25833333333333336 0.21666666666666667 0.25462962962962965 0.21145833333333333 0.24814814814814815 0.21666666666666667 0.24444444444444444 0.21458333333333332 0.23703703703703705 0.21614583333333334 0.22962962962962963 0.22239583333333332 0.22407407407407406 0.22760416666666666 0.22870370370370371 0.23072916666666668 0.22314814814814815 0.2328125 0.22685185185185186 0.24479166666666666 0.23148148148148148 0.24583333333333332 0.2388888888888889 0.24427083333333333 0.24166666666666667 0.23645833333333333 0.2388888888888889 0.23072916666666668 0.25 0.22760416666666666 0.24814814814814815 0.23020833333333332 0.24351851851851852 0.2296875 0.23981481481481481 0.21770833333333334 0.24259259259259258 0.21822916666666667 0.24537037037037038 0.2265625 0.24722222222222223 0.22395833333333334 0.25092592592592594 0.2265625 0.2537037037037037 0.2515625 0.25462962962962965 0.2546875 0.26296296296296295 0.253125 0.2675925925925926 0.25416666666666665 0.27314814814814814 0.26197916666666665 0.2740740740740741 0.2604166666666667 0.27685185185185185 0.2552083333333333 0.27685185185185185 0.2520833333333333 0.2851851851851852 0.24479166666666666 0.2898148148148148 0.23854166666666668 0.2861111111111111 0.23541666666666666 0.287962962962963 0.2328125 0.29259259259259257 0.23489583333333333 0.2962962962962963 0.2328125 0.30925925925925923 0.234375 0.3138888888888889 0.24322916666666666 0.3148148148148148 0.24791666666666667 0.3101851851851852 0.246875 0.30648148148148147 0.2484375 0.3037037037037037 0.2546875 0.30277777777777776 0.2578125 0.29907407407407405 0.2604166666666667 0.3 0.26197916666666665 0.3101851851851852 0.271875 0.29814814814814816 0.28958333333333336 0.29814814814814816 0.28958333333333336 0.30833333333333335 0.29635416666666664 0.3138888888888889 0.30104166666666665 0.3111111111111111 0.30364583333333334 0.31574074074074077 0.3140625 0.31666666666666665 0.3177083333333333 0.32407407407407407 0.31354166666666666 0.32592592592592595 0.3104166666666667 0.32222222222222224 0.30885416666666665 0.33240740740740743 0.31979166666666664 0.3416666666666667 0.315625 0.34814814814814815 0.32083333333333336 0.3509259259259259 0.3223958333333333 0.35555555555555557 0.31666666666666665 0.3592592592592593 0.3229166666666667 0.3675925925925926 0.3140625 0.36666666666666664 0.30885416666666665 0.35555555555555557 0.3020833333333333 0.35555555555555557 0.3020833333333333 0.3490740740740741 0.30885416666666665 0.34814814814814815 0.3072916666666667 0.34444444444444444 0.2942708333333333 0.33425925925925926 0.2942708333333333 0.33055555555555555 0.28958333333333336 0.325 0.2864583333333333 0.3351851851851852 0.28541666666666665 0.32407407407407407 0.2796875 0.3138888888888889 0.27239583333333334 0.31574074074074077 0.26875 0.30925925925925923 0.265625 0.3175925925925926 0.2713541666666667 0.32037037037037036 0.26510416666666664 0.3212962962962963 0.2625 0.3111111111111111 0.2552083333333333 0.30648148148148147 0.2484375 0.3101851851851852 0.25052083333333336 0.3212962962962963 0.25625 0.32222222222222224 0.25885416666666666 0.3194444444444444 0.2630208333333333 0.32407407407407407 0.2609375 0.3277777777777778 0.2635416666666667 0.33055555555555555 0.26197916666666665 0.33796296296296297 0.2635416666666667 0.34444444444444444 0.25885416666666666 0.35185185185185186 0.24427083333333333 0.3537037037037037 0.24114583333333334 0.3453703703703704 0.24166666666666667 0.337037037037037 0.2390625 0.3435185185185185 0.23020833333333332 0.3435185185185185 0.23125 0.33611111111111114 0.23489583333333333 0.33055555555555555 0.22604166666666667 0.32685185185185184 0.2234375 0.3212962962962963 0.22447916666666667 0.31666666666666665 0.2203125 0.3138888888888889 0.21302083333333333 0.3148148148148148 0.20989583333333334 0.325 0.21354166666666666 0.33425925925925926 0.21197916666666666 0.3425925925925926 0.2125 0.35648148148148145 0.2140625 0.3574074074074074 0.21510416666666668 0.3490740740740741 0.21822916666666667 0.3453703703703704 0.21614583333333334 0.34074074074074073 0.21927083333333333 0.3416666666666667 0.22708333333333333 0.3527777777777778 0.2375 0.35185185185185186 0.23229166666666667 0.35833333333333334 0.234375 0.362962962962963 0.24114583333333334 0.3675925925925926 0.25104166666666666 0.36666666666666664 0.25416666666666665 0.3787037037037037 0.25833333333333336 0.38055555555555554 0.26197916666666665 0.3907407407407407 0.265625 0.39166666666666666 0.26875 0.40185185185185185 0.2755208333333333 0.37962962962962965 0.2791666666666667 0.3814814814814815 0.28125 0.38333333333333336 0.2796875 0.3861111111111111 0.28072916666666664 0.3925925925925926 0.2828125 0.3962962962962963 0.2875 0.3972222222222222 0.2864583333333333 0.4046296296296296 0.29583333333333334 0.4111111111111111 0.29375 0.4166666666666667 0.2947916666666667 0.42407407407407405 0.3072916666666667 0.42592592592592593 0.3104166666666667 0.43333333333333335 0.3171875 0.42777777777777776 0.31614583333333335 0.4212962962962963 0.3104166666666667 0.412962962962963 0.3020833333333333 0.41388888888888886 0.29791666666666666 0.4111111111111111 0.30104166666666665 0.4064814814814815 0.3 0.3972222222222222 0.2942708333333333 0.38333333333333336 0.28854166666666664 0.38333333333333336 0.28958333333333336 0.37777777777777777 0.2942708333333333 0.3712962962962963 0.3 0.36944444444444446 0.3072916666666667 0.3731481481481482 0.3098958333333333 0.37962962962962965 0.32916666666666666 0.38333333333333336 0.32916666666666666 0.3907407407407407 0.32760416666666664 0.3925925925925926 0.32447916666666665 0.38981481481481484 0.31979166666666664 0.3962962962962963 0.3182291666666667 0.4027777777777778 0.3255208333333333 0.4111111111111111 0.3380208333333333 0.4101851851851852 0.340625 0.4046296296296296 0.3380208333333333 0.3972222222222222 0.3411458333333333 0.3925925925925926 0.35208333333333336 0.3925925925925926 0.3541666666666667 0.3888888888888889 0.3546875 0.3814814814814815 0.353125 0.3787037037037037 0.34322916666666664 0.3768518518518518 0.3484375 0.3675925925925926 0.36302083333333335 0.3638888888888889 0.3651041666666667 0.36944444444444446 0.36354166666666665 0.3768518518518518 0.365625 0.3814814814814815 0.36822916666666666 0.38055555555555554 0.37135416666666665 0.3712962962962963 0.38385416666666666 0.36944444444444446 0.38697916666666665 0.37407407407407406 0.39166666666666666 0.36944444444444446 0.390625 0.37592592592592594 0.3854166666666667 0.3814814814814815 0.384375 0.39166666666666666 0.38229166666666664 0.39166666666666666 0.3765625 0.3824074074074074 0.3729166666666667 0.387037037037037 0.365625 0.3851851851851852 0.3645833333333333 0.39537037037037037 0.36770833333333336 0.40555555555555556 0.371875 0.4101851851851852 0.3703125 0.41944444444444445 0.3723958333333333 0.4324074074074074 0.37447916666666664 0.42592592592592593 0.3765625 0.425 0.3802083333333333 0.4305555555555556 0.38645833333333335 0.42407407407407405 0.38125 0.41203703703703703 0.378125 0.4111111111111111 0.38333333333333336 0.4083333333333333 0.3932291666666667 0.4111111111111111 0.39166666666666666 0.4212962962962963 0.39739583333333334 0.425 0.39895833333333336 0.4351851851851852 0.39166666666666666 0.4425925925925926 0.39166666666666666 0.4527777777777778 0.39739583333333334 0.45925925925925926 0.3932291666666667 0.4601851851851852 0.39010416666666664 0.4675925925925926 0.38385416666666666 0.4740740740740741 0.37604166666666666 0.47129629629629627 0.37395833333333334 0.46574074074074073 0.3692708333333333 0.4675925925925926 0.36666666666666664 0.46111111111111114 0.3625 0.46111111111111114 0.3625 0.4546296296296296 0.35520833333333335 0.4527777777777778 0.3541666666666667 0.44814814814814813 0.3515625 0.44814814814814813 0.3489583333333333 0.4546296296296296 0.34479166666666666 0.45185185185185184 0.3421875 0.4564814814814815 0.3380208333333333 0.4564814814814815 0.3255208333333333 0.44537037037037036 0.32083333333333336 0.44907407407407407 0.3104166666666667 0.44537037037037036 0.30572916666666666 0.44722222222222224 0.29739583333333336 0.43703703703703706 0.28854166666666664 0.4351851851851852 0.2916666666666667 0.425 0.2859375 0.4203703703703704 0.2828125 0.41203703703703703 0.271875 0.412962962962963 0.26875 0.4074074074074074 0.265625 0.41203703703703703 0.25416666666666665 0.3962962962962963 0.234375 0.3907407407407407 0.2328125 0.3851851851851852 0.221875 0.37962962962962965 0.21614583333333334 0.3731481481481482 0.21666666666666667 0.36944444444444446 0.21354166666666666 0.362962962962963 0.20989583333333334 0.3675925925925926 0.20625 0.36666666666666664 0.18854166666666666 0.3472222222222222 0.175 0.3453703703703704 0.17135416666666667 0.337037037037037 0.16458333333333333 0.33425925925925926 0.13958333333333334 0.3333333333333333 0.1296875 0.33796296296296297 0.13489583333333333 0.3416666666666667 0.134375 0.34444444444444444 0.13020833333333334 0.34444444444444444 0.12760416666666666 0.34814814814814815 0.1296875 0.3527777777777778 0.13385416666666666 0.35462962962962963 0.128125 0.3648148148148148 0.13177083333333334 0.37037037037037035 0.12760416666666666 0.37592592592592594 0.12760416666666666 0.37962962962962965 0.13020833333333334 0.3925925925925926 0.13645833333333332 0.3972222222222222 0.1359375 0.4009259259259259 0.140625 0.4074074074074074 0.14270833333333333 0.41574074074074074 0.15729166666666666 0.41759259259259257 0.1578125 0.42314814814814816 0.16145833333333334 0.4212962962962963 0.171875 0.4287037037037037 0.17864583333333334 0.4444444444444444 0.19583333333333333 0.44814814814814813 0.19739583333333333 0.4564814814814815 0.20104166666666667 0.4601851851851852 0.19895833333333332 0.46296296296296297 0.20104166666666667 0.4648148148148148 0.2046875 0.46296296296296297 0.20416666666666666 0.4583333333333333 0.21197916666666666 0.4527777777777778 0.2140625 0.4527777777777778 0.21666666666666667 0.45925925925925926 0.20729166666666668 0.4638888888888889 0.203125 0.46944444444444444 0.203125 0.4759259259259259 0.1984375 0.47685185185185186 0.19947916666666668 0.48055555555555557 0.2015625 0.4777777777777778 0.20989583333333334 0.4777777777777778 0.2109375 0.48055555555555557 0.19739583333333333 0.48703703703703705 0.1953125 0.49537037037037035 0.1984375 0.5 0.20416666666666666 0.5018518518518519 0.19947916666666668 0.5018518518518519 0.196875 0.5074074074074074 0.18489583333333334 0.5046296296296297 0.1578125 0.47962962962962963 0.15052083333333333 0.47962962962962963 0.14583333333333334 0.4740740740740741 0.12604166666666666 0.46296296296296297 0.1171875 0.45555555555555555 0.11614583333333334 0.45185185185185184 0.1046875 0.44907407407407407 0.06770833333333333 0.42407407407407405 0.05625 0.4212962962962963 0.022395833333333334 0.39814814814814814 0.0046875 0.3907407407407407 0.003125 0.38425925925925924 0.004166666666666667 0.37962962962962965 0.0020833333333333333 0.36944444444444446 0 0.3685185185185185 0 0.3611111111111111 0.0026041666666666665 0.35833333333333334 0.005208333333333333 0.32407407407407407 0.022395833333333334 0.30833333333333335 0.041666666666666664 0.2814814814814815 0.05364583333333333 0.2574074074074074 0.06354166666666666 0.24351851851851852 0.06770833333333333 0.23055555555555557 0.08072916666666667 0.21481481481481482 0.08489583333333334 0.20277777777777778 0.10260416666666666 0.1712962962962963 0.11145833333333334 0.16296296296296298 0.1125 0.15833333333333333 0.1265625 0.1537037037037037 0.13020833333333334 0.14074074074074075 0.12864583333333332 0.13333333333333333 0.13020833333333334 0.12685185185185185 0.13854166666666667 0.11851851851851852 0.1546875 0.09166666666666666 0.16822916666666668 0.07407407407407407 0.17083333333333334 0.07407407407407407 0.17916666666666667 0.06018518518518518 0.18489583333333334 0.058333333333333334 0.19166666666666668 0.05 0.19895833333333332 0.049074074074074076 0.203125 0.04351851851851852 0.209375 0.04351851851851852 0.21145833333333333 0.03981481481481482 0.22135416666666666 0.03611111111111111
1 0.052083333333333336 0.09259259259259259 0.059895833333333336 0.10462962962962963 0.06458333333333334 0.1175925925925926 0.065625 0.12685185185185185 0.071875 0.13796296296296295 0.0734375 0.14351851851851852 0.07291666666666667 0.1537037037037037 0.06770833333333333 0.16296296296296298 0.05364583333333333 0.17037037037037037 0.033854166666666664 0.1712962962962963 0.017708333333333333 0.19814814814814816 0.0140625 0.20925925925925926 0.015625 0.2462962962962963 0.013020833333333334 0.2574074074074074 0.0015625 0.2796296296296296 0 0.2796296296296296 0 0.15462962962962962 0.026041666666666668 0.11018518518518519 0.043229166666666666 0.09444444444444444 0.0515625 0.09259259259259259
1 0.12708333333333333 0.13425925925925927 0.13020833333333334 0.14537037037037037 0.128125 0.15185185185185185 0.12447916666666667 0.15462962962962962 0.1171875 0.15185185185185185 0.115625 0.14351851851851852 0.12239583333333333 0.13333333333333333 0.1265625 0.13425925925925927
1 0.06041666666666667 0.075 0.06197916666666667 0.07777777777777778 0.05677083333333333 0.08796296296296297 0.06197916666666667 0.09722222222222222 0.06041666666666667 0.1037037037037037 0.06614583333333333 0.1259259259259259 0.07395833333333333 0.1425925925925926 0.0734375 0.15462962962962962 0.06822916666666666 0.1648148148148148 0.06041666666666667 0.1685185185185185 0.05677083333333333 0.175 0.03697916666666667 0.17037037037037037 0.0328125 0.17222222222222222 0.0171875 0.19907407407407407 0.014583333333333334 0.20925925925925926 0.015104166666666667 0.23055555555555557 0.0171875 0.2351851851851852 0.015625 0.2490740740740741 0.00625 0.27314814814814814 0 0.28055555555555556 0 0.15462962962962962 0.024479166666666666 0.11203703703703703 0.06041666666666667 0.07592592592592592
1 0.09375 0 0.1484375 0 0.14791666666666667 0.005555555555555556 0.14375 0.012037037037037037 0.13229166666666667 0.021296296296296296 0.12135416666666667 0.020370370370370372 0.10885416666666667 0.012962962962962963 0.09166666666666666 0.01574074074074074 0.09375 0.000925925925925926
1 0.1578125 0.34074074074074073 0.21822916666666667 0.39166666666666666 0.240625 0.4064814814814815 0.275 0.44351851851851853 0.29739583333333336 0.45925925925925926 0.3140625 0.4601851851851852 0.3359375 0.475 0.35208333333333336 0.47314814814814815 0.3885416666666667 0.49444444444444446 0.41510416666666666 0.49074074074074076 0.4244791666666667 0.49444444444444446 0.4354166666666667 0.5037037037037037 0.4557291666666667 0.5120370370370371 0.4635416666666667 0.512962962962963 0.47708333333333336 0.5074074074074074 0.48385416666666664 0.5101851851851852 0.5083333333333333 0.5361111111111111 0.5171875 0.5509259259259259 0.5359375 0.5722222222222222 0.5484375 0.5925925925925926 0.5864583333333333 0.6435185185185185 0.6041666666666666 0.6759259259259259 0.6104166666666667 0.6898148148148148 0.6119791666666666 0.7074074074074074 0.59375 0.7296296296296296 0.5854166666666667 0.7287037037037037 0.5598958333333334 0.7101851851851851 0.5401041666666667 0.7027777777777777 0.5265625 0.6833333333333333 0.5078125 0.6675925925925926 0.49166666666666664 0.6453703703703704 0.47760416666666666 0.6398148148148148 0.43697916666666664 0.5796296296296296 0.3776041666666667 0.5166666666666667 0.35885416666666664 0.5009259259259259 0.3171875 0.475 0.28541666666666665 0.46111111111111114 0.25052083333333336 0.45555555555555555 0.22708333333333333 0.44814814814814813 0.16770833333333332 0.4111111111111111 0.14635416666666667 0.3851851851851852 0.13958333333333334 0.36944444444444446 0.14010416666666667 0.35185185185185186 0.14427083333333332 0.3425925925925926 0.14791666666666667 0.3398148148148148 0.15729166666666666 0.34074074074074073
0 0.09270833333333334 0 0.19895833333333332 0 0.20625 0.003703703703703704 0.21041666666666667 0 0.21302083333333333 0.005555555555555556 0.23072916666666668 0.004629629629629629 0.23125 0.020370370370370372 0.23333333333333334 0.024074074074074074 0.196875 0.02962962962962963 0.18854166666666666 0.04259259259259259 0.16458333333333333 0.06574074074074074 0.128125 0.11666666666666667 0.10260416666666666 0.1574074074074074 0.03854166666666667 0.27314814814814814 0 0.31851851851851853 0 0.1537037037037037 0.016145833333333335 0.1259259259259259 0.017708333333333333 0.11574074074074074 0.0140625 0.11296296296296296 0.0140625 0.10925925925925926 0.025520833333333333 0.10833333333333334 0.03229166666666667 0.09814814814814815 0.0296875 0.09444444444444444 0.014583333333333334 0.09259259259259259 0.013020833333333334 0.08796296296296297 0.021875 0.06018518518518518 0.027083333333333334 0.05 0.028645833333333332 0.03981481481481482 0.034895833333333334 0.02962962962962963 0.03958333333333333 0.014814814814814815 0.04479166666666667 0.012037037037037037 0.04583333333333333 0.014814814814814815 0.041666666666666664 0.017592592592592594 0.041666666666666664 0.020370370370370372 0.059375 0.025925925925925925 0.06354166666666666 0.032407407407407406 0.06041666666666667 0.03611111111111111 0.06458333333333334 0.03888888888888889 0.0625 0.044444444444444446 0.04375 0.05 0.052083333333333336 0.053703703703703705 0.0515625 0.06018518518518518 0.04895833333333333 0.06388888888888888 0.051041666666666666 0.06666666666666667 0.05 0.07222222222222222 0.03177083333333333 0.07777777777777778 0.04375 0.07962962962962963 0.046875 0.08518518518518518 0.0515625 0.0824074074074074 0.05677083333333333 0.07222222222222222 0.0640625 0.06574074074074074 0.06614583333333333 0.058333333333333334 0.07604166666666666 0.05 0.09270833333333334 0.000925925925925926
0 0.0953125 0 0.1890625 0 0.203125 0.011111111111111112 0.2015625 0.014814814814814815 0.20260416666666667 0.024074074074074074 0.21302083333333333 0.025925925925925925 0.19895833333333332 0.025925925925925925 0.18697916666666667 0.044444444444444446 0.16458333333333333 0.06574074074074074 0.15052083333333333 0.08425925925925926 0.12135416666666667 0.12962962962962962 0.12239583333333333 0.1361111111111111 0.12708333333333333 0.1388888888888889 0.1265625 0.1527777777777778 0.11927083333333334 0.15092592592592594 0.11875 0.14722222222222223 0.12135416666666667 0.14351851851851852 0.11822916666666666 0.14166666666666666 0.115625 0.14166666666666666 0.10885416666666667 0.15 0.040625 0.2712962962962963 0.016145833333333335 0.3037037037037037 0 0.31851851851851853 0 0.1537037037037037 0.020833333333333332 0.11574074074074074 0.03958333333333333 0.08888888888888889 0.053125 0.08148148148148149 0.07395833333333333 0.05462962962962963 0.07916666666666666 0.04537037037037037 0.08177083333333333 0.03333333333333333 0.0953125 0.000925925925925926
0 0.334375 0.6953703703703704 0.3375 0.7 0.340625 0.7203703703703703 0.34739583333333335 0.737037037037037 0.3578125 0.7842592592592592 0.35520833333333335 0.8583333333333333 0.3567708333333333 0.8953703703703704 0.3541666666666667 0.9518518518518518 0.34322916666666664 0.9888888888888889 0.33489583333333334 0.9990740740740741 0.3255208333333333 0.9962962962962963 0.31979166666666664 0.9740740740740741 0.290625 0.9287037037037037 0.2916666666666667 0.9259259259259259 0.3020833333333333 0.9296296296296296 0.3182291666666667 0.9259259259259259 0.3255208333333333 0.9194444444444444 0.33541666666666664 0.8972222222222223 0.3375 0.8731481481481481 0.3333333333333333 0.8296296296296296 0.31614583333333335 0.7898148148148149 0.3015625 0.7648148148148148 0.28072916666666664 0.7379629629629629 0.2755208333333333 0.7268518518518519 0.28125 0.7194444444444444 0.2989583333333333 0.7111111111111111 0.3151041666666667 0.6981481481481482 0.3338541666666667 0.6953703703703704
0 0.0953125 0 0.19166666666666668 0 0.19583333333333333 0.004629629629629629 0.203125 0.003703703703703704 0.2203125 0.012962962962962963 0.2234375 0.020370370370370372 0.23072916666666668 0.018518518518518517 0.23229166666666667 0.021296296296296296 0.23072916666666668 0.025925925925925925 0.1953125 0.02962962962962963 0.18541666666666667 0.04537037037037037 0.16614583333333333 0.06296296296296296 0.12135416666666667 0.1287037037037037 0.11875 0.13703703703703704 0.1265625 0.13703703703703704 0.12604166666666666 0.15185185185185185 0.1203125 0.15 0.121875 0.1425925925925926 0.11614583333333334 0.14074074074074075 0.11197916666666667 0.14444444444444443 0.0984375 0.1648148148148148 0.0375 0.275 0 0.3194444444444444 0 0.1537037037037037 0.027604166666666666 0.10740740740740741 0.044270833333333336 0.08888888888888889 0.05364583333333333 0.0824074074074074 0.06927083333333334 0.05925925925925926 0.075 0.05555555555555555 0.0953125 0.000925925925925926
0 0.09427083333333333 0 0.19322916666666667 0 0.19479166666666667 0.006481481481481481 0.19427083333333334 0.025 0.1890625 0.03981481481481482 0.15625 0.075 0.12916666666666668 0.11388888888888889 0.1015625 0.15833333333333333 0.036458333333333336 0.2759259259259259 0.005729166666666666 0.3138888888888889 0 0.3175925925925926 0 0.15462962962962962 0.016666666666666666 0.12685185185185185 0.021354166666666667 0.11481481481481481 0.03802083333333333 0.09444444444444444 0.05364583333333333 0.08148148148148149 0.06822916666666666 0.06018518518518518 0.07447916666666667 0.05555555555555555 0.07864583333333333 0.04814814814814815 0.09427083333333333 0.000925925925925926
0 0.06822916666666666 0 0.0734375 0 0.07291666666666667 0.004629629629629629 0.075 0.008333333333333333 0.0703125 0.014814814814814815 0.07291666666666667 0.016666666666666666 0.07760416666666667 0.01574074074074074 0.0796875 0.009259259259259259 0.0828125 0.008333333333333333 0.07604166666666666 0.006481481481481481 0.0796875 0 0.08541666666666667 0 0.08802083333333334 0.004629629629629629 0.09114583333333333 0 0.2296875 0 0.23177083333333334 0.002777777777777778 0.24479166666666666 0 0.3015625 0 0.30364583333333334 0.002777777777777778 0.3177083333333333 0.002777777777777778 0.31927083333333334 0 0.35208333333333336 0 0.3546875 0.002777777777777778 0.36041666666666666 0 0.3807291666666667 0 0.3828125 0.011111111111111112 0.38125 0.01574074074074074 0.38697916666666665 0.025 0.3921875 0.022222222222222223 0.3927083333333333 0.010185185185185186 0.403125 0.003703703703703704 0.4114583333333333 0.007407407407407408 0.41875 0.004629629629629629 0.4166666666666667 0.008333333333333333 0.41875 0.009259259259259259 0.43072916666666666 0.004629629629629629 0.4432291666666667 0.005555555555555556 0.44479166666666664 0 0.46510416666666665 0 0.4671875 0.002777777777777778 0.47552083333333334 0.002777777777777778 0.47708333333333336 0 0.5114583333333333 0 0.5140625 0.002777777777777778 0.5515625 0 0.5515625 0.016666666666666666 0.5473958333333333 0.053703703703703705 0.5416666666666666 0.08611111111111111 0.5260416666666666 0.13055555555555556 0.5192708333333333 0.1425925925925926 0.4942708333333333 0.17314814814814813 0.4744791666666667 0.18888888888888888 0.46145833333333336 0.1925925925925926 0.4010416666666667 0.19074074074074074 0.3828125 0.18333333333333332 0.3734375 0.17314814814814813 0.36822916666666666 0.1574074074074074 0.36875 0.1361111111111111 0.37135416666666665 0.13055555555555556 0.371875 0.12222222222222222 0.35572916666666665 0.10185185185185185 0.35104166666666664 0.08703703703703704 0.35 0.06851851851851852 0.3546875 0.04722222222222222 0.3609375 0.03611111111111111 0.359375 0.03148148148148148 0.35260416666666666 0.03425925925925926 0.3078125 0.024074074074074074 0.2604166666666667 0.021296296296296296 0.21041666666666667 0.03148148148148148 0.1953125 0.03148148148148148 0.18697916666666667 0.04351851851851852 0.1640625 0.06574074074074074 0.13072916666666667 0.1111111111111111 0.10416666666666667 0.1537037037037037 0.0375 0.2740740740740741 0.0015625 0.31851851851851853 0 0.31851851851851853 0 0.15555555555555556 0.0020833333333333333 0.15462962962962962 0.0020833333333333333 0.14814814814814814 0 0.14722222222222223 0 0.13796296296296295 0.0020833333333333333 0.13703703703703704 0 0.1361111111111111 0 0.12037037037037036 0.0036458333333333334 0.1175925925925926 0.008333333333333333 0.10277777777777777 0.015625 0.09814814814814815 0.011458333333333333 0.09166666666666666 0.0140625 0.08148148148148149 0.03854166666666667 0.013888888888888888 0.043229166666666666 0.007407407407407408 0.06822916666666666 0.000925925925925926
3 0.6265625 0.7175925925925926 0.65 0.725925925925926 0.6708333333333333 0.7555555555555555 0.6822916666666666 0.7601851851851852 0.6989583333333333 0.775 0.7348958333333333 0.7925925925925926 0.7645833333333333 0.8138888888888889 0.7864583333333334 0.8361111111111111 0.8213541666666667 0.8666666666666667 0.8453125 0.8833333333333333 0.8552083333333333 0.8944444444444445 0.8703125 0.9055555555555556 0.8838541666666667 0.9111111111111111 0.921875 0.9481481481481482 0.9427083333333334 0.9583333333333334 0.9713541666666666 0.9907407407407407 0.9734375 0.9944444444444445 0.9729166666666667 0.9990740740740741 0.88125 0.9990740740740741 0.8765625 0.9953703703703703 0.8442708333333333 0.9953703703703703 0.8338541666666667 0.9990740740740741 0.809375 0.9990740740740741 0.8072916666666666 0.9962962962962963 0.8015625 0.9990740740740741 0.7270833333333333 0.9990740740740741 0.715625 0.9944444444444445 0.7119791666666667 0.987037037037037 0.6942708333333333 0.9694444444444444 0.6776041666666667 0.9416666666666667 0.671875 0.937037037037037 0.6682291666666667 0.9277777777777778 0.6640625 0.9259259259259259 0.646875 0.8916666666666667 0.6395833333333333 0.8842592592592593 0.6229166666666667 0.8379629629629629 0.5994791666666667 0.7972222222222223 0.5921875 0.7805555555555556 0.5911458333333334 0.7638888888888888 0.596875 0.7361111111111112 0.6119791666666666 0.7212962962962963 0.6260416666666667 0.7175925925925926
3 0 0.4759259259259259 0.005729166666666666 0.47685185185185186 0.0328125 0.4935185185185185 0.04010416666666667 0.49444444444444446 0.03802083333333333 0.49722222222222223 0.0390625 0.5 0.05364583333333333 0.5018518518518519 0.050520833333333334 0.512962962962963 0.04635416666666667 0.5111111111111111 0.043229166666666666 0.5157407407407407 0.050520833333333334 0.5166666666666667 0.05677083333333333 0.525 0.0640625 0.524074074074074 0.06614583333333333 0.5296296296296297 0.0796875 0.5435185185185185 0.08802083333333334 0.5444444444444444 0.09166666666666666 0.5398148148148149 0.12864583333333332 0.5777777777777777 0.14739583333333334 0.587037037037037 0.16979166666666667 0.6148148148148148 0.19114583333333332 0.6333333333333333 0.2484375 0.6935185185185185 0.2630208333333333 0.7111111111111111 0.2791666666666667 0.7379629629629629 0.3072916666666667 0.7768518518518519 0.3177083333333333 0.7962962962962963 0.3307291666666667 0.8268518518518518 0.33645833333333336 0.8712962962962963 0.334375 0.8898148148148148 0.328125 0.9092592592592592 0.3223958333333333 0.9185185185185185 0.3072916666666667 0.9268518518518518 0.28854166666666664 0.9259259259259259 0.296875 0.9444444444444444 0.321875 0.9833333333333333 0.32395833333333335 0.9944444444444445 0.31927083333333334 0.9972222222222222 0.20625 0.9972222222222222 0.18229166666666666 0.9944444444444445 0.1765625 0.9898148148148148 0.1734375 0.9953703703703703 0.15364583333333334 0.9962962962962963 0.1515625 0.9990740740740741 0.12916666666666668 0.9990740740740741 0.12708333333333333 0.9962962962962963 0.10729166666666666 0.9962962962962963 0.10416666666666667 0.9990740740740741 0.024479166666666666 0.9990740740740741 0.016145833333333335 0.9953703703703703 0 0.9944444444444445 0 0.5583333333333333 0.0026041666666666665 0.5555555555555556 0 0.5518518518518518 0 0.47685185185185186
3 0.9947916666666666 0.003703703703703704 0.9994791666666667 0.006481481481481481 0.9994791666666667 0.08703703703703704 0.9958333333333333 0.09444444444444444 0.9963541666666667 0.1 0.9994791666666667 0.10277777777777777 0.9994791666666667 0.3277777777777778 0.9661458333333334 0.33796296296296297 0.9645833333333333 0.3351851851851852 0.9651041666666667 0.32685185185185184 0.9723958333333333 0.30462962962962964 0.9630208333333333 0.26296296296296295 0.9619791666666667 0.2657407407407407 0.9098958333333333 0.28703703703703703 0.8765625 0.3055555555555556 0.8630208333333333 0.3101851851851852 0.8604166666666667 0.3074074074074074 0.8671875 0.287962962962963 0.8869791666666667 0.2462962962962963 0.903125 0.1962962962962963 0.9125 0.17962962962962964 0.925 0.15 0.9359375 0.13425925925925927 0.9390625 0.11944444444444445 0.9484375 0.1037037037037037 0.9536458333333333 0.08796296296296297 0.9869791666666666 0.012962962962962963 0.9942708333333333 0.004629629629629629
3 0.35833333333333334 0 0.5515625 0 0.5505208333333333 0.03148148148148148 0.5432291666666667 0.08055555555555556 0.525 0.13240740740740742 0.5140625 0.15092592592592594 0.4921875 0.17592592592592593 0.47760416666666666 0.18703703703703703 0.459375 0.1935185185185185 0.4 0.19166666666666668 0.38125 0.18333333333333332 0.3697916666666667 0.1675925925925926 0.3671875 0.14722222222222223 0.37135416666666665 0.12129629629629629 0.3536458333333333 0.09814814814814815 0.3494791666666667 0.08333333333333333 0.3489583333333333 0.06296296296296296 0.35572916666666665 0.03981481481481482 0.3625 0.032407407407407406 0.37447916666666664 0.025925925925925925 0.37604166666666666 0.021296296296296296 0.35885416666666664 0.004629629629629629 0.35833333333333334 0.000925925925925926