1 0.8755208333333333 0.6416666666666667 0.875 0.6435185185185185 0.8770833333333333 0.6435185185185185 0.8755208333333333 0.6416666666666667
1 0.43854166666666666 0.5888888888888889 0.43802083333333336 0.5916666666666667 0.4401041666666667 0.5916666666666667 0.43854166666666666 0.5888888888888889
1 0.4671875 0.524074074074074 0.4666666666666667 0.5259259259259259 0.4671875 0.524074074074074
1 0.41458333333333336 0.45740740740740743 0.41354166666666664 0.4601851851851852 0.415625 0.45925925925925926 0.41458333333333336 0.45740740740740743
1 0.8494791666666667 0.42777777777777776 0.8463541666666666 0.4361111111111111 0.8411458333333334 0.44166666666666665 0.8473958333333333 0.45740740740740743 0.8546875 0.45555555555555555 0.8557291666666667 0.4527777777777778 0.8625 0.4527777777777778 0.8671875 0.44814814814814813 0.8682291666666667 0.4398148148148148 0.865625 0.4388888888888889 0.8651041666666667 0.4351851851851852 0.8677083333333333 0.42777777777777776 0.8640625 0.42592592592592593 0.859375 0.4166666666666667 0.8552083333333333 0.42592592592592593 0.8494791666666667 0.42777777777777776
1 0.42239583333333336 0.4166666666666667 0.4161458333333333 0.4166666666666667 0.42239583333333336 0.4166666666666667
1 0.8583333333333333 0.4009259259259259 0.8583333333333333 0.41203703703703703 0.8630208333333333 0.41203703703703703 0.8708333333333333 0.4027777777777778 0.8692708333333333 0.39814814814814814 0.8583333333333333 0.4009259259259259
1 0.8609375 0.3851851851851852 0.8614583333333333 0.39351851851851855 0.8697916666666666 0.39351851851851855 0.8651041666666667 0.3851851851851852 0.8609375 0.3851851851851852
1 0.8739583333333333 0.3824074074074074 0.8729166666666667 0.3888888888888889 0.8739583333333333 0.3824074074074074
1 0.8755208333333333 0.3638888888888889 0.8760416666666667 0.36666666666666664 0.878125 0.3648148148148148 0.8755208333333333 0.3638888888888889
1 0.8864583333333333 0.337037037037037 0.8859375 0.34629629629629627 0.8901041666666667 0.3416666666666667 0.8864583333333333 0.337037037037037
1 0.8869791666666667 0.31666666666666665 0.8854166666666666 0.3194444444444444 0.8864583333333333 0.32592592592592595 0.8916666666666667 0.3212962962962963 0.8916666666666667 0.31666666666666665 0.8869791666666667 0.31666666666666665
1 0.9005208333333333 0.20462962962962963 0.9 0.20925925925925926 0.9005208333333333 0.20462962962962963
1 0.8994791666666667 0.1925925925925926 0.9 0.19814814814814816 0.9041666666666667 0.19814814814814816 0.9052083333333333 0.19444444444444445 0.9046875 0.19166666666666668 0.8994791666666667 0.1925925925925926
1 0.90390625 0.16527777777777777 0.0005208333333333333 0.002777777777777778
1 0.8041666666666667 0.08703703703703704 0.8026041666666667 0.09166666666666666 0.8083333333333333 0.09166666666666666 0.80625 0.08518518518518518 0.8041666666666667 0.08703703703703704
1 0.8015625 0.06851851851851852 0.8015625 0.0712962962962963 0.8098958333333334 0.06944444444444445 0.8072916666666666 0.06666666666666667 0.8015625 0.06851851851851852
1 0.7848958333333333 0.03888888888888889 0.7890625 0.04537037037037037 0.7890625 0.05 0.7822916666666667 0.053703703703703705 0.7869791666666667 0.05555555555555555 0.7880208333333333 0.06296296296296296 0.7895833333333333 0.06388888888888888 0.7932291666666667 0.05740740740740741 0.7932291666666667 0.05277777777777778 0.7895833333333333 0.05092592592592592 0.7895833333333333 0.044444444444444446 0.7947916666666667 0.041666666666666664 0.7916666666666666 0.037037037037037035 0.7848958333333333 0.03888888888888889
1 0.7932291666666667 0.004629629629629629 0.7890625 0.002777777777777778 0.7895833333333333 0.005555555555555556 0.7932291666666667 0.004629629629629629
1 0.7796875 0 0.7703125 0 0.76875 0.002777777777777778 0.7671875 0.000925925925925926 0.7703125 0.007407407407407408 0.7760416666666666 0.009259259259259259 0.7796875 0.005555555555555556 0.7796875 0
1 0.7609375 0 0.7598958333333333 0.004629629629629629 0.7614583333333333 0.005555555555555556 0.7609375 0
1 0.41041666666666665 0.15092592592592594 0.40989583333333335 0.17962962962962964 0.4125 0.20277777777777778 0.4203125 0.23333333333333334 0.42083333333333334 0.25092592592592594 0.4234375 0.25833333333333336 0.4276041666666667 0.2851851851851852 0.44114583333333335 0.3212962962962963 0.4432291666666667 0.3398148148148148 0.446875 0.3472222222222222 0.4473958333333333 0.36203703703703705 0.453125 0.36666666666666664 0.45677083333333335 0.3768518518518518 0.4609375 0.3824074074074074 0.4630208333333333 0.3925925925925926 0.48072916666666665 0.4351851851851852 0.4822916666666667 0.4601851851851852 0.48020833333333335 0.4638888888888889 0.48489583333333336 0.46944444444444444 0.4791666666666667 0.47314814814814815 0.4796875 0.4777777777777778 0.4765625 0.4824074074074074 0.4734375 0.4759259259259259 0.4739583333333333 0.48055555555555557 0.46875 0.48703703703703705 0.46770833333333334 0.5009259259259259 0.4703125 0.5120370370370371 0.46822916666666664 0.5194444444444445 0.4703125 0.5277777777777778 0.4635416666666667 0.5351851851851852 0.46458333333333335 0.5388888888888889 0.4625 0.5416666666666666 0.46458333333333335 0.5462962962962963 0.46875 0.5472222222222223 0.46875 0.5518518518518518 0.46458333333333335 0.5555555555555556 0.46458333333333335 0.5601851851851852 0.4671875 0.5638888888888889 0.465625 0.5685185185185185 0.4666666666666667 0.5731481481481482 0.4625 0.5833333333333334 0.46041666666666664 0.5805555555555556 0.4609375 0.5731481481481482 0.45625 0.5694444444444444 0.45416666666666666 0.5731481481481482 0.4588541666666667 0.5805555555555556 0.4473958333333333 0.5898148148148148 0.45 0.5944444444444444 0.4479166666666667 0.6 0.43802083333333336 0.6027777777777777 0.43802083333333336 0.6129629629629629 0.4395833333333333 0.6166666666666667 0.44947916666666665 0.6166666666666667 0.44947916666666665 0.6296296296296297 0.4515625 0.6324074074074074 0.45729166666666665 0.6305555555555555 0.4625 0.6351851851851852 0.46041666666666664 0.6416666666666667 0.4552083333333333 0.6435185185185185 0.45677083333333335 0.6444444444444445 0.4578125 0.6509259259259259 0.4744791666666667 0.6574074074074074 0.48020833333333335 0.6666666666666666 0.48072916666666665 0.674074074074074 0.484375 0.6777777777777778 0.4875 0.687037037037037 0.49114583333333334 0.687962962962963 0.5015625 0.7046296296296296 0.5078125 0.7101851851851851 0.5223958333333333 0.7101851851851851 0.5364583333333334 0.7166666666666667 0.5552083333333333 0.7166666666666667 0.5625 0.7212962962962963 0.5739583333333333 0.7231481481481481 0.5755208333333334 0.725925925925926 0.590625 0.7305555555555555 0.5973958333333333 0.737037037037037 0.6119791666666666 0.7435185185185185 0.6213541666666667 0.7509259259259259 0.6364583333333333 0.7555555555555555 0.6421875 0.7620370370370371 0.6557291666666667 0.7685185185185185 0.6703125 0.7842592592592592 0.690625 0.7898148148148149 0.7135416666666666 0.8027777777777778 0.7401041666666667 0.8101851851851852 0.7614583333333333 0.8212962962962963 0.7885416666666667 0.825925925925926 0.7932291666666667 0.8287037037037037 0.7932291666666667 0.837037037037037 0.7958333333333333 0.8351851851851851 0.7984375 0.8388888888888889 0.8130208333333333 0.8388888888888889 0.8161458333333333 0.8351851851851851 0.8213541666666667 0.8351851851851851 0.8239583333333333 0.8305555555555556 0.8276041666666667 0.8305555555555556 0.8291666666666667 0.8277777777777777 0.8505208333333333 0.8277777777777777 0.8598958333333333 0.8212962962962963 0.859375 0.8157407407407408 0.8614583333333333 0.8101851851851852 0.8557291666666667 0.8018518518518518 0.8572916666666667 0.7962962962962963 0.8572916666666667 0.7824074074074074 0.8552083333333333 0.7712962962962963 0.8557291666666667 0.7601851851851852 0.8536458333333333 0.7583333333333333 0.8557291666666667 0.7546296296296297 0.8505208333333333 0.7472222222222222 0.8552083333333333 0.7435185185185185 0.85625 0.7388888888888889 0.8515625 0.7388888888888889 0.85 0.7324074074074074 0.8444442708333334 0.7324074074074074 0.8442708333333333 0.725925925925926 0.8416666666666667 0.7277777777777777 0.83125 0.7222222222222222 0.8338541666666667 0.675 0.85 0.6805555555555556 0.8677083333333333 0.6777777777777778 0.8692708333333333 0.6574074074074074 0.8682291666666667 0.65 0.8713541666666667 0.6435185185185185 0.8713541666666667 0.6324074074074074 0.8744791666666667 0.6305555555555555 0.8760416666666667 0.6370370370370371 0.8755208333333333 0.6333333333333333 0.878125 0.6296296296296297 0.8765625 0.6231481481481481 0.88125 0.6166666666666667 0.88125 0.6083333333333333 0.8864583333333333 0.5981481481481481 0.8911458333333333 0.5731481481481482 0.8911458333333333 0.5574074074074075 0.8822916666666667 0.5444444444444444 0.8765625 0.5287037037037037 0.878125 0.4981481481481482 0.8671875 0.4824074074074074 0.8619791666666666 0.4824074074074074 0.8557291666666667 0.4935185185185185 0.8307291666666666 0.5101851851851852 0.8083333333333333 0.5101851851851852 0.7953125 0.5009259259259259 0.790625 0.4935185185185185 0.7885416666666667 0.4842592592592593 0.7828125 0.4787037037037037 0.7802083333333333 0.4685185185185185 0.775 0.4583333333333333 0.7744791666666667 0.42685185185185187 0.7776041666666667 0.41388888888888886 0.7807291666666667 0.4101851851851852 0.7828125 0.39537037037037037 0.7885416666666667 0.3787037037037037 0.8177083333333334 0.3194444444444444 0.8229166666666666 0.3138888888888889 0.8255208333333334 0.30462962962962964 0.8364583333333333 0.2851851851851852 0.8385416666666666 0.275 0.84375 0.26851851851851855 0.8442708333333333 0.2611111111111111 0.8484375 0.25925925925925924 0.8505208333333333 0.25277777777777777 0.8536458333333333 0.25092592592592594 0.8541666666666666 0.23981481481481481 0.8619791666666666 0.22037037037037038 0.8692708333333333 0.20833333333333334 0.875 0.1925925925925926 0.8796875 0.18888888888888888 0.8817708333333333 0.16666666666666666 0.8875 0.1574074074074074 0.8890625 0.14629629629629629 0.8921875 0.14166666666666666 0.8953125 0.12685185185185185 0.8984375 0.12129629629629629 0.8994791666666667 0.11018518518518519 0.9072916666666667 0.09814814814814815 0.9109375 0.0962962962962963 0.9130208333333333 0.08888888888888889 0.9171875 0.08425925925925926 0.9197916666666667 0.06666666666666667 0.9296875 0.04351851851851852 0.9348958333333334 0.025925925925925925 0.9421875 0.016666666666666666 0.9479166666666666 0.002777777777777778 0.94375 0 0.9125 0 0.9 0.005555555555555556 0.8973958333333333 0.012037037037037037 0.8880208333333334 0.021296296296296296 0.8760416666666667 0.025925925925925925 0.8723958333333334 0.023148148148148147 0.8692708333333333 0.025925925925925925 0.8713541666666667 0.027777777777777776 0.8697916666666666 0.032407407407407406 0.8625 0.032407407407407406 0.8625 0.04259259259259259 0.8541666666666666 0.05462962962962963 0.8395833333333333 0.06481481481481481 0.8369791666666667 0.06944444444444445 0.8369791666666667 0.07777777777777778 0.8338541666666667 0.08055555555555556 0.8364583333333333 0.08703703703703704 0.8359375 0.09166666666666666 0.8223958333333333 0.09351851851851851 0.821875 0.11481481481481481 0.8140625 0.11666666666666667 0.8067708333333333 0.10740740740740741 0.8020833333333334 0.10740740740740741 0.7984375 0.09907407407407408 0.8 0.09351851851851851 0.7989583333333333 0.0962962962962963 0.7979166666666667 0.09444444444444444 0.7921875 0.09814814814814815 0.7864583333333334 0.0962962962962963 0.7817708333333333 0.08981481481481482 0.78125 0.08611111111111111 0.7848958333333333 0.08425925925925926 0.7869791666666667 0.07962962962962963 0.7859375 0.08148148148148149 0.784375 0.07592592592592592 0.7869791666666667 0.07314814814814814 0.7713541666666667 0.0712962962962963 0.7708333333333334 0.06388888888888888 0.7625 0.058333333333333334 0.7619791666666667 0.04814814814814815 0.759375 0.05092592592592592 0.7541666666666667 0.03518518518518519 0.75 0.032407407407407406 0.7484375 0.027777777777777776 0.75 0.013888888888888888 0.7578125 0.004629629629629629 0.7567708333333333 0 0.7052083333333333 0 0.6963541666666667 0.004629629629629629 0.6682291666666667 0 0.6536458333333334 0.007407407407407408 0.6484375 0.007407407407407408 0.6473958333333333 0.004629629629629629 0.628125 0.005555555555555556 0.6192708333333333 0.009259259259259259 0.6015625 0.005555555555555556 0.5911458333333334 0 0.5505208333333333 0 0.5317708333333333 0.004629629629629629 0.5296875 0.009259259259259259 0.5276041666666667 0.009259259259259259 0.5229166666666667 0.004629629629629629 0.5145833333333333 0.005555555555555556 0.5114583333333333 0 0.5078125 0 0.4942708333333333 0.002777777777777778 0.48802083333333335 0.012037037037037037 0.48333333333333334 0.012037037037037037 0.4744791666666667 0.018518518518518517 0.4671875 0.016666666666666666 0.4583333333333333 0 0.43072916666666666 0 0.4265625 0.002777777777777778 0.425 0.010185185185185186 0.4234375 0.040740740740740744 0.41875 0.06574074074074074 0.41770833333333335 0.09259259259259259 0.41458333333333336 0.10740740740740741 0.41041666666666665 0.15092592592592594
1 0.22447916666666667 0.34629629629629627 0.22395833333333334 0.3611111111111111 0.22708333333333333 0.3731481481481482 0.23697916666666666 0.37962962962962965 0.24895833333333334 0.37962962962962965 0.26145833333333335 0.3731481481481482 0.26510416666666664 0.36018518518518516 0.2630208333333333 0.35185185185185186 0.2635416666666667 0.3472222222222222 0.2671875 0.3416666666666667 0.2713541666666667 0.3416666666666667 0.27239583333333334 0.337037037037037 0.2671875 0.325 0.2635416666666667 0.30277777777777776 0.2609375 0.29814814814814816 0.25416666666666665 0.29814814814814816 0.25052083333333336 0.30277777777777776 0.25 0.3138888888888889 0.24791666666666667 0.31851851851851853 0.23697916666666666 0.31666666666666665 0.23177083333333334 0.3194444444444444 0.22604166666666667 0.33055555555555555 0.22447916666666667 0.34629629629629627
1 0.21927083333333333 0.4648148148148148 0.21875 0.47314814814814815 0.22291666666666668 0.47962962962962963 0.22604166666666667 0.4935185185185185 0.23125 0.4981481481481482 0.2296875 0.5046296296296297 0.2296875 0.5222222222222223 0.23697916666666666 0.5370370370370371 0.23958333333333334 0.5370370370370371 0.24739583333333334 0.55 0.253125 0.5537037037037037 0.26197916666666665 0.5712962962962963 0.26875 0.575925925925926 0.2755208333333333 0.5777777777777777 0.27708333333333335 0.5666666666666667 0.2869791666666667 0.5638888888888889 0.2864583333333333 0.524074074074074 0.2796875 0.5166666666666667 0.2677083333333333 0.5166666666666667 0.2640625 0.5111111111111111 0.2671875 0.5074074074074074 0.2677083333333333 0.5027777777777778 0.2734375 0.5027777777777778 0.275 0.4962962962962963 0.2796875 0.4888888888888889 0.28541666666666665 0.48703703703703705 0.2859375 0.4842592592592593 0.275 0.4824074074074074 0.27291666666666664 0.4759259259259259 0.2635416666666667 0.47314814814814815 0.2604166666666667 0.4685185185185185 0.2546875 0.45092592592592595 0.25052083333333336 0.45092592592592595 0.2375 0.4638888888888889 0.21927083333333333 0.4648148148148148
1 0.22447916666666667 0.3435185185185185 0.2234375 0.3592592592592593 0.2265625 0.3731481481481482 0.23697916666666666 0.37962962962962965 0.2484375 0.37962962962962965 0.26145833333333335 0.3731481481481482 0.2671875 0.3592592592592593 0.2682291666666667 0.3472222222222222 0.2713541666666667 0.34629629629629627 0.27395833333333336 0.3416666666666667 0.27395833333333336 0.337037037037037 0.26875 0.3277777777777778 0.2640625 0.30277777777777776 0.26145833333333335 0.29814814814814816 0.25416666666666665 0.29814814814814816 0.25052083333333336 0.30277777777777776 0.2484375 0.3148148148148148 0.23125 0.3194444444444444 0.2265625 0.3277777777777778 0.22447916666666667 0.3435185185185185
1 0.15364583333333334 0.3333333333333333 0.15572916666666667 0.3416666666666667 0.15364583333333334 0.3435185185185185 0.14791666666666667 0.36574074074074076 0.14322916666666666 0.3731481481481482 0.146875 0.3731481481481482 0.1484375 0.36944444444444446 0.15208333333333332 0.3731481481481482 0.18177083333333333 0.3731481481481482 0.1921875 0.3685185185185185 0.2078125 0.3194444444444444 0.21822916666666667 0.30092592592592593 0.22760416666666666 0.2777777777777778 0.24375 0.25092592592592594 0.2557291666666667 0.2111111111111111 0.26666666666666666 0.18888888888888888 0.26979166666666665 0.17777777777777778 0.290625 0.12962962962962962 0.2942708333333333 0.11481481481481481 0.3177083333333333 0.062037037037037036 0.32864583333333336 0.025925925925925925 0.32864583333333336 0.018518518518518517 0.30833333333333335 0.016666666666666666 0.28854166666666664 0.05092592592592592 0.278125 0.07592592592592592 0.2640625 0.09814814814814815 0.25416666666666665 0.12129629629629629 0.24583333333333332 0.13518518518518519 0.24270833333333333 0.14537037037037037 0.19895833333333332 0.23055555555555557 0.19166666666666668 0.25 0.18177083333333333 0.26481481481481484 0.16510416666666666 0.3055555555555556 0.1625 0.31666666666666665 0.15364583333333334 0.3333333333333333
1 0.775 0.8564814814814815 0.7744791666666667 0.862037037037037 0.7770833333333333 0.862037037037037 0.775 0.8564814814814815
1 0.4427083333333333 0.7046296296296296 0.4427083333333333 0.7101851851851851 0.4578125 0.7092592592592593 0.4588541666666667 0.7055555555555556 0.4666666666666667 0.7027777777777777 0.4671875 0.6981481481481482 0.45625 0.6916666666666667 0.45364583333333336 0.6981481481481482 0.45 0.6981481481481482 0.4484375 0.7027777777777777 0.4427083333333333 0.7046296296296296
1 0.85 0.44814814814814813 0.8479166666666667 0.44814814814814813 0.85 0.44814814814814813
1 0.8484375 0.4398148148148148 0.8447916666666667 0.44166666666666665 0.8473958333333333 0.44351851851851853 0.8484375 0.44074074074074077 0.8494791666666667 0.44351851851851853 0.8484375 0.4398148148148148
1 0.8619791666666666 0.4064814814814815 0.0010416666666666667 0.001851851851851852
1 0.8869791666666667 0.3398148148148148 0.8864583333333333 0.3416666666666667 0.8869791666666667 0.3398148148148148
1 0.7411458333333333 0.12129629629629629 0.7395833333333334 0.12314814814814815 0.7411458333333333 0.125 0.7447916666666666 0.11944444444444445 0.7453125 0.125 0.7484375 0.1259259259259259 0.7536458333333333 0.11851851851851852 0.7520833333333333 0.11666666666666667 0.7494791666666667 0.12314814814814815 0.7479166666666667 0.11666666666666667 0.7411458333333333 0.12129629629629629
1 0.7755208333333333 0.0824074074074074 0.7739583333333333 0.0824074074074074 0.7739583333333333 0.08518518518518518 0.7760416666666666 0.08518518518518518 0.7755208333333333 0.0824074074074074
1 0.7752604166666667 0.000462962962962963 0.0015625 0.000925925925925926
1 0.42552083333333335 0.005555555555555556 0.4234375 0.025925925925925925 0.4239583333333333 0.03981481481481482 0.41875 0.06666666666666667 0.41770833333333335 0.09259259259259259 0.4109375 0.14444444444444443 0.40989583333333335 0.18055555555555555 0.41354166666666664 0.20925925925925926 0.4166666666666667 0.21388888888888888 0.4197916666666667 0.2324074074074074 0.42083333333333334 0.25555555555555554 0.425 0.26944444444444443 0.4270833333333333 0.28425925925925927 0.4375 0.3101851851851852 0.44114583333333335 0.32685185185185184 0.4395833333333333 0.33055555555555555 0.4166666666666667 0.33055555555555555 0.40520833333333334 0.337037037037037 0.3875 0.337037037037037 0.3807291666666667 0.32592592592592595 0.3765625 0.32592592592592595 0.36875 0.33611111111111114 0.36770833333333336 0.3435185185185185 0.3619791666666667 0.35555555555555557 0.3619791666666667 0.36203703703703705 0.365625 0.36203703703703705 0.37083333333333335 0.3685185185185185 0.37604166666666666 0.3685185185185185 0.38958333333333334 0.387037037037037 0.39166666666666666 0.387037037037037 0.3958333333333333 0.3962962962962963 0.39947916666666666 0.3990740740740741 0.40572916666666664 0.4185185185185185 0.4088541666666667 0.44814814814814813 0.4088541666666667 0.4648148148148148 0.4114583333333333 0.47314814814814815 0.40625 0.4962962962962963 0.40625 0.5166666666666667 0.4078125 0.524074074074074 0.40677083333333336 0.5398148148148149 0.40260416666666665 0.5509259259259259 0.3848958333333333 0.5435185185185185 0.3828125 0.5361111111111111 0.3848958333333333 0.5231481481481481 0.3828125 0.512962962962963 0.3848958333333333 0.5055555555555555 0.3859375 0.48518518518518516 0.38333333333333336 0.4759259259259259 0.3848958333333333 0.4666666666666667 0.38333333333333336 0.45555555555555555 0.384375 0.4527777777777778 0.37916666666666665 0.4305555555555556 0.37083333333333335 0.4212962962962963 0.35 0.4185185185185185 0.3484375 0.41388888888888886 0.3375 0.41203703703703703 0.33229166666666665 0.4166666666666667 0.32083333333333336 0.44166666666666665 0.3203125 0.45 0.3234375 0.45555555555555555 0.32708333333333334 0.4759259259259259 0.33125 0.4824074074074074 0.3328125 0.49166666666666664 0.34375 0.5185185185185185 0.35052083333333334 0.5277777777777778 0.35833333333333334 0.5462962962962963 0.3651041666666667 0.5527777777777778 0.3645833333333333 0.5555555555555556 0.3802083333333333 0.5731481481481482 0.3807291666666667 0.5777777777777777 0.3854166666666667 0.5805555555555556 0.3890625 0.587037037037037 0.4046875 0.587037037037037 0.4078125 0.5962962962962963 0.4161458333333333 0.6101851851851852 0.42083333333333334 0.6305555555555555 0.425 0.6388888888888888 0.42916666666666664 0.6435185185185185 0.44114583333333335 0.6481481481481481 0.44583333333333336 0.6546296296296297 0.46041666666666664 0.6555555555555556 0.4635416666666667 0.6601851851851852 0.471875 0.6620370370370371 0.4875 0.6935185185185185 0.5067708333333333 0.712037037037037 0.5510416666666667 0.7194444444444444 0.5859375 0.7305555555555555 0.6098958333333333 0.7435185185185185 0.6182291666666667 0.7509259259259259 0.6359375 0.7574074074074074 0.6401041666666667 0.7620370370370371 0.6536458333333334 0.7685185185185185 0.6677083333333333 0.7851851851851852 0.6963541666666667 0.7935185185185185 0.7119791666666667 0.8027777777777778 0.7760416666666666 0.8277777777777777 0.7802083333333333 0.8314814814814815 0.7802083333333333 0.8379629629629629 0.7828125 0.8435185185185186 0.7854166666666667 0.8435185185185186 0.7880208333333333 0.8481481481481481 0.7911458333333333 0.8481481481481481 0.79375 0.8444444444444444 0.8114583333333333 0.8435185185185186 0.8140625 0.8398148148148148 0.8239583333333333 0.837037037037037 0.83125 0.8305555555555556 0.8552083333333333 0.8296296296296296 0.8630208333333333 0.825925925925926 0.8661458333333333 0.8101851851851852 0.8625 0.8 0.8619791666666666 0.787962962962963 0.8635416666666667 0.7824074074074074 0.8625 0.7703703703703704 0.8651041666666667 0.7638888888888888 0.8640625 0.7601851851851852 0.8609375 0.7583333333333333 0.8625 0.7546296296296297 0.8583333333333333 0.7481481481481481 0.8625 0.7435185185185185 0.8625 0.737037037037037 0.8567708333333334 0.7305555555555555 0.8557291666666667 0.725925925925926 0.8489583333333334 0.7194444444444444 0.83125 0.7166666666666667 0.8348958333333333 0.6759259259259259 0.8401041666666667 0.6759259259259259 0.8510416666666667 0.6824074074074075 0.8703125 0.6796296296296296 0.8723958333333334 0.6592592592592592 0.8713541666666667 0.65 0.8791666666666667 0.6462962962962963 0.8828125 0.6370370370370371 0.8817708333333333 0.6324074074074074 0.8833333333333333 0.6296296296296297 0.8833333333333333 0.6212962962962963 0.8859375 0.6166666666666667 0.884375 0.6092592592592593 0.8885416666666667 0.5962962962962963 0.8880208333333334 0.5898148148148148 0.8911458333333333 0.5796296296296296 0.8916666666666667 0.5574074074074075 0.8895833333333333 0.5509259259259259 0.88125 0.5416666666666666 0.8770833333333333 0.5296296296296297 0.8786458333333333 0.4981481481481482 0.8755208333333333 0.4898148148148148 0.8713541666666667 0.48518518518518516 0.8625 0.4824074074074074 0.8552083333333333 0.4935185185185185 0.8354166666666667 0.5074074074074074 0.8296875 0.5101851851851852 0.8072916666666666 0.5092592592592593 0.7942708333333334 0.4962962962962963 0.7875 0.4824074074074074 0.7822916666666667 0.4777777777777778 0.7817708333333333 0.47314814814814815 0.7770833333333333 0.4648148148148148 0.7744791666666667 0.4546296296296296 0.7744791666666667 0.42685185185185187 0.7776041666666667 0.41388888888888886 0.7807291666666667 0.40925925925925927 0.7828125 0.39444444444444443 0.7885416666666667 0.37777777777777777 0.8109375 0.3351851851851852 0.8140625 0.32407407407407407 0.8192708333333333 0.3148148148148148 0.8223958333333333 0.3138888888888889 0.825 0.3037037037037037 0.8296875 0.29814814814814816 0.8375 0.2740740740740741 0.8427083333333333 0.26851851851851855 0.8442708333333333 0.2564814814814815 0.8515625 0.25092592592592594 0.8515625 0.24444444444444444 0.8578125 0.22592592592592592 0.8755208333333333 0.18888888888888888 0.8807291666666667 0.16666666666666666 0.8869791666666667 0.15462962962962962 0.8880208333333334 0.14537037037037037 0.8927083333333333 0.13425925925925927 0.8984375 0.1111111111111111 0.9161458333333333 0.07777777777777778 0.915625 0.06851851851851852 0.91875 0.06574074074074074 0.921875 0.05555555555555555 0.9208333333333333 0.05277777777777778 0.9244791666666666 0.05092592592592592 0.9286458333333333 0.041666666666666664 0.93125 0.032407407407407406 0.9302083333333333 0.024074074074074074 0.9385416666666667 0.012962962962962963 0.9411458333333333 0.007407407407407408 0.940625 0.002777777777777778 0.9375 0.002777777777777778 0.9364583333333333 0 0.9135416666666667 0 0.9020833333333333 0.009259259259259259 0.8895833333333333 0.027777777777777776 0.8869791666666667 0.02962962962962963 0.8828125 0.025925925925925925 0.8828125 0.03518518518518519 0.8796875 0.040740740740740744 0.8796875 0.04351851851851852 0.8848958333333333 0.04537037037037037 0.8828125 0.05092592592592592 0.8786458333333333 0.05740740740740741 0.8619791666666666 0.06018518518518518 0.8510416666666667 0.06851851851851852 0.84375 0.08333333333333333 0.8427083333333333 0.09166666666666666 0.8364583333333333 0.10092592592592593 0.8317708333333333 0.10092592592592593 0.8208333333333333 0.12314814814814815 0.80625 0.12129629629629629 0.8 0.11296296296296296 0.8 0.10925925925925926 0.79375 0.10740740740740741 0.7875 0.10092592592592593 0.7807291666666667 0.10092592592592593 0.775 0.09166666666666666 0.7630208333333334 0.08703703703703704 0.7630208333333334 0.07777777777777778 0.7661458333333333 0.07314814814814814 0.7640625 0.07592592592592592 0.7609375 0.06666666666666667 0.7598958333333333 0.06851851851851852 0.7578125 0.06481481481481481 0.75625 0.06944444444444445 0.75 0.06944444444444445 0.7520833333333333 0.06388888888888888 0.7515625 0.06018518518518518 0.7473958333333334 0.05185185185185185 0.7510416666666667 0.04814814814814815 0.7453125 0.02962962962962963 0.7453125 0.024074074074074074 0.7458333333333333 0.016666666666666666 0.7536458333333333 0 0.7520833333333333 0.002777777777777778 0.7509260416666667 0 0.7046875 0 0.696875 0.004629629629629629 0.6703125 0 0.6552083333333333 0.006481481481481481 0.6557291666666667 0.01574074074074074 0.6505208333333333 0.018518518518518517 0.6473958333333333 0.005555555555555556 0.6083333333333333 0.007407407407407408 0.60625 0.004629629629629629 0.6010416666666667 0.005555555555555556 0.5885416666666666 0 0.5515625 0 0.5307291666666667 0.005555555555555556 0.5145833333333333 0.005555555555555556 0.509375 0 0.49895833333333334 0.000925925925925926 0.49114583333333334 0.005555555555555556 0.4869791666666667 0.012037037037037037 0.48072916666666665 0.012037037037037037 0.4739583333333333 0.018518518518518517 0.4671875 0.016666666666666666 0.4588541666666667 0 0.43072916666666666 0 0.42552083333333335 0.005555555555555556