4 0.9953125 0.7407407407407407 0.9994791666666667 0.7435185185185185 0.9994791666666667 0.8425925925925926 0.9973958333333334 0.8435185185185186 0.9963541666666667 0.850925925925926 0.9973958333333334 0.8592592592592593 0.9994791666666667 0.8601851851851852 0.9994791666666667 0.9444444444444444 0.9973958333333334 0.9453703703703704 0.9994791666666667 0.9472222222222222 0.9994791666666667 0.987037037037037 0.9973958333333334 0.9879629629629629 0.9958333333333333 0.9944444444444445 0.9895833333333334 0.9990740740740741 0.8453125 0.9990740740740741 0.8427083333333333 0.9944444444444445 0.8416666666666667 0.9731481481481481 0.8453125 0.9657407407407408 0.8505208333333333 0.962037037037037 0.8552083333333333 0.962037037037037 0.865625 0.9722222222222222 0.8822916666666667 0.9787037037037037 0.9197916666666667 0.975925925925926 0.9427083333333334 0.9657407407407408 0.9442708333333333 0.9592592592592593 0.9390625 0.9425925925925925 0.921875 0.9435185185185185 0.890625 0.9351851851851852 0.8697916666666666 0.9333333333333333 0.8552083333333333 0.9287037037037037 0.8494791666666667 0.9212962962962963 0.8520833333333333 0.9138888888888889 0.8734375 0.9092592592592592 0.8807291666666667 0.9009259259259259 0.8854166666666666 0.8925925925925926 0.8885416666666667 0.8796296296296297 0.8989583333333333 0.8537037037037037 0.9041666666666667 0.8333333333333334 0.9109375 0.8203703703703704 0.9380208333333333 0.7981481481481482 0.965625 0.7694444444444445 0.9755208333333333 0.7648148148148148 0.9947916666666666 0.7407407407407407
4 0.6635416666666667 0.9268518518518518 0.6692708333333334 0.9287037037037037 0.68125 0.9444444444444444 0.6927083333333334 0.950925925925926 0.725 0.9944444444444445 0.7260416666666667 0.9990740740740741 0.66875 0.9990740740740741 0.6666666666666666 0.9962962962962963 0.6614583333333334 0.9990740740740741 0.6296875 0.9990740740740741 0.6265625 0.9962962962962963 0.590625 0.9990740740740741 0.5895833333333333 0.9944444444444445 0.5911458333333334 0.9805555555555555 0.58125 0.9731481481481481 0.5770833333333333 0.9638888888888889 0.58125 0.9481481481481482 0.5875 0.937962962962963 0.5927083333333333 0.9342592592592592 0.6203125 0.9277777777777778 0.6630208333333333 0.9268518518518518
4 0.5421875 0 0.6036458333333333 0 0.6078125 0.003703703703703704 0.6276041666666666 0.003703703703703704 0.6411458333333333 0 0.671875 0 0.6901041666666666 0.003703703703703704 0.7109375 0.003703703703703704 0.7203125 0 0.7963541666666667 0 0.8005208333333333 0.003703703703703704 0.8046875 0.013888888888888888 0.8057291666666667 0.03611111111111111 0.8109375 0.06388888888888888 0.8119791666666667 0.08703703703703704 0.8104166666666667 0.10185185185185185 0.8078125 0.10833333333333334 0.8078125 0.12407407407407407 0.7979166666666667 0.1787037037037037 0.7932291666666667 0.19074074074074074 0.7765625 0.19537037037037036 0.7708333333333334 0.20277777777777778 0.7598958333333333 0.20925925925925926 0.7369791666666666 0.20092592592592592 0.7307291666666667 0.22777777777777777 0.7192708333333333 0.24722222222222223 0.7026041666666667 0.2712962962962963 0.6921875 0.28055555555555556 0.6760416666666667 0.3037037037037037 0.66875 0.3101851851851852 0.6197916666666666 0.38796296296296295 0.6114583333333333 0.39814814814814814 0.6010416666666667 0.3990740740740741 0.5973958333333333 0.412962962962963 0.5916666666666667 0.41944444444444445 0.5880208333333333 0.41203703703703703 0.5854166666666667 0.3925925925925926 0.5859375 0.2962962962962963 0.5833333333333334 0.25092592592592594 0.58125 0.2462962962962963 0.5651041666666666 0.23796296296296296 0.5588541666666667 0.23148148148148148 0.5416666666666666 0.19907407407407407 0.5359375 0.18518518518518517 0.528125 0.13518518518518519 0.5296875 0.08333333333333333 0.5333333333333333 0.06666666666666667 0.5395833333333333 0.004629629629629629 0.5421875 0.000925925925925926
4 0.0067708333333333336 0 0.029166666666666667 0 0.035416666666666666 0.002777777777777778 0.04635416666666667 0 0.10572916666666667 0 0.1125 0.003703703703703704 0.14114583333333333 0.003703703703703704 0.14791666666666667 0 0.27291666666666664 0 0.27447916666666666 0.004629629629629629 0.2734375 0.013888888888888888 0.2682291666666667 0.02962962962962963 0.2677083333333333 0.0712962962962963 0.27239583333333334 0.09814814814814815 0.2760416666666667 0.10833333333333334 0.2989583333333333 0.09351851851851851 0.3140625 0.08888888888888889 0.3296875 0.08796296296296297 0.3515625 0.09351851851851851 0.3640625 0.10740740740740741 0.37447916666666664 0.1259259259259259 0.39479166666666665 0.14907407407407408 0.4244791666666667 0.19444444444444445 0.4552083333333333 0.22685185185185186 0.47604166666666664 0.25462962962962965 0.4791666666666667 0.262037037037037 0.48020833333333335 0.28055555555555556 0.48489583333333336 0.29907407407407405 0.4875 0.3277777777777778 0.49166666666666664 0.3472222222222222 0.4942708333333333 0.37592592592592594 0.5010416666666667 0.41759259259259257 0.5 0.4703703703703704 0.5052083333333334 0.47962962962962963 0.503125 0.4842592592592593 0.5041666666666667 0.49444444444444446 0.5026041666666666 0.4981481481481482 0.5041666666666667 0.5018518518518519 0.5010416666666667 0.5092592592592593 0.496875 0.5120370370370371 0.5010416666666667 0.5185185185185185 0.5010416666666667 0.5222222222222223 0.4979166666666667 0.5259259259259259 0.5015625 0.5296296296296297 0.503125 0.5425925925925926 0.496875 0.5537037037037037 0.4979166666666667 0.5574074074074075 0.4947916666666667 0.5694444444444444 0.4901041666666667 0.5740740740740741 0.4869791666666667 0.587037037037037 0.478125 0.5935185185185186 0.47760416666666666 0.5981481481481481 0.475 0.5990740740740741 0.46979166666666666 0.612037037037037 0.4666666666666667 0.6157407407407407 0.4630208333333333 0.612037037037037 0.45989583333333334 0.6296296296296297 0.45260416666666664 0.6305555555555555 0.4484375 0.6361111111111111 0.45208333333333334 0.6407407407407407 0.44895833333333335 0.6407407407407407 0.44375 0.6472222222222223 0.45364583333333336 0.6851851851851852 0.45729166666666665 0.7092592592592593 0.4552083333333333 0.75 0.453125 0.7583333333333333 0.4479166666666667 0.7657407407407407 0.43072916666666666 0.7722222222222223 0.41041666666666665 0.7731481481481481 0.4041666666666667 0.7694444444444445 0.38958333333333334 0.7731481481481481 0.38645833333333335 0.7759259259259259 0.38229166666666664 0.7935185185185185 0.37864583333333335 0.7981481481481482 0.37447916666666664 0.7962962962962963 0.3734375 0.787962962962963 0.3692708333333333 0.7787037037037037 0.36666666666666664 0.7861111111111111 0.3703125 0.7925925925925926 0.3697916666666667 0.799074074074074 0.35989583333333336 0.8009259259259259 0.35572916666666665 0.7981481481481482 0.35260416666666666 0.8027777777777778 0.3536458333333333 0.812962962962963 0.3463541666666667 0.8157407407407408 0.3458333333333333 0.8222222222222222 0.3484375 0.8240740740740741 0.3421875 0.8287037037037037 0.33125 0.8296296296296296 0.3104166666666667 0.8212962962962963 0.31197916666666664 0.8175925925925925 0.3026041666666667 0.8064814814814815 0.3145833333333333 0.8083333333333333 0.31875 0.8037037037037037 0.30833333333333335 0.8 0.296875 0.8009259259259259 0.296875 0.7972222222222223 0.30104166666666665 0.7962962962962963 0.3015625 0.7888888888888889 0.2994791666666667 0.7833333333333333 0.3020833333333333 0.7805555555555556 0.2994791666666667 0.774074074074074 0.296875 0.7731481481481481 0.296875 0.7685185185185185 0.3 0.7518518518518519 0.3 0.7305555555555555 0.3104166666666667 0.6962962962962963 0.31145833333333334 0.6851851851851852 0.3171875 0.6814814814814815 0.31666666666666665 0.675 0.3145833333333333 0.6722222222222223 0.3145833333333333 0.6546296296296297 0.31197916666666664 0.6398148148148148 0.3177083333333333 0.6148148148148148 0.31197916666666664 0.600925925925926 0.303125 0.5935185185185186 0.29322916666666665 0.5888888888888889 0.2708333333333333 0.5916666666666667 0.26197916666666665 0.5944444444444444 0.2546875 0.6027777777777777 0.24583333333333332 0.6074074074074074 0.2421875 0.6194444444444445 0.23020833333333332 0.6342592592592593 0.22552083333333334 0.6472222222222223 0.21354166666666666 0.6648148148148149 0.21041666666666667 0.6777777777777778 0.209375 0.6990740740740741 0.20364583333333333 0.7314814814814815 0.2 0.7675925925925926 0.19739583333333333 0.775 0.19739583333333333 0.8138888888888889 0.19375 0.825 0.1890625 0.8314814814814815 0.18125 0.8351851851851851 0.16770833333333332 0.8361111111111111 0.159375 0.8305555555555556 0.14166666666666666 0.7981481481481482 0.096875 0.6990740740740741 0.08072916666666667 0.6416666666666667 0.07447916666666667 0.6092592592592593 0.07083333333333333 0.5768518518518518 0.07135416666666666 0.5231481481481481 0.075 0.48518518518518516 0.09166666666666666 0.40925925925925927 0.09583333333333334 0.38333333333333336 0.0984375 0.34629629629629627 0.10572916666666667 0.3296296296296296 0.109375 0.3138888888888889 0.11041666666666666 0.2861111111111111 0.0953125 0.24814814814814815 0.084375 0.25 0.07708333333333334 0.24537037037037038 0.0421875 0.2101851851851852 0.030208333333333334 0.18888888888888888 0.027604166666666666 0.17962962962962964 0.027604166666666666 0.16666666666666666 0.030729166666666665 0.15462962962962962 0.03697916666666667 0.14351851851851852 0.03697916666666667 0.1361111111111111 0.030729166666666665 0.1175925925925926 0.026041666666666668 0.09166666666666666 0.015104166666666667 0.06388888888888888 0.0078125 0.037037037037037035 0.005208333333333333 0.005555555555555556 0.0067708333333333336 0.000925925925925926
4 0.2760416666666667 0.5981481481481481 0.278125 0.6018518518518519 0.27760416666666665 0.6138888888888889 0.2713541666666667 0.6472222222222223 0.26875 0.6527777777777778 0.2671875 0.6648148148148149 0.2677083333333333 0.6851851851851852 0.26510416666666664 0.6916666666666667 0.26458333333333334 0.7055555555555556 0.26927083333333335 0.7018518518518518 0.27291666666666664 0.6916666666666667 0.27395833333333336 0.6814814814814815 0.28020833333333334 0.6666666666666666 0.29270833333333335 0.6462962962962963 0.3072916666666667 0.6462962962962963 0.3098958333333333 0.6555555555555556 0.309375 0.675 0.29583333333333334 0.7314814814814815 0.2916666666666667 0.7731481481481481 0.2828125 0.8222222222222222 0.2947916666666667 0.8342592592592593 0.31302083333333336 0.8444444444444444 0.3234375 0.8564814814814815 0.353125 0.8814814814814815 0.3692708333333333 0.8907407407407407 0.3734375 0.899074074074074 0.3802083333333333 0.9259259259259259 0.39010416666666664 0.9231481481481482 0.39739583333333334 0.9314814814814815 0.3984375 0.9444444444444444 0.39479166666666665 0.962037037037037 0.3734375 0.9953703703703703 0.36770833333333336 0.9990740740740741 0.32135416666666666 0.9990740740740741 0.31197916666666664 0.9944444444444445 0.30833333333333335 0.975 0.296875 0.9574074074074074 0.2984375 0.9425925925925925 0.2942708333333333 0.924074074074074 0.2859375 0.9138888888888889 0.26979166666666665 0.9037037037037037 0.2625 0.8916666666666667 0.2552083333333333 0.8953703703703704 0.25104166666666666 0.9074074074074074 0.25104166666666666 0.9416666666666667 0.25833333333333336 0.9351851851851852 0.2604166666666667 0.9462962962962963 0.25833333333333336 0.9490740740740741 0.253125 0.9472222222222222 0.25104166666666666 0.950925925925926 0.25052083333333336 0.9740740740740741 0.25364583333333335 0.9796296296296296 0.265625 0.9787037037037037 0.2760416666666667 0.9833333333333333 0.27708333333333335 0.987037037037037 0.2734375 0.9907407407407407 0.2734375 0.9944444444444445 0.2520833333333333 0.9972222222222222 0.24479166666666666 0.9953703703703703 0.234375 0.9990740740740741 0.17552083333333332 0.9990740740740741 0.16875 0.9953703703703703 0.14010416666666667 0.9953703703703703 0.12604166666666666 0.9990740740740741 0.11197916666666667 0.9944444444444445 0.10729166666666666 0.9564814814814815 0.10833333333333334 0.937962962962963 0.10989583333333333 0.9351851851851852 0.12083333333333333 0.9296296296296296 0.12239583333333333 0.9361111111111111 0.11770833333333333 0.9453703703703704 0.1234375 0.950925925925926 0.14479166666666668 0.9472222222222222 0.14739583333333334 0.9351851851851852 0.14427083333333332 0.9314814814814815 0.13541666666666666 0.9342592592592592 0.125 0.9314814814814815 0.13854166666666667 0.9277777777777778 0.14010416666666667 0.9222222222222223 0.14375 0.924074074074074 0.15104166666666666 0.9203703703703704 0.15104166666666666 0.9287037037037037 0.1484375 0.9351851851851852 0.1609375 0.9388888888888889 0.16354166666666667 0.9324074074074075 0.1609375 0.9212962962962963 0.16510416666666666 0.9222222222222223 0.16822916666666668 0.9138888888888889 0.16822916666666668 0.9074074074074074 0.16354166666666667 0.9009259259259259 0.1671875 0.8962962962962963 0.17552083333333332 0.8953703703703704 0.17708333333333334 0.8972222222222223 0.17604166666666668 0.9037037037037037 0.178125 0.9074074074074074 0.17916666666666667 0.8944444444444445 0.18229166666666666 0.8907407407407407 0.1828125 0.8851851851851852 0.17864583333333334 0.8787037037037037 0.175 0.8796296296296297 0.17135416666666667 0.8759259259259259 0.1609375 0.8824074074074074 0.16041666666666668 0.8870370370370371 0.1546875 0.8944444444444445 0.14739583333333334 0.8981481481481481 0.1375 0.8925925925925926 0.13125 0.8953703703703704 0.12864583333333332 0.9 0.13177083333333334 0.9111111111111111 0.1265625 0.9203703703703704 0.11822916666666666 0.9268518518518518 0.10572916666666667 0.9268518518518518 0.10416666666666667 0.9185185185185185 0.10520833333333333 0.9055555555555556 0.1125 0.8981481481481481 0.1234375 0.8962962962962963 0.15416666666666667 0.8731481481481481 0.175 0.8712962962962963 0.17552083333333332 0.8657407407407407 0.1859375 0.8537037037037037 0.19947916666666668 0.8157407407407408 0.20052083333333334 0.7851851851851852 0.21510416666666668 0.6712962962962963 0.2546875 0.6092592592592593 0.26197916666666665 0.6018518518518519 0.2755208333333333 0.5981481481481481
3 0.3140625 0.8481481481481481 0.3541666666666667 0.8833333333333333 0.37083333333333335 0.8925925925925926 0.37447916666666664 0.9018518518518519 0.3770833333333333 0.9212962962962963 0.3796875 0.9277777777777778 0.38385416666666666 0.9287037037037037 0.390625 0.924074074074074 0.396875 0.9287037037037037 0.39895833333333336 0.9462962962962963 0.39739583333333334 0.9555555555555556 0.39166666666666666 0.9694444444444444 0.38229166666666664 0.9824074074074074 0.3765625 0.9953703703703703 0.3723958333333333 0.9990740740740741 0.3229166666666667 0.9990740740740741 0.31614583333333335 0.9888888888888889 0.30416666666666664 0.9666666666666667 0.29791666666666666 0.9305555555555556 0.29270833333333335 0.9157407407407407 0.2989583333333333 0.8972222222222223 0.303125 0.8740740740740741 0.3098958333333333 0.8537037037037037 0.31354166666666666 0.8490740740740741
3 0.6432291666666666 0.9259259259259259 0.6677083333333333 0.9287037037037037 0.6958333333333333 0.9555555555555556 0.7072916666666667 0.9740740740740741 0.6989583333333333 0.9907407407407407 0.703125 0.9944444444444445 0.7 0.9944444444444445 0.6979166666666666 0.9990740740740741 0.6703125 0.9990740740740741 0.6682291666666667 0.9953703703703703 0.6588541666666666 0.9990740740740741 0.6244791666666667 0.9990740740740741 0.6166666666666667 0.9962962962962963 0.6114583333333333 0.9990740740740741 0.5963541666666666 0.9990740740740741 0.5916666666666667 0.9962962962962963 0.590625 0.9935185185185185 0.5927083333333333 0.9777777777777777 0.5817708333333333 0.9740740740740741 0.5776041666666667 0.9657407407407408 0.578125 0.9564814814814815 0.5859375 0.9407407407407408 0.5916666666666667 0.9351851851851852 0.6223958333333334 0.9287037037037037 0.6286458333333333 0.937037037037037 0.6328125 0.9546296296296296 0.6328125 0.9638888888888889 0.6369791666666667 0.975925925925926 0.6380208333333334 0.9666666666666667 0.6375 0.9592592592592593 0.6348958333333333 0.9564814814814815 0.6348958333333333 0.9453703703703704 0.628125 0.9287037037037037 0.6364583333333333 0.925 0.6427083333333333 0.9259259259259259
3 0.4276041666666667 0.5231481481481481 0.4354166666666667 0.5305555555555556 0.44114583333333335 0.5425925925925926 0.44947916666666665 0.5527777777777778 0.45416666666666666 0.5703703703703704 0.45416666666666666 0.5879629629629629 0.446875 0.6092592592592593 0.44114583333333335 0.6370370370370371 0.4432291666666667 0.6509259259259259 0.4578125 0.6990740740740741 0.45677083333333335 0.7490740740740741 0.45260416666666664 0.7638888888888888 0.44479166666666664 0.7712962962962963 0.4296875 0.775 0.4109375 0.775 0.403125 0.7703703703703704 0.39010416666666664 0.774074074074074 0.38385416666666666 0.7981481481481482 0.3807291666666667 0.8018518518518518 0.37552083333333336 0.8 0.3729166666666667 0.7925925925925926 0.36354166666666665 0.7407407407407407 0.3619791666666667 0.7101851851851851 0.365625 0.7074074074074074 0.3734375 0.7092592592592593 0.38333333333333336 0.7185185185185186 0.3875 0.712037037037037 0.3875 0.7064814814814815 0.38177083333333334 0.6981481481481482 0.3651041666666667 0.6851851851851852 0.3640625 0.6796296296296296 0.38177083333333334 0.625 0.38333333333333336 0.5953703703703703 0.4005208333333333 0.5435185185185185 0.41458333333333336 0.5222222222222223 0.4270833333333333 0.5231481481481481
3 0.2765625 0.5990740740740741 0.278125 0.6018518518518519 0.27708333333333335 0.6231481481481481 0.26927083333333335 0.6583333333333333 0.26614583333333336 0.6648148148148149 0.2640625 0.6907407407407408 0.26145833333333335 0.7018518518518518 0.2630208333333333 0.7166666666666667 0.26510416666666664 0.7203703703703703 0.2677083333333333 0.7166666666666667 0.27708333333333335 0.6787037037037037 0.28802083333333334 0.6537037037037037 0.2953125 0.6462962962962963 0.3020833333333333 0.6462962962962963 0.3067708333333333 0.6481481481481481 0.309375 0.6555555555555556 0.30885416666666665 0.674074074074074 0.2953125 0.7342592592592593 0.2942708333333333 0.7509259259259259 0.2864583333333333 0.799074074074074 0.27708333333333335 0.8296296296296296 0.2677083333333333 0.8453703703703703 0.2671875 0.850925925925926 0.2609375 0.8638888888888889 0.2515625 0.8962962962962963 0.24791666666666667 0.9222222222222223 0.24791666666666667 0.9592592592592593 0.2359375 0.9574074074074074 0.23489583333333333 0.962037037037037 0.24010416666666667 0.9666666666666667 0.234375 0.975 0.23020833333333332 0.9740740740740741 0.22864583333333333 0.9685185185185186 0.22083333333333333 0.9611111111111111 0.21458333333333332 0.9611111111111111 0.21302083333333333 0.9629629629629629 0.2140625 0.9731481481481481 0.20885416666666667 0.9833333333333333 0.21197916666666666 0.9879629629629629 0.20729166666666668 0.9944444444444445 0.20104166666666667 0.9953703703703703 0.1890625 0.9907407407407407 0.178125 0.9731481481481481 0.17604166666666668 0.9592592592592593 0.178125 0.9472222222222222 0.178125 0.9203703703703704 0.184375 0.8925925925925926 0.18645833333333334 0.8527777777777777 0.20052083333333334 0.8138888888888889 0.203125 0.7648148148148148 0.21354166666666666 0.6777777777777778 0.21770833333333334 0.6666666666666666 0.2552083333333333 0.6092592592592593 0.2635416666666667 0.6018518518518519 0.2760416666666667 0.5990740740740741
3 0.27760416666666665 0.5990740740740741 0.27708333333333335 0.6240740740740741 0.26927083333333335 0.6518518518518519 0.26145833333333335 0.7018518518518518 0.2630208333333333 0.7157407407407408 0.26510416666666664 0.7194444444444444 0.2677083333333333 0.7166666666666667 0.28072916666666664 0.6675925925925926 0.29375 0.6462962962962963 0.30052083333333335 0.6444444444444445 0.3072916666666667 0.6472222222222223 0.3098958333333333 0.6555555555555556 0.3098958333333333 0.6666666666666666 0.296875 0.725925925925926 0.2859375 0.8018518518518518 0.28020833333333334 0.8212962962962963 0.2734375 0.837037037037037 0.26875 0.8425925925925926 0.26458333333333334 0.8425925925925926 0.2484375 0.8305555555555556 0.23854166666666668 0.8157407407407408 0.22708333333333333 0.8046296296296296 0.21510416666666668 0.8037037037037037 0.2015625 0.8138888888888889 0.20052083333333334 0.8009259259259259 0.20729166666666668 0.7240740740740741 0.21302083333333333 0.6796296296296296 0.21666666666666667 0.6675925925925926 0.2578125 0.6055555555555555 0.26875 0.5990740740740741 0.27708333333333335 0.5990740740740741
3 0.6921875 0.11296296296296296 0.7052083333333333 0.11851851851851852 0.728125 0.14444444444444443 0.7333333333333333 0.1648148148148148 0.7348958333333333 0.1814814814814815 0.73125 0.18981481481481483 0.7234375 0.1925925925925926 0.7104166666666667 0.2175925925925926 0.6817708333333333 0.24537037037037038 0.6713541666666667 0.24537037037037038 0.6677083333333333 0.23981481481481481 0.6598958333333333 0.2351851851851852 0.6557291666666667 0.22870370370370371 0.6552083333333333 0.21944444444444444 0.6578125 0.2074074074074074 0.6619791666666667 0.19907407407407407 0.6630208333333333 0.18796296296296297 0.6682291666666667 0.18425925925925926 0.6890625 0.18055555555555555 0.6973958333333333 0.1685185185185185 0.6989583333333333 0.15 0.696875 0.14351851851851852 0.6895833333333333 0.13425925925925927 0.6786458333333333 0.12777777777777777 0.6760416666666667 0.12129629629629629 0.6760416666666667 0.11574074074074074 0.6786458333333333 0.11296296296296296 0.6916666666666667 0.11296296296296296
3 0.6177083333333333 0.18888888888888888 0.640625 0.2101851851851852 0.6578125 0.23333333333333334 0.6671875 0.24074074074074073 0.6682291666666667 0.25277777777777777 0.6739583333333333 0.26481481481481484 0.6739583333333333 0.2759259259259259 0.6651041666666667 0.29074074074074074 0.6552083333333333 0.2972222222222222 0.65 0.2972222222222222 0.6302083333333334 0.2824074074074074 0.6239583333333333 0.2712962962962963 0.6151041666666667 0.24537037037037038 0.5989583333333334 0.22685185185185186 0.6010416666666667 0.2064814814814815 0.6098958333333333 0.19166666666666668 0.6140625 0.18796296296296297 0.6171875 0.18888888888888888
1 0.0296875 0 0.0453125 0 0.04791666666666667 0.03796296296296296 0.04739583333333333 0.04259259259259259 0.042708333333333334 0.04259259259259259 0.03177083333333333 0.027777777777777776 0.028125 0.012962962962962963 0.0296875 0.000925925925925926
1 0.9192708333333334 0 0.98125 0 0.9765625 0.012037037037037037 0.9713541666666666 0.040740740740740744 0.9682291666666667 0.04537037037037037 0.9604166666666667 0.04537037037037037 0.9395833333333333 0.020370370370370372 0.9333333333333333 0.019444444444444445 0.9317708333333333 0.022222222222222223 0.9296875 0.013888888888888888 0.925 0.017592592592592594 0.9244791666666666 0.012037037037037037 0.9177083333333333 0.004629629629629629 0.9192708333333334 0.000925925925925926
1 0.7338541666666667 0.7805555555555556 0.7375 0.8157407407407408 0.7338541666666667 0.8731481481481481 0.7239583333333334 0.9231481481481482 0.7109375 0.9629629629629629 0.7067708333333333 0.9666666666666667 0.703125 0.9648148148148148 0.6979166666666666 0.9564814814814815 0.6973958333333333 0.9490740740740741 0.7078125 0.9296296296296296 0.7119791666666667 0.9148148148148149 0.7234375 0.8537037037037037 0.7260416666666667 0.7898148148148149 0.728125 0.7833333333333333 0.7333333333333333 0.7814814814814814
1 0.8109375 0.3925925925925926 0.8114583333333333 0.40925925925925927 0.8088541666666667 0.42314814814814816 0.8036458333333333 0.4305555555555556 0.7932291666666667 0.43703703703703706 0.7880208333333333 0.4351851851851852 0.7885416666666667 0.42407407407407405 0.7854166666666667 0.4148148148148148 0.790625 0.4111111111111111 0.7921875 0.4 0.7963541666666667 0.39444444444444443 0.8104166666666667 0.3925925925925926
1 0.49114583333333334 0.8898148148148148 0.49166666666666664 0.899074074074074 0.4875 0.9101851851851852 0.484375 0.9101851851851852 0.4828125 0.9018518518518519 0.4869791666666667 0.8907407407407407 0.490625 0.8898148148148148
1 0.7302083333333333 0.37962962962962965 0.7380208333333333 0.38333333333333336 0.7421875 0.3907407407407407 0.7416666666666667 0.40185185185185185 0.7359375 0.40925925925925927 0.7270833333333333 0.4064814814814815 0.7234375 0.39814814814814814 0.7234375 0.3851851851851852 0.7265625 0.38055555555555554 0.7296875 0.38055555555555554
1 0.7692708333333333 0.6324074074074074 0.7729166666666667 0.6435185185185185 0.7723958333333333 0.649074074074074 0.7692708333333333 0.6537037037037037 0.7635416666666667 0.6518518518518519 0.7604166666666666 0.6425925925925926 0.7619791666666667 0.6314814814814815 0.76875 0.6324074074074074
1 0.8036458333333333 0.31296296296296294 0.8036458333333333 0.3194444444444444 0.8 0.33055555555555555 0.7953125 0.3296296296296296 0.7859375 0.32037037037037036 0.7916666666666666 0.3101851851851852 0.803125 0.31296296296296294
1 0.48385416666666664 0.7277777777777777 0.5098958333333333 0.7444444444444445 0.515625 0.7601851851851852 0.5171875 0.775 0.5140625 0.7953703703703704 0.5052083333333334 0.8018518518518518 0.4942708333333333 0.8027777777777778 0.49114583333333334 0.812962962962963 0.4875 0.8111111111111111 0.484375 0.8037037037037037 0.4734375 0.7953703703703704 0.4630208333333333 0.7601851851851852 0.4635416666666667 0.7472222222222222 0.46770833333333334 0.7333333333333333 0.4739583333333333 0.7277777777777777 0.48333333333333334 0.7277777777777777
1 0.8026041666666667 0.31203703703703706 0.8041666666666667 0.3138888888888889 0.8020833333333334 0.32592592592592595 0.8036458333333333 0.3416666666666667 0.8 0.34629629629629627 0.7947916666666667 0.34629629629629627 0.7942708333333334 0.3398148148148148 0.7901041666666667 0.33796296296296297 0.7880208333333333 0.3416666666666667 0.7885416666666667 0.34814814814814815 0.7828125 0.3537037037037037 0.7802083333333333 0.3509259259259259 0.7796875 0.3416666666666667 0.7802083333333333 0.325 0.7817708333333333 0.3212962962962963 0.7901041666666667 0.3111111111111111 0.8020833333333334 0.31203703703703706
1 0.48489583333333336 0.7277777777777777 0.5083333333333333 0.7416666666666667 0.5395833333333333 0.7388888888888889 0.5411458333333333 0.7509259259259259 0.5463541666666667 0.7638888888888888 0.5567708333333333 0.7685185185185185 0.5739583333333333 0.7851851851851852 0.5791666666666667 0.799074074074074 0.5911458333333334 0.8203703703703704 0.5885416666666666 0.8333333333333334 0.5848958333333333 0.8407407407407408 0.58125 0.8416666666666667 0.5802083333333333 0.8342592592592593 0.5697916666666667 0.8203703703703704 0.5708333333333333 0.8101851851851852 0.5671875 0.8037037037037037 0.5536458333333333 0.7935185185185185 0.5520833333333334 0.8027777777777778 0.5651041666666666 0.8212962962962963 0.5677083333333334 0.8314814814814815 0.5713541666666667 0.8629629629629629 0.5666666666666667 0.8694444444444445 0.5364583333333334 0.8824074074074074 0.5151041666666667 0.8731481481481481 0.4979166666666667 0.8555555555555555 0.49114583333333334 0.8444444444444444 0.48489583333333336 0.8277777777777777 0.48385416666666664 0.8194444444444444 0.4859375 0.8138888888888889 0.4703125 0.787962962962963 0.4635416666666667 0.7648148148148148 0.46458333333333335 0.7435185185185185 0.4708333333333333 0.7305555555555555 0.47604166666666664 0.7268518518518519 0.484375 0.7277777777777777
1 0.7838541666666666 0.32685185185185184 0.7932291666666667 0.33425925925925926 0.7885416666666667 0.3388888888888889 0.7875 0.3490740740740741 0.7833333333333333 0.3537037037037037 0.7802083333333333 0.35185185185185186 0.7807291666666667 0.3333333333333333 0.7833333333333333 0.32685185185185184
1 0.4859375 0.7287037037037037 0.5125 0.7425925925925926 0.5395833333333333 0.7398148148148148 0.5416666666666666 0.7527777777777778 0.546875 0.7648148148148148 0.5557291666666667 0.7685185185185185 0.5739583333333333 0.7851851851851852 0.5911458333333334 0.8203703703703704 0.5854166666666667 0.8398148148148148 0.5807291666666666 0.8416666666666667 0.5703125 0.8203703703703704 0.5708333333333333 0.8101851851851852 0.5671875 0.8037037037037037 0.5536458333333333 0.7944444444444444 0.5520833333333334 0.7972222222222223 0.5526041666666667 0.8037037037037037 0.5651041666666666 0.8212962962962963 0.571875 0.862037037037037 0.5666666666666667 0.8694444444444445 0.5364583333333334 0.8824074074074074 0.5145833333333333 0.8731481481481481 0.4979166666666667 0.8555555555555555 0.490625 0.8435185185185186 0.48489583333333336 0.8277777777777777 0.48385416666666664 0.8203703703703704 0.4859375 0.8138888888888889 0.4703125 0.787962962962963 0.4640625 0.7657407407407407 0.4635416666666667 0.7546296296296297 0.4661458333333333 0.7388888888888889 0.4739583333333333 0.7287037037037037 0.48541666666666666 0.7287037037037037
1 0.6651041666666667 0.3962962962962963 0.6713541666666667 0.4074074074074074 0.678125 0.43425925925925923 0.678125 0.4425925925925926 0.675 0.44907407407407407 0.6661458333333333 0.4462962962962963 0.6447916666666667 0.41759259259259257 0.6453125 0.4111111111111111 0.6505208333333333 0.4027777777777778 0.6578125 0.3972222222222222 0.6645833333333333 0.3962962962962963
1 0.7208333333333333 0.4046296296296296 0.7244791666666667 0.4111111111111111 0.7244791666666667 0.42314814814814816 0.7213541666666666 0.43333333333333335 0.7177083333333333 0.43703703703703706 0.7135416666666666 0.4361111111111111 0.7109375 0.43148148148148147 0.7088541666666667 0.4101851851851852 0.7119791666666667 0.40370370370370373 0.7203125 0.4046296296296296
1 0.5182291666666666 0.9638888888888889 0.534375 0.9712962962962963 0.5364583333333334 0.9787037037037037 0.5354166666666667 0.9990740740740741 0.5098958333333333 0.9990740740740741 0.5057291666666667 0.9768518518518519 0.5052083333333334 0.9629629629629629 0.5083333333333333 0.9601851851851851 0.5177083333333333 0.9638888888888889
1 0.8109375 0.39351851851851855 0.8104166666666667 0.40925925925925927 0.8072916666666666 0.41944444444444445 0.796875 0.42685185185185187 0.7953125 0.4185185185185185 0.7916666666666666 0.4148148148148148 0.7932291666666667 0.4 0.7989583333333333 0.39351851851851855 0.8104166666666667 0.39351851851851855
2 0.775 0.3351851851851852 0.775 0.3712962962962963 0.7723958333333333 0.3907407407407407 0.7776041666666667 0.4101851851851852 0.7729166666666667 0.42407407407407405 0.7760416666666666 0.4462962962962963 0.7776041666666667 0.4527777777777778 0.7854166666666667 0.4564814814814815 0.8036458333333333 0.4583333333333333 0.8192708333333333 0.4305555555555556 0.83125 0.4203703703703704 0.8359375 0.4111111111111111 0.8359375 0.3925925925925926 0.83125 0.37407407407407406 0.8369791666666667 0.34444444444444444 0.8364583333333333 0.33425925925925926 0.8234375 0.30648148148148147 0.8026041666666667 0.29259259259259257 0.796875 0.2962962962962963 0.7796875 0.32222222222222224
4 0.37395833333333334 0.8462962962962963 0.3734375 0.8592592592592593 0.37552083333333336 0.8675925925925926 0.38385416666666666 0.8787037037037037 0.4109375 0.8916666666666667 0.42552083333333335 0.8916666666666667 0.44375 0.9009259259259259 0.44947916666666665 0.8935185185185185 0.4515625 0.8833333333333333 0.446875 0.8731481481481481 0.44375 0.8555555555555555 0.4401041666666667 0.8157407407407408 0.440625 0.8018518518518518 0.44427083333333334 0.7777777777777778 0.4552083333333333 0.7759259259259259 0.4578125 0.7712962962962963 0.45260416666666664 0.7685185185185185 0.440625 0.775 0.425 0.7777777777777778 0.39895833333333336 0.775 0.39010416666666664 0.7787037037037037