4 0.2755208333333333 0.9851851851851852 0.275 0.987037037037037 0.2755208333333333 0.9851851851851852
4 0.28072916666666664 0.9824074074074074 0.278125 0.9842592592592593 0.2838541666666667 0.9935185185185185 0.29322916666666665 0.9935185185185185 0.3046875 0.987037037037037 0.3026041666666667 0.9805555555555555 0.28072916666666664 0.9824074074074074
4 0.5143229166666666 0.9703703703703703 0.0015625 0.001851851851851852
4 0.3333333333333333 0.9009259259259259 0.3338541666666667 0.9074074074074074 0.33645833333333336 0.9074074074074074 0.33541666666666664 0.9009259259259259 0.3333333333333333 0.9009259259259259
4 0.32864583333333336 0.899074074074074 0.3265625 0.9009259259259259 0.32760416666666664 0.9027777777777778 0.32864583333333336 0.899074074074074
4 0.3078125 0.9009259259259259 0.3072916666666667 0.9046296296296297 0.3203125 0.9055555555555556 0.3223958333333333 0.9027777777777778 0.321875 0.899074074074074 0.32447916666666665 0.8962962962962963 0.3223958333333333 0.8981481481481481 0.3223958333333333 0.8898148148148148 0.31979166666666664 0.8888888888888888 0.31666666666666665 0.8935185185185185 0.31302083333333336 0.8935185185185185 0.3104166666666667 0.9009259259259259 0.3078125 0.9009259259259259
4 0.3265625 0.8898148148148148 0.3265625 0.8935185185185185 0.3333333333333333 0.8935185185185185 0.33125 0.9175925925925926 0.325 0.9194444444444444 0.3234375 0.9231481481481482 0.32447916666666665 0.9444444444444444 0.3296875 0.9481481481481482 0.3302083333333333 0.9527777777777777 0.3546875 0.9527777777777777 0.35625 0.9638888888888889 0.340625 0.962037037037037 0.3375 0.9648148148148148 0.33541666666666664 0.962037037037037 0.3255208333333333 0.962037037037037 0.32708333333333334 0.9731481481481481 0.33489583333333334 0.9712962962962963 0.3380208333333333 0.9731481481481481 0.3390625 0.9777777777777777 0.3375 0.9805555555555555 0.31302083333333336 0.9824074074074074 0.3125 0.987037037037037 0.3171875 0.9851851851851852 0.32083333333333336 0.9898148148148148 0.3229166666666667 0.9842592592592593 0.32447916666666665 0.9851851851851852 0.32447916666666665 0.9916666666666667 0.3265625 0.9935185185185185 0.3723958333333333 0.9935185185185185 0.3875 0.9898148148148148 0.4270833333333333 0.9935185185185185 0.4276041666666667 0.9888888888888889 0.43125 0.9916666666666667 0.4354166666666667 0.9888888888888889 0.45260416666666664 0.9916666666666667 0.45625 0.987037037037037 0.4786458333333333 0.9935185185185185 0.4828125 0.9898148148148148 0.49375 0.9916666666666667 0.49583333333333335 0.9888888888888889 0.5005208333333333 0.9888888888888889 0.5067708333333333 0.9935185185185185 0.5317708333333333 0.9935185185185185 0.5375 0.9888888888888889 0.5364583333333334 0.9824074074074074 0.5296875 0.9824074074074074 0.5166666666666667 0.975 0.5072916666666667 0.975 0.5020833333333333 0.9712962962962963 0.5010416666666667 0.9611111111111111 0.4953125 0.9555555555555556 0.48333333333333334 0.9546296296296296 0.48072916666666665 0.9481481481481482 0.4734375 0.9462962962962963 0.4671875 0.9398148148148148 0.44479166666666664 0.9324074074074075 0.4390625 0.9277777777777778 0.43125 0.9138888888888889 0.421875 0.9101851851851852 0.4109375 0.9120370370370371 0.4109375 0.9055555555555556 0.4015625 0.9046296296296297 0.39791666666666664 0.8981481481481481 0.38229166666666664 0.8981481481481481 0.37916666666666665 0.8953703703703704 0.37916666666666665 0.8898148148148148 0.3776041666666667 0.8916666666666667 0.37083333333333335 0.8870370370370371 0.3566963541666667 0.8870370370370371 0.3541666666666667 0.8916666666666667 0.3538692708333333 0.8870370370370371 0.351171875 0.8916666666666667 0.35 0.8888888888888888 0.35104166666666664 0.8870370370370371 0.34817708333333336 0.8916666666666667 0.3463541666666667 0.8870370370370371 0.3411458333333333 0.8842592592592593 0.33177083333333335 0.8851851851851852 0.3265625 0.8898148148148148
4 0.8057291666666667 0.7601851851851852 0.8057291666666667 0.7722222222222223 0.8036458333333333 0.7814814814814814 0.8052083333333333 0.799074074074074 0.8192708333333333 0.8287037037037037 0.8291666666666667 0.8444444444444444 0.8276041666666667 0.8675925925925926 0.8255208333333334 0.8759259259259259 0.825 0.8972222222222223 0.8364583333333333 0.95 0.8291666666666667 0.975 0.8234375 0.987037037037037 0.8244791666666667 0.9935185185185185 0.9947916666666666 0.9944444444444445 0.9994791666666667 0.9888888888888889 0.9994791666666667 0.9777777777777777 0.9973958333333334 0.975 0.9973958333333334 0.9638888888888889 0.9994791666666667 0.962037037037037 0.9973958333333334 0.9592592592592593 0.9973958333333334 0.9268518518518518 0.9994791666666667 0.9231481481481482 0.9994791666666667 0.9194444444444444 0.9973958333333334 0.9175925925925926 0.9973958333333334 0.8981481481481481 0.9994791666666667 0.8962962962962963 0.9994791666666667 0.8870370370370371 0.9973958333333334 0.8842592592592593 0.9973958333333334 0.812037037037037 0.9994791666666667 0.8101851851851852 0.9994791666666667 0.8046296296296296 0.9973958333333334 0.8018518518518518 0.9973958333333334 0.7953703703703704 0.9994791666666667 0.7935185185185185 0.9979166666666667 0.7907407407407407 0.9994791666666667 0.7870370370370371 0.9994791666666667 0.7712962962962963 0.9973958333333334 0.7675925925925926 0.9973958333333334 0.7564814814814815 0.9994791666666667 0.75 0.9973958333333334 0.7462962962962963 0.9994791666666667 0.7444444444444445 0.9994791666666667 0.7342592592592593 0.9973958333333334 0.7324074074074074 0.9973958333333334 0.7138888888888889 0.9932291666666667 0.700925925925926 0.9833333333333333 0.6981481481481482 0.9739583333333334 0.6916666666666667 0.9505208333333334 0.6888888888888889 0.9333333333333333 0.6777777777777778 0.8901041666666667 0.6620370370370371 0.8822916666666667 0.6527777777777778 0.8651041666666667 0.6527777777777778 0.8578125 0.6574074074074074 0.8557291666666667 0.6620370370370371 0.8442708333333333 0.6638888888888889 0.8416666666666667 0.6777777777777778 0.8229166666666666 0.7 0.8088541666666667 0.7398148148148148 0.8057291666666667 0.7601851851851852
4 0.41822916666666665 0.4305555555555556 0.41770833333333335 0.43425925925925923 0.41822916666666665 0.4305555555555556
4 0.14765625 0.4083333333333333 0.0005208333333333333 0.001851851851851852
4 0.12552083333333333 0.3490740740740741 0.12708333333333333 0.35462962962962963 0.125 0.35509259259259257 0.125 0.36666666666666664 0.13020833333333334 0.3685185185185185 0.13072916666666667 0.37592592592592594 0.1328125 0.37962962962962965 0.1296875 0.38981481481481484 0.13125 0.4 0.13020833333333334 0.4027777777777778 0.1328125 0.4046296296296296 0.13645833333333332 0.3972222222222222 0.1453125 0.39814814814814814 0.14739583333333334 0.4009259259259259 0.153125 0.39814814814814814 0.15520833333333334 0.4009259259259259 0.15520833333333334 0.4046296296296296 0.15208333333333332 0.4074074074074074 0.15208333333333332 0.4101851851851852 0.15572916666666667 0.4185185185185185 0.146875 0.42777777777777776 0.14791666666666667 0.42962962962962964 0.14583333333333334 0.4324074074074074 0.13333333333333333 0.43425925925925923 0.13072916666666667 0.44166666666666665 0.13229166666666667 0.4527777777777778 0.13072916666666667 0.45555555555555555 0.13229166666666667 0.4666666666666667 0.13125 0.4787037037037037 0.13697916666666668 0.48055555555555557 0.13958333333333334 0.4898148148148148 0.14166666666666666 0.48703703703703705 0.15 0.4898148148148148 0.14947916666666666 0.49444444444444446 0.14322916666666666 0.4962962962962963 0.14322916666666666 0.5009259259259259 0.14114583333333333 0.5046296296296297 0.14375 0.5074074074074074 0.16822916666666668 0.5092592592592593 0.17239583333333333 0.49722222222222223 0.18333333333333332 0.4842592592592593 0.18177083333333333 0.4777777777777778 0.18541666666666667 0.47129629629629627 0.1828125 0.46574074074074073 0.18125 0.4388888888888889 0.184375 0.43425925925925923 0.19114583333333332 0.4324074074074074 0.1921875 0.42777777777777776 0.1890625 0.425 0.19166666666666668 0.4166666666666667 0.1828125 0.4074074074074074 0.18333333333333332 0.39166666666666666 0.1796875 0.38333333333333336 0.184375 0.37592592592592594 0.18541666666666667 0.3685185185185185 0.17447916666666666 0.36666666666666664 0.16770833333333332 0.36944444444444446 0.16770833333333332 0.3648148148148148 0.15677083333333333 0.36666666666666664 0.15625 0.3638888888888889 0.14947916666666666 0.3638888888888889 0.14791666666666667 0.3592592592592593 0.14427083333333332 0.36203703703703705 0.13958333333333334 0.3592592592592593 0.13645833333333332 0.36203703703703705 0.12552083333333333 0.3490740740740741
4 0.0020833333333333333 0 0 0.009259259259259259 0.0015625 0.010185185185185186 0.0020833333333333333 0.044444444444444446 0.0015625 0.5462962962962963 0.0036458333333333334 0.5527777777777778 0.0140625 0.5527777777777778 0.01875 0.5555555555555556 0.0546875 0.5555555555555556 0.06666666666666667 0.5509259259259259 0.08645833333333333 0.5212962962962963 0.10520833333333333 0.47129629629629627 0.11145833333333334 0.44814814814814813 0.115625 0.4212962962962963 0.11822916666666666 0.4166666666666667 0.11875 0.36944444444444446 0.12135416666666667 0.35462962962962963 0.1203125 0.33055555555555555 0.11875 0.3296296296296296 0.11770833333333333 0.32222222222222224 0.11927083333333334 0.30277777777777776 0.11614583333333334 0.2962962962962963 0.11354166666666667 0.27685185185185185 0.11354166666666667 0.22592592592592592 0.11145833333333334 0.21574074074074073 0.1125 0.1638888888888889 0.1109375 0.16111111111111112 0.11354166666666667 0.14629629629629629 0.1125 0.13240740740740742 0.11979166666666667 0.12314814814814815 0.12083333333333333 0.1259259259259259 0.12369791666666667 0.12129629629629629 0.1296875 0.11851851851851852 0.14010416666666667 0.11944444444444445 0.1484375 0.1259259259259259 0.14947916666666666 0.13333333333333333 0.15260416666666668 0.1361111111111111 0.15 0.1388888888888889 0.15052083333333333 0.14629629629629629 0.15572916666666667 0.14629629629629629 0.15729166666666666 0.14166666666666666 0.16145833333333334 0.14444444444444443 0.15885416666666666 0.15 0.15989583333333332 0.15092592592592594 0.15989583333333332 0.14814814814814814 0.1640625 0.15 0.16927083333333334 0.14166666666666666 0.178125 0.13703703703703704 0.21041666666666667 0.13703703703703704 0.21770833333333334 0.1388888888888889 0.23645833333333333 0.15092592592592594 0.2671875 0.1527777777777778 0.275 0.15925925925925927 0.2838541666666667 0.16203703703703703 0.30625 0.1648148148148148 0.31354166666666666 0.1712962962962963 0.31666666666666665 0.17777777777777778 0.3203125 0.2101851851851852 0.32447916666666665 0.2175925925925926 0.32447916666666665 0.2324074074074074 0.3338541666666667 0.2638888888888889 0.34375 0.28425925925925927 0.34479166666666666 0.30462962962962964 0.35 0.3148148148148148 0.3484375 0.32037037037037036 0.35208333333333336 0.32407407407407407 0.35208333333333336 0.3277777777777778 0.35260416666666666 0.32407407407407407 0.35572916666666665 0.3212962962962963 0.3578125 0.33055555555555555 0.34322916666666664 0.34629629629629627 0.29322916666666665 0.3851851851851852 0.2911458333333333 0.39166666666666666 0.2890625 0.39166666666666666 0.28802083333333334 0.4 0.28125 0.41574074074074074 0.2791666666666667 0.43333333333333335 0.2791666666666667 0.4601851851851852 0.2890625 0.4777777777777778 0.3072916666666667 0.4898148148148148 0.31354166666666666 0.5046296296296297 0.32708333333333334 0.5185185185185185 0.33697916666666666 0.5185185185185185 0.3380208333333333 0.5148148148148148 0.3421875 0.5138888888888888 0.34427083333333336 0.5101851851851852 0.35572916666666665 0.5055555555555555 0.3776041666666667 0.4740740740740741 0.3875 0.4648148148148148 0.3984375 0.45925925925925926 0.4005208333333333 0.4527777777777778 0.40677083333333336 0.4462962962962963 0.4109375 0.4462962962962963 0.41302083333333334 0.4398148148148148 0.4125 0.4287037037037037 0.4140625 0.42592592592592593 0.41822916666666665 0.42777777777777776 0.42239583333333336 0.425 0.42604166666666665 0.41388888888888886 0.4354166666666667 0.39814814814814814 0.4479166666666667 0.38425925925925924 0.47291666666666665 0.33240740740740743 0.4744791666666667 0.32407407407407407 0.48489583333333336 0.30462962962962964 0.4901041666666667 0.27685185185185185 0.4984375 0.25092592592592594 0.5010416666666667 0.23703703703703705 0.5020833333333333 0.20277777777777778 0.5 0.14814814814814814 0.49375 0.12037037037037036 0.49375 0.11203703703703703 0.48854166666666665 0.09259259259259259 0.48489583333333336 0.06666666666666667 0.48072916666666665 0.05462962962962963 0.48020833333333335 0.03888888888888889 0.4734375 0.025925925925925925 0.4739583333333333 0.013888888888888888 0.46979166666666666 0.016666666666666666 0.46822916666666664 0.005555555555555556 0.46458333333333335 0.002777777777777778 0.3807291666666667 0.004629629629629629 0.26666666666666666 0 0.2515625 0.002777777777777778 0.23125 0.002777777777777778 0.22552083333333334 0 0.20416666666666666 0 0.196875 0.002777777777777778 0.15208333333333332 0.002777777777777778 0.13802083333333334 0 0.12916666666666668 0.002777777777777778 0.034375 0.002777777777777778 0.030729166666666665 0 0.0020833333333333333 0
1 0.6395833333333333 0.8870370370370371 0.6395833333333333 0.8935185185185185 0.6411458333333333 0.8898148148148148 0.6395833333333333 0.8870370370370371
1 0.6645833333333333 0.8638888888888889 0.6645833333333333 0.8805555555555555 0.6666666666666666 0.8851851851851852 0.6723958333333333 0.8851851851851852 0.6786458333333333 0.875 0.6807291666666667 0.8592592592592593 0.675 0.8481481481481481 0.671875 0.8481481481481481 0.6682291666666667 0.8527777777777777 0.6645833333333333 0.8638888888888889
1 0.6453125 0.8490740740740741 0.6458333333333334 0.8666666666666667 0.6489583333333333 0.8685185185185185 0.653125 0.8648148148148148 0.65625 0.8555555555555555 0.6572916666666667 0.8444444444444444 0.6734375 0.8222222222222222 0.6838541666666667 0.8 0.6958333333333333 0.7870370370370371 0.7020833333333333 0.7842592592592592 0.7083333333333334 0.7731481481481481 0.7145833333333333 0.7685185185185185 0.7145833333333333 0.7648148148148148 0.7125 0.7694444444444445 0.7109375 0.7648148148148148 0.6947916666666667 0.7712962962962963 0.678125 0.7888888888888889 0.6630208333333333 0.7981481481481482 0.65625 0.8074074074074075 0.6536458333333334 0.8194444444444444 0.6494791666666667 0.8287037037037037 0.6453125 0.8490740740740741
1 0.3359375 0.6351851851851852 0.33645833333333336 0.6462962962962963 0.3416666666666667 0.6481481481481481 0.34375 0.6435185185185185 0.34375 0.6324074074074074 0.3380208333333333 0.6305555555555555 0.3359375 0.6351851851851852
1 0.3416666666666667 0.587037037037037 0.3416666666666667 0.6 0.3458333333333333 0.6101851851851852 0.35208333333333336 0.612037037037037 0.35572916666666665 0.6074074074074074 0.35520833333333335 0.5888888888888889 0.3515625 0.5851851851851851 0.34479166666666666 0.5842592592592593 0.3416666666666667 0.587037037037037
1 0.5802083333333333 0.7416666666666667 0.5796875 0.7509259259259259 0.58125 0.7592592592592593 0.5895833333333333 0.7666666666666667 0.6052083333333333 0.7666666666666667 0.6114583333333333 0.7759259259259259 0.6145833333333334 0.7916666666666666 0.6171875 0.7962962962962963 0.6401041666666667 0.7962962962962963 0.6484375 0.8 0.6494791666666667 0.7694444444444445 0.6416666666666667 0.7444444444444445 0.6369791666666667 0.737037037037037 0.6203125 0.7388888888888889 0.6151041666666667 0.7305555555555555 0.6119791666666666 0.7185185185185186 0.6046875 0.7398148148148148 0.6015625 0.7416666666666667 0.5979166666666667 0.7324074074074074 0.5869791666666667 0.7324074074074074 0.5828125 0.7351851851851852 0.5802083333333333 0.7416666666666667
3 0.9880208333333333 0.6601851851851852 0.9859375 0.6601851851851852 0.9875 0.6638888888888889 0.9942708333333333 0.6685185185185185 0.9942708333333333 0.6638888888888889 0.9880208333333333 0.6601851851851852
3 0.9416666666666667 0.6435185185185185 0.9380208333333333 0.6462962962962963 0.9390625 0.6537037037037037 0.9427083333333334 0.6601851851851852 0.9453125 0.6601851851851852 0.94375 0.6462962962962963 0.9416666666666667 0.6435185185185185
3 0.8489583333333334 0.6259259259259259 0.8494791666666667 0.6305555555555555 0.8489583333333334 0.6259259259259259
3 0.80625 0.7462962962962963 0.8026041666666667 0.7898148148148149 0.8067708333333333 0.8074074074074075 0.8286458333333333 0.8444444444444444 0.8286458333333333 0.8527777777777777 0.8265625 0.8555555555555555 0.8244791666666667 0.8703703703703703 0.8234375 0.8888888888888888 0.8265625 0.9157407407407407 0.8291666666666667 0.9194444444444444 0.8359375 0.9490740740740741 0.8286458333333333 0.975 0.8203125 0.9898148148148148 0.8208333333333333 0.9935185185185185 0.84375 0.9962962962962963 0.875 0.9935185185185185 0.9098958333333333 0.9962962962962963 0.9953125 0.9944444444444445 0.9994791666666667 0.9888888888888889 0.9994791666666667 0.9648148148148148 0.9973958333333334 0.9629629629629629 0.9963541666666667 0.95 0.9963541666666667 0.9416666666666667 0.9994791666666667 0.9388888888888889 0.9994791666666667 0.8638888888888889 0.9973958333333334 0.8592592592592593 0.9994791666666667 0.8574074074074074 0.9994791666666667 0.725 0.9979166666666667 0.7240740740740741 0.9994791666666667 0.7166666666666667 0.9979166666666667 0.7157407407407408 0.9973958333333334 0.7074074074074074 0.9947916666666666 0.700925925925926 0.9723958333333333 0.6898148148148148 0.9515625 0.687037037037037 0.9390625 0.6796296296296296 0.9354166666666667 0.6712962962962963 0.9317708333333333 0.6685185185185185 0.9072916666666667 0.6666666666666666 0.8880208333333334 0.6592592592592592 0.8833333333333333 0.6546296296296297 0.8802083333333334 0.6453703703703704 0.8807291666666667 0.6370370370370371 0.8848958333333333 0.6324074074074074 0.8822916666666667 0.6166666666666667 0.8802083333333334 0.6305555555555555 0.8760416666666667 0.6277777777777778 0.8661458333333333 0.6277777777777778 0.8619791666666666 0.6324074074074074 0.8583333333333333 0.6324074074074074 0.8552083333333333 0.6277777777777778 0.8526041666666667 0.6351851851851852 0.8479166666666667 0.6398148148148148 0.8447916666666667 0.6388888888888888 0.8416666666666667 0.6555555555555556 0.8416666666666667 0.675 0.8286458333333333 0.6935185185185185 0.8260416666666667 0.6944444444444444 0.8192708333333333 0.7064814814814815 0.8171875 0.7166666666666667 0.80625 0.7462962962962963
3 0.17447916666666666 0.4888888888888889 0.17447916666666666 0.49166666666666664 0.17447916666666666 0.4888888888888889
3 0.1578125 0.4842592592592593 0.15625 0.48703703703703705 0.16614583333333333 0.4888888888888889 0.16875 0.4824074074074074 0.1578125 0.4842592592592593
3 0.18515625 0.4722222222222222 0.0005208333333333333 0.001851851851851852
3 0.18125 0.462037037037037 0.17864583333333334 0.462037037037037 0.17864583333333334 0.4666666666666667 0.18125 0.462037037037037
3 0.16119791666666666 0.46296296296296297 0.0005208333333333333 0.001851851851851852
3 0.1484375 0.4546296296296296 0.14270833333333333 0.45740740740740743 0.13854166666666667 0.45555555555555555 0.13854166666666667 0.45925925925925926 0.14322916666666666 0.45740740740740743 0.14739583333333334 0.4638888888888889 0.15520833333333334 0.462037037037037 0.15520833333333334 0.45555555555555555 0.1484375 0.4546296296296296
3 0.14739583333333334 0.43425925925925923 0.14895833333333333 0.4388888888888889 0.15416666666666667 0.44351851851851853 0.15625 0.4398148148148148 0.1609375 0.44351851851851853 0.16197916666666667 0.43703703703703706 0.15989583333333332 0.4398148148148148 0.15729166666666666 0.4388888888888889 0.15625 0.4324074074074074 0.14739583333333334 0.43425925925925923
3 0.17395833333333333 0.42314814814814816 0.175 0.43425925925925923 0.1828125 0.4305555555555556 0.1765625 0.42314814814814816 0.17395833333333333 0.42314814814814816
3 0.15052083333333333 0.41388888888888886 0.15 0.4166666666666667 0.1625 0.4166666666666667 0.15885416666666666 0.41574074074074074 0.15989583333333332 0.41388888888888886 0.15833333333333333 0.4101851851851852 0.16197916666666667 0.4101851851851852 0.1609375 0.4074074074074074 0.15729166666666666 0.4101851851851852 0.15833333333333333 0.41574074074074074 0.15052083333333333 0.41388888888888886
3 0.13697916666666668 0.38981481481481484 0.13489583333333333 0.39351851851851855 0.13802083333333334 0.39814814814814814 0.14270833333333333 0.3962962962962963 0.14322916666666666 0.39351851851851855 0.13958333333333334 0.3888888888888889 0.13697916666666668 0.38981481481481484
3 0.15572916666666667 0.38796296296296295 0.15520833333333334 0.39351851851851855 0.15677083333333333 0.39814814814814814 0.16875 0.39814814814814814 0.171875 0.39166666666666666 0.17291666666666666 0.3962962962962963 0.17552083333333332 0.39351851851851855 0.17708333333333334 0.39814814814814814 0.184375 0.3962962962962963 0.18229166666666666 0.39166666666666666 0.17083333333333334 0.3907407407407407 0.16875 0.3851851851851852 0.16041666666666668 0.38425925925925924 0.15572916666666667 0.38796296296296295
3 0.178125 0.3731481481481482 0.17708333333333334 0.37592592592592594 0.17864583333333334 0.37777777777777777 0.18125 0.37592592592592594 0.178125 0.3731481481481482
3 0.14947916666666666 0.37037037037037035 0.1484375 0.37592592592592594 0.15104166666666666 0.3712962962962963 0.1515625 0.37592592592592594 0.1546875 0.37592592592592594 0.15416666666666667 0.3712962962962963 0.14947916666666666 0.37037037037037035
3 0.14739583333333334 0.3638888888888889 0.1453125 0.3648148148148148 0.15208333333333332 0.3648148148148148 0.14739583333333334 0.3638888888888889
3 0.1328125 0.3638888888888889 0.1328125 0.36666666666666664 0.13802083333333334 0.3685185185185185 0.13802083333333334 0.3648148148148148 0.1328125 0.3638888888888889
3 0.11041666666666666 0.013888888888888888 0.10833333333333334 0.03518518518518519 0.11197916666666667 0.062037037037037036 0.11197916666666667 0.09166666666666666 0.1140625 0.09444444444444444 0.11458333333333333 0.10277777777777777 0.11822916666666666 0.10740740740740741 0.1234375 0.10740740740740741 0.1328125 0.11666666666666667 0.14010416666666667 0.11481481481481481 0.14427083333333332 0.12314814814814815 0.15677083333333333 0.12314814814814815 0.16041666666666668 0.12685185185185185 0.16302083333333334 0.1361111111111111 0.1625 0.14351851851851852 0.17395833333333333 0.1388888888888889 0.209375 0.13703703703703704 0.21666666666666667 0.1388888888888889 0.23489583333333333 0.15092592592592594 0.2630208333333333 0.1527777777777778 0.275 0.16018518518518518 0.30572916666666666 0.1648148148148148 0.3125 0.17037037037037037 0.3182291666666667 0.18981481481481483 0.3203125 0.21388888888888888 0.3234375 0.2212962962962963 0.32395833333333335 0.23333333333333334 0.32708333333333334 0.24722222222222223 0.3375 0.27314814814814814 0.3390625 0.2824074074074074 0.3416666666666667 0.2851851851851852 0.34427083333333336 0.3055555555555556 0.34739583333333335 0.31296296296296294 0.3463541666666667 0.31666666666666665 0.35208333333333336 0.33425925925925926 0.3223958333333333 0.3638888888888889 0.3015625 0.37777777777777777 0.29635416666666664 0.38425925925925924 0.2921875 0.3851851851851852 0.2796875 0.4185185185185185 0.278125 0.42777777777777776 0.278125 0.45925925925925926 0.28020833333333334 0.4666666666666667 0.28802083333333334 0.4777777777777778 0.3046875 0.48703703703703705 0.31302083333333336 0.5064814814814815 0.32447916666666665 0.5185185185185185 0.33541666666666664 0.5212962962962963 0.3484375 0.5138888888888888 0.35 0.5101851851851852 0.3619791666666667 0.5009259259259259 0.3651041666666667 0.4935185185185185 0.38125 0.47129629629629627 0.39375 0.4638888888888889 0.4015625 0.45092592592592595 0.4041666666666667 0.45092592592592595 0.40729166666666666 0.4462962962962963 0.4114583333333333 0.4462962962962963 0.41302083333333334 0.44074074074074077 0.42083333333333334 0.4351851851851852 0.42604166666666665 0.4166666666666667 0.4395833333333333 0.39444444444444443 0.45416666666666666 0.37592592592592594 0.4635416666666667 0.3527777777777778 0.4739583333333333 0.33425925925925926 0.47708333333333336 0.3212962962962963 0.48072916666666665 0.31666666666666665 0.4875 0.3 0.4947916666666667 0.2601851851851852 0.4984375 0.25277777777777777 0.503125 0.22314814814814815 0.5 0.15092592592592594 0.49114583333333334 0.0962962962962963 0.48854166666666665 0.09074074074074075 0.4875 0.07962962962962963 0.48125 0.053703703703703705 0.48125 0.03888888888888889 0.4744791666666667 0.027777777777777776 0.4744791666666667 0.018518518518518517 0.46927083333333336 0.01574074074074074 0.46822916666666664 0.005555555555555556 0.4635416666666667 0.002777777777777778 0.28177083333333336 0.002777777777777778 0.2791666666666667 0 0.253125 0.002777777777777778 0.20572916666666666 0.000925925925925926 0.18229166666666666 0.004629629629629629 0.125 0.002777777777777778 0.11354166666666667 0.005555555555555556 0.11041666666666666 0.013888888888888888