4 0.7697916666666667 0.337037037037037 0.7682291666666666 0.33796296296296297 0.7697916666666667 0.337037037037037
4 0.7703125 0.31666666666666665 0.7697916666666667 0.3314814814814815 0.7723958333333333 0.3351851851851852 0.7791666666666667 0.3416666666666667 0.7895833333333333 0.3416666666666667 0.7916666666666666 0.34444444444444444 0.790625 0.36018518518518516 0.7875 0.3685185185185185 0.7869791666666667 0.38055555555555554 0.7854166666666667 0.3824074074074074 0.7802083333333333 0.4166666666666667 0.7760416666666666 0.4203703703703704 0.7744791666666667 0.4666666666666667 0.7802083333333333 0.48703703703703705 0.7911458333333333 0.5 0.7932291666666667 0.5185185185185185 0.796875 0.5222222222222223 0.8057291666666667 0.5435185185185185 0.8177083333333334 0.5462962962962963 0.8239583333333333 0.5509259259259259 0.8270833333333333 0.5574074074074075 0.8442708333333333 0.6148148148148148 0.8432291666666667 0.6342592592592593 0.8369791666666667 0.6574074074074074 0.8380208333333333 0.6796296296296296 0.8338541666666667 0.6851851851851852 0.8380208333333333 0.6851851851851852 0.8390625 0.6981481481481482 0.84375 0.7092592592592593 0.8453125 0.7305555555555555 0.85 0.7398148148148148 0.8557291666666667 0.7481481481481481 0.8604166666666667 0.7509259259259259 0.8739583333333333 0.7527777777777778 0.8869791666666667 0.7305555555555555 0.8901041666666667 0.6990740740740741 0.8901041666666667 0.6777777777777778 0.8791666666666667 0.6555555555555556 0.8786458333333333 0.6074074074074074 0.875 0.5981481481481481 0.8703125 0.5601851851851852 0.8682291666666667 0.5574074074074075 0.8614583333333333 0.5268518518518519 0.8614583333333333 0.5194444444444445 0.8666666666666667 0.5074074074074074 0.8661458333333333 0.4925925925925926 0.8703125 0.4824074074074074 0.8770833333333333 0.4740740740740741 0.8807291666666667 0.47314814814814815 0.8817708333333333 0.4685185185185185 0.8973958333333333 0.4601851851851852 0.9010416666666666 0.4685185185185185 0.9083333333333333 0.5009259259259259 0.9260416666666667 0.5212962962962963 0.9385416666666667 0.5212962962962963 0.940625 0.5009259259259259 0.9380208333333333 0.49074074074074076 0.9375 0.46944444444444444 0.9359375 0.462037037037037 0.9265625 0.4462962962962963 0.9197916666666667 0.42685185185185187 0.9192708333333334 0.4203703703703704 0.9255208333333333 0.3925925925925926 0.93125 0.3851851851851852 0.9354166666666667 0.38425925925925924 0.9432291666666667 0.3685185185185185 0.946875 0.35555555555555557 0.9546875 0.3194444444444444 0.9572916666666667 0.2814814814814815 0.9598958333333333 0.26944444444444443 0.9630208333333333 0.26481481481481484 0.9682291666666667 0.2638888888888889 0.978125 0.25462962962962965 0.9859375 0.24166666666666667 0.9880208333333333 0.2324074074074074 0.99375 0.2324074074074074 0.9994791666666667 0.22314814814814815 0.9994791666666667 0.05092592592592592 0.9932291666666667 0.041666666666666664 0.9869791666666666 0.037037037037037035 0.9640625 0.037037037037037035 0.9494791666666667 0.046296296296296294 0.9359375 0.06851851851851852 0.9354166666666667 0.1111111111111111 0.9338541666666667 0.11481481481481481 0.9354166666666667 0.1398148148148148 0.9317708333333333 0.14629629629629629 0.9317708333333333 0.1527777777777778 0.9208333333333333 0.17592592592592593 0.9182291666666667 0.1935185185185185 0.9140625 0.19814814814814816 0.9119791666666667 0.20555555555555555 0.9010416666666666 0.21203703703703702 0.8838541666666667 0.23055555555555557 0.8739583333333333 0.2351851851851852 0.8609375 0.25092592592592594 0.8583333333333333 0.25092592592592594 0.8432291666666667 0.26666666666666666 0.8359375 0.26944444444444443 0.8171875 0.26666666666666666 0.8041666666666667 0.275 0.784375 0.2777777777777778 0.7765625 0.2898148148148148 0.7729166666666667 0.30277777777777776 0.7734375 0.3101851851851852 0.7703125 0.31666666666666665
4 0.42604166666666665 0.9898148148148148 0.42552083333333335 0.9981481481481481 0.5484375 0.9962962962962963 0.55 0.9935185185185185 0.5578125 0.9287037037037037 0.56875 0.8981481481481481 0.5692708333333333 0.8916666666666667 0.5723958333333333 0.8870370370370371 0.5786458333333333 0.8555555555555555 0.5786458333333333 0.8444444444444444 0.5739583333333333 0.8388888888888889 0.5604166666666667 0.8416666666666667 0.5557291666666667 0.8277777777777777 0.5520833333333334 0.8240740740740741 0.5479166666666667 0.8305555555555556 0.5348958333333333 0.8305555555555556 0.5270833333333333 0.8351851851851851 0.5223958333333333 0.8435185185185186 0.5135416666666667 0.850925925925926 0.5010416666666667 0.8555555555555555 0.4921875 0.8666666666666667 0.484375 0.8666666666666667 0.4640625 0.9009259259259259 0.46145833333333336 0.9157407407407407 0.45625 0.9268518518518518 0.45364583333333336 0.9398148148148148 0.44947916666666665 0.95 0.4427083333333333 0.9814814814814815 0.43020833333333336 0.9851851851851852 0.42604166666666665 0.9898148148148148
4 0.2234375 0.33240740740740743 0.22447916666666667 0.3527777777777778 0.23177083333333334 0.387037037037037 0.23854166666666668 0.40925925925925927 0.24791666666666667 0.4305555555555556 0.2484375 0.4361111111111111 0.26145833333333335 0.462037037037037 0.2671875 0.4824074074074074 0.2703125 0.5185185185185185 0.275 0.5388888888888889 0.275 0.5703703703703704 0.2765625 0.575925925925926 0.29270833333333335 0.5935185185185186 0.32447916666666665 0.5935185185185186 0.33177083333333335 0.587037037037037 0.3359375 0.587037037037037 0.35104166666666664 0.6055555555555555 0.3619791666666667 0.6055555555555555 0.37447916666666664 0.6101851851851852 0.38645833333333335 0.6231481481481481 0.3885416666666667 0.6296296296296297 0.40520833333333334 0.649074074074074 0.4088541666666667 0.6574074074074074 0.425 0.675 0.465625 0.6712962962962963 0.47708333333333336 0.6620370370370371 0.48020833333333335 0.6620370370370371 0.48541666666666666 0.6555555555555556 0.4979166666666667 0.6509259259259259 0.5 0.6481481481481481 0.5015625 0.6388888888888888 0.5 0.6296296296296297 0.509375 0.6259259259259259 0.5161458333333333 0.612037037037037 0.5166666666666667 0.5944444444444444 0.5119791666666667 0.5935185185185186 0.5098958333333333 0.587037037037037 0.5057291666666667 0.5851851851851851 0.5005208333333333 0.5777777777777777 0.4979166666666667 0.562037037037037 0.5078125 0.5666666666666667 0.5135416666666667 0.5638888888888889 0.51875 0.5574074074074075 0.5416666666666666 0.5555555555555556 0.5510416666666667 0.5685185185185185 0.5541666666666667 0.5685185185185185 0.5572916666666666 0.5731481481481482 0.5697916666666667 0.5805555555555556 0.5989583333333334 0.5796296296296296 0.6114583333333333 0.575925925925926 0.61875 0.5638888888888889 0.6369791666666667 0.55 0.659375 0.5231481481481481 0.6635416666666667 0.512962962962963 0.6734375 0.4981481481481482 0.6765625 0.4824074074074074 0.6817708333333333 0.47314814814814815 0.6916666666666667 0.4638888888888889 0.6932291666666667 0.45740740740740743 0.6994791666666667 0.44814814814814813 0.7020833333333333 0.4324074074074074 0.7015625 0.42407407407407405 0.70625 0.36944444444444446 0.7114583333333333 0.337037037037037 0.7119791666666667 0.32592592592592595 0.7098958333333333 0.3194444444444444 0.7317708333333334 0.31666666666666665 0.7432291666666667 0.31203703703703706 0.7588541666666667 0.30092592592592593 0.7630208333333334 0.29444444444444445 0.7630208333333334 0.27870370370370373 0.7755208333333333 0.26481481481481484 0.8057291666666667 0.26666666666666666 0.8182291666666667 0.2574074074074074 0.8416666666666667 0.25925925925925924 0.8713541666666667 0.23055555555555557 0.8911458333333333 0.21666666666666667 0.9015625 0.20092592592592592 0.9109375 0.1962962962962963 0.9182291666666667 0.1712962962962963 0.9223958333333333 0.1638888888888889 0.9307291666666667 0.1259259259259259 0.9296875 0.10833333333333334 0.93125 0.09814814814814815 0.9317708333333333 0.041666666666666664 0.9296875 0.018518518518518517 0.9265625 0 0.9130208333333333 0 0.9041666666666667 0.004629629629629629 0.8947916666666667 0.002777777777777778 0.89375 0 0.8296875 0 0.821875 0.004629629629629629 0.8036458333333333 0 0.7911458333333333 0.002777777777777778 0.7578125 0.002777777777777778 0.7484375 0 0.5927083333333333 0 0.584375 0.004629629629629629 0.5739583333333333 0.002777777777777778 0.571875 0 0.5208333333333334 0 0.5109375 0.002777777777777778 0.4942708333333333 0.002777777777777778 0.4869791666666667 0 0.4583333333333333 0 0.4546875 0.002777777777777778 0.3390625 0 0.33125 0.005555555555555556 0.3260416666666667 0.018518518518518517 0.31927083333333334 0.028703703703703703 0.3109375 0.05092592592592592 0.3 0.06944444444444445 0.2921875 0.09814814814814815 0.2708333333333333 0.15648148148148147 0.25677083333333334 0.2074074074074074 0.2557291666666667 0.21666666666666667 0.24583333333333332 0.2462962962962963 0.240625 0.2796296296296296 0.2296875 0.31851851851851853 0.2234375 0.33240740740740743
4 0.7255208333333333 0.9731481481481481 0.7234375 0.9861111111111112 0.7255208333333333 0.9953703703703703 0.7302083333333333 0.9981481481481481 0.759375 0.9981481481481481 0.7619791666666667 0.9944444444444445 0.7651041666666667 0.9962962962962963 0.7713541666666667 0.9935185185185185 0.7713541666666667 0.987037037037037 0.7734375 0.9842592592592593 0.7760416666666666 0.9842592592592593 0.7796875 0.9898148148148148 0.7791666666666667 0.9935185185185185 0.7859375 0.9981481481481481 0.8380208333333333 0.9962962962962963 0.8364583333333333 0.9851851851851852 0.8208333333333333 0.9527777777777777 0.8057291666666667 0.9074074074074074 0.8 0.9027777777777778 0.7958333333333333 0.9037037037037037 0.7927083333333333 0.8935185185185185 0.7895833333333333 0.8935185185185185 0.7859375 0.8870370370370371 0.78125 0.8851851851851852 0.7671875 0.8870370370370371 0.7604166666666666 0.8916666666666667 0.7583333333333333 0.8962962962962963 0.7604166666666666 0.9185185185185185 0.7520833333333333 0.9231481481481482 0.7432291666666667 0.9351851851851852 0.7401041666666667 0.9444444444444444 0.7395833333333334 0.9527777777777777 0.7442708333333333 0.9666666666666667 0.7322916666666667 0.9685185185185186 0.7255208333333333 0.9731481481481481
4 0.42604166666666665 0.9898148148148148 0.42552083333333335 0.9981481481481481 0.5489583333333333 0.9962962962962963 0.5578125 0.9287037037037037 0.5677083333333334 0.9009259259259259 0.56875 0.8935185185185185 0.5723958333333333 0.8870370370370371 0.5729166666666666 0.8768518518518519 0.5776041666666667 0.8555555555555555 0.5776041666666667 0.8444444444444444 0.5713541666666667 0.8388888888888889 0.5598958333333334 0.8435185185185186 0.55625 0.8388888888888889 0.5567708333333333 0.8324074074074074 0.5541666666666667 0.8296296296296296 0.5494791666666666 0.8305555555555556 0.5473958333333333 0.837037037037037 0.5432291666666667 0.8305555555555556 0.5354166666666667 0.8305555555555556 0.5255208333333333 0.837037037037037 0.5223958333333333 0.8435185185185186 0.5135416666666667 0.850925925925926 0.5010416666666667 0.8555555555555555 0.49270833333333336 0.8666666666666667 0.484375 0.8666666666666667 0.4640625 0.9009259259259259 0.46145833333333336 0.9148148148148149 0.45625 0.9268518518518518 0.44947916666666665 0.950925925925926 0.4427083333333333 0.9805555555555555 0.43020833333333336 0.9851851851851852 0.42604166666666665 0.9898148148148148
1 0.5067708333333333 0.6527777777777778 0.5072916666666667 0.6907407407407408 0.5114583333333333 0.7074074074074074 0.5145833333333333 0.7388888888888889 0.5244791666666667 0.7675925925925926 0.5375 0.7898148148148149 0.5380208333333333 0.8 0.5479166666666667 0.812037037037037 0.553125 0.812037037037037 0.5614583333333333 0.8185185185185185 0.5807291666666666 0.8185185185185185 0.5916666666666667 0.8074074074074075 0.59375 0.8027777777777778 0.5927083333333333 0.7777777777777778 0.5875 0.7657407407407407 0.5869791666666667 0.7601851851851852 0.5807291666666666 0.7592592592592593 0.5744791666666667 0.7481481481481481 0.5739583333333333 0.7435185185185185 0.5640625 0.7296296296296296 0.5640625 0.7046296296296296 0.5625 0.6962962962962963 0.5536458333333333 0.6824074074074075 0.5442708333333334 0.6759259259259259 0.5411458333333333 0.6694444444444444 0.53125 0.6601851851851852 0.5151041666666667 0.649074074074074 0.5104166666666666 0.649074074074074 0.5067708333333333 0.6527777777777778
1 0.5354166666666667 0.6462962962962963 0.5322916666666667 0.65 0.5411458333333333 0.6574074074074074 0.5432291666666667 0.6638888888888889 0.5432291666666667 0.649074074074074 0.5354166666666667 0.6462962962962963
3 0.9 0.44166666666666665 0.9 0.4564814814814815 0.9067708333333333 0.5018518518518519 0.9166666666666666 0.5101851851851852 0.9260416666666667 0.5231481481481481 0.9380208333333333 0.5259259259259259 0.940625 0.5055555555555555 0.9375 0.46944444444444444 0.93125 0.45092592592592595 0.925 0.44166666666666665 0.9182291666666667 0.42314814814814816 0.9140625 0.4212962962962963 0.9072916666666667 0.42592592592592593 0.9 0.44166666666666665
3 0.8390625 0.5861111111111111 0.8401041666666667 0.5981481481481481 0.84375 0.6092592592592593 0.8442708333333333 0.625 0.8369791666666667 0.6564814814814814 0.8369791666666667 0.6666666666666666 0.8401041666666667 0.7046296296296296 0.84375 0.7175925925925926 0.8442708333333333 0.7342592592592593 0.8557291666666667 0.7509259259259259 0.8645833333333334 0.7555555555555555 0.8734375 0.7555555555555555 0.8869791666666667 0.7324074074074074 0.8875 0.7018518518518518 0.8901041666666667 0.6981481481481482 0.8895833333333333 0.6888888888888889 0.88125 0.687962962962963 0.8833333333333333 0.6842592592592592 0.8786458333333333 0.6472222222222223 0.8786458333333333 0.612037037037037 0.8734375 0.5824074074074074 0.8692708333333333 0.5712962962962963 0.8583333333333333 0.5685185185185185 0.846875 0.5731481481481482 0.8390625 0.5861111111111111
3 0.7244791666666667 0.9777777777777777 0.725 0.9935185185185185 0.7302083333333333 0.9981481481481481 0.7354166666666667 0.9981481481481481 0.7401041666666667 0.9944444444444445 0.7432291666666667 0.9981481481481481 0.7614583333333333 0.9981481481481481 0.7645833333333333 0.9944444444444445 0.7703125 0.9935185185185185 0.7765625 0.9851851851851852 0.7786458333333334 0.9935185185185185 0.7875 0.9981481481481481 0.8375 0.9962962962962963 0.8359375 0.9851851851851852 0.8197916666666667 0.950925925925926 0.8046875 0.9074074074074074 0.8 0.9027777777777778 0.7953125 0.9055555555555556 0.7932291666666667 0.8944444444444445 0.7791666666666667 0.8851851851851852 0.7619791666666667 0.8898148148148148 0.759375 0.8953703703703704 0.759375 0.9018518518518519 0.7630208333333334 0.9203703703703704 0.7614583333333333 0.9231481481481482 0.7515625 0.925 0.7427083333333333 0.9398148148148148 0.7411458333333333 0.9546296296296296 0.7432291666666667 0.9601851851851851 0.7505208333333333 0.9629629629629629 0.7479166666666667 0.975925925925926 0.7447916666666666 0.9712962962962963 0.7322916666666667 0.9694444444444444 0.728125 0.9712962962962963 0.7244791666666667 0.9777777777777777
3 0.375 0.600925925925926 0.37447916666666664 0.6092592592592593 0.37916666666666665 0.612037037037037 0.4 0.6462962962962963 0.4234375 0.6759259259259259 0.4661458333333333 0.6731481481481482 0.48072916666666665 0.6638888888888889 0.4822916666666667 0.6601851851851852 0.4973958333333333 0.6546296296296297 0.503125 0.6462962962962963 0.5036458333333333 0.6388888888888888 0.5015625 0.6324074074074074 0.503125 0.6296296296296297 0.5078125 0.6305555555555555 0.5114583333333333 0.6277777777777778 0.5161458333333333 0.6166666666666667 0.5145833333333333 0.6027777777777777 0.5057291666666667 0.587037037037037 0.503125 0.5740740740740741 0.49583333333333335 0.562037037037037 0.49166666666666664 0.5481481481481482 0.4869791666666667 0.5416666666666666 0.4744791666666667 0.5351851851851852 0.45208333333333334 0.5370370370370371 0.4515625 0.5481481481481482 0.4583333333333333 0.5592592592592592 0.45625 0.562037037037037 0.4505208333333333 0.5574074074074075 0.4421875 0.5555555555555556 0.421875 0.5370370370370371 0.41354166666666664 0.5351851851851852 0.4078125 0.5388888888888889 0.39010416666666664 0.5574074074074075 0.3859375 0.5731481481481482 0.3875 0.5842592592592593 0.375 0.600925925925926
3 0.4453125 0.9731481481481481 0.44479166666666664 0.9842592592592593 0.459375 0.9888888888888889 0.4744791666666667 0.9981481481481481 0.5473958333333333 0.9962962962962963 0.55 0.9916666666666667 0.5526041666666667 0.9583333333333334 0.5572916666666666 0.9287037037037037 0.571875 0.8851851851851852 0.5786458333333333 0.8555555555555555 0.5776041666666667 0.8444444444444444 0.5729166666666666 0.8398148148148148 0.5572916666666666 0.8416666666666667 0.5557291666666667 0.8305555555555556 0.5536458333333333 0.8277777777777777 0.5479166666666667 0.8277777777777777 0.5463541666666667 0.8305555555555556 0.5385416666666667 0.8305555555555556 0.5276041666666667 0.8351851851851851 0.5166666666666667 0.850925925925926 0.5005208333333333 0.8574074074074074 0.49895833333333334 0.862037037037037 0.49166666666666664 0.8685185185185185 0.484375 0.8685185185185185 0.46458333333333335 0.9027777777777778 0.4625 0.9148148148148149 0.45208333333333334 0.9444444444444444 0.4453125 0.9731481481481481
3 0.3265625 0.5453703703703704 0.3260416666666667 0.5546296296296296 0.3307291666666667 0.5648148148148148 0.3328125 0.5796296296296296 0.3494791666666667 0.6046296296296296 0.35520833333333335 0.6074074074074074 0.3697916666666667 0.6074074074074074 0.3802083333333333 0.6148148148148148 0.41875 0.6712962962962963 0.4276041666666667 0.6777777777777778 0.4640625 0.6731481481481482 0.4744791666666667 0.6685185185185185 0.4859375 0.6574074074074074 0.49947916666666664 0.6527777777777778 0.503125 0.6435185185185185 0.503125 0.6370370370370371 0.5005208333333333 0.6287037037037037 0.5109375 0.6277777777777778 0.5161458333333333 0.6185185185185185 0.5177083333333333 0.6092592592592593 0.5161458333333333 0.6 0.5171875 0.5944444444444444 0.5135416666666667 0.5925925925925926 0.5145833333333333 0.587037037037037 0.5119791666666667 0.587037037037037 0.5130208333333334 0.5842592592592593 0.5104166666666666 0.5805555555555556 0.5052083333333334 0.5796296296296296 0.49583333333333335 0.562037037037037 0.49166666666666664 0.5481481481481482 0.4869791666666667 0.5416666666666666 0.47291666666666665 0.5351851851851852 0.45260416666666664 0.5370370370370371 0.4510416666666667 0.5388888888888889 0.4515625 0.5472222222222223 0.45677083333333335 0.5564814814814815 0.4557291666666667 0.5601851851851852 0.4510416666666667 0.5592592592592592 0.4390625 0.5527777777777778 0.43697916666666664 0.5481481481481482 0.41822916666666665 0.5342592592592592 0.41041666666666665 0.524074074074074 0.3890625 0.5074074074074074 0.38645833333333335 0.5027777777777778 0.35572916666666665 0.48518518518518516 0.3515625 0.4842592592592593 0.3484375 0.48703703703703705 0.340625 0.5101851851851852 0.3385416666666667 0.5120370370370371 0.3359375 0.5259259259259259 0.3265625 0.5453703703703704
3 0.3885416666666667 0.42777777777777776 0.3885416666666667 0.4388888888888889 0.39166666666666666 0.44166666666666665 0.4010416666666667 0.44166666666666665 0.4088541666666667 0.4527777777777778 0.4088541666666667 0.47129629629629627 0.4161458333333333 0.4981481481481482 0.44114583333333335 0.5175925925925926 0.4510416666666667 0.5324074074074074 0.4625 0.5305555555555556 0.4734375 0.5212962962962963 0.484375 0.5083333333333333 0.4901041666666667 0.49444444444444446 0.4942708333333333 0.49166666666666664 0.5145833333333333 0.5046296296296297 0.5291666666666667 0.5046296296296297 0.5302083333333333 0.5009259259259259 0.5322916666666667 0.5009259259259259 0.534375 0.49166666666666664 0.5364583333333334 0.4935185185185185 0.5395833333333333 0.4888888888888889 0.5416666666666666 0.46944444444444444 0.5447916666666667 0.4583333333333333 0.546875 0.45740740740740743 0.5473958333333333 0.4351851851851852 0.5494791666666666 0.4324074074074074 0.546875 0.4166666666666667 0.5447916666666667 0.4166666666666667 0.5432291666666667 0.4101851851851852 0.5322916666666667 0.3962962962962963 0.5223958333333333 0.3888888888888889 0.51875 0.3888888888888889 0.5119791666666667 0.3824074074074074 0.4901041666666667 0.3824074074074074 0.45989583333333334 0.36666666666666664 0.4546875 0.36666666666666664 0.4515625 0.3731481481481482 0.44895833333333335 0.3648148148148148 0.4395833333333333 0.36018518518518516 0.42864583333333334 0.36203703703703705 0.40677083333333336 0.3851851851851852 0.40572916666666664 0.3962962962962963 0.4005208333333333 0.39814814814814814 0.39479166666666665 0.4101851851851852 0.39375 0.4185185185185185 0.3958333333333333 0.4212962962962963 0.39505208333333336 0.42592592592592593 0.3885416666666667 0.42777777777777776