4 0.8828125 0.31851851851851853 0.8765625 0.32314814814814813 0.878125 0.3277777777777778 0.8807291666666667 0.3277777777777778 0.8828125 0.31851851851851853
4 0.8442708333333333 0.2898148148148148 0.84375 0.2935185185185185 0.8479166666666667 0.30185185185185187 0.8473958333333333 0.3055555555555556 0.8442708333333333 0.3074074074074074 0.8458333333333333 0.3074074074074074 0.8510416666666667 0.31851851851851853 0.8541666666666666 0.31851851851851853 0.8557291666666667 0.32314814814814813 0.8567708333333334 0.3194444444444444 0.859375 0.32314814814814813 0.859375 0.3194444444444444 0.8557291666666667 0.31851851851851853 0.8541666666666666 0.31296296296296294 0.8625 0.31203703703703706 0.8598958333333333 0.3055555555555556 0.8552083333333333 0.30185185185185187 0.8583333333333333 0.29444444444444445 0.8614583333333333 0.2935185185185185 0.8635416666666667 0.28888888888888886 0.85625 0.2861111111111111 0.8578125 0.28055555555555556 0.8604166666666667 0.2796296296296296 0.8598958333333333 0.2777777777777778 0.8510416666666667 0.2777777777777778 0.8494791666666667 0.2851851851851852 0.8442708333333333 0.2898148148148148
4 0.8723958333333334 0.2759259259259259 0.8723958333333334 0.2796296296296296 0.8802083333333334 0.2796296296296296 0.8765625 0.2759259259259259 0.8723958333333334 0.2759259259259259
4 0.8734375 0.262037037037037 0.8713541666666667 0.2638888888888889 0.8796875 0.2638888888888889 0.8734375 0.262037037037037
4 0.6182291666666667 0 0.6171875 0.075 0.6197916666666666 0.1 0.6203125 0.1287037037037037 0.6192708333333333 0.2111111111111111 0.6223958333333334 0.22870370370370371 0.6213541666666667 0.2638888888888889 0.6244791666666667 0.2833333333333333 0.625 0.30833333333333335 0.6296875 0.32314814814814813 0.6411458333333333 0.3435185185185185 0.6567708333333333 0.35648148148148145 0.6604166666666667 0.3712962962962963 0.6604166666666667 0.41203703703703703 0.6630208333333333 0.42777777777777776 0.671875 0.425 0.6864583333333333 0.4074074074074074 0.7020833333333333 0.3768518518518518 0.71875 0.36018518518518516 0.7307291666666667 0.3416666666666667 0.7348958333333333 0.337037037037037 0.7473958333333334 0.33240740740740743 0.7583333333333333 0.3138888888888889 0.7609375 0.29444444444444445 0.7692708333333333 0.2935185185185185 0.7760416666666666 0.28888888888888886 0.8286458333333333 0.28425925925925927 0.8338541666666667 0.2777777777777778 0.8380208333333333 0.2777777777777778 0.8541666666666666 0.26666666666666666 0.8619791666666666 0.25555555555555554 0.8666666666666667 0.24351851851851852 0.8744791666666667 0.24166666666666667 0.88125 0.2351851851851852 0.8869791666666667 0.2212962962962963 0.8880208333333334 0.20555555555555555 0.8848958333333333 0.1712962962962963 0.8822916666666667 0.1675925925925926 0.8791666666666667 0.14351851851851852 0.8723958333333334 0.12314814814814815 0.8723958333333334 0.11666666666666667 0.86875 0.11296296296296296 0.8723958333333334 0.10185185185185185 0.875 0.09907407407407408 0.875 0.08981481481481482 0.8583333333333333 0.041666666666666664 0.8557291666666667 0.025 0.8557291666666667 0.004629629629629629 0.8541666666666666 0 0.7192708333333333 0 0.7177083333333333 0.002777777777777778 0.709375 0.004629629629629629 0.6927083333333334 0.002777777777777778 0.6895833333333333 0 0.6182291666666667 0
4 0.5875 0.9324074074074075 0.5880208333333333 0.9592592592592593 0.5916666666666667 0.9601851851851851 0.5989583333333334 0.975 0.6057291666666667 0.9805555555555555 0.6119791666666666 0.9805555555555555 0.6239583333333333 0.987037037037037 0.6364583333333333 0.9981481481481481 0.8567708333333334 0.9962962962962963 0.8567708333333334 0.9935185185185185 0.8494791666666667 0.9888888888888889 0.8296875 0.9842592592592593 0.81875 0.9712962962962963 0.8036458333333333 0.9444444444444444 0.7984375 0.9398148148148148 0.7927083333333333 0.937037037037037 0.7692708333333333 0.9388888888888889 0.7604166666666666 0.9259259259259259 0.7333333333333333 0.9166666666666666 0.7265625 0.9120370370370371 0.7182291666666667 0.899074074074074 0.7098958333333333 0.8916666666666667 0.6973958333333333 0.8851851851851852 0.6854166666666667 0.8842592592592593 0.6682291666666667 0.8898148148148148 0.665625 0.8888888888888888 0.6619791666666667 0.8805555555555555 0.6572916666666667 0.8805555555555555 0.65625 0.8777777777777778 0.6359375 0.8796296296296297 0.6328125 0.8851851851851852 0.6260416666666667 0.8888888888888888 0.61875 0.8842592592592593 0.6125 0.8870370370370371 0.609375 0.8935185185185185 0.596875 0.9027777777777778 0.5901041666666667 0.9194444444444444 0.5875 0.9324074074074075
4 0.4140625 0.9731481481481481 0.40625 0.9935185185185185 0.40677083333333336 0.9981481481481481 0.4734375 0.9981481481481481 0.4859375 0.9962962962962963 0.490625 0.9907407407407407 0.4921875 0.9935185185185185 0.49166666666666664 0.9888888888888889 0.5005208333333333 0.9805555555555555 0.5296875 0.9120370370370371 0.5354166666666667 0.8888888888888888 0.5375 0.8675925925925926 0.5411458333333333 0.8638888888888889 0.5442708333333334 0.8537037037037037 0.5484375 0.8481481481481481 0.5557291666666667 0.825925925925926 0.5557291666666667 0.8009259259259259 0.55 0.7962962962962963 0.5036458333333333 0.7962962962962963 0.4890625 0.8009259259259259 0.48333333333333334 0.8055555555555556 0.4703125 0.8444444444444444 0.46822916666666664 0.8666666666666667 0.46197916666666666 0.8870370370370371 0.45729166666666665 0.8944444444444445 0.4546875 0.9055555555555556 0.44114583333333335 0.9342592592592592 0.42552083333333335 0.9601851851851851 0.4140625 0.9731481481481481
4 0.008854166666666666 0.03518518518518519 0.0015625 0.06111111111111111 0 0.062037037037037036 0 0.14444444444444443 0.003125 0.14814814814814814 0.003125 0.15462962962962962 0 0.1574074074074074 0 0.22314814814814815 0.0015625 0.23055555555555557 0.0036458333333333334 0.2324074074074074 0 0.24166666666666667 0 0.24814814814814815 0.0067708333333333336 0.25555555555555554 0.011979166666666667 0.2574074074074074 0.022395833333333334 0.2777777777777778 0.025 0.29074074074074074 0.030208333333333334 0.30277777777777776 0.0421875 0.3138888888888889 0.0484375 0.32314814814814813 0.0578125 0.3296296296296296 0.0640625 0.33055555555555555 0.09166666666666666 0.3509259259259259 0.10208333333333333 0.36203703703703705 0.11614583333333334 0.3712962962962963 0.12552083333333333 0.3851851851851852 0.14479166666666668 0.4027777777777778 0.13802083333333334 0.43148148148148147 0.13125 0.47129629629629627 0.13072916666666667 0.48333333333333334 0.13333333333333333 0.4898148148148148 0.13802083333333334 0.5212962962962963 0.15729166666666666 0.587037037037037 0.17864583333333334 0.6305555555555555 0.18958333333333333 0.6685185185185185 0.2015625 0.6935185185185185 0.21041666666666667 0.700925925925926 0.22291666666666668 0.6990740740740741 0.2453125 0.7296296296296296 0.259375 0.737037037037037 0.2640625 0.7481481481481481 0.26458333333333334 0.7564814814814815 0.271875 0.7638888888888888 0.27291666666666664 0.7685185185185185 0.27708333333333335 0.7731481481481481 0.28125 0.7731481481481481 0.2833333333333333 0.7648148148148148 0.2864583333333333 0.7666666666666667 0.2859375 0.7712962962962963 0.2884114583333333 0.7620370370370371 0.29791666666666666 0.7601851851851852 0.3026041666666667 0.7601851851851852 0.3182291666666667 0.7712962962962963 0.32864583333333336 0.7685185185185185 0.33541666666666664 0.7638888888888888 0.3411458333333333 0.7555555555555555 0.34375 0.7509259259259259 0.3458333333333333 0.7398148148148148 0.35052083333333334 0.7342592592592593 0.35625 0.7444444444444445 0.35833333333333334 0.7555555555555555 0.36770833333333336 0.7574074074074074 0.3796875 0.7509259259259259 0.3890625 0.7481481481481481 0.39375 0.75 0.3984375 0.7462962962962963 0.40572916666666664 0.7462962962962963 0.4083333333333333 0.75 0.4140625 0.7509259259259259 0.4203125 0.7462962962962963 0.4390625 0.7435185185185185 0.4505208333333333 0.7342592592592593 0.45416666666666666 0.7231481481481481 0.4578125 0.7231481481481481 0.4588541666666667 0.7324074074074074 0.4625 0.737037037037037 0.46927083333333336 0.7416666666666667 0.4817708333333333 0.7435185185185185 0.4875 0.75 0.5052083333333334 0.7296296296296296 0.509375 0.7055555555555556 0.5088541666666667 0.6925925925925925 0.5135416666666667 0.6527777777777778 0.5104166666666666 0.6222222222222222 0.5104166666666666 0.5981481481481481 0.5078125 0.587037037037037 0.5119791666666667 0.5796296296296296 0.525 0.5916666666666667 0.5302083333333333 0.5916666666666667 0.5359375 0.5805555555555556 0.5390625 0.5842592592592593 0.5661458333333333 0.5805555555555556 0.5619791666666667 0.562037037037037 0.5515625 0.5416666666666666 0.5375 0.5203703703703704 0.5354166666666667 0.5092592592592593 0.5348958333333333 0.49074074074074076 0.5375 0.46296296296296297 0.5494791666666666 0.43425925925925923 0.5536458333333333 0.4148148148148148 0.5536458333333333 0.4074074074074074 0.5489583333333333 0.3888888888888889 0.5447916666666667 0.3824074074074074 0.5390625 0.3592592592592593 0.5328125 0.2851851851851852 0.5135416666666667 0.25092592592592594 0.5083333333333333 0.23703703703703705 0.5005208333333333 0.22962962962962963 0.4791666666666667 0.20092592592592592 0.4635416666666667 0.18703703703703703 0.4421875 0.16203703703703703 0.4317708333333333 0.15555555555555556 0.425 0.14629629629629629 0.4192708333333333 0.14351851851851852 0.40520833333333334 0.12777777777777777 0.39114583333333336 0.11666666666666667 0.3671875 0.11018518518518519 0.35572916666666665 0.11018518518518519 0.32708333333333334 0.11944444444444445 0.31302083333333336 0.12777777777777777 0.30572916666666666 0.13518518518518519 0.296875 0.1388888888888889 0.27708333333333335 0.13240740740740742 0.27291666666666664 0.14166666666666666 0.2640625 0.14814814814814814 0.25052083333333336 0.1685185185185185 0.23229166666666667 0.1712962962962963 0.22864583333333333 0.1638888888888889 0.22604166666666667 0.16296296296296298 0.21197916666666666 0.12685185185185185 0.2140625 0.11018518518518519 0.2125 0.09166666666666666 0.20572916666666666 0.06944444444444445 0.2 0.025925925925925925 0.19791666666666666 0.021296296296296296 0.19270833333333334 0.018518518518518517 0.18802083333333333 0.021296296296296296 0.18125 0.037037037037037035 0.16979166666666667 0.016666666666666666 0.16302083333333334 0 0.14270833333333333 0 0.140625 0.002777777777777778 0.13072916666666667 0 0.0875 0 0.08385416666666666 0.002777777777777778 0.06822916666666666 0 0.0234375 0 0.008854166666666666 0.03518518518518519
1 0.5385416666666667 0.8722222222222222 0.534375 0.9 0.51875 0.9416666666666667 0.5255208333333333 0.9435185185185185 0.5557291666666667 0.9388888888888889 0.5640625 0.9324074074074075 0.5734375 0.9101851851851852 0.5755208333333334 0.8916666666666667 0.5723958333333333 0.8648148148148148 0.5697916666666667 0.8601851851851852 0.5630208333333333 0.8601851851851852 0.5385416666666667 0.8722222222222222
1 0.4890625 0.7777777777777778 0.4895833333333333 0.7962962962962963 0.5010416666666667 0.7962962962962963 0.503125 0.7935185185185185 0.503125 0.7870370370370371 0.5046875 0.7870370370370371 0.5067708333333333 0.7935185185185185 0.5098958333333333 0.7870370370370371 0.5130208333333334 0.7935185185185185 0.5411458333333333 0.7916666666666666 0.5359375 0.7824074074074074 0.5317708333333333 0.7851851851851852 0.5291666666666667 0.7759259259259259 0.5234375 0.7666666666666667 0.5166666666666667 0.7601851851851852 0.5052083333333334 0.7555555555555555 0.5 0.7555555555555555 0.4979166666666667 0.7574074074074074 0.4979166666666667 0.7620370370370371 0.5057291666666667 0.7777777777777778 0.5015625 0.7824074074074074 0.49635416666666665 0.7731481481481481 0.49114583333333334 0.7731481481481481 0.4890625 0.7777777777777778
3 0.8442708333333333 0.14166666666666666 0.8416666666666667 0.15092592592592594 0.8505208333333333 0.18703703703703703 0.8578125 0.20277777777777778 0.8666666666666667 0.2101851851851852 0.8692708333333333 0.21851851851851853 0.8697916666666666 0.22314814814814815 0.8666666666666667 0.23333333333333334 0.8666666666666667 0.23981481481481481 0.8692708333333333 0.24166666666666667 0.8802083333333334 0.2351851851851852 0.8869791666666667 0.22314814814814815 0.8869791666666667 0.1962962962962963 0.8807291666666667 0.1574074074074074 0.8739583333333333 0.13148148148148148 0.8708333333333333 0.12777777777777777 0.85625 0.12777777777777777 0.8442708333333333 0.14166666666666666
3 0.5895833333333333 0.924074074074074 0.5901041666666667 0.9546296296296296 0.59375 0.962037037037037 0.59375 0.9657407407407408 0.5994791666666667 0.975 0.6052083333333333 0.9796296296296296 0.6166666666666667 0.9805555555555555 0.6395833333333333 0.9981481481481481 0.7385416666666667 0.9981481481481481 0.7416666666666667 0.9962962962962963 0.7619791666666667 0.9666666666666667 0.76875 0.9481481481481482 0.76875 0.9416666666666667 0.7630208333333334 0.9351851851851852 0.759375 0.9259259259259259 0.7453125 0.9231481481481482 0.7322916666666667 0.9166666666666666 0.7098958333333333 0.8916666666666667 0.7 0.8888888888888888 0.696875 0.8851851851851852 0.6838541666666667 0.8842592592592593 0.6734375 0.8916666666666667 0.6677083333333333 0.8916666666666667 0.6640625 0.8962962962962963 0.6625 0.8824074074074074 0.6567708333333333 0.8805555555555555 0.6557291666666667 0.8777777777777778 0.6354166666666666 0.8777777777777778 0.6291666666666667 0.8842592592592593 0.6192708333333333 0.8842592592592593 0.6161458333333333 0.8870370370370371 0.6125 0.8851851851851852 0.6088541666666667 0.8935185185185185 0.5973958333333333 0.9027777777777778 0.5895833333333333 0.924074074074074
3 0.41354166666666664 0.975925925925926 0.4109375 0.9888888888888889 0.40729166666666666 0.9935185185185185 0.4088541666666667 0.9981481481481481 0.4359375 0.9981481481481481 0.44375 0.9944444444444445 0.484375 0.9962962962962963 0.4895833333333333 0.9935185185185185 0.4901041666666667 0.9861111111111112 0.49895833333333334 0.9805555555555555 0.5026041666666666 0.9722222222222222 0.509375 0.9638888888888889 0.5145833333333333 0.9462962962962963 0.5307291666666667 0.9101851851851852 0.5369791666666667 0.8824074074074074 0.5375 0.8694444444444445 0.5421875 0.8638888888888889 0.5458333333333333 0.8518518518518519 0.5489583333333333 0.85 0.5552083333333333 0.8305555555555556 0.5567708333333333 0.8101851851851852 0.5552083333333333 0.7981481481481482 0.5083333333333333 0.7944444444444444 0.4869791666666667 0.8009259259259259 0.4828125 0.8055555555555556 0.4703125 0.8435185185185186 0.46822916666666664 0.8666666666666667 0.4640625 0.8759259259259259 0.46197916666666666 0.8870370370370371 0.45729166666666665 0.8935185185185185 0.4473958333333333 0.9231481481481482 0.44114583333333335 0.9342592592592592 0.43854166666666666 0.9351851851851852 0.42552083333333335 0.962037037037037 0.41354166666666664 0.975925925925926
3 0.2630208333333333 0.6981481481481482 0.2677083333333333 0.6962962962962963 0.271875 0.7055555555555556 0.26927083333333335 0.7101851851851851 0.2682291666666667 0.7185185185185186 0.26197916666666665 0.7148148148148148 0.26510416666666664 0.7398148148148148 0.2713541666666667 0.7472222222222222 0.2791666666666667 0.7546296296296297 0.29270833333333335 0.7555555555555555 0.29583333333333334 0.7592592592592593 0.30416666666666664 0.7601851851851852 0.3171875 0.7712962962962963 0.325 0.7712962962962963 0.3302083333333333 0.7685185185185185 0.3421875 0.7527777777777778 0.3463541666666667 0.7388888888888889 0.3463541666666667 0.7314814814814815 0.34739583333333335 0.7324074074074074 0.3453125 0.7185185185185186 0.3463541666666667 0.7092592592592593 0.35104166666666664 0.6990740740740741 0.3625 0.6888888888888889 0.3640625 0.6759259259259259 0.36041666666666666 0.6685185185185185 0.3463541666666667 0.6685185185185185 0.3296875 0.6731481481481482 0.32864583333333336 0.6703703703703704 0.33125 0.6601851851851852 0.340625 0.6555555555555556 0.34322916666666664 0.6509259259259259 0.3453125 0.6416666666666667 0.34427083333333336 0.6305555555555555 0.34270833333333334 0.6277777777777778 0.33177083333333335 0.6259259259259259 0.31614583333333335 0.6259259259259259 0.3015625 0.6324074074074074 0.2864583333333333 0.6601851851851852 0.2713541666666667 0.6703703703703704 0.26458333333333334 0.6805555555555556 0.27239583333333334 0.6842592592592592 0.26927083333333335 0.6916666666666667 0.26979166666666665 0.6944444444444444 0.2640625 0.6944444444444444 0.2630208333333333 0.6981481481481482
3 0.7677083333333333 0.2324074074074074 0.7671875 0.25 0.7739583333333333 0.28425925925925927 0.8119791666666667 0.2851851851851852 0.8328125 0.27314814814814814 0.8515625 0.26666666666666666 0.8609375 0.25092592592592594 0.8692708333333333 0.22314814814814815 0.8671875 0.21203703703703702 0.8572916666666667 0.20092592592592592 0.8494791666666667 0.18055555555555555 0.8453125 0.17777777777777778 0.8161458333333333 0.17777777777777778 0.784375 0.21666666666666667 0.7708333333333334 0.2212962962962963 0.7677083333333333 0.2324074074074074
3 0.4432291666666667 0.600925925925926 0.4421875 0.6185185185185185 0.44479166666666664 0.6462962962962963 0.4427083333333333 0.6675925925925926 0.44427083333333334 0.6777777777777778 0.4609375 0.6888888888888889 0.46875 0.6759259259259259 0.48072916666666665 0.6731481481481482 0.48489583333333336 0.687037037037037 0.4864583333333333 0.7027777777777777 0.4864583333333333 0.7092592592592593 0.48489583333333336 0.712037037037037 0.4578125 0.7185185185185186 0.45625 0.7305555555555555 0.46197916666666666 0.7388888888888889 0.4791666666666667 0.7462962962962963 0.4875 0.7546296296296297 0.49895833333333334 0.7481481481481481 0.5052083333333334 0.7342592592592593 0.509375 0.7138888888888889 0.5104166666666666 0.6898148148148148 0.5140625 0.6638888888888889 0.5140625 0.6462962962962963 0.5104166666666666 0.6203703703703703 0.5083333333333333 0.5842592592592593 0.5125 0.5518518518518518 0.5171875 0.5388888888888889 0.5145833333333333 0.5351851851851852 0.51875 0.5305555555555556 0.51875 0.5212962962962963 0.5182291666666666 0.5138888888888888 0.5083333333333333 0.4888888888888889 0.5036458333333333 0.4824074074074074 0.48333333333333334 0.47962962962962963 0.4765625 0.4935185185185185 0.475 0.5055555555555555 0.46979166666666666 0.5185185185185185 0.46822916666666664 0.5305555555555556 0.4625 0.5444444444444444 0.4609375 0.5592592592592592 0.45625 0.5712962962962963 0.45677083333333335 0.5879629629629629 0.46145833333333336 0.5944444444444444 0.4625 0.6055555555555555 0.46770833333333334 0.6194444444444445 0.46822916666666664 0.6296296296296297 0.4661458333333333 0.6351851851851852 0.46197916666666666 0.6342592592592593 0.4546875 0.6055555555555555 0.44947916666666665 0.5935185185185186 0.44583333333333336 0.5944444444444444 0.4432291666666667 0.600925925925926
3 0.45625 0.9027777777777778 0.4557291666666667 0.9074074074074074 0.4583333333333333 0.9074074074074074 0.45989583333333334 0.9027777777777778 0.4609375 0.9074074074074074 0.4635416666666667 0.9074074074074074 0.46145833333333336 0.9009259259259259 0.4666666666666667 0.8907407407407407 0.46875 0.8944444444444445 0.4739583333333333 0.8944444444444445 0.4765625 0.8981481481481481 0.48802083333333335 0.8981481481481481 0.4895833333333333 0.9046296296296297 0.49375 0.9074074074074074 0.49947916666666664 0.9166666666666666 0.49375 0.9268518518518518 0.49375 0.9601851851851851 0.49583333333333335 0.9638888888888889 0.4984375 0.9638888888888889 0.5 0.9694444444444444 0.5046875 0.9685185185185186 0.5119791666666667 0.9546296296296296 0.5145833333333333 0.9444444444444444 0.5239583333333333 0.9296296296296296 0.5348958333333333 0.9009259259259259 0.5385416666666667 0.8666666666666667 0.5484375 0.850925925925926 0.55 0.8444444444444444 0.5520833333333334 0.8435185185185186 0.5552083333333333 0.8305555555555556 0.5572916666666666 0.8009259259259259 0.5552083333333333 0.7962962962962963 0.515625 0.7935185185185185 0.4864583333333333 0.8009259259259259 0.4817708333333333 0.8074074074074075 0.4713541666666667 0.8398148148148148 0.46822916666666664 0.8638888888888889 0.46458333333333335 0.8731481481481481 0.4609375 0.8935185185185185 0.4588541666666667 0.8935185185185185 0.46041666666666664 0.8944444444444445 0.45989583333333334 0.8981481481481481 0.45625 0.9027777777777778