4 0.0015625 0.4888888888888889 0 0.4888888888888889 0 0.7398148148148148 0.0140625 0.7462962962962963 0.024479166666666666 0.7444444444444445 0.0359375 0.75 0.0375 0.7444444444444445 0.03958333333333333 0.6268518518518519 0.040625 0.6083333333333333 0.04375 0.5935185185185186 0.050520833333333334 0.587037037037037 0.06041666666666667 0.5851851851851851 0.08125 0.5712962962962963 0.08541666666666667 0.5712962962962963 0.08958333333333333 0.5666666666666667 0.11927083333333334 0.5574074074074075 0.13020833333333334 0.5509259259259259 0.13697916666666668 0.5435185185185185 0.15625 0.5388888888888889 0.1609375 0.5351851851851852 0.15989583333333332 0.5305555555555556 0.14739583333333334 0.5212962962962963 0.12604166666666666 0.5101851851851852 0.11822916666666666 0.5027777777777778 0.10364583333333334 0.4981481481481482 0.08489583333333334 0.4962962962962963 0.071875 0.5009259259259259 0.0609375 0.5009259259259259 0.05 0.49444444444444446 0.041666666666666664 0.4935185185185185 0.0328125 0.5009259259259259 0.027604166666666666 0.5101851851851852 0.016666666666666666 0.5101851851851852 0.0140625 0.5074074074074074 0.009895833333333333 0.49444444444444446 0.0015625 0.4888888888888889
4 0.20833333333333334 0.5962962962962963 0.20729166666666668 0.5981481481481481 0.20989583333333334 0.6 0.20989583333333334 0.5962962962962963 0.20833333333333334 0.5962962962962963
4 0.2046875 0.5509259259259259 0.20260416666666667 0.5527777777777778 0.20364583333333333 0.5555555555555556 0.209375 0.5574074074074075 0.209375 0.5509259259259259 0.2046875 0.5509259259259259
4 0.1203125 0.03796296296296296 0.11822916666666666 0.075 0.1109375 0.13055555555555556 0.11197916666666667 0.17037037037037037 0.11458333333333333 0.19814814814814816 0.1296875 0.2638888888888889 0.13177083333333334 0.2814814814814815 0.14322916666666666 0.31666666666666665 0.14791666666666667 0.32592592592592595 0.15208333333333332 0.34629629629629627 0.171875 0.4046296296296296 0.1796875 0.4351851851851852 0.1859375 0.44166666666666665 0.20572916666666666 0.4388888888888889 0.22291666666666668 0.47314814814814815 0.22760416666666666 0.4962962962962963 0.23333333333333334 0.5009259259259259 0.24479166666666666 0.5185185185185185 0.25364583333333335 0.5259259259259259 0.25625 0.5342592592592592 0.2604166666666667 0.5388888888888889 0.26145833333333335 0.55 0.2682291666666667 0.5509259259259259 0.26979166666666665 0.5592592592592592 0.2869791666666667 0.5851851851851851 0.29583333333333334 0.5962962962962963 0.31145833333333334 0.6092592592592593 0.3140625 0.6185185185185185 0.3145833333333333 0.6416666666666667 0.3203125 0.6527777777777778 0.3260416666666667 0.6601851851851852 0.3416666666666667 0.6648148148148149 0.3484375 0.6638888888888889 0.35520833333333335 0.6759259259259259 0.35572916666666665 0.6851851851851852 0.35833333333333334 0.6935185185185185 0.3651041666666667 0.6962962962962963 0.3927083333333333 0.6981481481481482 0.403125 0.6935185185185185 0.41770833333333335 0.6935185185185185 0.42083333333333334 0.6898148148148148 0.4270833333333333 0.6888888888888889 0.43125 0.6824074074074075 0.4348958333333333 0.6638888888888889 0.43125 0.6601851851851852 0.4192708333333333 0.6601851851851852 0.4140625 0.6574074074074074 0.4083333333333333 0.6444444444444445 0.4109375 0.6435185185185185 0.4109375 0.6398148148148148 0.40729166666666666 0.6416666666666667 0.40625 0.6388888888888888 0.40677083333333336 0.625 0.4109375 0.6268518518518519 0.4114583333333333 0.6324074074074074 0.4109375 0.6259259259259259 0.39947916666666666 0.6231481481481481 0.3953125 0.6185185185185185 0.3963541666666667 0.6129629629629629 0.403125 0.612037037037037 0.4161458333333333 0.6166666666666667 0.41822916666666665 0.6138888888888889 0.41875 0.6037037037037037 0.425 0.6 0.43125 0.5888888888888889 0.4484375 0.5916666666666667 0.47604166666666664 0.5731481481481482 0.49114583333333334 0.5685185185185185 0.5010416666666667 0.5527777777777778 0.509375 0.5462962962962963 0.5114583333333333 0.5416666666666666 0.5151041666666667 0.5435185185185185 0.51875 0.5305555555555556 0.5229166666666667 0.5351851851851852 0.5270833333333333 0.5657407407407408 0.5380208333333333 0.5888888888888889 0.5427083333333333 0.5944444444444444 0.5458333333333333 0.612037037037037 0.5515625 0.6212962962962963 0.5578125 0.6231481481481481 0.5604166666666667 0.6194444444444445 0.565625 0.6185185185185185 0.5786458333333333 0.6046296296296296 0.5848958333333333 0.5851851851851851 0.5885416666666666 0.5666666666666667 0.5875 0.5601851851851852 0.5921875 0.5546296296296296 0.5953125 0.5435185185185185 0.5989583333333334 0.5212962962962963 0.6015625 0.48333333333333334 0.6057291666666667 0.46296296296296297 0.6260416666666667 0.41388888888888886 0.6354166666666666 0.41388888888888886 0.640625 0.4101851851851852 0.6484375 0.3962962962962963 0.6494791666666667 0.3277777777777778 0.653125 0.3194444444444444 0.6625 0.3074074074074074 0.66875 0.2740740740740741 0.6786458333333333 0.23703703703703705 0.6807291666666667 0.20925925925925926 0.6776041666666667 0.19814814814814816 0.6776041666666667 0.18796296296296297 0.6854166666666667 0.16666666666666666 0.6921875 0.12962962962962962 0.6921875 0.11666666666666667 0.6875 0.09722222222222222 0.6869791666666667 0.08796296296296297 0.6880208333333333 0.05555555555555555 0.6869791666666667 0.012037037037037037 0.6848958333333334 0 0.6291666666666667 0 0.6125 0.004629629629629629 0.5869791666666667 0.000925925925925926 0.58125 0.004629629629629629 0.5682291666666667 0.005555555555555556 0.5473958333333333 0.002777777777777778 0.5145833333333333 0.002777777777777778 0.5119791666666667 0.005555555555555556 0.509375 0.002777777777777778 0.48854166666666665 0.002777777777777778 0.484375 0.007407407407407408 0.4765625 0.005555555555555556 0.4734375 0.009259259259259259 0.44947916666666665 0 0.4234375 0 0.40572916666666664 0.004629629629629629 0.38697916666666665 0.002777777777777778 0.38333333333333336 0 0.33125 0.004629629629629629 0.3104166666666667 0 0.303125 0.004629629629629629 0.29791666666666666 0.002777777777777778 0.29375 0.005555555555555556 0.2755208333333333 0.002777777777777778 0.27291666666666664 0 0.2520833333333333 0 0.24947916666666667 0.002777777777777778 0.2375 0.002777777777777778 0.23489583333333333 0 0.21145833333333333 0 0.209375 0.002777777777777778 0.19947916666666668 0.002777777777777778 0.19479166666666667 0 0.13125 0 0.125 0.013888888888888888 0.1203125 0.03796296296296296
4 0.653125 0.9925925925925926 0.65625 0.9935185185185185 0.653125 0.9925925925925926
4 0.6229166666666667 0.9796296296296296 0.6203125 0.9805555555555555 0.6260416666666667 0.9805555555555555 0.6229166666666667 0.9796296296296296
4 0.43854166666666666 0.9916666666666667 0.4375 0.9935185185185185 0.44166666666666665 0.9962962962962963 0.4625 0.9962962962962963 0.4708333333333333 0.9935185185185185 0.4666666666666667 0.9824074074074074 0.4630208333333333 0.9824074074074074 0.4609375 0.9777777777777777 0.44947916666666665 0.9805555555555555 0.43854166666666666 0.9916666666666667
4 0.6041666666666666 0.987037037037037 0.6036458333333333 0.9898148148148148 0.6052083333333333 0.9916666666666667 0.6125 0.9944444444444445 0.6135416666666667 0.9935185185185185 0.6114583333333333 0.9907407407407407 0.6130208333333333 0.9824074074074074 0.6177083333333333 0.9805555555555555 0.6109375 0.975925925925926 0.609375 0.9805555555555555 0.6078125 0.975925925925926 0.6078125 0.9833333333333333 0.6041666666666666 0.987037037037037
4 0.6223958333333334 0.9685185185185186 0.6197916666666666 0.9731481481481481 0.6317708333333333 0.9731481481481481 0.6302083333333334 0.9666666666666667 0.6223958333333334 0.9685185185185186
4 0.64453125 0.9597222222222223 0.0036458333333333334 0.000925925925925926
4 0.6640625 0.9342592592592592 0.6645833333333333 0.9388888888888889 0.6697916666666667 0.9398148148148148 0.6729166666666667 0.9361111111111111 0.675 0.9388888888888889 0.6723958333333333 0.9351851851851852 0.6640625 0.9342592592592592
4 0.7619791666666667 0.8962962962962963 0.7604166666666666 0.8962962962962963 0.7619791666666667 0.9027777777777778 0.7619791666666667 0.8962962962962963
4 0.43333333333333335 0.8435185185185186 0.434375 0.8546296296296296 0.4328125 0.8638888888888889 0.4354166666666667 0.8712962962962963 0.4390625 0.8592592592592593 0.4401041666666667 0.8416666666666667 0.4375 0.8388888888888889 0.43333333333333335 0.8435185185185186
4 0.6854166666666667 0.7324074074074074 0.6838541666666667 0.7416666666666667 0.690625 0.7435185185185185 0.690625 0.7305555555555555 0.6880208333333333 0.7277777777777777 0.6854166666666667 0.7324074074074074
4 0.45416666666666666 0.7175925925925926 0.45364583333333336 0.7222222222222222 0.4557291666666667 0.725925925925926 0.4635416666666667 0.7277777777777777 0.46927083333333336 0.7231481481481481 0.4739583333333333 0.7231481481481481 0.4744791666666667 0.7148148148148148 0.4739583333333333 0.712037037037037 0.4661458333333333 0.712037037037037 0.45416666666666666 0.7175925925925926
4 0.484375 0.6620370370370371 0.4817708333333333 0.6638888888888889 0.4828125 0.6666666666666666 0.48489583333333336 0.662962962962963 0.48541666666666666 0.6666666666666666 0.49114583333333334 0.6638888888888889 0.484375 0.6620370370370371
4 0.4390625 0.649074074074074 0.4375 0.649074074074074 0.43802083333333336 0.6527777777777778 0.4401041666666667 0.6527777777777778 0.4390625 0.649074074074074
4 0.43125 0.6435185185185185 0.43020833333333336 0.6481481481481481 0.4322916666666667 0.6444444444444445 0.434375 0.6481481481481481 0.4354166666666667 0.6462962962962963 0.43125 0.6435185185185185
4 0.042708333333333334 0.6287037037037037 0.043229166666666666 0.6703703703703704 0.041666666666666664 0.6925925925925925 0.044270833333333336 0.8601851851851852 0.046875 0.8759259259259259 0.04583333333333333 0.8898148148148148 0.04895833333333333 0.9027777777777778 0.05260416666666667 0.9731481481481481 0.05572916666666667 0.9805555555555555 0.05572916666666667 0.9879629629629629 0.059895833333333336 0.9888888888888889 0.0609375 0.9935185185185185 0.06875 0.9981481481481481 0.08645833333333333 0.9981481481481481 0.09791666666666667 0.9935185185185185 0.13854166666666667 0.9935185185185185 0.14791666666666667 0.9981481481481481 0.1640625 0.9981481481481481 0.17395833333333333 0.9962962962962963 0.17604166666666668 0.9935185185185185 0.2125 0.9981481481481481 0.2552083333333333 0.9981481481481481 0.26875 0.9962962962962963 0.275 0.9916666666666667 0.30625 0.9944444444444445 0.33645833333333336 0.9916666666666667 0.3776041666666667 0.9981481481481481 0.38958333333333334 0.9935185185185185 0.3880208333333333 0.9833333333333333 0.38958333333333334 0.975925925925926 0.39791666666666664 0.9666666666666667 0.4 0.9601851851851851 0.403125 0.9592592592592593 0.40729166666666666 0.9527777777777777 0.4114583333333333 0.9527777777777777 0.421875 0.937037037037037 0.4239583333333333 0.937037037037037 0.4265625 0.9305555555555556 0.4203125 0.9111111111111111 0.425 0.8944444444444445 0.4166666666666667 0.8916666666666667 0.4119791666666667 0.8870370370370371 0.4119791666666667 0.8564814814814815 0.41354166666666664 0.8481481481481481 0.41822916666666665 0.8388888888888889 0.4192708333333333 0.8287037037037037 0.4244791666666667 0.8212962962962963 0.4270833333333333 0.8009259259259259 0.4265625 0.7851851851851852 0.4161458333333333 0.7685185185185185 0.4036458333333333 0.7638888888888888 0.3921875 0.7462962962962963 0.3854166666666667 0.7314814814814815 0.38645833333333335 0.7166666666666667 0.3828125 0.7055555555555556 0.3619791666666667 0.7046296296296296 0.3484375 0.7074074074074074 0.34427083333333336 0.7055555555555556 0.34010416666666665 0.6981481481481482 0.33541666666666664 0.6962962962962963 0.321875 0.6638888888888889 0.3177083333333333 0.6620370370370371 0.3104166666666667 0.6481481481481481 0.30364583333333334 0.6481481481481481 0.3020833333333333 0.6453703703703704 0.3 0.6305555555555555 0.29583333333333334 0.6305555555555555 0.29375 0.6259259259259259 0.29322916666666665 0.6055555555555555 0.2869791666666667 0.5981481481481481 0.28541666666666665 0.5888888888888889 0.2734375 0.5851851851851851 0.25416666666666665 0.5703703703703704 0.25416666666666665 0.5555555555555556 0.25104166666666666 0.5462962962962963 0.24739583333333334 0.5425925925925926 0.24739583333333334 0.537962962962963 0.2515625 0.5351851851851852 0.25104166666666666 0.5296296296296297 0.24375 0.5185185185185185 0.23020833333333332 0.5166666666666667 0.225 0.5074074074074074 0.21770833333333334 0.5074074074074074 0.19479166666666667 0.5212962962962963 0.18229166666666666 0.5324074074074074 0.18072916666666666 0.5388888888888889 0.17916666666666667 0.5351851851851852 0.1796875 0.5388888888888889 0.17552083333333332 0.5416666666666666 0.17239583333333333 0.5388888888888889 0.17083333333333334 0.5416666666666666 0.15833333333333333 0.5416666666666666 0.14895833333333333 0.5462962962962963 0.14166666666666666 0.5462962962962963 0.12760416666666666 0.5555555555555556 0.1234375 0.562037037037037 0.1 0.5666666666666667 0.075 0.5805555555555556 0.07135416666666666 0.587037037037037 0.0609375 0.587037037037037 0.0515625 0.5916666666666667 0.04635416666666667 0.5972222222222222 0.04375 0.6055555555555555 0.042708333333333334 0.6287037037037037
4 0.6078125 0.48055555555555557 0.6052083333333333 0.5157407407407407 0.6015625 0.5268518518518519 0.6010416666666667 0.5435185185185185 0.5984375 0.549074074074074 0.5989583333333334 0.5601851851851852 0.5947916666666667 0.5638888888888889 0.5947916666666667 0.5666666666666667 0.5973958333333333 0.5712962962962963 0.6041666666666666 0.5731481481481482 0.6067708333333334 0.5777777777777777 0.6234375 0.5805555555555556 0.6260416666666667 0.5842592592592593 0.6317708333333333 0.5824074074074074 0.6348958333333333 0.5861111111111111 0.6395833333333333 0.5981481481481481 0.6348958333333333 0.6092592592592593 0.6380208333333334 0.612037037037037 0.6328125 0.6138888888888889 0.634375 0.6231481481481481 0.6473958333333333 0.6305555555555555 0.6505208333333333 0.6277777777777778 0.6541666666666667 0.6324074074074074 0.6567708333333333 0.6268518518518519 0.6580729166666667 0.6305555555555555 0.6614583333333334 0.6305555555555555 0.6614583333333334 0.6277777777777778 0.6567708333333333 0.6259259259259259 0.6546875 0.6212962962962963 0.65 0.6231481481481481 0.6463541666666667 0.612037037037037 0.6512151041666667 0.600925925925926 0.6541666666666667 0.6055555555555555 0.6541666666666667 0.5944444444444444 0.6682291666666667 0.5916666666666667 0.6916666666666667 0.5935185185185186 0.7026041666666667 0.5824074074074074 0.7203125 0.6138888888888889 0.7171875 0.6296296296296297 0.71875 0.6481481481481481 0.721875 0.6537037037037037 0.7197916666666667 0.6555555555555556 0.7197916666666667 0.6592592592592592 0.7239583333333334 0.6592592592592592 0.7260416666666667 0.6694444444444444 0.725 0.6842592592592592 0.7208333333333333 0.6981481481481482 0.7203125 0.7092592592592593 0.7119791666666667 0.7185185185185186 0.7078125 0.7305555555555555 0.7046875 0.7435185185185185 0.70625 0.7462962962962963 0.7046875 0.7620370370370371 0.7005208333333334 0.7694444444444445 0.7005208333333334 0.7796296296296297 0.6979166666666666 0.7851851851851852 0.690625 0.7888888888888889 0.690625 0.8 0.69375 0.8074074074074075 0.6890625 0.812962962962963 0.6890625 0.8277777777777777 0.6796875 0.8592592592592593 0.68125 0.862037037037037 0.6822916666666666 0.8962962962962963 0.69375 0.9166666666666666 0.69375 0.9259259259259259 0.6994791666666667 0.9453703703703704 0.7041666666666667 0.950925925925926 0.7098958333333333 0.9481481481481482 0.7130208333333333 0.950925925925926 0.7119791666666667 0.975 0.7171875 0.9805555555555555 0.71875 0.987037037037037 0.7234375 0.9935185185185185 0.7369791666666666 0.9824074074074074 0.7447916666666666 0.9685185185185186 0.7447916666666666 0.9537037037037037 0.7473958333333334 0.9462962962962963 0.753125 0.9388888888888889 0.753125 0.9027777777777778 0.75625 0.8962962962962963 0.7666666666666667 0.8925925925925926 0.7671875 0.9 0.7651041666666667 0.9101851851851852 0.7671875 0.9175925925925926 0.76875 0.9435185185185185 0.7619791666666667 0.9787037037037037 0.7619791666666667 0.9851851851851852 0.7645833333333333 0.9916666666666667 0.7697916666666667 0.987037037037037 0.7859375 0.987037037037037 0.7885416666666667 0.9898148148148148 0.8083333333333333 0.9935185185185185 0.8375 0.9944444444444445 0.8484375 0.9935185185185185 0.8520833333333333 0.9851851851851852 0.8567708333333334 0.9842592592592593 0.8583333333333333 0.9898148148148148 0.8630208333333333 0.9898148148148148 0.8651041666666667 0.9935185185185185 0.8880208333333334 0.9935185185185185 0.8916666666666667 0.9888888888888889 0.89375 0.9805555555555555 0.8979166666666667 0.9805555555555555 0.9015625 0.9685185185185186 0.9041666666666667 0.9685185185185186 0.9072916666666667 0.9638888888888889 0.9125 0.9490740740740741 0.9166666666666666 0.9435185185185185 0.91875 0.9324074074074075 0.925 0.925 0.9255208333333333 0.9194444444444444 0.9286458333333333 0.9166666666666666 0.9333333333333333 0.899074074074074 0.9427083333333334 0.8796296296296297 0.94375 0.8731481481481481 0.9489583333333333 0.8685185185185185 0.9583333333333334 0.850925925925926 0.9598958333333333 0.850925925925926 0.9697916666666667 0.8240740740740741 0.99375 0.7805555555555556 0.9942708333333333 0.7620370370370371 0.9848958333333333 0.7518518518518519 0.9875 0.7398148148148148 0.98125 0.7342592592592593 0.9859375 0.7305555555555555 0.9828125 0.7305555555555555 0.9838541666666667 0.725925925925926 0.9869791666666666 0.725 0.9885416666666667 0.7138888888888889 0.9932291666666667 0.7101851851851851 0.9947916666666666 0.7027777777777777 0.9994791666666667 0.700925925925926 0.9994791666666667 0.687037037037037 0.9973958333333334 0.6861111111111111 0.9979166666666667 0.675 0.9953125 0.6657407407407407 0.9963541666666667 0.6620370370370371 0.9994791666666667 0.6601851851851852 0.996875 0.6564814814814814 0.9973958333333334 0.6462962962962963 0.9953125 0.6425925925925926 0.9947916666666666 0.6296296296296297 0.9921875 0.6259259259259259 0.9921875 0.6222222222222222 0.9942708333333333 0.6212962962962963 0.9963541666666667 0.6148148148148148 0.9958333333333333 0.5953703703703703 0.9994791666666667 0.5935185185185186 0.9994791666666667 0.5842592592592593 0.9973958333333334 0.5824074074074074 0.9958333333333333 0.5675925925925925 0.9994791666666667 0.5638888888888889 0.996875 0.562962962962963 0.9947916666666666 0.5564814814814815 0.9953125 0.5518518518518518 0.9994791666666667 0.55 0.9994791666666667 0.5305555555555556 0.9963541666666667 0.5277777777777778 0.9994791666666667 0.5231481481481481 0.9994791666666667 0.5074074074074074 0.9973958333333334 0.5064814814814815 0.9963541666666667 0.4981481481481482 0.9994791666666667 0.4935185185185185 0.9958333333333333 0.487962962962963 0.9942708333333333 0.4601851851851852 0.9833333333333333 0.4638888888888889 0.9661458333333334 0.4638888888888889 0.9619791666666667 0.45925925925925926 0.9552083333333333 0.4824074074074074 0.9479166666666666 0.4962962962962963 0.9489583333333333 0.5083333333333333 0.9510416666666667 0.5120370370370371 0.9479166666666666 0.5185185185185185 0.9354166666666667 0.5027777777777778 0.9270833333333334 0.5027777777777778 0.9197916666666667 0.49166666666666664 0.9119791666666667 0.4898148148148148 0.9052083333333333 0.4824074074074074 0.9057291666666667 0.4638888888888889 0.9161458333333333 0.4685185185185185 0.9171875 0.47129629629629627 0.9208333333333333 0.4666666666666667 0.925 0.4685185185185185 0.9239583333333333 0.4666666666666667 0.9260416666666667 0.462037037037037 0.9255208333333333 0.43703703703703706 0.9192708333333334 0.425 0.9182291666666667 0.3925925925925926 0.9223958333333333 0.3768518518518518 0.9276041666666667 0.36666666666666664 0.9458333333333333 0.3638888888888889 0.9489583333333333 0.36203703703703705 0.9515625 0.3527777777777778 0.9640625 0.3527777777777778 0.971875 0.3574074074074074 0.9807291666666667 0.37407407407407406 0.9828125 0.38425925925925924 0.9901041666666667 0.3962962962962963 0.9942708333333333 0.39814814814814814 0.9973958333333334 0.3851851851851852 0.9994791666666667 0.38425925925925924 0.9994791666666667 0.3527777777777778 0.9973958333333334 0.35185185185185186 0.9973958333333334 0.34444444444444444 0.9921875 0.3333333333333333 0.996875 0.3212962962962963 0.9994791666666667 0.3212962962962963 0.9994791666666667 0.3138888888888889 0.9973958333333334 0.31296296296296294 0.9973958333333334 0.30277777777777776 0.9916666666666667 0.2916666666666667 0.9973958333333334 0.2759259259259259 0.9994791666666667 0.275 0.9994791666666667 0.25092592592592594 0.9963541666666667 0.2490740740740741 0.99375 0.2351851851851852 0.9895833333333334 0.22870370370370371 0.9880208333333333 0.21666666666666667 0.9786458333333333 0.1962962962962963 0.9666666666666667 0.19444444444444445 0.946875 0.20462962962962963 0.9328125 0.2074074074074074 0.9015625 0.2324074074074074 0.8822916666666667 0.25092592592592594 0.8765625 0.2601851851851852 0.83125 0.28703703703703703 0.8161458333333333 0.30462962962962964 0.8088541666666667 0.30925925925925923 0.790625 0.3148148148148148 0.7734375 0.3277777777777778 0.734375 0.33240740740740743 0.7010416666666667 0.34629629629629627 0.6885416666666667 0.3574074074074074 0.6869791666666667 0.36203703703703705 0.675 0.37592592592592594 0.6739583333333333 0.38055555555555554 0.6697916666666667 0.3824074074074074 0.6541666666666667 0.4101851851851852 0.65 0.41203703703703703 0.6473958333333333 0.42314814814814816 0.6364583333333333 0.42777777777777776 0.6364583333333333 0.43425925925925923 0.6286458333333333 0.44166666666666665 0.6291666666666667 0.44814814814814813 0.61875 0.4564814814814815 0.6161458333333333 0.4638888888888889 0.6104166666666667 0.46944444444444444 0.6109375 0.47314814814814815 0.6078125 0.48055555555555557
4 0.99375 0.1712962962962963 0.99375 0.1824074074074074 0.99375 0.1712962962962963
1 0.9 0.6916666666666667 0.8994791666666667 0.7064814814814815 0.9015625 0.7185185185185186 0.9057291666666667 0.7212962962962963 0.909375 0.6981481481481482 0.9052083333333333 0.687037037037037 0.9026041666666667 0.687037037037037 0.9 0.6916666666666667
1 0.85625 0.6425925925925926 0.8567708333333334 0.6907407407407408 0.8625 0.7027777777777777 0.8640625 0.7296296296296296 0.8692708333333333 0.7324074074074074 0.8713541666666667 0.725925925925926 0.8671875 0.6981481481481482 0.8677083333333333 0.6601851851851852 0.8625 0.6416666666666667 0.8583333333333333 0.6398148148148148 0.85625 0.6425925925925926
1 0.5395833333333333 0.7324074074074074 0.5416666666666666 0.7435185185185185 0.5390625 0.7462962962962963 0.5390625 0.7546296296296297 0.546875 0.7574074074074074 0.5536458333333333 0.7638888888888888 0.5598958333333334 0.7777777777777778 0.5598958333333334 0.7824074074074074 0.5661458333333333 0.7916666666666666 0.5619791666666667 0.7962962962962963 0.5640625 0.8027777777777778 0.5604166666666667 0.8074074074074075 0.5588541666666667 0.8185185185185185 0.5828125 0.8592592592592593 0.5901041666666667 0.8574074074074074 0.5958333333333333 0.8666666666666667 0.6 0.8685185185185185 0.6260416666666667 0.8685185185185185 0.6348958333333333 0.862037037037037 0.64375 0.8462962962962963 0.6453125 0.837037037037037 0.6411458333333333 0.8222222222222222 0.6369791666666667 0.7805555555555556 0.625 0.7759259259259259 0.6182291666666667 0.7685185185185185 0.6135416666666667 0.7592592592592593 0.6036458333333333 0.7296296296296296 0.6041666666666666 0.7055555555555556 0.5984375 0.6962962962962963 0.5776041666666667 0.6824074074074075 0.5744791666666667 0.6777777777777778 0.565625 0.6731481481481482 0.5578125 0.6731481481481482 0.5458333333333333 0.6851851851851852 0.5432291666666667 0.7212962962962963 0.5395833333333333 0.7324074074074074
1 0.8255208333333334 0.7574074074074074 0.8255208333333334 0.7759259259259259 0.8291666666666667 0.7759259259259259 0.8322916666666667 0.7722222222222223 0.8369791666666667 0.7620370370370371 0.8348958333333333 0.7481481481481481 0.8322916666666667 0.7462962962962963 0.8307291666666666 0.7462962962962963 0.8255208333333334 0.7574074074074074
3 0.6541666666666667 0.9064814814814814 0.6541666666666667 0.924074074074074 0.6572916666666667 0.9388888888888889 0.6515625 0.9462962962962963 0.6572916666666667 0.9527777777777777 0.6739583333333333 0.9962962962962963 0.7145833333333333 0.9981481481481481 0.7197916666666667 0.9944444444444445 0.7166666666666667 0.9824074074074074 0.7083333333333334 0.9666666666666667 0.70625 0.9555555555555556 0.696875 0.9435185185185185 0.69375 0.9361111111111111 0.6911458333333333 0.9138888888888889 0.68125 0.8953703703703704 0.6807291666666667 0.8731481481481481 0.6786458333333333 0.8666666666666667 0.675 0.8638888888888889 0.6666666666666666 0.8638888888888889 0.6640625 0.8666666666666667 0.6567708333333333 0.887962962962963 0.6541666666666667 0.9064814814814814
3 0.5161458333333333 0.42407407407407405 0.5145833333333333 0.43148148148148147 0.5151041666666667 0.44166666666666665 0.51875 0.4546296296296296 0.5244791666666667 0.462037037037037 0.5276041666666667 0.462037037037037 0.5276041666666667 0.44814814814814813 0.5244791666666667 0.4462962962962963 0.5192708333333333 0.4212962962962963 0.5161458333333333 0.42407407407407405
3 0.5244791666666667 0.41944444444444445 0.5265625 0.4305555555555556 0.5296875 0.43703703703703706 0.5296875 0.45 0.5322916666666667 0.45740740740740743 0.5390625 0.462037037037037 0.5447916666666667 0.45925925925925926 0.5458333333333333 0.45555555555555555 0.55 0.4638888888888889 0.5494791666666666 0.47962962962962963 0.5411458333333333 0.4962962962962963 0.5359375 0.4981481481481482 0.5270833333333333 0.4888888888888889 0.51875 0.4925925925925926 0.51875 0.5185185185185185 0.5239583333333333 0.5361111111111111 0.5265625 0.5601851851851852 0.5317708333333333 0.5796296296296296 0.5458333333333333 0.6185185185185185 0.5520833333333334 0.6259259259259259 0.5635416666666667 0.6259259259259259 0.578125 0.6092592592592593 0.5854166666666667 0.5916666666666667 0.5890625 0.5703703703703704 0.5984375 0.5370370370370371 0.6020833333333333 0.4925925925925926 0.60625 0.4648148148148148 0.628125 0.40925925925925927 0.6302083333333334 0.37592592592592594 0.6234375 0.3388888888888889 0.6098958333333333 0.3138888888888889 0.603125 0.3101851851851852 0.5895833333333333 0.31203703703703706 0.5833333333333334 0.3194444444444444 0.5807291666666666 0.32685185185185184 0.5729166666666666 0.36203703703703705 0.5567708333333333 0.37962962962962965 0.5494791666666666 0.3925925925925926 0.546875 0.4027777777777778 0.5473958333333333 0.4111111111111111 0.5421875 0.4111111111111111 0.5411458333333333 0.40370370370370373 0.5390625 0.4009259259259259 0.5328125 0.4009259259259259 0.5270833333333333 0.4074074074074074 0.5244791666666667 0.41944444444444445
3 0.2713541666666667 0.5046296296296297 0.2713541666666667 0.5592592592592592 0.27708333333333335 0.5685185185185185 0.284375 0.575 0.2921875 0.5916666666666667 0.31197916666666664 0.6083333333333333 0.3145833333333333 0.6185185185185185 0.3145833333333333 0.6407407407407407 0.31614583333333335 0.6472222222222223 0.3375 0.6898148148148148 0.3375 0.6935185185185185 0.34375 0.700925925925926 0.3572916666666667 0.6981481481481482 0.37916666666666665 0.6981481481481482 0.3859375 0.700925925925926 0.41822916666666665 0.6981481481481482 0.42916666666666664 0.6935185185185185 0.43645833333333334 0.6796296296296296 0.4390625 0.6685185185185185 0.43697916666666664 0.6574074074074074 0.4119791666666667 0.6555555555555556 0.4005208333333333 0.6481481481481481 0.3984375 0.6435185185185185 0.39375 0.6138888888888889 0.38958333333333334 0.5990740740740741 0.38645833333333335 0.5694444444444444 0.38958333333333334 0.5685185185185185 0.40208333333333335 0.5888888888888889 0.4140625 0.6 0.41822916666666665 0.600925925925926 0.42864583333333334 0.5962962962962963 0.43125 0.587037037037037 0.43125 0.575925925925926 0.4140625 0.5351851851851852 0.3921875 0.5055555555555555 0.37864583333333335 0.49444444444444446 0.3578125 0.5 0.3375 0.48055555555555557 0.3140625 0.4666666666666667 0.30364583333333334 0.45555555555555555 0.2942708333333333 0.45740740740740743 0.29453125 0.4601851851851852 0.2921875 0.45925925925925926 0.2828125 0.4685185185185185 0.278125 0.48055555555555557 0.275 0.48333333333333334 0.2713541666666667 0.5046296296296297
3 0.005208333333333333 0.49444444444444446 0 0.49444444444444446 0 0.5055555555555555 0.0015625 0.5074074074074074 0 0.5092592592592593 0 0.6398148148148148 0.0125 0.6370370370370371 0.022916666666666665 0.6277777777777778 0.0296875 0.6259259259259259 0.03125 0.6212962962962963 0.0359375 0.6185185185185185 0.0453125 0.5851851851851851 0.0453125 0.5731481481481482 0.04114583333333333 0.5555555555555556 0.021354166666666667 0.5231481481481481 0.015104166666666667 0.5166666666666667 0.005208333333333333 0.49444444444444446
3 0.5901041666666667 0.9398148148148148 0.5890625 0.9712962962962963 0.5916666666666667 0.9740740740740741 0.59375 0.9833333333333333 0.5869791666666667 0.9888888888888889 0.5864583333333333 0.9935185185185185 0.5890625 0.9981481481481481 0.6692708333333334 0.9981481481481481 0.671875 0.9935185185185185 0.6625 0.9648148148148148 0.6546875 0.950925925925926 0.6494791666666667 0.9462962962962963 0.6411458333333333 0.9444444444444444 0.6302083333333334 0.9490740740740741 0.628125 0.937037037037037 0.6234375 0.9305555555555556 0.6057291666666667 0.9231481481481482 0.5947916666666667 0.9231481481481482 0.5927083333333333 0.9259259259259259 0.5901041666666667 0.9398148148148148
3 0.5390625 0.9814814814814815 0.5385416666666667 0.9916666666666667 0.5416666666666666 0.9981481481481481 0.5661458333333333 0.9981481481481481 0.58125 0.9935185185185185 0.5869791666666667 0.9685185185185186 0.5864583333333333 0.925 0.5817708333333333 0.9194444444444444 0.5770833333333333 0.9185185185185185 0.5697916666666667 0.9185185185185185 0.5625 0.9231481481481482 0.5567708333333333 0.9351851851851852 0.5588541666666667 0.9527777777777777 0.5552083333333333 0.9574074074074074 0.5458333333333333 0.962037037037037 0.5390625 0.9814814814814815