4 0.3223958333333333 0.5351851851851852 0.321875 0.5462962962962963 0.3234375 0.5509259259259259 0.32760416666666664 0.5574074074074075 0.3296875 0.5574074074074075 0.3390625 0.5740740740740741 0.34375 0.5879629629629629 0.3515625 0.6027777777777777 0.35572916666666665 0.6074074074074074 0.359375 0.6074074074074074 0.36614583333333334 0.6166666666666667 0.3854166666666667 0.6231481481481481 0.4161458333333333 0.6212962962962963 0.42291666666666666 0.6416666666666667 0.42864583333333334 0.6509259259259259 0.44427083333333334 0.6527777777777778 0.4479166666666667 0.6509259259259259 0.45 0.6462962962962963 0.4479166666666667 0.6296296296296297 0.4401041666666667 0.6185185185185185 0.4354166666666667 0.6027777777777777 0.4317708333333333 0.5981481481481481 0.4296875 0.5805555555555556 0.4197916666666667 0.5638888888888889 0.41822916666666665 0.5527777777777778 0.4125 0.5416666666666666 0.4114583333333333 0.5324074074074074 0.4083333333333333 0.5277777777777778 0.4046875 0.5101851851851852 0.39739583333333334 0.4898148148148148 0.39375 0.48703703703703705 0.39166666666666666 0.4685185185185185 0.38645833333333335 0.45925925925925926 0.3854166666666667 0.44907407407407407 0.3765625 0.43703703703703706 0.37395833333333334 0.44166666666666665 0.3692708333333333 0.44351851851851853 0.3640625 0.4546296296296296 0.3578125 0.462037037037037 0.353125 0.4759259259259259 0.3463541666666667 0.48055555555555557 0.33125 0.5055555555555555 0.3307291666666667 0.5101851851851852 0.3265625 0.5166666666666667 0.3223958333333333 0.5351851851851852
4 0.29583333333333334 0.28055555555555556 0.2953125 0.28888888888888886 0.29739583333333336 0.2935185185185185 0.29739583333333336 0.31296296296296294 0.29583333333333334 0.3194444444444444 0.2989583333333333 0.32407407407407407 0.3015625 0.34814814814814815 0.30520833333333336 0.3592592592592593 0.3072916666666667 0.375 0.3026041666666667 0.3824074074074074 0.2984375 0.39814814814814814 0.29791666666666666 0.41203703703703703 0.2994791666666667 0.4185185185185185 0.2953125 0.42685185185185187 0.29583333333333334 0.45092592592592595 0.3 0.4685185185185185 0.30625 0.4759259259259259 0.3104166666666667 0.4759259259259259 0.31354166666666666 0.47962962962962963 0.31666666666666665 0.4777777777777778 0.3328125 0.45092592592592595 0.3359375 0.44907407407407407 0.340625 0.4388888888888889 0.34322916666666664 0.4388888888888889 0.3484375 0.4324074074074074 0.36302083333333335 0.4074074074074074 0.36666666666666664 0.4046296296296296 0.3692708333333333 0.3962962962962963 0.359375 0.3574074074074074 0.3567708333333333 0.35555555555555557 0.35572916666666665 0.34814814814814815 0.3484375 0.33055555555555555 0.3458333333333333 0.33055555555555555 0.3416666666666667 0.32314814814814813 0.33958333333333335 0.32314814814814813 0.32864583333333336 0.30277777777777776 0.3104166666666667 0.2824074074074074 0.30416666666666664 0.2777777777777778 0.29583333333333334 0.28055555555555556
4 0.3411458333333333 0.17777777777777778 0.3390625 0.18518518518518517 0.33489583333333334 0.18518518518518517 0.33489583333333334 0.18888888888888888 0.3421875 0.19166666666666668 0.340625 0.1962962962962963 0.3385416666666667 0.1962962962962963 0.3375 0.20833333333333334 0.3411458333333333 0.21388888888888888 0.3416666666666667 0.21851851851851853 0.3463541666666667 0.21851851851851853 0.3494791666666667 0.20555555555555555 0.34791666666666665 0.1935185185185185 0.3489583333333333 0.19166666666666668 0.346875 0.18981481481481483 0.3489583333333333 0.18703703703703703 0.34427083333333336 0.18888888888888888 0.34375 0.17777777777777778 0.3411458333333333 0.17777777777777778
4 0.5979166666666667 0.12222222222222222 0.0020833333333333333 0.001851851851851852
4 0.6260416666666667 0.09398148148148149 0.0020833333333333333 0.000925925925925926
4 0.6533854166666667 0.08009259259259259 0.0015625 0.000925925925925926
4 0.59375 0.08055555555555556 0.5924999999999999 0.08518518518518518 0.5895833333333333 0.08518518518518518 0.6057291666666667 0.08703703703703704 0.6109375 0.09444444444444444 0.6197916666666666 0.09166666666666666 0.6182291666666667 0.08518518518518518 0.6203125 0.08055555555555556 0.6161458333333333 0.07962962962962963 0.6135416666666667 0.075 0.6130208333333333 0.06851851851851852 0.603125 0.07777777777777778 0.5989583333333334 0.07777777777777778 0.5973958333333333 0.08055555555555556 0.5983333333333333 0.08518518518518518 0.5954166666666667 0.08518518518518518 0.59375 0.08055555555555556
4 0.6286458333333333 0.025 0.625 0.025 0.6296875 0.025925925925925925 0.6286458333333333 0.025
4 0.6223958333333334 0.004629629629629629 0.6223958333333334 0.013888888888888888 0.628125 0.010185185185185186 0.6328125 0.013888888888888888 0.6348958333333333 0.009259259259259259 0.6322916666666667 0.005555555555555556 0.6291666666666667 0.004629629629629629 0.6265625 0.008333333333333333 0.62578125 0.004629629629629629 0.6223958333333334 0.004629629629629629
4 0.3484375 0.22592592592592592 0.34791666666666665 0.2351851851851852 0.3489583333333333 0.2388888888888889 0.3515625 0.23981481481481481 0.35208333333333336 0.25092592592592594 0.36822916666666666 0.29259259259259257 0.3807291666666667 0.31666666666666665 0.38177083333333334 0.32314814814814813 0.3875 0.33425925925925926 0.39114583333333336 0.337037037037037 0.4005208333333333 0.35555555555555557 0.40677083333333336 0.36203703703703705 0.40729166666666666 0.3685185185185185 0.4119791666666667 0.37777777777777777 0.4140625 0.387037037037037 0.42291666666666666 0.4027777777777778 0.43125 0.42592592592592593 0.44114583333333335 0.4444444444444444 0.44479166666666664 0.45925925925925926 0.465625 0.5009259259259259 0.47604166666666664 0.5305555555555556 0.4828125 0.5435185185185185 0.4822916666666667 0.55 0.48020833333333335 0.5527777777777778 0.45625 0.5509259259259259 0.45364583333333336 0.5527777777777778 0.44947916666666665 0.562962962962963 0.4505208333333333 0.575 0.4583333333333333 0.587037037037037 0.4588541666666667 0.5916666666666667 0.4640625 0.5990740740740741 0.4666666666666667 0.6074074074074074 0.478125 0.625 0.4630208333333333 0.6638888888888889 0.45364583333333336 0.6620370370370371 0.4453125 0.6731481481481482 0.4432291666666667 0.6842592592592592 0.4395833333333333 0.6916666666666667 0.4390625 0.7037037037037037 0.44375 0.7138888888888889 0.46510416666666665 0.7361111111111112 0.4552083333333333 0.7574074074074074 0.45416666666666666 0.7731481481481481 0.45625 0.7833333333333333 0.47239583333333335 0.7962962962962963 0.4875 0.8027777777777778 0.4890625 0.8296296296296296 0.4953125 0.8388888888888889 0.5208333333333334 0.8481481481481481 0.5463541666666667 0.8462962962962963 0.5598958333333334 0.8527777777777777 0.5697916666666667 0.8527777777777777 0.584375 0.8574074074074074 0.5921875 0.8638888888888889 0.6010416666666667 0.8768518518518519 0.6057291666666667 0.8888888888888888 0.6072916666666667 0.9027777777777778 0.6151041666666667 0.9185185185185185 0.625 0.9277777777777778 0.6463541666666667 0.9342592592592592 0.6682291666666667 0.9342592592592592 0.6807291666666667 0.9305555555555556 0.7125 0.9120370370370371 0.71875 0.9120370370370371 0.7260416666666667 0.9055555555555556 0.7307291666666667 0.9046296296296297 0.7348958333333333 0.899074074074074 0.7630208333333334 0.8851851851851852 0.7973958333333333 0.8851851851851852 0.8052083333333333 0.8981481481481481 0.8125 0.95 0.8171875 0.9648148148148148 0.8192708333333333 0.9796296296296296 0.8234375 0.9935185185185185 0.8286458333333333 0.9962962962962963 0.9166666666666666 0.9962962962962963 0.9380208333333333 0.9935185185185185 0.9770833333333333 0.9962962962962963 0.9942708333333333 0.9935185185185185 0.9994791666666667 0.987037037037037 0.9994791666666667 0.950925925925926 0.9953125 0.9453703703703704 0.9958333333333333 0.9407407407407408 0.9994791666666667 0.9388888888888889 0.9994791666666667 0.9277777777777778 0.9973958333333334 0.9259259259259259 0.9973958333333334 0.9138888888888889 0.9994791666666667 0.9120370370370371 0.9994791666666667 0.9074074074074074 0.9973958333333334 0.9055555555555556 0.9973958333333334 0.9009259259259259 0.9994791666666667 0.899074074074074 0.9994791666666667 0.8805555555555555 0.9973958333333334 0.8796296296296297 0.9973958333333334 0.8703703703703703 0.9994791666666667 0.8694444444444445 0.9994791666666667 0.8212962962962963 0.9973958333333334 0.8185185185185185 0.9973958333333334 0.8157407407407408 0.9994791666666667 0.8148148148148148 0.9994791666666667 0.8027777777777778 0.9979166666666667 0.8018518518518518 0.9994791666666667 0.7935185185185185 0.9979166666666667 0.7935185185185185 0.996875 0.7888888888888889 0.9994791666666667 0.7870370370370371 0.9994791666666667 0.7777777777777778 0.9973958333333334 0.7759259259259259 0.9963541666666667 0.7694444444444445 0.9973958333333334 0.7324074074074074 0.9994791666666667 0.7305555555555555 0.9994791666666667 0.725925925925926 0.9973958333333334 0.7240740740740741 0.9973958333333334 0.7166666666666667 0.9994791666666667 0.7138888888888889 0.9994791666666667 0.6990740740740741 0.9973958333333334 0.6972222222222222 0.9973958333333334 0.6731481481481482 0.9994791666666667 0.6712962962962963 0.9994791666666667 0.6666666666666666 0.9973958333333334 0.6648148148148149 0.9947916666666666 0.6129629629629629 0.9973958333333334 0.5962962962962963 0.9963541666666667 0.5527777777777778 0.9979166666666667 0.55 0.9963541666666667 0.5453703703703704 0.9963541666666667 0.44907407407407407 0.9947916666666666 0.44537037037037036 0.9973958333333334 0.4305555555555556 0.9973958333333334 0.37777777777777777 0.9958333333333333 0.375 0.9953125 0.33611111111111114 0.9973958333333334 0.30925925925925923 0.9958333333333333 0.3037037037037037 0.9953125 0.2611111111111111 0.9973958333333334 0.25092592592592594 0.9979166666666667 0.23333333333333334 0.9994791666666667 0.2324074074074074 0.9994791666666667 0.22777777777777777 0.9973958333333334 0.22592592592592592 0.9953125 0.19444444444444445 0.9963541666666667 0.1712962962962963 0.9994791666666667 0.16666666666666666 0.9973958333333334 0.1648148148148148 0.9994791666666667 0.1527777777777778 0.9963541666666667 0.15 0.9979166666666667 0.14629629629629629 0.9953125 0.14351851851851852 0.9973958333333334 0.06666666666666667 0.9958333333333333 0.06111111111111111 0.9947916666666666 0.021296296296296296 0.9927083333333333 0.004629629629629629 0.7473958333333334 0.002777777777777778 0.7390625 0.005555555555555556 0.7375 0.011111111111111112 0.7333333333333333 0.007407407407407408 0.7328125 0.3638888888888889 0.7296875 0.3685185185185185 0.728125 0.3824074074074074 0.73125 0.3925925925925926 0.7307291666666667 0.4 0.7255208333333333 0.4027777777777778 0.6838541666666667 0.4027777777777778 0.6765625 0.39814814814814814 0.6510416666666666 0.39814814814814814 0.6427083333333333 0.3962962962962963 0.6265625 0.387037037037037 0.6140625 0.3888888888888889 0.5890625 0.37962962962962965 0.5588541666666667 0.3574074074074074 0.5546875 0.3509259259259259 0.5505208333333333 0.3509259259259259 0.5432291666666667 0.3435185185185185 0.5322916666666667 0.3388888888888889 0.5307291666666667 0.3351851851851852 0.5114583333333333 0.3212962962962963 0.4875 0.3138888888888889 0.4739583333333333 0.30277777777777776 0.45989583333333334 0.30277777777777776 0.446875 0.2962962962962963 0.42604166666666665 0.2935185185185185 0.40625 0.28703703703703703 0.38697916666666665 0.26851851851851855 0.3828125 0.2601851851851852 0.3776041666666667 0.25555555555555554 0.3734375 0.24444444444444444 0.3692708333333333 0.23981481481481481 0.3640625 0.2388888888888889 0.35572916666666665 0.22314814814814815 0.3484375 0.22592592592592592
4 0.49375 0.002777777777777778 0.49166666666666664 0.004629629629629629 0.49375 0.03425925925925926 0.496875 0.03981481481481482 0.5010416666666667 0.0712962962962963 0.5046875 0.07592592592592592 0.5078125 0.08518518518518518 0.5125 0.08518518518518518 0.51484375 0.09351851851851851 0.5125 0.1 0.5114583333333333 0.09351851851851851 0.5083333333333333 0.09444444444444444 0.5114583333333333 0.10092592592592593 0.50625 0.10648148148148148 0.5067708333333333 0.11203703703703703 0.5046875 0.11388888888888889 0.5057291666666667 0.12407407407407407 0.5119791666666667 0.13425925925925927 0.5197916666666667 0.13703703703703704 0.53125 0.15092592592592594 0.5458333333333333 0.1398148148148148 0.5651041666666666 0.13796296296296295 0.5671875 0.14444444444444443 0.5671875 0.16018518518518518 0.5697916666666667 0.1638888888888889 0.5692708333333333 0.17962962962962964 0.5703125 0.18425925925925926 0.5734375 0.18703703703703703 0.5744791666666667 0.1935185185185185 0.5848958333333333 0.1935185185185185 0.5875 0.1824074074074074 0.59375 0.1824074074074074 0.6083333333333333 0.17314814814814813 0.6244791666666667 0.17592592592592593 0.628125 0.1824074074074074 0.6411458333333333 0.18703703703703703 0.64375 0.18055555555555555 0.6479166666666667 0.1824074074074074 0.6473958333333333 0.17685185185185184 0.6494791666666667 0.17592592592592593 0.6505208333333333 0.1712962962962963 0.6432291666666666 0.1675925925925926 0.6432291666666666 0.16111111111111112 0.6458333333333334 0.16018518518518518 0.6463541666666667 0.15555555555555556 0.6536458333333334 0.15092592592592594 0.6598958333333333 0.15462962962962962 0.6625 0.15462962962962962 0.6640625 0.15092592592592594 0.6682291666666667 0.1527777777777778 0.6682291666666667 0.14814814814814814 0.6515625 0.14351851851851852 0.6515625 0.1388888888888889 0.6494791666666667 0.13703703703703704 0.6536458333333334 0.13055555555555556 0.6520833333333333 0.12314814814814815 0.6541666666666667 0.12129629629629629 0.6572916666666667 0.10925925925925926 0.6541666666666667 0.08703703703703704 0.6494791666666667 0.08703703703703704 0.6463541666666667 0.09166666666666666 0.6390625 0.09351851851851851 0.6369791666666667 0.09814814814814815 0.6354166666666666 0.09351851851851851 0.634375 0.0962962962962963 0.6317708333333333 0.09444444444444444 0.6119791666666666 0.06388888888888888 0.6213541666666667 0.04814814814814815 0.625 0.05740740740740741 0.6255208333333333 0.05277777777777778 0.6276041666666666 0.05277777777777778 0.6296875 0.05740740740740741 0.6328125 0.05092592592592592 0.63125 0.04537037037037037 0.6380208333333334 0.04351851851851852 0.6401041666666667 0.046296296296296294 0.6401041666666667 0.041666666666666664 0.6458333333333334 0.03518518518518519 0.6427083333333333 0.03518518518518519 0.6401041666666667 0.030555555555555555 0.6364583333333333 0.03518518518518519 0.6302083333333334 0.030555555555555555 0.61875 0.030555555555555555 0.6182291666666667 0.028703703703703703 0.6229166666666667 0.021296296296296296 0.6192708333333333 0.021296296296296296 0.6140625 0.014814814814814815 0.6177083333333333 0.004629629629629629 0.6151041666666667 0.002777777777777778 0.6130208333333333 0.007407407407407408 0.6125 0.002777777777777778 0.5515625 0.002777777777777778 0.5432291666666667 0.005555555555555556 0.5333333333333333 0.005555555555555556 0.5291666666666667 0.000925925925925926 0.49375 0.002777777777777778
4 0.1328125 0.9527777777777777 0.13020833333333334 0.9555555555555556 0.13020833333333334 0.9592592592592593 0.1328125 0.9601851851851851 0.13645833333333332 0.9555555555555556 0.1328125 0.9527777777777777
4 0.20729166666666668 0.06944444444444445 0.20572916666666666 0.07222222222222222 0.20625 0.08055555555555556 0.2203125 0.10092592592592593 0.23489583333333333 0.11666666666666667 0.23958333333333334 0.1259259259259259 0.25052083333333336 0.1388888888888889 0.2869791666666667 0.17592592592592593 0.29583333333333334 0.17777777777777778 0.30104166666666665 0.16666666666666666 0.30625 0.16203703703703703 0.315625 0.16018518518518518 0.3229166666666667 0.1638888888888889 0.3260416666666667 0.15555555555555556 0.3307291666666667 0.15462962962962962 0.3380208333333333 0.14629629629629629 0.3484375 0.14444444444444443 0.3541666666666667 0.15092592592592594 0.3536458333333333 0.1537037037037037 0.35833333333333334 0.1638888888888889 0.3567708333333333 0.1712962962962963 0.3609375 0.17777777777777778 0.35520833333333335 0.1962962962962963 0.3609375 0.20555555555555555 0.36354166666666665 0.22314814814814815 0.36875 0.22962962962962963 0.3729166666666667 0.22962962962962963 0.37864583333333335 0.22314814814814815 0.3828125 0.175 0.3932291666666667 0.1712962962962963 0.4 0.1638888888888889 0.4 0.14444444444444443 0.39375 0.12685185185185185 0.39114583333333336 0.11203703703703703 0.37864583333333335 0.07592592592592592 0.3609375 0.046296296296296294 0.3359375 0.018518518518518517 0.31145833333333334 0.016666666666666666 0.3 0.019444444444444445 0.275 0.032407407407407406 0.25833333333333336 0.046296296296296294 0.22239583333333332 0.06018518518518518 0.20729166666666668 0.06944444444444445
4 0.1046875 0.004629629629629629 0.11041666666666666 0.008333333333333333 0.11197916666666667 0.013888888888888888 0.11927083333333334 0.012037037037037037 0.12135416666666667 0.007407407407407408 0.12604166666666666 0.005555555555555556 0.11197916666666667 0.002777777777777778 0.10989583333333333 0.007407407407407408 0.1046875 0.004629629629629629
4 0.0015625 0.008333333333333333 0.0036458333333333334 0.020370370370370372 0.0020833333333333333 0.03425925925925926 0.003125 0.04351851851851852 0.0015625 0.049074074074074076 0.0015625 0.062037037037037036 0 0.06388888888888888 0 0.06944444444444445 0.0015625 0.0712962962962963 0 0.09351851851851851 0.0015625 0.09444444444444444 0.0020833333333333333 0.11388888888888889 0.0015625 0.2101851851851852 0 0.21203703703703702 0.0015625 0.21666666666666667 0.0020833333333333333 0.2388888888888889 0.0015625 0.25277777777777777 0 0.25462962962962965 0.0015625 0.2601851851851852 0.0015625 0.3351851851851852 0 0.337037037037037 0 0.3435185185185185 0.0015625 0.34444444444444444 0.0015625 0.36203703703703705 0 0.3638888888888889 0 0.3712962962962963 0.0015625 0.37407407407407406 0.0015625 0.38055555555555554 0 0.3824074074074074 0 0.4074074074074074 0.0015625 0.4101851851851852 0 0.44907407407407407 0.0015625 0.4740740740740741 0 0.4759259259259259 0 0.4824074074074074 0.0015625 0.48518518518518516 0.0020833333333333333 0.5305555555555556 0.0015625 0.5435185185185185 0 0.5444444444444444 0.0015625 0.5546296296296296 0 0.6370370370370371 0.0015625 0.6388888888888888 0.0015625 0.6527777777777778 0.003125 0.6574074074074074 0.003125 0.6759259259259259 0 0.6981481481481482 0 0.7342592592592593 0.0015625 0.737037037037037 0 0.7398148148148148 0.0015625 0.7444444444444445 0.0015625 0.7796296296296297 0 0.7805555555555556 0 0.7935185185185185 0.0015625 0.7944444444444444 0 0.8601851851851852 0.0015625 0.862037037037037 0.0015625 0.8694444444444445 0 0.8712962962962963 0 0.8824074074074074 0.0015625 0.8851851851851852 0.0020833333333333333 0.9018518518518519 0.0015625 0.9629629629629629 0.003125 0.9694444444444444 0.003125 0.9916666666666667 0.005208333333333333 0.9944444444444445 0.0609375 0.9935185185185185 0.0671875 0.9898148148148148 0.075 0.9935185185185185 0.08072916666666667 0.9888888888888889 0.0921875 0.9898148148148148 0.09427083333333333 0.9935185185185185 0.1015625 0.9935185185185185 0.10572916666666667 0.9888888888888889 0.109375 0.9916666666666667 0.1140625 0.9851851851851852 0.11770833333333333 0.9842592592592593 0.11666666666666667 0.9787037037037037 0.12083333333333333 0.975 0.12083333333333333 0.9685185185185186 0.12604166666666666 0.9666666666666667 0.12604166666666666 0.9731481481481481 0.12916666666666668 0.9694444444444444 0.11979166666666667 0.9592592592592593 0.11927083333333334 0.9416666666666667 0.11666666666666667 0.9296296296296296 0.11822916666666666 0.9111111111111111 0.12291666666666666 0.9074074074074074 0.12604166666666666 0.9092592592592592 0.1359375 0.8981481481481481 0.13958333333333334 0.8888888888888888 0.1546875 0.8805555555555555 0.1609375 0.8731481481481481 0.16979166666666667 0.8527777777777777 0.17395833333333333 0.8342592592592593 0.17447916666666666 0.8166666666666667 0.16770833333333332 0.7972222222222223 0.16197916666666667 0.7888888888888889 0.1234375 0.7851851851851852 0.12083333333333333 0.7824074074074074 0.12083333333333333 0.7759259259259259 0.11822916666666666 0.7694444444444445 0.1015625 0.7574074074074074 0.10104166666666667 0.7435185185185185 0.10364583333333334 0.7416666666666667 0.10416666666666667 0.7342592592592593 0.10104166666666667 0.7185185185185186 0.10208333333333333 0.6981481481481482 0.0984375 0.6777777777777778 0.09479166666666666 0.6731481481481482 0.0921875 0.6611111111111111 0.09114583333333333 0.6416666666666667 0.08854166666666667 0.6314814814814815 0.08697916666666666 0.5981481481481481 0.08020833333333334 0.562962962962963 0.0796875 0.5527777777777778 0.075 0.5342592592592592 0.0734375 0.5185185185185185 0.075 0.4898148148148148 0.07864583333333333 0.47129629629629627 0.08229166666666667 0.42407407407407405 0.08489583333333334 0.4166666666666667 0.0859375 0.4046296296296296 0.08541666666666667 0.3824074074074074 0.08072916666666667 0.362962962962963 0.0796875 0.34444444444444444 0.07604166666666666 0.337037037037037 0.07395833333333333 0.32222222222222224 0.07395833333333333 0.2916666666666667 0.07760416666666667 0.2851851851851852 0.08541666666666667 0.28888888888888886 0.08697916666666666 0.2935185185185185 0.09427083333333333 0.3 0.0984375 0.30092592592592593 0.10520833333333333 0.30925925925925923 0.11458333333333333 0.3296296296296296 0.13072916666666667 0.34629629629629627 0.14010416666666667 0.3527777777777778 0.1546875 0.35555555555555557 0.1703125 0.3638888888888889 0.19166666666666668 0.38055555555555554 0.2 0.3888888888888889 0.21666666666666667 0.41388888888888886 0.22760416666666666 0.4398148148148148 0.23177083333333334 0.44351851851851853 0.23645833333333333 0.44351851851851853 0.2546875 0.4324074074074074 0.26197916666666665 0.4101851851851852 0.2604166666666667 0.3731481481481482 0.2578125 0.3648148148148148 0.25729166666666664 0.3509259259259259 0.259375 0.34814814814814815 0.2682291666666667 0.34814814814814815 0.27447916666666666 0.34444444444444444 0.2713541666666667 0.3416666666666667 0.26875 0.34629629629629627 0.26840260416666667 0.3416666666666667 0.25364583333333335 0.3416666666666667 0.25104166666666666 0.3388888888888889 0.240625 0.31666666666666665 0.23854166666666668 0.3055555555555556 0.24114583333333334 0.30092592592592593 0.25416666666666665 0.2935185185185185 0.25729166666666664 0.28888888888888886 0.2796875 0.2851851851851852 0.28229166666666666 0.28055555555555556 0.28802083333333334 0.28055555555555556 0.290625 0.2759259259259259 0.290625 0.2712962962962963 0.28854166666666664 0.2601851851851852 0.2828125 0.25277777777777777 0.2786458333333333 0.23981481481481481 0.2703125 0.22962962962962963 0.26197916666666665 0.21388888888888888 0.24375 0.19166666666666668 0.234375 0.17407407407407408 0.2171875 0.1527777777777778 0.2109375 0.14166666666666666 0.20260416666666667 0.13425925925925927 0.1921875 0.11666666666666667 0.18333333333333332 0.10740740740740741 0.17395833333333333 0.08981481481481482 0.1609375 0.09166666666666666 0.14114583333333333 0.06481481481481481 0.12604166666666666 0.05092592592592592 0.12291666666666666 0.04351851851851852 0.10833333333333334 0.025925925925925925 0.10677083333333333 0.019444444444444445 0.09895833333333333 0.008333333333333333 0.10052083333333334 0.004629629629629629 0.09895833333333333 0.007407407407407408 0.09322916666666667 0.002777777777777778 0.004166666666666667 0.002777777777777778 0.0015625 0.008333333333333333
1 0.3078125 0.7324074074074074 0.3067708333333333 0.7453703703703703 0.309375 0.7509259259259259 0.32864583333333336 0.7462962962962963 0.3328125 0.7398148148148148 0.33229166666666665 0.7305555555555555 0.3234375 0.7185185185185186 0.3151041666666667 0.7185185185185186 0.3078125 0.7324074074074074
3 0.5661458333333333 0.13240740740740742 0.5666666666666667 0.17314814814814813 0.56875 0.18425925925925926 0.5744791666666667 0.19814814814814816 0.5859375 0.19814814814814816 0.5901041666666667 0.19166666666666668 0.6119791666666666 0.17777777777777778 0.6401041666666667 0.1935185185185185 0.6791666666666667 0.19166666666666668 0.6932291666666667 0.19814814814814816 0.6947916666666667 0.20277777777777778 0.7145833333333333 0.22592592592592592 0.7197916666666667 0.2351851851851852 0.7317708333333334 0.2462962962962963 0.7359375 0.26481481481481484 0.7375 0.2814814814814815 0.7546875 0.3351851851851852 0.7598958333333333 0.33425925925925926 0.7666666666666667 0.3277777777777778 0.76875 0.31851851851851853 0.76875 0.30185185185185187 0.7729166666666667 0.25462962962962965 0.7729166666666667 0.2388888888888889 0.76875 0.20092592592592592 0.7557291666666667 0.1685185185185185 0.753125 0.15092592592592594 0.75 0.14351851851851852 0.75 0.13055555555555556 0.7463541666666667 0.12777777777777777 0.7442708333333333 0.12037037037037036 0.7427083333333333 0.0962962962962963 0.7369791666666666 0.0824074074074074 0.7223958333333333 0.06944444444444445 0.7145833333333333 0.06666666666666667 0.6994791666666667 0.05555555555555555 0.6770833333333334 0.05092592592592592 0.6744791666666666 0.04814814814814815 0.6359375 0.046296296296296294 0.625 0.05092592592592592 0.6109375 0.06851851851851852 0.5890625 0.08055555555555556 0.5854166666666667 0.08703703703703704 0.5828125 0.08703703703703704 0.5786458333333333 0.09814814814814815 0.5755208333333334 0.10092592592592593 0.5723958333333333 0.11851851851851852 0.56875 0.12314814814814815 0.5661458333333333 0.13240740740740742
3 0.4203125 0.6231481481481481 0.4192708333333333 0.6351851851851852 0.42604166666666665 0.6509259259259259 0.4322916666666667 0.6546296296296297 0.4453125 0.6546296296296297 0.45208333333333334 0.6462962962962963 0.45 0.6435185185185185 0.4479166666666667 0.6296296296296297 0.4354166666666667 0.6055555555555555 0.42916666666666664 0.6046296296296296 0.4203125 0.6231481481481481
3 0.45 0.5638888888888889 0.4515625 0.5777777777777777 0.46197916666666666 0.5944444444444444 0.4661458333333333 0.6074074074074074 0.47604166666666664 0.6259259259259259 0.4625 0.6620370370370371 0.45364583333333336 0.6601851851851852 0.4473958333333333 0.6666666666666666 0.4421875 0.6851851851851852 0.43854166666666666 0.6916666666666667 0.43854166666666666 0.7055555555555556 0.45208333333333334 0.725 0.46510416666666665 0.7361111111111112 0.45625 0.7527777777777778 0.45260416666666664 0.7638888888888888 0.45260416666666664 0.774074074074074 0.4546875 0.7805555555555556 0.4578125 0.7870370370370371 0.4630208333333333 0.7916666666666666 0.4875 0.8046296296296296 0.48854166666666665 0.8305555555555556 0.4942708333333333 0.8388888888888889 0.5010416666666667 0.8435185185185186 0.5234375 0.85 0.5385416666666667 0.8462962962962963 0.5557291666666667 0.8527777777777777 0.5692708333333333 0.8527777777777777 0.5828125 0.8574074074074074 0.5927083333333333 0.8648148148148148 0.6036458333333333 0.8824074074074074 0.6057291666666667 0.8972222222222223 0.6125 0.9166666666666666 0.6229166666666667 0.9277777777777778 0.6427083333333333 0.9351851851851852 0.671875 0.9351851851851852 0.6833333333333333 0.9305555555555556 0.6942708333333333 0.9212962962962963 0.7182291666666667 0.9120370370370371 0.7348958333333333 0.9009259259259259 0.74375 0.8916666666666667 0.7494791666666667 0.8916666666666667 0.7625 0.8824074074074074 0.7796875 0.8796296296296297 0.7864583333333334 0.8712962962962963 0.7895833333333333 0.8351851851851851 0.7890625 0.8055555555555556 0.7875 0.7685185185185185 0.784375 0.7583333333333333 0.7854166666666667 0.7481481481481481 0.7822916666666667 0.7157407407407408 0.7807291666666667 0.6583333333333333 0.7833333333333333 0.6435185185185185 0.8005208333333333 0.6018518518518519 0.8041666666666667 0.5981481481481481 0.8088541666666667 0.5712962962962963 0.8067708333333333 0.5648148148148148 0.796875 0.5574074074074075 0.7770833333333333 0.55 0.7661458333333333 0.5388888888888889 0.7546875 0.5351851851851852 0.7463541666666667 0.5212962962962963 0.7427083333333333 0.5101851851851852 0.7291666666666666 0.5027777777777778 0.7119791666666667 0.5046296296296297 0.7104166666666667 0.5092592592592593 0.6833333333333333 0.5148148148148148 0.6755208333333333 0.5194444444444445 0.6708333333333333 0.5277777777777778 0.6666666666666666 0.5305555555555556 0.6453125 0.5370370370370371 0.6364583333333333 0.5351851851851852 0.6333333333333333 0.5388888888888889 0.6333333333333333 0.5435185185185185 0.6260416666666667 0.5481481481481482 0.6208333333333333 0.5481481481481482 0.6166666666666667 0.5435185185185185 0.60625 0.5435185185185185 0.603125 0.5388888888888889 0.5791666666666667 0.5351851851851852 0.5598958333333334 0.5388888888888889 0.5213541666666667 0.5388888888888889 0.5125 0.5435185185185185 0.4869791666666667 0.5481481481481482 0.4786458333333333 0.5555555555555556 0.46875 0.5509259259259259 0.4583333333333333 0.55 0.4546875 0.5527777777777778 0.45 0.5638888888888889
3 0.26484375 0.3347222222222222 0.0026041666666666665 0.000925925925925926
3 0.26510416666666664 0.31666666666666665 0.26197916666666665 0.31666666666666665 0.2640625 0.3194444444444444 0.26510416666666664 0.31666666666666665
3 0.2484375 0.3148148148148148 0.24895833333333334 0.3194444444444444 0.25 0.31666666666666665 0.2484375 0.3148148148148148
3 0.3859375 0.18333333333333332 0.3848958333333333 0.20925925925925926 0.3828125 0.21296296296296297 0.3807291666666667 0.23981481481481481 0.37864583333333335 0.24351851851851852 0.38177083333333334 0.25555555555555554 0.3890625 0.26666666666666666 0.39114583333333336 0.26666666666666666 0.40208333333333335 0.28055555555555556 0.41458333333333336 0.28888888888888886 0.42916666666666664 0.28888888888888886 0.4510416666666667 0.2935185185185185 0.4625 0.3 0.4734375 0.30092592592592593 0.48125 0.29814814814814816 0.48854166666666665 0.2740740740740741 0.49947916666666664 0.2574074074074074 0.5036458333333333 0.24351851851851852 0.50625 0.22037037037037038 0.5140625 0.2101851851851852 0.5161458333333333 0.2101851851851852 0.5302083333333333 0.18888888888888888 0.5302083333333333 0.1712962962962963 0.5291666666666667 0.16203703703703703 0.5234375 0.1527777777777778 0.5114583333333333 0.14351851851851852 0.5010416666666667 0.1287037037037037 0.4953125 0.10833333333333334 0.4979166666666667 0.09814814814814815 0.49583333333333335 0.09166666666666666 0.4979166666666667 0.08703703703703704 0.49583333333333335 0.09074074074074075 0.49375 0.08518518518518518 0.4671875 0.08518518518518518 0.4354166666666667 0.09166666666666666 0.42604166666666665 0.10462962962962963 0.4015625 0.12314814814814815 0.4 0.13333333333333333 0.403125 0.14444444444444443 0.40520833333333334 0.1675925925925926 0.39947916666666666 0.17314814814814813 0.3885416666666667 0.17777777777777778 0.3859375 0.18333333333333332
3 0.13229166666666667 0.9546296296296296 0.13020833333333334 0.9555555555555556 0.13229166666666667 0.9601851851851851 0.13697916666666668 0.9574074074074074 0.13697916666666668 0.9546296296296296 0.13229166666666667 0.9546296296296296
3 0.0015625 0.675 0 0.6796296296296296 0 0.7944444444444444 0.0015625 0.7962962962962963 0.0020833333333333333 0.8046296296296296 0.0015625 0.8185185185185185 0 0.8212962962962963 0 0.8296296296296296 0.0015625 0.8305555555555556 0 0.8342592592592593 0 0.8916666666666667 0.0015625 0.8935185185185185 0.0020833333333333333 0.9018518518518519 0.0020833333333333333 0.975925925925926 0.0036458333333333334 0.9935185185185185 0.0067708333333333336 0.9935185185185185 0.0078125 0.9879629629629629 0.014583333333333334 0.9944444444444445 0.058854166666666666 0.9935185185185185 0.0671875 0.9888888888888889 0.07083333333333333 0.9935185185185185 0.11145833333333334 0.9935185185185185 0.11614583333333334 0.9851851851851852 0.11979166666666667 0.9842592592592593 0.11927083333333334 0.9768518518518519 0.1296875 0.9712962962962963 0.13072916666666667 0.9685185185185186 0.12239583333333333 0.9685185185185186 0.11875 0.9638888888888889 0.12239583333333333 0.9555555555555556 0.11822916666666666 0.9472222222222222 0.11822916666666666 0.9120370370370371 0.12291666666666666 0.9074074074074074 0.13333333333333333 0.9046296296296297 0.1375 0.8981481481481481 0.1375 0.8935185185185185 0.14010416666666667 0.8888888888888888 0.15625 0.8796296296296297 0.1671875 0.8638888888888889 0.171875 0.85 0.17447916666666666 0.8351851851851851 0.175 0.8185185185185185 0.171875 0.8055555555555556 0.16666666666666666 0.7935185185185185 0.16197916666666667 0.7888888888888889 0.12291666666666666 0.7824074074074074 0.11822916666666666 0.7694444444444445 0.10104166666666667 0.7574074074074074 0.09739583333333333 0.7509259259259259 0.07708333333333334 0.7342592592592593 0.065625 0.7185185185185186 0.044270833333333336 0.7046296296296296 0.034375 0.6944444444444444 0.021354166666666667 0.6888888888888889 0.0109375 0.6731481481481482 0.005729166666666666 0.6694444444444444 0.0015625 0.675
3 0.4895833333333333 0.000925925925925926 0.4890625 0.012962962962962963 0.49375 0.05092592592592592 0.5046875 0.08611111111111111 0.5046875 0.09259259259259259 0.5005208333333333 0.10833333333333334 0.5015625 0.12037037037037036 0.5046875 0.12962962962962962 0.5130208333333334 0.14166666666666666 0.5270833333333333 0.1527777777777778 0.534375 0.1527777777777778 0.5510416666666667 0.14166666666666666 0.5619791666666667 0.1388888888888889 0.5734375 0.11388888888888889 0.5760416666666667 0.0962962962962963 0.5838541666666667 0.08518518518518518 0.6119791666666666 0.06388888888888888 0.6260416666666667 0.046296296296296294 0.6390625 0.041666666666666664 0.6484375 0.041666666666666664 0.6557291666666667 0.032407407407407406 0.65625 0.020370370370370372 0.659375 0.012037037037037037 0.6578125 0.006481481481481481 0.6625 0.004629629629629629 0.658984375 0.002777777777777778 0.6583333333333333 0.005555555555555556 0.64375 0 0.5453125 0 0.5421875 0.002777777777777778 0.5380208333333333 0.002777777777777778 0.5369791666666667 0 0.4895833333333333 0.000925925925925926
3 0.29296875 0.34074074074074073 0.0005208333333333333 0.001851851851851852
3 0.07604166666666666 0.19814814814814816 0.07552083333333333 0.21666666666666667 0.0734375 0.21944444444444444 0.0734375 0.22870370370370371 0.07708333333333334 0.24351851851851852 0.08072916666666667 0.25092592592592594 0.08072916666666667 0.25462962962962965 0.09270833333333334 0.2712962962962963 0.10052083333333334 0.29907407407407405 0.11354166666666667 0.32592592592592595 0.13229166666666667 0.34629629629629627 0.16666666666666666 0.36018518518518516 0.18333333333333332 0.3712962962962963 0.19791666666666666 0.3851851851851852 0.21875 0.4166666666666667 0.22552083333333334 0.43703703703703706 0.22916666666666666 0.44166666666666665 0.2390625 0.44166666666666665 0.25 0.4351851851851852 0.2598958333333333 0.4185185185185185 0.26197916666666665 0.4101851851851852 0.26197916666666665 0.39351851851851855 0.25677083333333334 0.35462962962962963 0.2578125 0.34629629629629627 0.278125 0.34629629629629627 0.2833333333333333 0.3416666666666667 0.2796875 0.337037037037037 0.28072916666666664 0.3351851851851852 0.29270833333333335 0.3351851851851852 0.2947916666666667 0.3277777777777778 0.29322916666666665 0.3138888888888889 0.290625 0.31203703703703706 0.29322916666666665 0.3055555555555556 0.29322916666666665 0.2935185185185185 0.28854166666666664 0.2814814814814815 0.2911458333333333 0.2759259259259259 0.2911458333333333 0.2638888888888889 0.28854166666666664 0.25462962962962965 0.26197916666666665 0.21203703703703702 0.2546875 0.20462962962962963 0.21875 0.15092592592592594 0.2046875 0.13518518518518519 0.17291666666666666 0.08981481481481482 0.15989583333333332 0.09351851851851851 0.15572916666666667 0.09166666666666666 0.15416666666666667 0.08703703703703704 0.15 0.08703703703703704 0.14739583333333334 0.08055555555555556 0.13854166666666667 0.075 0.125 0.07592592592592592 0.11875 0.08055555555555556 0.11666666666666667 0.08518518518518518 0.11197916666666667 0.08703703703703704 0.10520833333333333 0.09814814814814815 0.09322916666666667 0.13240740740740742 0.0875 0.1425925925925926 0.0859375 0.15462962962962962 0.08333333333333333 0.15925925925925927 0.08072916666666667 0.17222222222222222 0.07916666666666666 0.1824074074074074 0.0796875 0.1935185185185185 0.07604166666666666 0.19814814814814816
3 0.20729166666666668 0.06944444444444445 0.2046875 0.07314814814814814 0.20677083333333332 0.08333333333333333 0.21875 0.09814814814814815 0.2203125 0.10277777777777777 0.25104166666666666 0.14166666666666666 0.2598958333333333 0.14814814814814814 0.2942708333333333 0.18518518518518517 0.296875 0.18425925925925926 0.30104166666666665 0.1685185185185185 0.30520833333333336 0.1638888888888889 0.3171875 0.16203703703703703 0.3203125 0.16666666666666666 0.32447916666666665 0.16666666666666666 0.32916666666666666 0.15555555555555556 0.3375 0.1527777777777778 0.340625 0.14814814814814814 0.35104166666666664 0.15 0.3546875 0.15925925925925927 0.3536458333333333 0.19537037037037036 0.3609375 0.20555555555555555 0.3640625 0.22314814814814815 0.36822916666666666 0.23055555555555557 0.3734375 0.2324074074074074 0.37916666666666665 0.22314814814814815 0.3828125 0.17592592592592593 0.39791666666666664 0.1685185185185185 0.4005208333333333 0.1638888888888889 0.4010416666666667 0.15092592592592594 0.39895833333333336 0.1388888888888889 0.3953125 0.13148148148148148 0.39114583333333336 0.11203703703703703 0.37864583333333335 0.07592592592592592 0.3489583333333333 0.030555555555555555 0.33229166666666665 0.016666666666666666 0.3104166666666667 0.016666666666666666 0.3 0.019444444444444445 0.2760416666666667 0.032407407407407406 0.25885416666666666 0.046296296296296294 0.22864583333333333 0.05740740740740741 0.20729166666666668 0.06944444444444445
3 0.325 0.5148148148148148 0.32447916666666665 0.5194444444444445 0.3145833333333333 0.5351851851851852 0.3151041666666667 0.5388888888888889 0.3203125 0.55 0.3328125 0.562962962962963 0.34375 0.587037037037037 0.34427083333333336 0.5916666666666667 0.35208333333333336 0.6055555555555555 0.3625 0.6166666666666667 0.3770833333333333 0.6231481481481481 0.39010416666666664 0.625 0.41041666666666665 0.6231481481481481 0.421875 0.6055555555555555 0.42916666666666664 0.5851851851851851 0.42916666666666664 0.5805555555555556 0.41458333333333336 0.5435185185185185 0.41041666666666665 0.5231481481481481 0.4015625 0.5018518518518519 0.39479166666666665 0.47962962962962963 0.3932291666666667 0.4685185185185185 0.3875 0.4583333333333333 0.3848958333333333 0.44351851851851853 0.3796875 0.4305555555555556 0.37083333333333335 0.4388888888888889 0.3614583333333333 0.45555555555555555 0.35833333333333334 0.45740740740740743 0.3494791666666667 0.4759259259259259 0.34427083333333336 0.48055555555555557 0.325 0.5148148148148148
3 0.2953125 0.2824074074074074 0.3 0.32407407407407407 0.3 0.3416666666666667 0.30520833333333336 0.362962962962963 0.29583333333333334 0.4074074074074074 0.2942708333333333 0.42314814814814816 0.2942708333333333 0.45740740740740743 0.29583333333333334 0.4666666666666667 0.3 0.4759259259259259 0.30625 0.4824074074074074 0.3140625 0.4824074074074074 0.3234375 0.47129629629629627 0.3416666666666667 0.4398148148148148 0.35520833333333335 0.425 0.35625 0.4203703703703704 0.36822916666666666 0.40555555555555556 0.3703125 0.4009259259259259 0.3703125 0.39444444444444443 0.3640625 0.375 0.3625 0.3638888888888889 0.35260416666666666 0.33425925925925926 0.3453125 0.3277777777777778 0.32916666666666666 0.30092592592592593 0.3125 0.2824074074074074 0.30520833333333336 0.2759259259259259 0.2994791666666667 0.2759259259259259 0.2953125 0.2824074074074074
3 0.33489583333333334 0.1824074074074074 0.3333333333333333 0.18518518518518517 0.3338541666666667 0.20092592592592592 0.34375 0.22777777777777777 0.34479166666666666 0.2351851851851852 0.3645833333333333 0.28703703703703703 0.3807291666666667 0.3194444444444444 0.38229166666666664 0.32592592592592595 0.3932291666666667 0.3435185185185185 0.4005208333333333 0.36018518518518516 0.40572916666666664 0.3648148148148148 0.4083333333333333 0.37592592592592594 0.43333333333333335 0.4324074074074074 0.43697916666666664 0.43703703703703706 0.4583333333333333 0.4935185185185185 0.46875 0.5120370370370371 0.46979166666666666 0.5185185185185185 0.4765625 0.5342592592592592 0.4828125 0.5416666666666666 0.571875 0.5296296296296297 0.5802083333333333 0.5324074074074074 0.5911458333333334 0.5305555555555556 0.6072916666666667 0.5388888888888889 0.6192708333333333 0.5388888888888889 0.6296875 0.5351851851851852 0.634375 0.5296296296296297 0.6364583333333333 0.5231481481481481 0.6682291666666667 0.5231481481481481 0.6786458333333333 0.5101851851851852 0.6947916666666667 0.5055555555555555 0.7026041666666667 0.49444444444444446 0.7125 0.49166666666666664 0.7421875 0.4935185185185185 0.7453125 0.48703703703703705 0.7463541666666667 0.4685185185185185 0.7494791666666667 0.45925925925925926 0.7494791666666667 0.4305555555555556 0.7479166666666667 0.4166666666666667 0.7427083333333333 0.4101851851851852 0.7130208333333333 0.4027777777777778 0.6880208333333333 0.4046296296296296 0.6765625 0.39814814814814814 0.6520833333333333 0.39814814814814814 0.6427083333333333 0.3962962962962963 0.63125 0.3888888888888889 0.6130208333333333 0.3888888888888889 0.5786458333333333 0.3712962962962963 0.5578125 0.35462962962962963 0.5494791666666666 0.34444444444444444 0.5354166666666667 0.3388888888888889 0.5239583333333333 0.3277777777777778 0.5098958333333333 0.3194444444444444 0.4890625 0.3138888888888889 0.478125 0.30277777777777776 0.4661458333333333 0.30277777777777776 0.4328125 0.2916666666666667 0.41302083333333334 0.28888888888888886 0.4005208333333333 0.28055555555555556 0.37604166666666666 0.25092592592592594 0.35833333333333334 0.22314814814814815 0.35625 0.21666666666666667 0.35572916666666665 0.20555555555555555 0.3489583333333333 0.19537037037037036 0.3489583333333333 0.19166666666666668 0.3453125 0.19814814814814816 0.3390625 0.19814814814814816 0.33697916666666666 0.1925925925925926 0.3375 0.18518518518518517 0.33489583333333334 0.1824074074074074
3 0.3489583333333333 0.17777777777777778 0.3463541666666667 0.17777777777777778 0.3484375 0.1824074074074074 0.3489583333333333 0.17777777777777778
3 0.4901041666666667 0 0.4895833333333333 0.01574074074074074 0.49375 0.049074074074074076 0.5046875 0.08333333333333333 0.5052083333333334 0.09166666666666666 0.5015625 0.10555555555555556 0.5015625 0.11574074074074074 0.5036458333333333 0.125 0.5083333333333333 0.13518518518518519 0.5276041666666667 0.1527777777777778 0.5333333333333333 0.1527777777777778 0.5505208333333333 0.14166666666666666 0.5625 0.1388888888888889 0.56875 0.12314814814814815 0.5723958333333333 0.11851851851851852 0.5765625 0.09722222222222222 0.58125 0.08981481481481482 0.5875 0.0824074074074074 0.6125 0.06388888888888888 0.6208333333333333 0.05277777777777778 0.6317708333333333 0.044444444444444446 0.6682291666666667 0.044444444444444446 0.6739583333333333 0.04814814814814815 0.6786458333333333 0.046296296296296294 0.6859375 0.05 0.7005208333333334 0.05092592592592592 0.7088541666666667 0.05740740740740741 0.7171875 0.05462962962962963 0.7234375 0.041666666666666664 0.7307291666666667 0.009259259259259259 0.7307291666666667 0.004629629629629629 0.7265625 0 0.5447916666666667 0 0.540625 0.002777777777777778 0.5375 0 0.4901041666666667 0