4 0.7770833333333333 0.5888888888888889 0.7895833333333333 0.5879629629629629 0.8 0.5981481481481481 0.8140625 0.6268518518518519 0.8317708333333333 0.675 0.8463541666666666 0.7361111111111112 0.8505208333333333 0.7703703703703704 0.8557291666666667 0.7907407407407407 0.8677083333333333 0.862037037037037 0.8807291666666667 0.9009259259259259 0.8838541666666667 0.9268518518518518 0.89375 0.937037037037037 0.896875 0.9453703703703704 0.8984375 0.9666666666666667 0.8921875 0.9731481481481481 0.9015625 0.9833333333333333 0.9026041666666667 0.9944444444444445 0.9010416666666666 0.9990740740740741 0.8791666666666667 0.9990740740740741 0.8765625 0.9953703703703703 0.8682291666666667 0.9944444444444445 0.8703125 0.9833333333333333 0.878125 0.9768518518518519 0.8890625 0.975 0.8885416666666667 0.9694444444444444 0.8807291666666667 0.9666666666666667 0.8661458333333333 0.9712962962962963 0.8661458333333333 0.975925925925926 0.8697916666666666 0.975 0.8703125 0.9777777777777777 0.853125 0.9833333333333333 0.8515625 0.9879629629629629 0.8552083333333333 0.9916666666666667 0.8505208333333333 0.9990740740740741 0.8432291666666667 0.9990740740740741 0.8390625 0.9953703703703703 0.8098958333333334 0.9944444444444445 0.8135416666666667 0.9907407407407407 0.8208333333333333 0.9916666666666667 0.8270833333333333 0.987037037037037 0.8244791666666667 0.9796296296296296 0.8197916666666667 0.975925925925926 0.8151041666666666 0.9601851851851851 0.8171875 0.9490740740740741 0.8135416666666667 0.937962962962963 0.8072916666666666 0.899074074074074 0.7895833333333333 0.8342592592592593 0.7833333333333333 0.7796296296296297 0.7598958333333333 0.7148148148148148 0.7541666666666667 0.7037037037037037 0.75 0.6824074074074075 0.7505208333333333 0.674074074074074 0.7546875 0.6638888888888889 0.7625 0.6620370370370371 0.7729166666666667 0.6648148148148149 0.7744791666666667 0.6620370370370371 0.7744791666666667 0.65 0.7786458333333334 0.6370370370370371 0.7760416666666666 0.6324074074074074 0.7755208333333333 0.6231481481481481 0.7619791666666667 0.6324074074074074 0.7541666666666667 0.6259259259259259 0.75 0.6194444444444445 0.7479166666666667 0.6101851851851852 0.7484375 0.5962962962962963 0.7598958333333333 0.5935185185185186 0.765625 0.5972222222222222 0.7671875 0.5916666666666667 0.7713541666666667 0.5879629629629629 0.7765625 0.5888888888888889
4 0.8463541666666666 0 0.9942708333333333 0 0.9994791666666667 0.004629629629629629 0.9994791666666667 0.09444444444444444 0.9973958333333334 0.09537037037037037 0.9953125 0.10740740740740741 0.9953125 0.11203703703703703 0.9994791666666667 0.11574074074074074 0.9994791666666667 0.17592592592592593 0.9963541666666667 0.1787037037037037 0.9994791666666667 0.18425925925925926 0.9994791666666667 0.2222222222222222 0.9916666666666667 0.23055555555555557 0.9833333333333333 0.24814814814814815 0.9765625 0.2657407407407407 0.971875 0.2916666666666667 0.9682291666666667 0.29907407407407405 0.96875 0.3138888888888889 0.9739583333333334 0.31851851851851853 0.9739583333333334 0.32592592592592595 0.9661458333333334 0.3296296296296296 0.9598958333333333 0.3435185185185185 0.95 0.3574074074074074 0.9458333333333333 0.35648148148148145 0.9286458333333333 0.36574074074074076 0.9197916666666667 0.3824074074074074 0.915625 0.40370370370370373 0.9109375 0.4166666666666667 0.8973958333333333 0.43333333333333335 0.8791666666666667 0.4388888888888889 0.8671875 0.4462962962962963 0.8484375 0.45185185185185184 0.8322916666666667 0.4527777777777778 0.8286458333333333 0.4462962962962963 0.8286458333333333 0.44166666666666665 0.8328125 0.42314814814814816 0.8333333333333334 0.4074074074074074 0.828125 0.40370370370370373 0.825 0.4064814814814815 0.8151041666666666 0.44722222222222224 0.8109375 0.45555555555555555 0.80625 0.4861111111111111 0.8072916666666666 0.5083333333333333 0.8119791666666667 0.5092592592592593 0.8145833333333333 0.5064814814814815 0.8192708333333333 0.5138888888888888 0.8171875 0.5268518518518519 0.8130208333333333 0.5342592592592592 0.8140625 0.562962962962963 0.8104166666666667 0.5703703703703704 0.8067708333333333 0.5722222222222222 0.8005208333333333 0.5694444444444444 0.7869791666666667 0.5712962962962963 0.7734375 0.562962962962963 0.7578125 0.5407407407407407 0.7510416666666667 0.5157407407407407 0.7541666666666667 0.4527777777777778 0.759375 0.43148148148148147 0.7729166666666667 0.40925925925925927 0.7703125 0.4009259259259259 0.7703125 0.38333333333333336 0.7723958333333333 0.375 0.7692708333333333 0.36944444444444446 0.7729166666666667 0.36574074074074076 0.7729166666666667 0.35648148148148145 0.771875 0.35185185185185186 0.7682291666666666 0.35 0.7666666666666667 0.34074074074074073 0.7635416666666667 0.2851851851851852 0.7697916666666667 0.2351851851851852 0.7833333333333333 0.20925925925925926 0.7895833333333333 0.1925925925925926 0.8010416666666667 0.1398148148148148 0.8213541666666667 0.08703703703703704 0.8317708333333333 0.05185185185185185 0.8390625 0.022222222222222223 0.8401041666666667 0.011111111111111112 0.8463541666666666 0.000925925925925926
4 0.2828125 0 0.3963541666666667 0 0.4041666666666667 0.004629629629629629 0.42552083333333335 0.003703703703703704 0.45625 0.008333333333333333 0.48854166666666665 0 0.5302083333333333 0 0.5494791666666666 0.006481481481481481 0.5604166666666667 0.005555555555555556 0.5708333333333333 0 0.6151041666666667 0 0.6239583333333333 0.026851851851851852 0.634375 0.08425925925925926 0.6489583333333333 0.1259259259259259 0.6604166666666667 0.15185185185185185 0.6619791666666667 0.16018518518518518 0.6604166666666667 0.22777777777777777 0.6588541666666666 0.23425925925925925 0.6598958333333333 0.25 0.6489583333333333 0.3 0.6473958333333333 0.3314814814814815 0.64375 0.34814814814814815 0.6369791666666667 0.3611111111111111 0.6057291666666667 0.3888888888888889 0.6015625 0.3990740740740741 0.6026041666666667 0.4111111111111111 0.6083333333333333 0.43425925925925923 0.6098958333333333 0.45740740740740743 0.609375 0.5120370370370371 0.6057291666666667 0.5259259259259259 0.5984375 0.5305555555555556 0.5822916666666667 0.5324074074074074 0.5671875 0.5407407407407407 0.540625 0.5416666666666666 0.5276041666666667 0.5518518518518518 0.5255208333333333 0.5564814814814815 0.525 0.55 0.5104166666666666 0.5259259259259259 0.4984375 0.4824074074074074 0.48125 0.4842592592592593 0.4817708333333333 0.487962962962963 0.49375 0.49074074074074076 0.49166666666666664 0.49444444444444446 0.49583333333333335 0.5027777777777778 0.49947916666666664 0.5324074074074074 0.5020833333333333 0.5361111111111111 0.5015625 0.5407407407407407 0.4984375 0.537962962962963 0.49114583333333334 0.5407407407407407 0.48541666666666666 0.5287037037037037 0.4864583333333333 0.5259259259259259 0.4791666666666667 0.5185185185185185 0.478125 0.5074074074074074 0.4739583333333333 0.5037037037037037 0.4739583333333333 0.4981481481481482 0.4708333333333333 0.49444444444444446 0.4661458333333333 0.49444444444444446 0.45989583333333334 0.47685185185185186 0.45677083333333335 0.47314814814814815 0.45677083333333335 0.4666666666666667 0.4505208333333333 0.4638888888888889 0.4484375 0.4666666666666667 0.45364583333333336 0.4703703703703704 0.45208333333333334 0.47314814814814815 0.453125 0.48055555555555557 0.4578125 0.49074074074074076 0.459375 0.5037037037037037 0.4671875 0.5138888888888888 0.46770833333333334 0.5185185185185185 0.46458333333333335 0.5268518518518519 0.46979166666666666 0.5453703703703704 0.46927083333333336 0.5638888888888889 0.4666666666666667 0.5666666666666667 0.45625 0.5666666666666667 0.4578125 0.5712962962962963 0.4557291666666667 0.575925925925926 0.45729166666666665 0.5787037037037037 0.48125 0.5805555555555556 0.4822916666666667 0.5861111111111111 0.4744791666666667 0.5861111111111111 0.4671875 0.5916666666666667 0.45729166666666665 0.5916666666666667 0.44635416666666666 0.5990740740740741 0.4432291666666667 0.5990740740740741 0.4421875 0.5944444444444444 0.41822916666666665 0.5888888888888889 0.41458333333333336 0.5851851851851851 0.40989583333333335 0.5675925925925925 0.4078125 0.55 0.4015625 0.5333333333333333 0.4010416666666667 0.5212962962962963 0.3963541666666667 0.5046296296296297 0.3921875 0.4740740740740741 0.3880208333333333 0.46296296296296297 0.3875 0.4527777777777778 0.3692708333333333 0.4027777777777778 0.36875 0.41388888888888886 0.37135416666666665 0.42777777777777776 0.38177083333333334 0.4638888888888889 0.3859375 0.49074074074074076 0.39166666666666666 0.5120370370370371 0.3932291666666667 0.5342592592592592 0.396875 0.5416666666666666 0.3953125 0.55 0.3984375 0.5555555555555556 0.3984375 0.5768518518518518 0.39375 0.5851851851851851 0.3880208333333333 0.5805555555555556 0.3734375 0.5861111111111111 0.3692708333333333 0.5824074074074074 0.35885416666666664 0.5851851851851851 0.353125 0.575925925925926 0.340625 0.5712962962962963 0.340625 0.5638888888888889 0.3375 0.5601851851851852 0.33489583333333334 0.549074074074074 0.33125 0.5462962962962963 0.3177083333333333 0.5472222222222223 0.315625 0.5435185185185185 0.3177083333333333 0.5388888888888889 0.32864583333333336 0.5361111111111111 0.3223958333333333 0.525 0.3307291666666667 0.512962962962963 0.3260416666666667 0.4898148148148148 0.328125 0.4703703703703704 0.334375 0.4527777777777778 0.34010416666666665 0.4537037037037037 0.34270833333333334 0.44907407407407407 0.359375 0.44814814814814813 0.3619791666666667 0.44537037037037036 0.3609375 0.43703703703703706 0.3515625 0.4148148148148148 0.3453125 0.4111111111111111 0.3380208333333333 0.4361111111111111 0.3182291666666667 0.44722222222222224 0.3078125 0.462037037037037 0.29375 0.47314814814814815 0.27447916666666666 0.4759259259259259 0.2677083333333333 0.4722222222222222 0.25833333333333336 0.462037037037037 0.24635416666666668 0.4388888888888889 0.24166666666666667 0.38796296296296295 0.221875 0.3527777777777778 0.21979166666666666 0.3416666666666667 0.221875 0.3101851851851852 0.23177083333333334 0.2351851851851852 0.23541666666666666 0.18703703703703703 0.234375 0.15648148148148147 0.24010416666666667 0.1111111111111111 0.24322916666666666 0.09537037037037037 0.24947916666666667 0.08148148148148149 0.2630208333333333 0.03333333333333333 0.278125 0.004629629629629629 0.2828125 0.000925925925925926
4 0.7734375 0.5861111111111111 0.7927083333333333 0.5879629629629629 0.8 0.5972222222222222 0.81875 0.637962962962963 0.8322916666666667 0.6759259259259259 0.8489583333333334 0.7472222222222222 0.8510416666666667 0.7694444444444445 0.8541666666666666 0.7796296296296297 0.8677083333333333 0.8601851851851852 0.88125 0.9009259259259259 0.8838541666666667 0.925 0.8932291666666666 0.9342592592592592 0.8973958333333333 0.9435185185185185 0.8994791666666667 0.9722222222222222 0.903125 0.9861111111111112 0.903125 0.9944444444444445 0.9010416666666666 0.9990740740740741 0.8661458333333333 0.9953703703703703 0.8645833333333334 0.9944444444444445 0.8640625 0.9833333333333333 0.8588541666666667 0.9833333333333333 0.8572916666666667 0.9935185185185185 0.8505208333333333 0.9990740740740741 0.8421875 0.9990740740740741 0.8385416666666666 0.9953703703703703 0.80625 0.9944444444444445 0.8135416666666667 0.9833333333333333 0.815625 0.9453703703703704 0.8130208333333333 0.9388888888888889 0.8057291666666667 0.8953703703703704 0.7989583333333333 0.8759259259259259 0.7942708333333334 0.8481481481481481 0.7890625 0.8342592592592593 0.7833333333333333 0.7796296296296297 0.7536458333333333 0.7018518518518518 0.75 0.6824074074074075 0.7515625 0.6694444444444444 0.7557291666666667 0.662962962962963 0.7729166666666667 0.6638888888888889 0.7729166666666667 0.6527777777777778 0.7770833333333333 0.6370370370370371 0.771875 0.6324074074074074 0.7723958333333333 0.6277777777777778 0.7630208333333334 0.6333333333333333 0.7598958333333333 0.6333333333333333 0.7552083333333334 0.6277777777777778 0.7489583333333333 0.6185185185185185 0.7479166666666667 0.5981481481481481 0.7515625 0.5935185185185186 0.765625 0.5962962962962963 0.7661458333333333 0.5907407407407408 0.7729166666666667 0.5861111111111111
4 0.996875 0.35555555555555557 0.9994791666666667 0.35648148148148145 0.9994791666666667 0.3611111111111111 0.9973958333333334 0.36203703703703705 0.9994791666666667 0.3648148148148148 0.9994791666666667 0.3851851851851852 0.996875 0.38981481481481484 0.9994791666666667 0.39166666666666666 0.9994791666666667 0.44166666666666665 0.9973958333333334 0.4425925925925926 0.9947916666666666 0.45925925925925926 0.9994791666666667 0.46296296296296297 0.9994791666666667 0.4962962962962963 0.9973958333333334 0.4981481481481482 0.9953125 0.5101851851851852 0.9942708333333333 0.5287037037037037 0.9994791666666667 0.5333333333333333 0.9994791666666667 0.5657407407407408 0.9963541666666667 0.5675925925925925 0.996875 0.5824074074074074 0.9942708333333333 0.5944444444444444 0.9942708333333333 0.6333333333333333 0.9901041666666667 0.6351851851851852 0.9885416666666667 0.6398148148148148 0.996875 0.6462962962962963 0.996875 0.6546296296296297 0.9942708333333333 0.6611111111111111 0.9953125 0.6648148148148149 0.9916666666666667 0.6685185185185185 0.9916666666666667 0.675 0.9890625 0.6814814814814815 0.9947916666666666 0.6907407407407408 0.9973958333333334 0.7046296296296296 0.9994791666666667 0.7055555555555556 0.9994791666666667 0.7175925925925926 0.996875 0.7194444444444444 0.996875 0.7240740740740741 0.9994791666666667 0.725 0.9994791666666667 0.7796296296296297 0.9963541666666667 0.7824074074074074 0.9947916666666666 0.7898148148148149 0.9953125 0.7944444444444444 0.9994791666666667 0.799074074074074 0.9994791666666667 0.8333333333333334 0.9979166666666667 0.8342592592592593 0.9994791666666667 0.8361111111111111 0.9994791666666667 0.8425925925925926 0.9958333333333333 0.8453703703703703 0.9994791666666667 0.8518518518518519 0.9994791666666667 0.8981481481481481 0.996875 0.9009259259259259 0.9973958333333334 0.9111111111111111 0.990625 0.9148148148148149 0.9994791666666667 0.9259259259259259 0.9994791666666667 0.9527777777777777 0.9958333333333333 0.9555555555555556 0.996875 0.9731481481481481 0.9895833333333334 0.9833333333333333 0.9765625 0.9944444444444445 0.9479166666666666 0.9944444444444445 0.940625 0.9990740740740741 0.9078125 0.9990740740740741 0.9005208333333333 0.9805555555555555 0.8973958333333333 0.9888888888888889 0.8916666666666667 0.9898148148148148 0.89375 0.9944444444444445 0.8973958333333333 0.9944444444444445 0.8916666666666667 0.9962962962962963 0.8515625 0.9962962962962963 0.8473958333333333 0.9935185185185185 0.8520833333333333 0.9898148148148148 0.8489583333333334 0.9861111111111112 0.8442708333333333 0.987037037037037 0.8442708333333333 0.9842592592592593 0.8494791666666667 0.9805555555555555 0.8505208333333333 0.9712962962962963 0.8489583333333334 0.9685185185185186 0.8369791666666667 0.9685185185185186 0.8348958333333333 0.9657407407407408 0.828125 0.9777777777777777 0.8223958333333333 0.9805555555555555 0.8135416666666667 0.9953703703703703 0.7697916666666667 0.9944444444444445 0.7505208333333333 0.9990740740740741 0.7411458333333333 0.9925925925925926 0.73125 0.9962962962962963 0.7114583333333333 0.9962962962962963 0.7078125 0.9990740740740741 0.6932291666666667 0.9944444444444445 0.6734375 0.9962962962962963 0.6697916666666667 0.9990740740740741 0.6380208333333334 0.9944444444444445 0.6192708333333333 0.9962962962962963 0.6166666666666667 0.9990740740740741 0.5557291666666667 0.9990740740740741 0.5401041666666667 0.9953703703703703 0.5395833333333333 0.987037037037037 0.5442708333333334 0.9768518518518519 0.5635416666666667 0.9666666666666667 0.5708333333333333 0.9527777777777777 0.5734375 0.9407407407407408 0.5734375 0.9111111111111111 0.5869791666666667 0.8888888888888888 0.5932291666666667 0.8722222222222222 0.6078125 0.8518518518518519 0.6104166666666667 0.8398148148148148 0.6229166666666667 0.8175925925925925 0.625 0.7888888888888889 0.628125 0.7805555555555556 0.6286458333333333 0.7638888888888888 0.6375 0.7620370370370371 0.6411458333333333 0.7555555555555555 0.6427083333333333 0.7314814814814815 0.6494791666666667 0.7064814814814815 0.66875 0.687962962962963 0.6817708333333333 0.6796296296296296 0.6875 0.6694444444444444 0.6973958333333333 0.6620370370370371 0.7005208333333334 0.65 0.7 0.6398148148148148 0.69375 0.6231481481481481 0.6890625 0.6194444444444445 0.6864583333333333 0.6268518518518519 0.6713541666666667 0.6444444444444445 0.653125 0.6546296296296297 0.6369791666666667 0.6722222222222223 0.6296875 0.6722222222222223 0.621875 0.6814814814814815 0.6171875 0.6814814814814815 0.609375 0.6768518518518518 0.5994791666666667 0.662962962962963 0.5838541666666667 0.65 0.5817708333333333 0.6444444444444445 0.5822916666666667 0.6361111111111111 0.5755208333333334 0.6212962962962963 0.5708333333333333 0.6166666666666667 0.5598958333333334 0.6157407407407407 0.55625 0.6194444444444445 0.5572916666666666 0.6259259259259259 0.5546875 0.6287037037037037 0.5473958333333333 0.6259259259259259 0.5432291666666667 0.6175925925925926 0.5416666666666666 0.6064814814814815 0.5328125 0.5944444444444444 0.5317708333333333 0.5703703703703704 0.5364583333333334 0.5611111111111111 0.5479166666666667 0.5518518518518518 0.5828125 0.549074074074074 0.6052083333333333 0.537962962962963 0.6416666666666667 0.5361111111111111 0.6770833333333334 0.5203703703703704 0.696875 0.5166666666666667 0.7145833333333333 0.5037037037037037 0.7385416666666667 0.4962962962962963 0.7447916666666666 0.49722222222222223 0.753125 0.5416666666666666 0.765625 0.5611111111111111 0.7677083333333333 0.5722222222222222 0.7619791666666667 0.575925925925926 0.7588541666666667 0.5851851851851851 0.7458333333333333 0.5935185185185186 0.7458333333333333 0.6129629629629629 0.7401041666666667 0.6361111111111111 0.7401041666666667 0.6518518518518519 0.7427083333333333 0.6611111111111111 0.75 0.6722222222222223 0.7515625 0.6990740740740741 0.7578125 0.712037037037037 0.7609375 0.7268518518518519 0.7744791666666667 0.7537037037037037 0.775 0.7611111111111111 0.7817708333333333 0.7796296296296297 0.7817708333333333 0.8009259259259259 0.7869791666666667 0.8157407407407408 0.7880208333333333 0.8324074074074074 0.7916666666666666 0.8379629629629629 0.7890625 0.8435185185185186 0.7890625 0.8555555555555555 0.7869791666666667 0.8592592592592593 0.7895833333333333 0.8666666666666667 0.7932291666666667 0.8675925925925926 0.7963541666666667 0.8731481481481481 0.8010416666666667 0.8694444444444445 0.803125 0.8546296296296296 0.8130208333333333 0.8648148148148148 0.8177083333333334 0.862037037037037 0.8213541666666667 0.8657407407407407 0.8104166666666667 0.8648148148148148 0.803125 0.8731481481481481 0.8036458333333333 0.8796296296296297 0.8015625 0.8833333333333333 0.8041666666666667 0.8916666666666667 0.8104166666666667 0.8888888888888888 0.8145833333333333 0.8935185185185185 0.8104166666666667 0.8935185185185185 0.8072916666666666 0.8981481481481481 0.8140625 0.899074074074074 0.8166666666666667 0.9064814814814814 0.8213541666666667 0.9083333333333333 0.8197916666666667 0.9120370370370371 0.8166666666666667 0.9120370370370371 0.8104166666666667 0.9027777777777778 0.8067708333333333 0.9111111111111111 0.8104166666666667 0.9222222222222223 0.8114583333333333 0.9388888888888889 0.8135416666666667 0.9425925925925925 0.8114583333333333 0.9518518518518518 0.8135416666666667 0.9574074074074074 0.8171875 0.9611111111111111 0.8354166666666667 0.9629629629629629 0.8395833333333333 0.9611111111111111 0.8401041666666667 0.9555555555555556 0.8458333333333333 0.9546296296296296 0.8479166666666667 0.9601851851851851 0.85625 0.9611111111111111 0.8578125 0.9583333333333334 0.8557291666666667 0.9527777777777777 0.859375 0.9518518518518518 0.8614583333333333 0.9444444444444444 0.8661458333333333 0.9444444444444444 0.8703125 0.9388888888888889 0.8864583333333333 0.9314814814814815 0.8838541666666667 0.9268518518518518 0.8828125 0.9092592592592592 0.878125 0.8870370370370371 0.8677083333333333 0.8629629629629629 0.85625 0.7898148148148149 0.846875 0.7444444444444445 0.846875 0.7361111111111112 0.8364583333333333 0.6925925925925925 0.8348958333333333 0.675 0.8270833333333333 0.6592592592592592 0.821875 0.6398148148148148 0.8166666666666667 0.6324074074074074 0.8088541666666667 0.6101851851851852 0.803125 0.6018518518518519 0.7973958333333333 0.5833333333333334 0.8010416666666667 0.5768518518518518 0.8145833333333333 0.5722222222222222 0.8171875 0.5601851851851852 0.8203125 0.5564814814814815 0.8166666666666667 0.537962962962963 0.8260416666666667 0.5277777777777778 0.821875 0.48703703703703705 0.83125 0.46296296296296297 0.8833333333333333 0.45 0.9036458333333334 0.4398148148148148 0.9166666666666666 0.42777777777777776 0.9213541666666667 0.4185185185185185 0.9328125 0.41944444444444445 0.9375 0.41388888888888886 0.9453125 0.41203703703703703 0.9567708333333333 0.40370370370370373 0.9640625 0.39351851851851855 0.965625 0.387037037037037 0.9713541666666666 0.38333333333333336 0.9786458333333333 0.36574074074074076 0.9875 0.362962962962963 0.9869791666666666 0.35833333333333334 0.9895833333333334 0.35555555555555557 0.9963541666666667 0.35555555555555557
4 0.5296875 0.8564814814814815 0.540625 0.8657407407407407 0.5432291666666667 0.8712962962962963 0.54375 0.8796296296296297 0.5427083333333333 0.8842592592592593 0.5333333333333333 0.8888888888888888 0.5291666666666667 0.8944444444444445 0.5213541666666667 0.9083333333333333 0.5171875 0.9212962962962963 0.5177083333333333 0.9342592592592592 0.5213541666666667 0.9407407407407408 0.5369791666666667 0.9351851851851852 0.5416666666666666 0.9388888888888889 0.5432291666666667 0.9453703703703704 0.5432291666666667 0.9740740740740741 0.5302083333333333 0.9990740740740741 0.48125 0.9990740740740741 0.4744791666666667 0.9962962962962963 0.4703125 0.9990740740740741 0.390625 0.9990740740740741 0.40729166666666666 0.9851851851851852 0.4348958333333333 0.9166666666666666 0.4484375 0.8953703703703704 0.4671875 0.8814814814814815 0.4979166666666667 0.8759259259259259 0.515625 0.8592592592592593 0.5291666666666667 0.8564814814814815
1 0.5375 0.6268518518518519 0.553125 0.6444444444444445 0.5619791666666667 0.662962962962963 0.5625 0.6944444444444444 0.5677083333333334 0.7046296296296296 0.5755208333333334 0.7111111111111111 0.575 0.737037037037037 0.5770833333333333 0.7518518518518519 0.58125 0.7638888888888888 0.5916666666666667 0.7824074074074074 0.5916666666666667 0.7925925925925926 0.59375 0.7962962962962963 0.5942708333333333 0.8296296296296296 0.5916666666666667 0.8361111111111111 0.5739583333333333 0.85 0.5604166666666667 0.85 0.5578125 0.8462962962962963 0.5572916666666666 0.8351851851851851 0.5598958333333334 0.8111111111111111 0.5583333333333333 0.8037037037037037 0.5614583333333333 0.8 0.5614583333333333 0.7925925925925926 0.5651041666666666 0.7796296296296297 0.5619791666666667 0.7759259259259259 0.5567708333333333 0.7777777777777778 0.5546875 0.7916666666666666 0.5515625 0.7981481481481482 0.5520833333333334 0.8037037037037037 0.5453125 0.8175925925925925 0.5411458333333333 0.8342592592592593 0.5359375 0.8351851851851851 0.5291666666666667 0.8277777777777777 0.5177083333333333 0.8037037037037037 0.5234375 0.8 0.5234375 0.7787037037037037 0.5203125 0.7546296296296297 0.5151041666666667 0.7444444444444445 0.5125 0.7333333333333333 0.5234375 0.6990740740740741 0.525 0.662962962962963 0.5291666666666667 0.6351851851851852 0.5328125 0.6277777777777778 0.5369791666666667 0.6268518518518519
0 0.5052083333333334 0.5935185185185186 0.5177083333333333 0.5990740740740741 0.5223958333333333 0.6046296296296296 0.5276041666666667 0.6277777777777778 0.5276041666666667 0.6370370370370371 0.5255208333333333 0.6416666666666667 0.4953125 0.6481481481481481 0.4796875 0.662962962962963 0.471875 0.6768518518518518 0.46875 0.687037037037037 0.46875 0.6953703703703704 0.46510416666666665 0.7018518518518518 0.46510416666666665 0.7092592592592593 0.46041666666666664 0.7194444444444444 0.4578125 0.7444444444444445 0.46197916666666666 0.7509259259259259 0.45677083333333335 0.7592592592592593 0.45 0.7583333333333333 0.44583333333333336 0.7537037037037037 0.44166666666666665 0.737037037037037 0.41354166666666664 0.6916666666666667 0.40729166666666666 0.674074074074074 0.40729166666666666 0.6620370370370371 0.421875 0.6398148148148148 0.43802083333333336 0.625 0.44635416666666666 0.6092592592592593 0.453125 0.6018518518518519 0.4640625 0.5981481481481481 0.4744791666666667 0.6027777777777777 0.49114583333333334 0.5953703703703703 0.5046875 0.5935185185185186
0 0.18177083333333333 0.48333333333333334 0.203125 0.4842592592592593 0.22916666666666666 0.4935185185185185 0.25677083333333334 0.49444444444444446 0.27239583333333334 0.5009259259259259 0.29583333333333334 0.5018518518518519 0.32083333333333336 0.4981481481481482 0.328125 0.5111111111111111 0.32760416666666664 0.5157407407407407 0.3171875 0.5185185185185185 0.3098958333333333 0.5166666666666667 0.3072916666666667 0.5212962962962963 0.2994791666666667 0.5212962962962963 0.29270833333333335 0.5287037037037037 0.29739583333333336 0.5361111111111111 0.2864583333333333 0.55 0.28802083333333334 0.5555555555555556 0.2984375 0.5638888888888889 0.303125 0.5712962962962963 0.3015625 0.5777777777777777 0.30364583333333334 0.5814814814814815 0.3067708333333333 0.5805555555555556 0.30364583333333334 0.5861111111111111 0.2984375 0.5879629629629629 0.296875 0.5953703703703703 0.2989583333333333 0.5981481481481481 0.29583333333333334 0.5990740740740741 0.29270833333333335 0.5953703703703703 0.2916666666666667 0.5990740740740741 0.29322916666666665 0.6018518518518519 0.28854166666666664 0.6064814814814815 0.2875 0.6268518518518519 0.290625 0.6305555555555555 0.2916666666666667 0.6388888888888888 0.2947916666666667 0.6444444444444445 0.3177083333333333 0.6509259259259259 0.32447916666666665 0.6472222222222223 0.3302083333333333 0.6351851851851852 0.33541666666666664 0.6305555555555555 0.35572916666666665 0.6277777777777778 0.359375 0.6231481481481481 0.36822916666666666 0.6277777777777778 0.4041666666666667 0.6314814814814815 0.4078125 0.6370370370370371 0.4119791666666667 0.6518518518518519 0.4078125 0.6555555555555556 0.40208333333333335 0.6675925925925926 0.4078125 0.6787037037037037 0.41458333333333336 0.6777777777777778 0.41458333333333336 0.6824074074074075 0.425 0.6888888888888889 0.4119791666666667 0.6898148148148148 0.4109375 0.6916666666666667 0.4125 0.6953703703703704 0.42552083333333335 0.7101851851851851 0.434375 0.7055555555555556 0.440625 0.7064814814814815 0.4395833333333333 0.7148148148148148 0.42864583333333334 0.7148148148148148 0.4276041666666667 0.7277777777777777 0.42916666666666664 0.7305555555555555 0.421875 0.7379629629629629 0.4125 0.7583333333333333 0.40677083333333336 0.762962962962963 0.4015625 0.7759259259259259 0.40520833333333334 0.7898148148148149 0.40572916666666664 0.8138888888888889 0.39739583333333334 0.8222222222222222 0.3723958333333333 0.8324074074074074 0.36822916666666666 0.8379629629629629 0.3692708333333333 0.8555555555555555 0.37447916666666664 0.8712962962962963 0.3875 0.8722222222222222 0.40208333333333335 0.8648148148148148 0.41822916666666665 0.8629629629629629 0.425 0.8685185185185185 0.43020833333333336 0.8796296296296297 0.4348958333333333 0.9009259259259259 0.4322916666666667 0.9166666666666666 0.40989583333333335 0.9731481481481481 0.40208333333333335 0.9842592592592593 0.3859375 0.9944444444444445 0.38333333333333336 0.9990740740740741 0.371875 0.9990740740740741 0.3703125 0.9962962962962963 0.359375 0.9990740740740741 0.35052083333333334 0.9953703703703703 0.3296875 0.9953703703703703 0.3260416666666667 0.9990740740740741 0.24114583333333334 0.9990740740740741 0.2390625 0.9953703703703703 0.22239583333333332 0.9944444444444445 0.2078125 0.9990740740740741 0.1875 0.9990740740740741 0.1828125 0.9944444444444445 0.17708333333333334 0.9944444444444445 0.1703125 0.9990740740740741 0.14322916666666666 0.9990740740740741 0.140625 0.9953703703703703 0.13125 0.9990740740740741 0.1078125 0.9990740740740741 0.10260416666666666 0.9907407407407407 0.10208333333333333 0.9703703703703703 0.10520833333333333 0.9518518518518518 0.1046875 0.9287037037037037 0.1109375 0.8740740740740741 0.11197916666666667 0.8462962962962963 0.115625 0.8277777777777777 0.1171875 0.7824074074074074 0.12395833333333334 0.7490740740740741 0.12916666666666668 0.6925925925925925 0.13489583333333333 0.6620370370370371 0.13645833333333332 0.6425925925925926 0.14322916666666666 0.6111111111111112 0.14583333333333334 0.5824074074074074 0.15677083333333333 0.537962962962963 0.16458333333333333 0.49074074074074076 0.1734375 0.48333333333333334 0.18125 0.48333333333333334
0 0.703125 0.5212962962962963 0.7239583333333334 0.5333333333333333 0.7307291666666667 0.5398148148148149 0.7328125 0.5453703703703704 0.7375 0.5462962962962963 0.7510416666666667 0.5592592592592592 0.75625 0.5703703703703704 0.7572916666666667 0.5777777777777777 0.7447916666666666 0.5944444444444444 0.7453125 0.612037037037037 0.7395833333333334 0.6305555555555555 0.7390625 0.6564814814814814 0.7473958333333334 0.6712962962962963 0.7505208333333333 0.7018518518518518 0.7734375 0.7601851851851852 0.7791666666666667 0.7833333333333333 0.778125 0.799074074074074 0.7869791666666667 0.8398148148148148 0.7864583333333334 0.8555555555555555 0.7822916666666667 0.862037037037037 0.7802083333333333 0.8712962962962963 0.778125 0.9055555555555556 0.7713541666666667 0.9212962962962963 0.7734375 0.9296296296296296 0.7697916666666667 0.9425925925925925 0.7703125 0.9666666666666667 0.7739583333333333 0.9768518518518519 0.7666666666666667 0.9898148148148148 0.7671875 0.9944444444444445 0.7541666666666667 0.9953703703703703 0.7494791666666667 0.9990740740740741 0.7432291666666667 0.9962962962962963 0.7375 0.9842592592592593 0.7322916666666667 0.9944444444444445 0.7244791666666667 0.9953703703703703 0.6916666666666667 0.9935185185185185 0.6645833333333333 0.9962962962962963 0.6385416666666667 0.9944444444444445 0.6364583333333333 0.9898148148148148 0.634375 0.9944444444444445 0.5822916666666667 0.9944444444444445 0.5671875 0.9972222222222222 0.5458333333333333 0.9944444444444445 0.5442708333333334 0.9879629629629629 0.546875 0.975925925925926 0.5578125 0.9722222222222222 0.5651041666666666 0.9657407407407408 0.5703125 0.9555555555555556 0.5739583333333333 0.9416666666666667 0.571875 0.9138888888888889 0.5947916666666667 0.8703703703703703 0.6083333333333333 0.8518518518518519 0.6182291666666667 0.825 0.6229166666666667 0.8175925925925925 0.6260416666666667 0.8 0.6255208333333333 0.7898148148148149 0.6286458333333333 0.7638888888888888 0.6359375 0.7518518518518519 0.6317708333333333 0.7481481481481481 0.6333333333333333 0.7379629629629629 0.6317708333333333 0.7342592592592593 0.6380208333333334 0.7305555555555555 0.6348958333333333 0.7268518518518519 0.6369791666666667 0.7203703703703703 0.6411458333333333 0.7203703703703703 0.64375 0.725 0.65 0.7055555555555556 0.6760416666666667 0.6842592592592592 0.6973958333333333 0.6620370370370371 0.7015625 0.6537037037037037 0.7015625 0.6472222222222223 0.7010416666666667 0.6407407407407407 0.6942708333333333 0.6259259259259259 0.6890625 0.6212962962962963 0.6833333333333333 0.6324074074074074 0.6723958333333333 0.6444444444444445 0.6515625 0.6574074074074074 0.6375 0.6722222222222223 0.6296875 0.6722222222222223 0.6229166666666667 0.6814814814814815 0.6177083333333333 0.6824074074074075 0.5864583333333333 0.6537037037037037 0.58125 0.6444444444444445 0.5640625 0.6444444444444445 0.559375 0.6407407407407407 0.5572916666666666 0.6342592592592593 0.5489583333333333 0.6296296296296297 0.5463541666666667 0.6222222222222222 0.5473958333333333 0.6194444444444445 0.5432291666666667 0.6194444444444445 0.5380208333333333 0.5953703703703703 0.5328125 0.5888888888888889 0.5348958333333333 0.5777777777777777 0.5328125 0.5731481481481482 0.5354166666666667 0.5666666666666667 0.5416666666666666 0.5601851851851852 0.553125 0.5527777777777778 0.5895833333333333 0.5518518518518518 0.6026041666666667 0.5407407407407407 0.6416666666666667 0.5388888888888889 0.6734375 0.525 0.6828125 0.5259259259259259 0.690625 0.5212962962962963 0.7026041666666667 0.5212962962962963
3 0.53125 0.8574074074074074 0.5359375 0.8592592592592593 0.5395833333333333 0.8657407407407407 0.5432291666666667 0.875 0.5432291666666667 0.8805555555555555 0.5328125 0.8888888888888888 0.5223958333333333 0.9046296296296297 0.5197916666666667 0.9157407407407407 0.5192708333333333 0.9407407407407408 0.515625 0.9342592592592592 0.5119791666666667 0.9342592592592592 0.5109375 0.9435185185185185 0.5046875 0.9490740740740741 0.5036458333333333 0.9574074074074074 0.5052083333333334 0.9648148148148148 0.5197916666666667 0.9435185185185185 0.5348958333333333 0.9361111111111111 0.5401041666666667 0.937037037037037 0.5432291666666667 0.9472222222222222 0.5432291666666667 0.9731481481481481 0.5364583333333334 0.9879629629629629 0.528125 0.9990740740740741 0.4557291666666667 0.9990740740740741 0.43645833333333334 0.9888888888888889 0.41041666666666665 0.9861111111111112 0.4083333333333333 0.9833333333333333 0.4354166666666667 0.9166666666666666 0.4479166666666667 0.8972222222222223 0.46979166666666666 0.8805555555555555 0.4984375 0.8759259259259259 0.5166666666666667 0.8592592592592593 0.5307291666666667 0.8574074074074074
3 0.7859375 0.5833333333333334 0.7947916666666667 0.5879629629629629 0.8088541666666667 0.6157407407407407 0.81875 0.6388888888888888 0.834375 0.6851851851851852 0.8463541666666666 0.7379629629629629 0.85 0.7675925925925926 0.8557291666666667 0.7888888888888889 0.8677083333333333 0.862037037037037 0.8807291666666667 0.9009259259259259 0.88125 0.9231481481481482 0.8770833333333333 0.9314814814814815 0.8552083333333333 0.95 0.84375 0.9537037037037037 0.8213541666666667 0.9527777777777777 0.8171875 0.9472222222222222 0.8067708333333333 0.8972222222222223 0.7989583333333333 0.8740740740740741 0.7979166666666667 0.862037037037037 0.7890625 0.8305555555555556 0.7838541666666666 0.7787037037037037 0.7609375 0.7166666666666667 0.7536458333333333 0.7018518518518518 0.7515625 0.6925925925925925 0.7505208333333333 0.6777777777777778 0.7541666666666667 0.6648148148148149 0.7729166666666667 0.6638888888888889 0.7739583333333333 0.6601851851851852 0.771875 0.6574074074074074 0.7697916666666667 0.6435185185185185 0.7708333333333334 0.6370370370370371 0.7677083333333333 0.6333333333333333 0.7703125 0.6296296296296297 0.7682291666666666 0.6277777777777778 0.7583333333333333 0.6324074074074074 0.7578125 0.6287037037037037 0.7546875 0.6277777777777778 0.75 0.6185185185185185 0.7479166666666667 0.5981481481481481 0.7510416666666667 0.5944444444444444 0.7635416666666667 0.5962962962962963 0.7723958333333333 0.5842592592592593 0.7854166666666667 0.5833333333333334
3 0.8072916666666666 0.39166666666666666 0.8223958333333333 0.4064814814814815 0.821875 0.41759259259259257 0.8166666666666667 0.44351851851851853 0.8083333333333333 0.47129629629629627 0.80625 0.49074074074074076 0.8083333333333333 0.5083333333333333 0.8114583333333333 0.5101851851851852 0.8171875 0.5009259259259259 0.8203125 0.5194444444444445 0.8182291666666667 0.5277777777777778 0.8135416666666667 0.5324074074074074 0.8145833333333333 0.5564814814814815 0.8119791666666667 0.5703703703703704 0.8067708333333333 0.5731481481481482 0.7994791666666666 0.5694444444444444 0.7932291666666667 0.575 0.771875 0.562962962962963 0.7583333333333333 0.5444444444444444 0.7541666666666667 0.5351851851851852 0.7505208333333333 0.5194444444444445 0.7505208333333333 0.5037037037037037 0.7536458333333333 0.48055555555555557 0.7536458333333333 0.45740740740740743 0.7640625 0.42314814814814816 0.7958333333333333 0.39537037037037037 0.8067708333333333 0.39166666666666666
3 0.3255208333333333 0.20462962962962963 0.3385416666666667 0.2074074074074074 0.3625 0.22314814814814815 0.37395833333333334 0.2462962962962963 0.37864583333333335 0.27870370370370373 0.3770833333333333 0.2851851851851852 0.3692708333333333 0.2972222222222222 0.3697916666666667 0.3194444444444444 0.3625 0.33055555555555555 0.359375 0.34444444444444444 0.3421875 0.3527777777777778 0.31979166666666664 0.3574074074074074 0.3046875 0.3712962962962963 0.2833333333333333 0.3685185185185185 0.26875 0.3527777777777778 0.26666666666666666 0.3453703703703704 0.26927083333333335 0.3388888888888889 0.26927083333333335 0.32592592592592595 0.27395833333333336 0.32037037037037036 0.275 0.3148148148148148 0.27395833333333336 0.30648148148148147 0.2755208333333333 0.29259259259259257 0.28177083333333336 0.2759259259259259 0.2864583333333333 0.2462962962962963 0.29375 0.22037037037037038 0.303125 0.20925925925925926 0.325 0.20462962962962963
3 0.7817708333333333 0.5851851851851851 0.7953125 0.5879629629629629 0.81875 0.637962962962963 0.8364583333333333 0.6925925925925925 0.8494791666666667 0.7592592592592593 0.8489583333333334 0.7703703703703704 0.8369791666666667 0.7833333333333333 0.8182291666666667 0.8277777777777777 0.8135416666666667 0.8333333333333334 0.7979166666666667 0.8416666666666667 0.7932291666666667 0.8398148148148148 0.7895833333333333 0.8314814814814815 0.7864583333333334 0.7916666666666666 0.7833333333333333 0.7768518518518519 0.7536458333333333 0.7018518518518518 0.7510416666666667 0.6888888888888889 0.7510416666666667 0.6731481481481482 0.7541666666666667 0.6648148148148149 0.771875 0.6638888888888889 0.7739583333333333 0.6611111111111111 0.7713541666666667 0.6518518518518519 0.7734375 0.6398148148148148 0.7692708333333333 0.6333333333333333 0.7583333333333333 0.6333333333333333 0.7546875 0.6296296296296297 0.7484375 0.6148148148148148 0.7479166666666667 0.5972222222222222 0.7510416666666667 0.5935185185185186 0.7640625 0.5953703703703703 0.7682291666666666 0.5879629629629629 0.78125 0.5851851851851851
3 0.5291666666666667 0.28055555555555556 0.534375 0.29074074074074074 0.5442708333333334 0.2953703703703704 0.55 0.30185185185185187 0.5536458333333333 0.3101851851851852 0.553125 0.3138888888888889 0.5572916666666666 0.3175925925925926 0.5578125 0.325 0.553125 0.33055555555555555 0.5557291666666667 0.33796296296296297 0.5526041666666667 0.3416666666666667 0.553125 0.34629629629629627 0.5447916666666667 0.37777777777777777 0.5307291666666667 0.4074074074074074 0.51875 0.45 0.4984375 0.4759259259259259 0.48541666666666666 0.48148148148148145 0.47708333333333336 0.48055555555555557 0.46875 0.462037037037037 0.46197916666666666 0.4564814814814815 0.4578125 0.44907407407407407 0.4557291666666667 0.4351851851851852 0.44947916666666665 0.41759259259259257 0.4484375 0.4046296296296296 0.4432291666666667 0.3925925925925926 0.4390625 0.3907407407407407 0.42864583333333334 0.3972222222222222 0.425 0.3925925925925926 0.4239583333333333 0.3824074074074074 0.425 0.3768518518518518 0.43020833333333336 0.36944444444444446 0.4296875 0.3592592592592593 0.43333333333333335 0.3453703703703704 0.44166666666666665 0.3333333333333333 0.446875 0.33796296296296297 0.4484375 0.3351851851851852 0.4473958333333333 0.32037037037037036 0.4588541666666667 0.30277777777777776 0.47291666666666665 0.29814814814814816 0.4942708333333333 0.3 0.49635416666666665 0.3037037037037037 0.49635416666666665 0.31296296296296294 0.4953125 0.31851851851851853 0.48854166666666665 0.32407407407407407 0.48854166666666665 0.3277777777777778 0.49114583333333334 0.3287037037037037 0.4984375 0.3194444444444444 0.5 0.29907407407407405 0.509375 0.2972222222222222 0.51875 0.2851851851851852 0.5286458333333334 0.2814814814814815