4 0.8770833333333333 0.2574074074074074 0.8770833333333333 0.2759259259259259 0.88125 0.29074074074074074 0.8854166666666666 0.2962962962962963 0.9052083333333333 0.2962962962962963 0.9125 0.2916666666666667 0.9229166666666667 0.28055555555555556 0.9302083333333333 0.26666666666666666 0.9453125 0.22314814814814815 0.9484375 0.21851851851851853 0.9536458333333333 0.20092592592592592 0.9578125 0.17685185185185184 0.9609375 0.1712962962962963 0.9697916666666667 0.13518518518518519 0.9723958333333333 0.13240740740740742 0.9802083333333333 0.1 0.9885416666666667 0.08703703703703704 0.9864583333333333 0.07777777777777778 0.9869791666666666 0.07222222222222222 0.9880208333333333 0.06666666666666667 0.9911458333333333 0.06388888888888888 0.9901041666666667 0.06018518518518518 0.9953125 0.046296296296296294 0.9963541666666667 0.028703703703703703 0.9979166666666667 0.020370370370370372 0.9994791666666667 0.019444444444444445 0.9994791666666667 0.005555555555555556 0.9916666666666667 0.000925925925925926 0.9765625 0 0.9286458333333333 0 0.9270833333333334 0.002777777777777778 0.925 0.025 0.9203125 0.040740740740740744 0.9182291666666667 0.06944444444444445 0.9125 0.09537037037037037 0.9104166666666667 0.11851851851851852 0.90625 0.13240740740740742 0.9052083333333333 0.14814814814814814 0.8973958333333333 0.17777777777777778 0.8942708333333333 0.18333333333333332 0.8916666666666667 0.20462962962962963 0.8869791666666667 0.21574074074074073 0.8875 0.21944444444444444 0.8822916666666667 0.2351851851851852 0.8817708333333333 0.24444444444444444 0.8770833333333333 0.2574074074074074
4 0.15520833333333334 0.000925925925925926 0.1546875 0.022222222222222223 0.16510416666666666 0.0712962962962963 0.1765625 0.10277777777777777 0.19166666666666668 0.13055555555555556 0.20572916666666666 0.1527777777777778 0.2140625 0.16203703703703703 0.253125 0.18981481481481483 0.29010416666666666 0.22407407407407406 0.32447916666666665 0.26851851851851855 0.3375 0.2916666666666667 0.34739583333333335 0.3037037037037037 0.3536458333333333 0.31851851851851853 0.3578125 0.3333333333333333 0.35989583333333336 0.3685185185185185 0.36666666666666664 0.3851851851851852 0.3776041666666667 0.3888888888888889 0.4041666666666667 0.37592592592592594 0.40625 0.4 0.40677083333333336 0.45 0.4119791666666667 0.4777777777777778 0.42083333333333334 0.5046296296296297 0.4322916666666667 0.5231481481481481 0.4421875 0.5296296296296297 0.45364583333333336 0.5231481481481481 0.45677083333333335 0.5166666666666667 0.4625 0.5148148148148148 0.4661458333333333 0.5259259259259259 0.46875 0.5472222222222223 0.47239583333333335 0.5601851851851852 0.48020833333333335 0.5731481481481482 0.4875 0.5805555555555556 0.4979166666666667 0.5805555555555556 0.5083333333333333 0.5666666666666667 0.5145833333333333 0.5527777777777778 0.5182291666666666 0.5277777777777778 0.51875 0.45 0.5203125 0.4388888888888889 0.5197916666666667 0.3787037037037037 0.525 0.337037037037037 0.5265625 0.3351851851851852 0.5265625 0.3148148148148148 0.5291666666666667 0.30462962962962964 0.5265625 0.3 0.5270833333333333 0.2675925925925926 0.5286458333333334 0.2638888888888889 0.5265625 0.2574074074074074 0.5291666666666667 0.22314814814814815 0.5286458333333334 0.17552870370370371 0.5359375 0.17962962962962964 0.5375 0.1824074074074074 0.5375 0.18888888888888888 0.540625 0.1935185185185185 0.540625 0.21296296296296297 0.5427083333333333 0.21851851851851853 0.5411458333333333 0.23981481481481481 0.5442708333333334 0.24814814814814815 0.5458333333333333 0.2675925925925926 0.5447916666666667 0.2861111111111111 0.5489583333333333 0.29907407407407405 0.5473958333333333 0.30462962962962964 0.5515625 0.3333333333333333 0.5572916666666666 0.34444444444444444 0.5598958333333334 0.3712962962962963 0.5588541666666667 0.3824074074074074 0.5645833333333333 0.425 0.5677083333333334 0.4305555555555556 0.5692708333333333 0.44166666666666665 0.5776041666666667 0.45925925925925926 0.5895833333333333 0.47129629629629627 0.5994791666666667 0.47314814814814815 0.6104166666666667 0.4666666666666667 0.6177083333333333 0.4546296296296296 0.6213541666666667 0.4388888888888889 0.6223958333333334 0.4101851851851852 0.6213541666666667 0.3712962962962963 0.6229166666666667 0.34629629629629627 0.6213541666666667 0.3277777777777778 0.6223958333333334 0.3194444444444444 0.6203125 0.30648148148148147 0.6197916666666666 0.25277777777777777 0.6135416666666667 0.18055555555555555 0.6057291666666667 0.13148148148148148 0.6041666666666666 0.11296296296296296 0.6052083333333333 0.10185185185185185 0.6119791666666666 0.10092592592592593 0.6333333333333333 0.13703703703703704 0.6364583333333333 0.1388888888888889 0.6453125 0.15462962962962962 0.6494791666666667 0.15555555555555556 0.6520833333333333 0.16203703703703703 0.6541666666666667 0.16203703703703703 0.6583333333333333 0.1685185185185185 0.671875 0.17314814814814813 0.6973958333333333 0.1712962962962963 0.7052083333333333 0.15462962962962962 0.7114583333333333 0.1259259259259259 0.7098958333333333 0.10740740740740741 0.7041666666666667 0.09166666666666666 0.6802083333333333 0.05555555555555555 0.6708333333333333 0.046296296296296294 0.6682291666666667 0.03888888888888889 0.6640625 0.037037037037037035 0.6614583333333334 0.030555555555555555 0.6572916666666667 0.02962962962962963 0.6484375 0.005555555555555556 0.6411458333333333 0.000925925925925926 0.5645833333333333 0.002777777777777778 0.5458333333333333 0 0.4890625 0.002777777777777778 0.44479166666666664 0 0.4401041666666667 0.002777777777777778 0.36822916666666666 0.002777777777777778 0.36666666666666664 0.008333333333333333 0.3703125 0.02962962962962963 0.3723958333333333 0.03425925925925926 0.37552083333333336 0.05648148148148148 0.3802083333333333 0.0712962962962963 0.38177083333333334 0.08518518518518518 0.384375 0.09166666666666666 0.39791666666666664 0.16944444444444445 0.4010416666666667 0.21296296296296297 0.40520833333333334 0.23425925925925925 0.40520833333333334 0.24444444444444444 0.3953125 0.2462962962962963 0.3921875 0.2351851851851852 0.38645833333333335 0.22777777777777777 0.3828125 0.20555555555555555 0.3765625 0.19166666666666668 0.375 0.1685185185185185 0.371875 0.15925925925925927 0.36666666666666664 0.12777777777777777 0.36041666666666666 0.10925925925925926 0.3625 0.10277777777777777 0.3578125 0.08888888888888889 0.35572916666666665 0.06666666666666667 0.35 0.05 0.34739583333333335 0.025925925925925925 0.3416666666666667 0.002777777777777778 0.2989583333333333 0.002777777777777778 0.29375 0 0.2682291666666667 0 0.2640625 0.002777777777777778 0.24739583333333334 0.002777777777777778 0.24479166666666666 0 0.22760416666666666 0.002777777777777778 0.15520833333333334 0.000925925925925926
1 0.5661458333333333 0.8277777777777777 0.565625 0.8342592592592593 0.5729166666666666 0.8342592592592593 0.56875 0.8240740740740741 0.5661458333333333 0.8277777777777777
1 0.6067708333333334 0.8166666666666667 0.6067708333333334 0.8212962962962963 0.6125 0.8231481481481482 0.6140625 0.8194444444444444 0.6104166666666667 0.8148148148148148 0.6067708333333334 0.8166666666666667
1 0.57421875 0.799537037037037 0.0005208333333333333 0.002777777777777778
1 0.6369791666666667 0.7944444444444444 0.6364583333333333 0.7962962962962963 0.6369791666666667 0.7944444444444444
1 0.5932291666666667 0.7916666666666666 0.5869791666666667 0.7916666666666666 0.5885416666666666 0.7962962962962963 0.5875 0.8 0.5932291666666667 0.7981481481481482 0.5932291666666667 0.7916666666666666
1 0.6369791666666667 0.7870370370370371 0.6348958333333333 0.7888888888888889 0.6359375 0.7916666666666666 0.6385416666666667 0.7898148148148149 0.6369791666666667 0.7870370370370371
1 0.5809895833333333 0.7861111111111111 0.0005208333333333333 0.001851851851851852
1 0.5614583333333333 0.7851851851851852 0.5557291666666667 0.7851851851851852 0.5588541666666667 0.7898148148148149 0.5625 0.7888888888888889 0.5614583333333333 0.7851851851851852
1 0.6244791666666667 0.7759259259259259 0.6234375 0.7777777777777778 0.6255208333333333 0.7796296296296297 0.6302083333333334 0.7777777777777778 0.6244791666666667 0.7759259259259259
1 0.6697916666666667 0.7620370370370371 0.66875 0.7638888888888888 0.6734375 0.7638888888888888 0.6697916666666667 0.7620370370370371
1 0.5942708333333333 0.7574074074074074 0.5947916666666667 0.7638888888888888 0.5958333333333333 0.7601851851851852 0.5942708333333333 0.7574074074074074
1 0.6682291666666667 0.7555555555555555 0.6635416666666667 0.7583333333333333 0.6682291666666667 0.7601851851851852 0.6682291666666667 0.7555555555555555
1 0.596875 0.7435185185185185 0.5942708333333333 0.7435185185185185 0.5942708333333333 0.7509259259259259 0.5989583333333334 0.7509259259259259 0.596875 0.7435185185185185
1 0.49375 0.7462962962962963 0.4947916666666667 0.7509259259259259 0.49322916666666666 0.7611111111111111 0.49583333333333335 0.7648148148148148 0.4942708333333333 0.7712962962962963 0.5 0.7796296296296297 0.5046875 0.7824074074074074 0.5078125 0.7935185185185185 0.5307291666666667 0.8009259259259259 0.5322916666666667 0.7962962962962963 0.5317708333333333 0.7814814814814814 0.5359375 0.7805555555555556 0.5390625 0.7888888888888889 0.5375 0.8 0.5390625 0.8046296296296296 0.5572916666666666 0.812037037037037 0.5609375 0.8055555555555556 0.5666666666666667 0.8055555555555556 0.56875 0.8 0.5703125 0.7870370370370371 0.5677083333333334 0.7805555555555556 0.5645833333333333 0.7851851851851852 0.5640625 0.7925925925925926 0.5625 0.7944444444444444 0.5520833333333334 0.7944444444444444 0.55 0.7898148148148149 0.546875 0.7898148148148149 0.5473958333333333 0.7851851851851852 0.5489583333333333 0.7851851851851852 0.5447916666666667 0.7824074074074074 0.546875 0.7777777777777778 0.54375 0.775 0.5505208333333333 0.7712962962962963 0.5515625 0.7620370370370371 0.55 0.7509259259259259 0.5411458333333333 0.7509259259259259 0.5364583333333334 0.7620370370370371 0.5322916666666667 0.7601851851851852 0.5302083333333333 0.7398148148148148 0.5276041666666667 0.737037037037037 0.5291666666666667 0.7342592592592593 0.5265625 0.7305555555555555 0.5213541666666667 0.7305555555555555 0.5197916666666667 0.737037037037037 0.5130208333333334 0.7398148148148148 0.5083333333333333 0.7481481481481481 0.503125 0.7481481481481481 0.49895833333333334 0.7435185185185185 0.49375 0.7462962962962963
1 0.525 0.7185185185185186 0.5229166666666667 0.7222222222222222 0.5234375 0.725 0.5359375 0.725925925925926 0.5375 0.7231481481481481 0.5359375 0.7185185185185186 0.5322916666666667 0.7166666666666667 0.525 0.7185185185185186
1 0.35572916666666665 0.7907407407407407 0.35520833333333335 0.8027777777777778 0.3609375 0.8166666666666667 0.36614583333333334 0.8138888888888889 0.36770833333333336 0.8092592592592592 0.37864583333333335 0.7962962962962963 0.3932291666666667 0.7962962962962963 0.3984375 0.8 0.4046875 0.812962962962963 0.4109375 0.8185185185185185 0.4197916666666667 0.8351851851851851 0.434375 0.8416666666666667 0.4453125 0.8527777777777777 0.45 0.850925925925926 0.459375 0.8407407407407408 0.4625 0.8324074074074074 0.45989583333333334 0.8268518518518518 0.46041666666666664 0.8194444444444444 0.4588541666666667 0.8166666666666667 0.46145833333333336 0.8138888888888889 0.4609375 0.8055555555555556 0.4630208333333333 0.7981481481481482 0.465625 0.7944444444444444 0.47291666666666665 0.7916666666666666 0.47552083333333334 0.7935185185185185 0.4765625 0.7907407407407407 0.478125 0.7935185185185185 0.4786458333333333 0.7916666666666666 0.47552083333333334 0.787962962962963 0.48125 0.7870370370370371 0.4822916666666667 0.7805555555555556 0.4875 0.7824074074074074 0.4942708333333333 0.7777777777777778 0.48802083333333335 0.7759259259259259 0.4869791666666667 0.7722222222222223 0.4875 0.7509259259259259 0.48333333333333334 0.7398148148148148 0.48333333333333334 0.7351851851851852 0.4791666666666667 0.7277777777777777 0.47708333333333336 0.7129629629629629 0.478125 0.7101851851851851 0.47552083333333334 0.7064814814814815 0.4765625 0.7027777777777777 0.46927083333333336 0.687037037037037 0.46770833333333334 0.6685185185185185 0.46979166666666666 0.6685185185185185 0.46822916666666664 0.662962962962963 0.47239583333333335 0.6527777777777778 0.46770833333333334 0.6388888888888888 0.465625 0.6185185185185185 0.4630208333333333 0.6138888888888889 0.45625 0.6148148148148148 0.44583333333333336 0.6277777777777778 0.4348958333333333 0.649074074074074 0.41875 0.6694444444444444 0.41302083333333334 0.687037037037037 0.37552083333333336 0.7509259259259259 0.3734375 0.7601851851851852 0.36875 0.7675925925925926 0.36875 0.7712962962962963 0.3651041666666667 0.774074074074074 0.35572916666666665 0.7907407407407407
1 0.484375 0.5944444444444444 0.48333333333333334 0.600925925925926 0.48802083333333335 0.6370370370370371 0.49375 0.6481481481481481 0.4942708333333333 0.6546296296296297 0.496875 0.6601851851851852 0.503125 0.6620370370370371 0.5072916666666667 0.6685185185185185 0.5182291666666666 0.6731481481481482 0.5244791666666667 0.6805555555555556 0.5348958333333333 0.687037037037037 0.54375 0.687037037037037 0.5541666666666667 0.6805555555555556 0.5661458333333333 0.6824074074074075 0.5671875 0.6842592592592592 0.5640625 0.687962962962963 0.5651041666666666 0.6898148148148148 0.5671875 0.687037037037037 0.56796875 0.6898148148148148 0.5708333333333333 0.6898148148148148 0.5734375 0.6962962962962963 0.5828125 0.6962962962962963 0.5854166666666667 0.6935185185185185 0.5875 0.6981481481481482 0.5859375 0.7027777777777777 0.5895833333333333 0.7092592592592593 0.5984375 0.7138888888888889 0.6072916666666667 0.7231481481481481 0.6276041666666666 0.7305555555555555 0.6307291666666667 0.7324074074074074 0.6322916666666667 0.737037037037037 0.6421875 0.7398148148148148 0.6546875 0.7527777777777778 0.6666666666666666 0.7509259259259259 0.6692708333333334 0.7444444444444445 0.6729166666666667 0.7435185185185185 0.6786458333333333 0.75 0.6817708333333333 0.7481481481481481 0.6911458333333333 0.7555555555555555 0.7057291666666666 0.7805555555555556 0.7078125 0.7916666666666666 0.7083333333333334 0.8046296296296296 0.7036458333333333 0.8212962962962963 0.7010416666666667 0.8240740740740741 0.7005208333333334 0.8435185185185186 0.7020833333333333 0.8481481481481481 0.7046875 0.8481481481481481 0.7072916666666667 0.8527777777777777 0.71875 0.8574074074074074 0.725 0.8555555555555555 0.74375 0.837037037037037 0.7552083333333334 0.8212962962962963 0.7572916666666667 0.8148148148148148 0.7598958333333333 0.8138888888888889 0.7697916666666667 0.7944444444444444 0.7822916666666667 0.7759259259259259 0.7953125 0.7620370370370371 0.8072916666666666 0.7407407407407407 0.815625 0.7305555555555555 0.8208333333333333 0.712037037037037 0.8307291666666666 0.6888888888888889 0.8317708333333333 0.6777777777777778 0.83125 0.6666666666666666 0.8171875 0.6555555555555556 0.7692708333333333 0.6462962962962963 0.7567708333333333 0.6416666666666667 0.7552083333333334 0.6388888888888888 0.7317708333333334 0.6351851851851852 0.7307291666666667 0.6324074074074074 0.725 0.6324074074074074 0.7161458333333334 0.6259259259259259 0.7072916666666667 0.625 0.7015625 0.6212962962962963 0.6911458333333333 0.6212962962962963 0.6697916666666667 0.6074074074074074 0.6208333333333333 0.587037037037037 0.6067708333333334 0.5740740740740741 0.603125 0.562962962962963 0.6057291666666667 0.5509259259259259 0.6109375 0.55 0.6625 0.5685185185185185 0.7135416666666666 0.5740740740740741 0.7364583333333333 0.5824074074074074 0.7796875 0.587037037037037 0.784375 0.5694444444444444 0.7833333333333333 0.5666666666666667 0.7869791666666667 0.5435185185185185 0.7859375 0.5138888888888888 0.7796875 0.5055555555555555 0.7458333333333333 0.5055555555555555 0.7239583333333334 0.5092592592592593 0.7166666666666667 0.5074074074074074 0.6604166666666667 0.5166666666666667 0.6546875 0.5138888888888888 0.6463541666666667 0.5148148148148148 0.6078125 0.5305555555555556 0.5578125 0.5444444444444444 0.5458333333333333 0.5527777777777778 0.51875 0.562037037037037 0.5078125 0.5731481481481482 0.503125 0.5842592592592593 0.484375 0.5944444444444444
1 0.6098958333333333 0.9648148148148148 0.6104166666666667 0.9768518518518519 0.6140625 0.9824074074074074 0.6302083333333334 0.975925925925926 0.640625 0.975925925925926 0.6541666666666667 0.9898148148148148 0.6609375 0.9888888888888889 0.6671875 0.9824074074074074 0.6854166666666667 0.9824074074074074 0.6875 0.975925925925926 0.6869791666666667 0.9574074074074074 0.6807291666666667 0.9481481481481482 0.6734375 0.9444444444444444 0.6635416666666667 0.9481481481481482 0.6609375 0.9527777777777777 0.6479166666666667 0.9574074074074074 0.6385416666666667 0.9574074074074074 0.6302083333333334 0.9481481481481482 0.6255208333333333 0.9490740740740741 0.6098958333333333 0.9648148148148148
3 0.99375 0.11666666666666667 0.9932291666666667 0.14351851851851852 0.9963541666666667 0.14629629629629629 0.9932291666666667 0.15185185185185185 0.9932291666666667 0.15555555555555556 0.9942708333333333 0.1638888888888889 0.9973958333333334 0.1685185185185185 0.9979166666666667 0.17314814814814813 0.9994791666666667 0.17314814814814813 0.9994791666666667 0.15092592592592594 0.9963541666666667 0.14722222222222223 0.9994791666666667 0.14351851851851852 0.9994791666666667 0.11851851851851852 0.99375 0.11666666666666667
3 0.8765625 0.2601851851851852 0.8760416666666667 0.2759259259259259 0.8833333333333333 0.29814814814814816 0.9072916666666667 0.2962962962962963 0.921875 0.28425925925925927 0.9307291666666667 0.26851851851851855 0.940625 0.24351851851851852 0.9442708333333333 0.22870370370370371 0.9536458333333333 0.2074074074074074 0.9578125 0.1814814814814815 0.9614583333333333 0.17314814814814813 0.96875 0.14629629629629629 0.9692708333333333 0.1388888888888889 0.9744791666666667 0.12777777777777777 0.98125 0.1 0.9885416666666667 0.09166666666666666 0.9875 0.07314814814814814 0.9890625 0.06851851851851852 0.9942708333333333 0.06851851851851852 0.9932291666666667 0.058333333333333334 0.9958333333333333 0.05 0.9973958333333334 0.03148148148148148 0.9994791666666667 0.02962962962962963 0.9994791666666667 0.002777777777777778 0.9958333333333333 0.002777777777777778 0.9942708333333333 0 0.9270833333333334 0.000925925925925926 0.925 0.023148148148148147 0.9208333333333333 0.037037037037037035 0.9182291666666667 0.06666666666666667 0.9125 0.09444444444444444 0.909375 0.125 0.8765625 0.2601851851851852
3 0.15625 0.003703703703703704 0.15520833333333334 0.009259259259259259 0.15677083333333333 0.030555555555555555 0.16041666666666668 0.03981481481481482 0.16302083333333334 0.06018518518518518 0.17083333333333334 0.08703703703703704 0.18802083333333333 0.12314814814814815 0.2078125 0.15555555555555556 0.2671875 0.20092592592592592 0.29739583333333336 0.23055555555555557 0.3140625 0.25462962962962965 0.31666666666666665 0.25555555555555554 0.32083333333333336 0.2638888888888889 0.3234375 0.26481481481481484 0.33541666666666664 0.28703703703703703 0.340625 0.2916666666666667 0.34375 0.3 0.34739583333333335 0.30092592592592593 0.353125 0.31296296296296294 0.35572916666666665 0.3277777777777778 0.359375 0.33611111111111114 0.36041666666666666 0.3685185185185185 0.3625 0.37777777777777777 0.36770833333333336 0.38425925925925924 0.37916666666666665 0.387037037037037 0.39375 0.38055555555555554 0.4010416666666667 0.3731481481481482 0.4041666666666667 0.3638888888888889 0.40572916666666664 0.36666666666666664 0.40729166666666666 0.44814814814814813 0.40989583333333335 0.4564814814814815 0.4119791666666667 0.47685185185185186 0.4197916666666667 0.5 0.4270833333333333 0.5148148148148148 0.43854166666666666 0.5277777777777778 0.44947916666666665 0.5259259259259259 0.46197916666666666 0.5138888888888888 0.465625 0.5185185185185185 0.46875 0.5462962962962963 0.47291666666666665 0.5601851851851852 0.4828125 0.575925925925926 0.49114583333333334 0.5805555555555556 0.5 0.5777777777777777 0.5098958333333333 0.562962962962963 0.5145833333333333 0.5509259259259259 0.5182291666666666 0.5305555555555556 0.51875 0.45185185185185184 0.5203125 0.43703703703703706 0.5197916666666667 0.3787037037037037 0.5244791666666667 0.34814814814814815 0.5270833333333333 0.3074074074074074 0.5265625 0.25092592592592594 0.5286458333333334 0.22407407407407406 0.5270833333333333 0.16944444444444445 0.5286458333333334 0.16296296296296298 0.5322916666666667 0.1638888888888889 0.5364583333333334 0.16944444444444445 0.540625 0.18981481481481483 0.5432291666666667 0.22685185185185186 0.5421875 0.2388888888888889 0.5453125 0.2574074074074074 0.5458333333333333 0.28703703703703703 0.5489583333333333 0.3 0.5489583333333333 0.31296296296296294 0.5552083333333333 0.3314814814814815 0.5572916666666666 0.34444444444444444 0.5604166666666667 0.3712962962962963 0.5609375 0.39537037037037037 0.5645833333333333 0.4212962962962963 0.5708333333333333 0.44351851851851853 0.5838541666666667 0.4666666666666667 0.5911458333333334 0.47129629629629627 0.603125 0.47129629629629627 0.6140625 0.4601851851851852 0.6182291666666667 0.4527777777777778 0.6203125 0.44351851851851853 0.6223958333333334 0.4046296296296296 0.6213541666666667 0.3574074074074074 0.6229166666666667 0.3490740740740741 0.6208333333333333 0.32685185185185184 0.6182291666666667 0.22592592592592592 0.6104166666666667 0.15555555555555556 0.6078125 0.14722222222222223 0.6057291666666667 0.12962962962962962 0.6046875 0.0962962962962963 0.6083333333333333 0.0962962962962963 0.6166666666666667 0.10555555555555556 0.6270833333333333 0.125 0.6421875 0.14444444444444443 0.6442708333333333 0.15 0.6630208333333333 0.1685185185185185 0.6953125 0.1685185185185185 0.7036458333333333 0.15462962962962962 0.7098958333333333 0.13055555555555556 0.7098958333333333 0.11481481481481481 0.7036458333333333 0.09351851851851851 0.6796875 0.05740740740740741 0.6708333333333333 0.04814814814814815 0.6671875 0.03888888888888889 0.6630208333333333 0.037037037037037035 0.6567708333333333 0.026851851851851852 0.6510416666666666 0.012037037037037037 0.64375 0.002777777777777778 0.625 0 0.6161458333333333 0.002777777777777778 0.3729166666666667 0.000925925925925926 0.36875 0.002777777777777778 0.3671875 0.008333333333333333 0.3734375 0.03611111111111111 0.37552083333333336 0.053703703703703705 0.3807291666666667 0.06944444444444445 0.3807291666666667 0.07592592592592592 0.3848958333333333 0.09166666666666666 0.39479166666666665 0.15462962962962962 0.39739583333333334 0.16296296296296298 0.4015625 0.2101851851851852 0.40625 0.23981481481481481 0.40572916666666664 0.24537037037037038 0.4015625 0.24814814814814815 0.4015625 0.25462962962962965 0.39739583333333334 0.25462962962962965 0.39166666666666666 0.23703703703703705 0.38697916666666665 0.23148148148148148 0.38229166666666664 0.20555555555555555 0.375 0.19166666666666668 0.375 0.17407407407407408 0.37083333333333335 0.15833333333333333 0.3692708333333333 0.14351851851851852 0.35885416666666664 0.11018518518518519 0.3614583333333333 0.10277777777777777 0.3578125 0.09814814814814815 0.35520833333333335 0.06851851851851852 0.35052083333333334 0.05740740740740741 0.3489583333333333 0.03888888888888889 0.3463541666666667 0.032407407407407406 0.34270833333333334 0.007407407407407408 0.3390625 0.002777777777777778 0.27395833333333336 0.000925925925925926 0.2604166666666667 0.004629629629629629 0.23697916666666666 0 0.2359375 0.002777777777777778 0.21614583333333334 0.000925925925925926 0.19270833333333334 0.004629629629629629 0.15885416666666666 0 0.15625 0.003703703703703704