4 0.3614583333333333 0.6231481481481481 0.3609375 0.6259259259259259 0.3645833333333333 0.6259259259259259 0.3614583333333333 0.6231481481481481
4 0.36875 0.6166666666666667 0.36666666666666664 0.6231481481481481 0.36822916666666666 0.6277777777777778 0.38125 0.6305555555555555 0.3921875 0.625 0.39166666666666666 0.6212962962962963 0.38697916666666665 0.6212962962962963 0.38125 0.6148148148148148 0.36875 0.6166666666666667
4 0.3567708333333333 0.3685185185185185 0.3546875 0.3685185185185185 0.3567708333333333 0.3685185185185185
4 0.34375 0.3416666666666667 0.34375 0.3509259259259259 0.35 0.34814814814814815 0.3494791666666667 0.3416666666666667 0.34375 0.3416666666666667
4 0.40390625 0.3314814814814815 0.0036458333333333334 0.001851851851851852
4 0.3625 0.33055555555555555 0.3578125 0.33055555555555555 0.3578125 0.3333333333333333 0.3609375 0.3351851851851852 0.3625 0.33055555555555555
4 0.06302083333333333 0.9222222222222223 0.06302083333333333 0.9712962962962963 0.06770833333333333 0.9935185185185185 0.07239583333333334 0.9962962962962963 0.109375 0.9981481481481481 0.13645833333333332 0.9962962962962963 0.13958333333333334 0.9935185185185185 0.1609375 0.9962962962962963 0.31302083333333336 0.9962962962962963 0.3171875 0.9935185185185185 0.3359375 0.9935185185185185 0.34375 0.9962962962962963 0.4244791666666667 0.9944444444444445 0.4421875 0.9981481481481481 0.475 0.9944444444444445 0.4828125 0.9981481481481481 0.5 0.9981481481481481 0.5255208333333333 0.9944444444444445 0.6083333333333333 0.9962962962962963 0.6140625 0.9935185185185185 0.6010416666666667 0.9314814814814815 0.6 0.8555555555555555 0.59375 0.8064814814814815 0.5958333333333333 0.7648148148148148 0.5942708333333333 0.7185185185185186 0.5885416666666666 0.6861111111111111 0.5890625 0.6675925925925926 0.5911458333333334 0.6601851851851852 0.5911458333333334 0.6472222222222223 0.59375 0.6324074074074074 0.5953125 0.475 0.6057291666666667 0.41944444444444445 0.6052083333333333 0.3824074074074074 0.6005208333333333 0.375 0.59375 0.33240740740740743 0.584375 0.31851851851851853 0.5776041666666667 0.31666666666666665 0.5645833333333333 0.3074074074074074 0.5546875 0.3074074074074074 0.5333333333333333 0.3148148148148148 0.5213541666666667 0.32314814814814813 0.5130208333333334 0.32407407407407407 0.5104166666666666 0.32685185185185184 0.5083333333333333 0.3351851851851852 0.5036458333333333 0.33425925925925926 0.5005208333333333 0.337037037037037 0.49947916666666664 0.3416666666666667 0.49583333333333335 0.3435185185185185 0.5015625 0.3509259259259259 0.5015625 0.35462962962962963 0.4875 0.40185185185185185 0.4744791666666667 0.4740740740740741 0.45 0.562962962962963 0.4479166666666667 0.5907407407407408 0.44895833333333335 0.6092592592592593 0.4390625 0.65 0.43385416666666665 0.6944444444444444 0.3854166666666667 0.6648148148148149 0.3807291666666667 0.6518518518518519 0.3802083333333333 0.6351851851851852 0.359375 0.6351851851851852 0.3572916666666667 0.6333333333333333 0.35572916666666665 0.625 0.34791666666666665 0.6194444444444445 0.33125 0.6231481481481481 0.32395833333333335 0.6351851851851852 0.309375 0.6509259259259259 0.30416666666666664 0.6527777777777778 0.3 0.6620370370370371 0.29739583333333336 0.6620370370370371 0.2911458333333333 0.6712962962962963 0.2838541666666667 0.6759259259259259 0.27708333333333335 0.6861111111111111 0.26979166666666665 0.6916666666666667 0.259375 0.7092592592592593 0.24947916666666667 0.7185185185185186 0.24427083333333333 0.7185185185185186 0.2421875 0.712037037037037 0.2390625 0.7101851851851851 0.24375 0.6916666666666667 0.2421875 0.6944444444444444 0.23958333333333334 0.6888888888888889 0.23333333333333334 0.6888888888888889 0.22916666666666666 0.6935185185185185 0.22083333333333333 0.6962962962962963 0.1921875 0.7231481481481481 0.17760416666666667 0.7305555555555555 0.15885416666666666 0.7277777777777777 0.15572916666666667 0.7231481481481481 0.14427083333333332 0.7166666666666667 0.13958333333333334 0.7185185185185186 0.1328125 0.725925925925926 0.12708333333333333 0.737037037037037 0.12083333333333333 0.7537037037037037 0.1171875 0.7712962962962963 0.1 0.8055555555555556 0.09895833333333333 0.812037037037037 0.07760416666666667 0.8527777777777777 0.075 0.8638888888888889 0.07447916666666667 0.8759259259259259 0.0703125 0.8824074074074074 0.06614583333333333 0.899074074074074 0.06302083333333333 0.9222222222222223
4 0.43854166666666666 0.30277777777777776 0.42864583333333334 0.30462962962962964 0.43854166666666666 0.31203703703703706 0.43854166666666666 0.30277777777777776
4 0.38177083333333334 0.28703703703703703 0.3802083333333333 0.28888888888888886 0.3807291666666667 0.2935185185185185 0.3921875 0.2935185185185185 0.3932291666666667 0.28888888888888886 0.39010416666666664 0.28425925925925927 0.38177083333333334 0.28703703703703703
4 0.4578125 0.2759259259259259 0.45677083333333335 0.2777777777777778 0.4588541666666667 0.2796296296296296 0.4625 0.2777777777777778 0.4578125 0.2759259259259259
4 0.45208333333333334 0.275 0.45260416666666664 0.2777777777777778 0.4557291666666667 0.2759259259259259 0.45208333333333334 0.275
4 0.4083333333333333 0.2462962962962963 0.40260416666666665 0.25462962962962965 0.3963541666666667 0.2574074074074074 0.4 0.26851851851851855 0.4041666666666667 0.26851851851851855 0.4109375 0.2759259259259259 0.4354166666666667 0.2712962962962963 0.43854166666666666 0.2638888888888889 0.43645833333333334 0.2601851851851852 0.4270833333333333 0.25925925925925924 0.42552083333333335 0.2537037037037037 0.42239583333333336 0.25092592592592594 0.421875 0.2462962962962963 0.41875 0.24351851851851852 0.41875 0.23981481481481481 0.4083333333333333 0.2462962962962963
4 0.44583333333333336 0.23425925925925925 0.4432291666666667 0.2361111111111111 0.44583333333333336 0.23703703703703705 0.44583333333333336 0.23425925925925925
4 0.45625 0.2212962962962963 0.4546875 0.22314814814814815 0.4557291666666667 0.22592592592592592 0.45729166666666665 0.2212962962962963 0.45989583333333334 0.22592592592592592 0.46145833333333336 0.22314814814814815 0.46145833333333336 0.21944444444444444 0.45989583333333334 0.21851851851851853 0.45625 0.2212962962962963
4 0.47291666666666665 0.20555555555555555 0.4703125 0.2101851851851852 0.47552083333333334 0.20925925925925926 0.47552083333333334 0.20555555555555555 0.47291666666666665 0.20555555555555555
4 0.3255208333333333 0.44166666666666665 0.3255208333333333 0.4462962962962963 0.33177083333333335 0.45092592592592595 0.35260416666666666 0.44907407407407407 0.36302083333333335 0.45555555555555555 0.36614583333333334 0.44907407407407407 0.3651041666666667 0.44166666666666665 0.3828125 0.4351851851851852 0.38645833333333335 0.41203703703703703 0.4005208333333333 0.41388888888888886 0.4041666666666667 0.41203703703703703 0.4083333333333333 0.4027777777777778 0.41822916666666665 0.39814814814814814 0.41822916666666665 0.3851851851851852 0.42083333333333334 0.3787037037037037 0.421875 0.37962962962962965 0.4203125 0.36944444444444446 0.425 0.3712962962962963 0.4265625 0.3685185185185185 0.42604166666666665 0.3648148148148148 0.42864583333333334 0.36203703703703705 0.4375 0.36203703703703705 0.4401041666666667 0.3685185185185185 0.4427083333333333 0.36944444444444446 0.4427083333333333 0.3648148148148148 0.4453125 0.36666666666666664 0.44895833333333335 0.36203703703703705 0.45260416666666664 0.36203703703703705 0.46197916666666666 0.3527777777777778 0.4671875 0.3509259259259259 0.46979166666666666 0.3416666666666667 0.47708333333333336 0.3351851851851852 0.47552083333333334 0.33055555555555555 0.47708333333333336 0.31666666666666665 0.4828125 0.31203703703703706 0.49375 0.30925925925925923 0.4942708333333333 0.3055555555555556 0.49270833333333336 0.30462962962962964 0.49583333333333335 0.28703703703703703 0.5098958333333333 0.28888888888888886 0.5151041666666667 0.2962962962962963 0.51875 0.29444444444444445 0.525 0.30092592592592593 0.5302083333333333 0.28703703703703703 0.5291666666666667 0.2796296296296296 0.53125 0.26851851851851855 0.5286458333333334 0.24351851851851852 0.525 0.2351851851851852 0.5171875 0.23148148148148148 0.5125 0.22314814814814815 0.5125 0.2175925925925926 0.5145833333333333 0.21666666666666667 0.5140625 0.2101851851851852 0.5052083333333334 0.20092592592592592 0.496875 0.19814814814814816 0.49270833333333336 0.20555555555555555 0.4869791666666667 0.20555555555555555 0.4864583333333333 0.21203703703703702 0.48020833333333335 0.2101851851851852 0.4786458333333333 0.2212962962962963 0.4708333333333333 0.23055555555555557 0.4713541666666667 0.23703703703703705 0.46458333333333335 0.24351851851851852 0.46822916666666664 0.25462962962962965 0.465625 0.26296296296296295 0.46927083333333336 0.2675925925925926 0.4703125 0.27314814814814814 0.4635416666666667 0.2759259259259259 0.4635416666666667 0.2796296296296296 0.4666666666666667 0.28703703703703703 0.4744791666666667 0.28703703703703703 0.47604166666666664 0.2898148148148148 0.4739583333333333 0.2935185185185185 0.4635416666666667 0.2935185185185185 0.4588541666666667 0.2962962962962963 0.45989583333333334 0.3 0.4625 0.30092592592592593 0.46041666666666664 0.30833333333333335 0.4510416666666667 0.3101851851851852 0.4505208333333333 0.3194444444444444 0.4421875 0.32592592592592595 0.421875 0.32314814814814813 0.41822916666666665 0.3148148148148148 0.4125 0.31666666666666665 0.41354166666666664 0.32314814814814813 0.40989583333333335 0.3277777777777778 0.409375 0.3351851851851852 0.39739583333333334 0.337037037037037 0.3927083333333333 0.3509259259259259 0.3848958333333333 0.35555555555555557 0.37864583333333335 0.3638888888888889 0.36354166666666665 0.3648148148148148 0.36302083333333335 0.36944444444444446 0.36041666666666666 0.3685185185185185 0.3609375 0.3648148148148148 0.3567708333333333 0.37777777777777777 0.3380208333333333 0.3888888888888889 0.3546875 0.39814814814814814 0.35572916666666665 0.4027777777777778 0.3536458333333333 0.4083333333333333 0.35625 0.41388888888888886 0.35625 0.4185185185185185 0.3489583333333333 0.42592592592592593 0.3375 0.42777777777777776 0.33541666666666664 0.4324074074074074 0.32916666666666666 0.4351851851851852 0.3255208333333333 0.44166666666666665
1 0.9986979166666666 0.4652777777777778 0.0015625 0.002777777777777778
1 0.4822916666666667 0.1712962962962963 0.48020833333333335 0.1787037037037037 0.48072916666666665 0.18518518518518517 0.4979166666666667 0.1824074074074074 0.5114583333333333 0.1935185185185185 0.5239583333333333 0.21388888888888888 0.5375 0.2462962962962963 0.5390625 0.2935185185185185 0.5421875 0.2962962962962963 0.5526041666666667 0.2962962962962963 0.5604166666666667 0.2916666666666667 0.578125 0.30092592592592593 0.5817708333333333 0.3055555555555556 0.5885416666666666 0.3055555555555556 0.60625 0.2935185185185185 0.6354166666666666 0.2796296296296296 0.6567708333333333 0.26481481481481484 0.6619791666666667 0.2638888888888889 0.6645833333333333 0.2601851851851852 0.6796875 0.25555555555555554 0.6833333333333333 0.25092592592592594 0.6911458333333333 0.24814814814814815 0.7145833333333333 0.23055555555555557 0.7364583333333333 0.22592592592592592 0.7421875 0.2324074074074074 0.7364583333333333 0.25092592592592594 0.73125 0.2601851851851852 0.7203125 0.2712962962962963 0.7020833333333333 0.28055555555555556 0.6895833333333333 0.2935185185185185 0.6635416666666667 0.3055555555555556 0.6567708333333333 0.3138888888888889 0.6390625 0.3212962962962963 0.6239583333333333 0.337037037037037 0.6072916666666667 0.34629629629629627 0.6052083333333333 0.35 0.6041666666666666 0.3592592592592593 0.6083333333333333 0.36944444444444446 0.6234375 0.36666666666666664 0.6598958333333333 0.34814814814814815 0.6630208333333333 0.3435185185185185 0.6822916666666666 0.33055555555555555 0.6916666666666667 0.3277777777777778 0.6958333333333333 0.3212962962962963 0.7052083333333333 0.31666666666666665 0.7125 0.3074074074074074 0.7177083333333333 0.3055555555555556 0.7260416666666667 0.2962962962962963 0.7479166666666667 0.28703703703703703 0.7645833333333333 0.26944444444444443 0.7703125 0.26666666666666666 0.7859375 0.26851851851851855 0.7890625 0.2759259259259259 0.7895833333333333 0.28425925925925927 0.7848958333333333 0.2972222222222222 0.7796875 0.30462962962962964 0.7583333333333333 0.31666666666666665 0.7489583333333333 0.33055555555555555 0.7328125 0.3416666666666667 0.7192708333333333 0.35555555555555557 0.7067708333333333 0.36203703703703705 0.6859375 0.38055555555555554 0.63125 0.4185185185185185 0.6067708333333334 0.4444444444444444 0.6005208333333333 0.47129629629629627 0.6 0.5685185185185185 0.6020833333333333 0.6 0.6057291666666667 0.6074074074074074 0.6213541666666667 0.6212962962962963 0.6541666666666667 0.6435185185185185 0.6682291666666667 0.6574074074074074 0.6703125 0.6620370370370371 0.7375 0.7055555555555556 0.7447916666666666 0.7138888888888889 0.7552083333333334 0.7185185185185186 0.7578125 0.7231481481481481 0.7921875 0.7462962962962963 0.8078125 0.7638888888888888 0.8239583333333333 0.7731481481481481 0.8390625 0.7870370370370371 0.8854166666666666 0.8074074074074075 0.9135416666666667 0.8277777777777777 0.9229166666666667 0.8305555555555556 0.975 0.8342592592592593 0.9942708333333333 0.8277777777777777 0.9994791666666667 0.8231481481481482 0.9994791666666667 0.7685185185185185 0.9973958333333334 0.7666666666666667 0.9973958333333334 0.7537037037037037 0.9994791666666667 0.7527777777777778 0.9994791666666667 0.6435185185185185 0.996875 0.6425925925925926 0.9947916666666666 0.6351851851851852 0.9901041666666667 0.6324074074074074 0.9651041666666667 0.600925925925926 0.9625 0.600925925925926 0.9598958333333333 0.5944444444444444 0.9515625 0.5916666666666667 0.9473958333333333 0.5824074074074074 0.9385416666666667 0.5740740740740741 0.93125 0.5555555555555556 0.9229166666666667 0.5509259259259259 0.9140625 0.5509259259259259 0.9114583333333334 0.5416666666666666 0.8994791666666667 0.5435185185185185 0.8921875 0.5296296296296297 0.8916666666666667 0.5101851851851852 0.8817708333333333 0.5092592592592593 0.8770833333333333 0.5027777777777778 0.8729166666666667 0.5027777777777778 0.8697916666666666 0.49722222222222223 0.8692708333333333 0.4898148148148148 0.8578125 0.47962962962962963 0.8557291666666667 0.4648148148148148 0.85 0.462037037037037 0.8489583333333334 0.45555555555555555 0.8447916666666667 0.4546296296296296 0.84375 0.44814814814814813 0.8375 0.4425925925925926 0.8369791666666667 0.4074074074074074 0.8432291666666667 0.39814814814814814 0.8536458333333333 0.39814814814814814 0.8682291666666667 0.41388888888888886 0.8859375 0.42592592592592593 0.9010416666666666 0.44166666666666665 0.9109375 0.44814814814814813 0.9130208333333333 0.4527777777777778 0.9255208333333333 0.462037037037037 0.9369791666666667 0.4759259259259259 0.9552083333333333 0.4888888888888889 0.9630208333333333 0.4981481481481482 0.9723958333333333 0.5027777777777778 0.9796875 0.5120370370370371 0.9911458333333333 0.5185185185185185 0.9932291666666667 0.5231481481481481 0.9994791666666667 0.5231481481481481 0.9994791666666667 0.5185185185185185 0.9958333333333333 0.5157407407407407 0.9927083333333333 0.48703703703703705 0.9895833333333334 0.48518518518518516 0.9875 0.4759259259259259 0.9822916666666667 0.4685185185185185 0.9828125 0.4638888888888889 0.9875 0.4638888888888889 0.9869791666666666 0.4537037037037037 0.9958333333333333 0.4527777777777778 0.9994791666666667 0.44814814814814813 0.9994791666666667 0.4027777777777778 0.9953125 0.4027777777777778 0.9932291666666667 0.3990740740740741 0.9953125 0.3814814814814815 0.9994791666666667 0.37962962962962965 0.9994791666666667 0.3398148148148148 0.9963541666666667 0.33425925925925926 0.9942708333333333 0.3175925925925926 0.9947916666666666 0.2796296296296296 0.9927083333333333 0.2638888888888889 0.9848958333333333 0.25092592592592594 0.984375 0.2462962962962963 0.975 0.2324074074074074 0.9744791666666667 0.22592592592592592 0.9703125 0.22037037037037038 0.9697916666666667 0.2101851851851852 0.9666666666666667 0.20092592592592592 0.9625 0.20092592592592592 0.9625 0.19444444444444445 0.9598958333333333 0.19074074074074074 0.95625 0.18703703703703703 0.946875 0.18703703703703703 0.9427083333333334 0.1935185185185185 0.9395833333333333 0.19074074074074074 0.9354166666666667 0.15092592592592594 0.93125 0.1388888888888889 0.9291666666666667 0.1259259259259259 0.9270833333333334 0.12314814814814815 0.9286458333333333 0.11666666666666667 0.925 0.10925925925925926 0.9197916666666667 0.06666666666666667 0.9130208333333333 0.05277777777777778 0.9109375 0.03888888888888889 0.9078125 0.037037037037037035 0.9036458333333334 0.025925925925925925 0.9005208333333333 0.025 0.8973958333333333 0.01574074074074074 0.8864583333333333 0.005555555555555556 0.8802083333333334 0.004629629629629629 0.875 0 0.8416666666666667 0 0.8385416666666666 0.002777777777777778 0.8130208333333333 0.002777777777777778 0.8098958333333334 0 0.7135416666666666 0 0.7036458333333333 0.004629629629629629 0.6630208333333333 0.004629629629629629 0.6510416666666666 0 0.5927083333333333 0 0.5817708333333333 0.002777777777777778 0.5598958333333334 0.03518518518518519 0.5536458333333333 0.05 0.5458333333333333 0.05740740740740741 0.5427083333333333 0.06851851851851852 0.5255208333333333 0.07592592592592592 0.4921875 0.1537037037037037 0.4822916666666667 0.1712962962962963
3 0.3893229166666667 0.6018518518518519 0.0015625 0.001851851851851852
3 0.31666666666666665 0.5805555555555556 0.3171875 0.5851851851851851 0.321875 0.5842592592592593 0.3203125 0.5805555555555556 0.31666666666666665 0.5805555555555556
3 0.23697916666666666 0.5101851851851852 0.23697916666666666 0.5138888888888888 0.23697916666666666 0.5101851851851852
3 0.34348958333333335 0.35509259259259257 0.0036458333333333334 0.000925925925925926
3 0.0640625 0.9111111111111111 0.06354166666666666 0.9712962962962963 0.06770833333333333 0.9935185185185185 0.07135416666666666 0.9962962962962963 0.115625 0.9981481481481481 0.14739583333333334 0.9935185185185185 0.15989583333333332 0.9962962962962963 0.24947916666666667 0.9981481481481481 0.2786458333333333 0.9944444444444445 0.31354166666666666 0.9981481481481481 0.31875 0.9944444444444445 0.4671875 0.9962962962962963 0.4739583333333333 0.9935185185185185 0.4822916666666667 0.9981481481481481 0.50625 0.9981481481481481 0.5427083333333333 0.9944444444444445 0.6083333333333333 0.9962962962962963 0.6135416666666667 0.9935185185185185 0.6125 0.9851851851851852 0.6072916666666667 0.975925925925926 0.6015625 0.9453703703703704 0.5994791666666667 0.9037037037037037 0.5994791666666667 0.85 0.5927083333333333 0.8092592592592592 0.5947916666666667 0.7796296296296297 0.59375 0.7185185185185186 0.5885416666666666 0.6861111111111111 0.5885416666666666 0.6703703703703704 0.5911458333333334 0.6574074074074074 0.59375 0.6185185185185185 0.5947916666666667 0.4787037037037037 0.6 0.4444444444444444 0.6057291666666667 0.41944444444444445 0.6052083333333333 0.3851851851851852 0.6 0.37407407407407406 0.59375 0.3351851851851852 0.5848958333333333 0.3194444444444444 0.5630208333333333 0.3074074074074074 0.5348958333333333 0.3138888888888889 0.5208333333333334 0.3212962962962963 0.5197916666666667 0.3101851851851852 0.5223958333333333 0.3101851851851852 0.5260416666666666 0.30277777777777776 0.5265625 0.2962962962962963 0.5296875 0.2916666666666667 0.5307291666666667 0.26666666666666666 0.5302083333333333 0.2601851851851852 0.5276041666666667 0.2574074074074074 0.5296875 0.25092592592592594 0.5223958333333333 0.23148148148148148 0.5182291666666666 0.23055555555555557 0.5109375 0.2212962962962963 0.5114583333333333 0.2074074074074074 0.5010416666666667 0.19814814814814816 0.4875 0.19814814814814816 0.484375 0.20277777777777778 0.4734375 0.20555555555555555 0.46145833333333336 0.21851851851851853 0.44166666666666665 0.22314814814814815 0.4395833333333333 0.23055555555555557 0.42604166666666665 0.2351851851851852 0.421875 0.24351851851851852 0.4166666666666667 0.2388888888888889 0.4078125 0.25 0.3984375 0.25555555555555554 0.39375 0.2638888888888889 0.3880208333333333 0.26666666666666666 0.38229166666666664 0.2740740740740741 0.3802083333333333 0.2824074074074074 0.37552083333333336 0.2824074074074074 0.36875 0.28888888888888886 0.36875 0.30092592592592593 0.371875 0.30185185185185187 0.37083333333333335 0.3074074074074074 0.3734375 0.30925925925925923 0.3723958333333333 0.33055555555555555 0.37083333333333335 0.3277777777777778 0.36666666666666664 0.33055555555555555 0.35833333333333334 0.3296296296296296 0.35572916666666665 0.33055555555555555 0.3546875 0.337037037037037 0.340625 0.337037037037037 0.3390625 0.3398148148148148 0.3411458333333333 0.34444444444444444 0.3385416666666667 0.34814814814814815 0.3416666666666667 0.3509259259259259 0.3536458333333333 0.35185185185185186 0.35104166666666664 0.3592592592592593 0.34427083333333336 0.36203703703703705 0.34479166666666666 0.36574074074074076 0.35208333333333336 0.3731481481481482 0.353125 0.37777777777777777 0.3515625 0.38055555555555554 0.33841145833333336 0.3824074074074074 0.33645833333333336 0.3851851851851852 0.3328125 0.37962962962962965 0.33489583333333334 0.37592592592592594 0.33489583333333334 0.3712962962962963 0.3307291666666667 0.36944444444444446 0.32864583333333336 0.3731481481481482 0.33125 0.3851851851851852 0.3328125 0.38425925925925924 0.3385416666666667 0.39166666666666666 0.3458333333333333 0.39351851851851855 0.34791666666666665 0.3972222222222222 0.34739583333333335 0.4009259259259259 0.35208333333333336 0.4 0.35625 0.41574074074074074 0.3625 0.4212962962962963 0.36041666666666666 0.42592592592592593 0.34427083333333336 0.425 0.3388890625 0.42777777777777776 0.3375 0.43148148148148147 0.3361109375 0.42777777777777776 0.3333333333333333 0.42777777777777776 0.3341145833333333 0.4324074074074074 0.33125 0.4324074074074074 0.32447916666666665 0.44166666666666665 0.3255208333333333 0.4462962962962963 0.34010416666666665 0.4537037037037037 0.34375 0.4666666666666667 0.35572916666666665 0.45925925925925926 0.3625 0.45925925925925926 0.3640625 0.45555555555555555 0.36875 0.45555555555555555 0.37083333333333335 0.4462962962962963 0.375 0.4462962962962963 0.37864583333333335 0.4398148148148148 0.384375 0.4361111111111111 0.38958333333333334 0.42592592592592593 0.39791666666666664 0.4212962962962963 0.4010416666666667 0.41203703703703703 0.4046875 0.41203703703703703 0.4114583333333333 0.40555555555555556 0.41302083333333334 0.4009259259259259 0.4239583333333333 0.39351851851851855 0.4270833333333333 0.387037037037037 0.43020833333333336 0.387037037037037 0.4322916666666667 0.3824074074074074 0.4427083333333333 0.38055555555555554 0.45 0.36944444444444446 0.46041666666666664 0.36666666666666664 0.4630208333333333 0.36203703703703705 0.4666666666666667 0.36203703703703705 0.46927083333333336 0.35555555555555557 0.48020833333333335 0.35462962962962963 0.4828125 0.3509259259259259 0.5015625 0.3527777777777778 0.4973958333333333 0.3731481481481482 0.4875 0.4009259259259259 0.48489583333333336 0.42314814814814816 0.48072916666666665 0.43703703703703706 0.48072916666666665 0.44907407407407407 0.47708333333333336 0.45925925925925926 0.4739583333333333 0.48055555555555557 0.4708333333333333 0.4861111111111111 0.4661458333333333 0.5074074074074074 0.4625 0.5157407407407407 0.45625 0.5462962962962963 0.44947916666666665 0.5666666666666667 0.44947916666666665 0.6111111111111112 0.4432291666666667 0.6314814814814815 0.44114583333333335 0.6481481481481481 0.3927083333333333 0.625 0.3921875 0.6185185185185185 0.38645833333333335 0.6175925925925926 0.38697916666666665 0.6101851851851852 0.3848958333333333 0.6148148148148148 0.3828125 0.6101851851851852 0.3802083333333333 0.6148148148148148 0.36822916666666666 0.6138888888888889 0.36666666666666664 0.6157407407407407 0.36666666666666664 0.625 0.3619791666666667 0.6277777777777778 0.35989583333333336 0.6324074074074074 0.3572916666666667 0.6296296296296297 0.35625 0.6212962962962963 0.33229166666666665 0.6212962962962963 0.32447916666666665 0.6342592592592593 0.2984375 0.6620370370370371 0.29583333333333334 0.6685185185185185 0.2875 0.6731481481481482 0.2791666666666667 0.6842592592592592 0.27447916666666666 0.687037037037037 0.25729166666666664 0.712037037037037 0.2484375 0.7212962962962963 0.23854166666666668 0.7203703703703703 0.240625 0.7166666666666667 0.240625 0.712037037037037 0.23854166666666668 0.7092592592592593 0.240625 0.7027777777777777 0.23958333333333334 0.6990740740740741 0.24322916666666666 0.6944444444444444 0.2390625 0.6888888888888889 0.23125 0.6888888888888889 0.2203125 0.6962962962962963 0.19010416666666666 0.7231481481481481 0.18802083333333333 0.7277777777777777 0.18229166666666666 0.7305555555555555 0.1640625 0.7305555555555555 0.15677083333333333 0.7277777777777777 0.1484375 0.7185185185185186 0.13958333333333334 0.7194444444444444 0.1265625 0.7398148148148148 0.11197916666666667 0.7842592592592592 0.1078125 0.7888888888888889 0.09895833333333333 0.812037037037037 0.08072916666666667 0.8462962962962963 0.0765625 0.8574074074074074 0.0734375 0.8759259259259259 0.07083333333333333 0.8805555555555555 0.0640625 0.9111111111111111
3 0.0015625 0.002777777777777778 0 0.004629629629629629 0 0.06388888888888888 0.0036458333333333334 0.06666666666666667 0 0.07314814814814814 0 0.14814814814814814 0.0020833333333333333 0.15092592592592594 0 0.15555555555555556 0 0.24444444444444444 0.003125 0.25 0.0036458333333333334 0.2638888888888889 0 0.26851851851851855 0 0.3527777777777778 0.0036458333333333334 0.3574074074074074 0.0036458333333333334 0.36203703703703705 0 0.3648148148148148 0 0.4527777777777778 0.010416666666666666 0.44907407407407407 0.029166666666666667 0.44814814814814813 0.049479166666666664 0.44166666666666665 0.0515625 0.4388888888888889 0.06354166666666666 0.43703703703703706 0.09739583333333333 0.4166666666666667 0.10416666666666667 0.4101851851851852 0.11354166666666667 0.39444444444444443 0.1328125 0.37777777777777777 0.1421875 0.36203703703703705 0.14583333333333334 0.34814814814814815 0.15 0.3416666666666667 0.1796875 0.31666666666666665 0.18229166666666666 0.31203703703703706 0.19322916666666667 0.3055555555555556 0.20208333333333334 0.29444444444444445 0.209375 0.2916666666666667 0.24322916666666666 0.25 0.26458333333333334 0.2101851851851852 0.2989583333333333 0.15555555555555556 0.31197916666666664 0.12777777777777777 0.3203125 0.10277777777777777 0.3229166666666667 0.1 0.3307291666666667 0.07592592592592592 0.33229166666666665 0.06574074074074074 0.33697916666666666 0.05462962962962963 0.34322916666666664 0.02962962962962963 0.3463541666666667 0.005555555555555556 0.3463541666666667 0 0.14322916666666666 0 0.140625 0.002777777777777778 0.13489583333333333 0.002777777777777778 0.13229166666666667 0 0.1 0 0.0984375 0.002777777777777778 0.0796875 0.002777777777777778 0.0765625 0 0.004166666666666667 0 0.0015625 0.002777777777777778