1 0.6322916666666667 0.14166666666666666 0.6322916666666667 0.19537037037037036 0.6375 0.20277777777777778 0.6416666666666667 0.20277777777777778 0.6458333333333334 0.18888888888888888 0.6479166666666667 0.13240740740740742 0.6453125 0.12777777777777777 0.6395833333333333 0.12777777777777777 0.6322916666666667 0.14166666666666666
1 0.46822916666666664 0.23148148148148148 0.4671875 0.24259259259259258 0.46875 0.25092592592592594 0.4739583333333333 0.2574074074074074 0.478125 0.2574074074074074 0.4796875 0.25462962962962965 0.478125 0.23055555555555557 0.4734375 0.22777777777777777 0.46822916666666664 0.23148148148148148
1 0.671875 0.7694444444444445 0.6708333333333333 0.7712962962962963 0.6791666666666667 0.7712962962962963 0.671875 0.7694444444444445
1 0.575 0.7666666666666667 0.5729166666666666 0.7694444444444445 0.5692708333333333 0.7685185185185185 0.5765625 0.7731481481481481 0.5770833333333333 0.7759259259259259 0.5739583333333333 0.7787037037037037 0.5760416666666667 0.7777777777777778 0.5770833333333333 0.7805555555555556 0.5786458333333333 0.7777777777777778 0.5786458333333333 0.7694444444444445 0.575 0.7666666666666667
1 0.6869791666666667 0.7638888888888888 0.6838541666666667 0.7638888888888888 0.6869791666666667 0.7638888888888888
1 0.6911458333333333 0.7574074074074074 0.6895833333333333 0.7648148148148148 0.6927083333333334 0.7666666666666667 0.6984375 0.7638888888888888 0.6973958333333333 0.7564814814814815 0.6947916666666667 0.7546296296296297 0.6911458333333333 0.7574074074074074
1 0.6151041666666667 0.75 0.6171875 0.7509259259259259 0.6151041666666667 0.75
1 0.5536458333333333 0.7472222222222222 0.5520833333333334 0.7509259259259259 0.5536458333333333 0.7527777777777778 0.5552083333333333 0.7462962962962963 0.5578125 0.7462962962962963 0.5583333333333333 0.7527777777777778 0.5604166666666667 0.7481481481481481 0.5625 0.7509259259259259 0.5651041666666666 0.7481481481481481 0.5671875 0.7527777777777778 0.5734375 0.7509259259259259 0.571875 0.7462962962962963 0.5625 0.7481481481481481 0.5557291666666667 0.7444444444444445 0.5536458333333333 0.7472222222222222
1 0.5916666666666667 0.7361111111111112 0.59375 0.7435185185185185 0.5880208333333333 0.7509259259259259 0.5916666666666667 0.7490740740740741 0.59375 0.7527777777777778 0.5984375 0.7509259259259259 0.6010416666666667 0.737037037037037 0.6098958333333333 0.737037037037037 0.5973958333333333 0.7351851851851852 0.5947916666666667 0.7324074074074074 0.5916666666666667 0.7361111111111112
1 0.8036458333333333 0.7074074074074074 0.8036458333333333 0.7138888888888889 0.8057291666666667 0.7101851851851851 0.8036458333333333 0.7074074074074074
1 0.665625 0.6805555555555556 0.6614583333333334 0.6805555555555556 0.665625 0.6805555555555556
1 0.7375 0.6638888888888889 0.7369791666666666 0.6685185185185185 0.7375 0.6638888888888889
1 0.6708333333333333 0.6620370370370371 0.6708333333333333 0.6685185185185185 0.6744791666666666 0.6685185185185185 0.6786458333333333 0.6731481481481482 0.6838541666666667 0.6685185185185185 0.6942708333333333 0.6731481481481482 0.6979166666666666 0.6666666666666666 0.696875 0.6638888888888889 0.68828125 0.6638888888888889 0.6869791666666667 0.6685185185185185 0.6848958333333334 0.6620370370370371 0.6708333333333333 0.6620370370370371
1 0.51875 0.649074074074074 0.5171875 0.6527777777777778 0.5239583333333333 0.6546296296296297 0.525 0.6601851851851852 0.5354166666666667 0.6777777777777778 0.5369791666666667 0.6851851851851852 0.5401041666666667 0.687962962962963 0.5432291666666667 0.6962962962962963 0.546875 0.6962962962962963 0.5541666666666667 0.7027777777777777 0.5822916666666667 0.7166666666666667 0.5885416666666666 0.7166666666666667 0.6020833333333333 0.6981481481481482 0.6057291666666667 0.7092592592592593 0.6140625 0.7166666666666667 0.6265625 0.7185185185185186 0.6359375 0.7148148148148148 0.6390625 0.7101851851851851 0.6369791666666667 0.6962962962962963 0.6322916666666667 0.7027777777777777 0.6322916666666667 0.6981481481481482 0.6296875 0.700925925925926 0.6260416666666667 0.6888888888888889 0.6197916666666666 0.6916666666666667 0.6161458333333333 0.6898148148148148 0.6135416666666667 0.6981481481481482 0.6104166666666667 0.6981481481481482 0.6072916666666667 0.6916666666666667 0.6010416666666667 0.6916666666666667 0.5989583333333334 0.6759259259259259 0.5942708333333333 0.6731481481481482 0.5895833333333333 0.6601851851851852 0.584375 0.6601851851851852 0.5848958333333333 0.6546296296296297 0.5833333333333334 0.6527777777777778 0.5802083333333333 0.6574074074074074 0.5776041666666667 0.6509259259259259 0.5739583333333333 0.649074074074074 0.5296875 0.6481481481481481 0.5260416666666666 0.649074074074074 0.5239583333333333 0.6537037037037037 0.51875 0.649074074074074
1 0.3963541666666667 0.6574074074074074 0.39375 0.6759259259259259 0.39375 0.6935185185185185 0.3953125 0.6962962962962963 0.403125 0.7027777777777777 0.40729166666666666 0.7101851851851851 0.42239583333333336 0.7185185185185186 0.4317708333333333 0.7305555555555555 0.44166666666666665 0.737037037037037 0.4515625 0.7509259259259259 0.4578125 0.7509259259259259 0.46197916666666666 0.7462962962962963 0.4666666666666667 0.7462962962962963 0.46979166666666666 0.7398148148148148 0.478125 0.737037037037037 0.48072916666666665 0.7324074074074074 0.48072916666666665 0.7055555555555556 0.4786458333333333 0.7055555555555556 0.47552083333333334 0.6972222222222222 0.48072916666666665 0.6916666666666667 0.4828125 0.6777777777777778 0.4875 0.675 0.4895833333333333 0.6694444444444444 0.49375 0.6685185185185185 0.4973958333333333 0.6620370370370371 0.5010416666666667 0.6638888888888889 0.5026041666666666 0.6583333333333333 0.5078125 0.6648148148148149 0.5083333333333333 0.6601851851851852 0.50625 0.6555555555555556 0.5104166666666666 0.6546296296296297 0.5119791666666667 0.6509259259259259 0.5088541666666667 0.6481481481481481 0.4979166666666667 0.65 0.496875 0.6462962962962963 0.49114583333333334 0.6416666666666667 0.45260416666666664 0.6435185185185185 0.4401041666666667 0.6398148148148148 0.4239583333333333 0.6398148148148148 0.403125 0.6435185185185185 0.3963541666666667 0.6574074074074074
1 0.4354166666666667 0.5944444444444444 0.4328125 0.600925925925926 0.4375 0.6055555555555555 0.4713541666666667 0.6055555555555555 0.49947916666666664 0.6092592592592593 0.5234375 0.6092592592592593 0.5260416666666666 0.6055555555555555 0.5229166666666667 0.5935185185185186 0.5197916666666667 0.5935185185185186 0.5119791666666667 0.5851851851851851 0.4942708333333333 0.5796296296296296 0.4869791666666667 0.5731481481481482 0.46822916666666664 0.5666666666666667 0.45260416666666664 0.5666666666666667 0.4354166666666667 0.5944444444444444
1 0.484375 0.5194444444444445 0.4786458333333333 0.5314814814814814 0.4828125 0.5388888888888889 0.50625 0.55 0.5140625 0.55 0.5177083333333333 0.5435185185185185 0.5182291666666666 0.5305555555555556 0.5161458333333333 0.5101851851851852 0.5119791666666667 0.4981481481481482 0.5067708333333333 0.4981481481481482 0.5005208333333333 0.5027777777777778 0.484375 0.5194444444444445
1 0.53125 0.4861111111111111 0.5307291666666667 0.5175925925925926 0.5322916666666667 0.5351851851851852 0.5364583333333334 0.5388888888888889 0.5380208333333333 0.55 0.5442708333333334 0.5527777777777778 0.5458333333333333 0.5601851851851852 0.5494791666666666 0.5601851851851852 0.5640625 0.5712962962962963 0.5979166666666667 0.5805555555555556 0.6208333333333333 0.5777777777777777 0.64375 0.5638888888888889 0.6489583333333333 0.5574074074074075 0.6510416666666666 0.55 0.65 0.5407407407407407 0.6421875 0.5185185185185185 0.63125 0.5 0.6171875 0.45555555555555555 0.6109375 0.44814814814814813 0.6020833333333333 0.44907407407407407 0.5802083333333333 0.462037037037037 0.5484375 0.47314814814814815 0.5333333333333333 0.4824074074074074 0.53125 0.4861111111111111
1 0.6369791666666667 0.43796296296296294 0.6364583333333333 0.45185185185185184 0.6385416666666667 0.4638888888888889 0.6552083333333333 0.5055555555555555 0.6729166666666667 0.5212962962962963 0.6927083333333334 0.5509259259259259 0.6984375 0.5555555555555556 0.7015625 0.5638888888888889 0.7130208333333333 0.5740740740740741 0.7260416666666667 0.5962962962962963 0.7354166666666667 0.6027777777777777 0.7505208333333333 0.6212962962962963 0.7807291666666667 0.6212962962962963 0.7911458333333333 0.6259259259259259 0.7666666666666667 0.6435185185185185 0.7578125 0.6462962962962963 0.7515625 0.6527777777777778 0.7296875 0.6898148148148148 0.7286458333333333 0.6962962962962963 0.7244791666666667 0.7027777777777777 0.7229166666666667 0.7194444444444444 0.7265625 0.7277777777777777 0.7395833333333334 0.737037037037037 0.7489583333333333 0.737037037037037 0.7614583333333333 0.7231481481481481 0.7776041666666667 0.6925925925925925 0.8 0.6601851851851852 0.8229166666666666 0.6101851851851852 0.85 0.5694444444444444 0.8557291666666667 0.5638888888888889 0.8578125 0.5527777777777778 0.8609375 0.5481481481481482 0.8651041666666667 0.5324074074074074 0.8677083333333333 0.5296296296296297 0.8692708333333333 0.5212962962962963 0.8703125 0.4898148148148148 0.86875 0.4824074074074074 0.8713541666666667 0.4759259259259259 0.8630208333333333 0.4740740740740741 0.8583333333333333 0.4666666666666667 0.8604166666666667 0.462037037037037 0.8578125 0.45925925925925926 0.85625 0.44351851851851853 0.8510416666666667 0.44351851851851853 0.8489583333333334 0.4398148148148148 0.8442708333333333 0.44074074074074077 0.8411458333333334 0.4305555555555556 0.8421875 0.4212962962962963 0.8442708333333333 0.4185185185185185 0.84375 0.39351851851851855 0.8421875 0.387037037037037 0.8364583333333333 0.37962962962962965 0.8223958333333333 0.38055555555555554 0.7895833333333333 0.39351851851851855 0.775 0.39444444444444443 0.7473958333333334 0.40555555555555556 0.740625 0.41203703703703703 0.7088541666666667 0.41944444444444445 0.6989583333333333 0.425 0.6796875 0.42962962962962964 0.6583333333333333 0.4305555555555556 0.6390625 0.4351851851851852 0.6369791666666667 0.43796296296296294
1 0.5234375 0 0.50625 0 0.5072916666666667 0.018518518518518517 0.5098958333333333 0.025 0.5145833333333333 0.05092592592592592 0.51875 0.05092592592592592 0.5223958333333333 0.04351851851851852 0.5286458333333334 0.014814814814814815 0.5276041666666667 0.004629629629629629 0.5234375 0
1 0.5755208333333334 0.11481481481481481 0.5729166666666666 0.15555555555555556 0.56875 0.16944444444444445 0.5697916666666667 0.17407407407407408 0.5739583333333333 0.1712962962962963 0.5848958333333333 0.1527777777777778 0.5916666666666667 0.13518518518518519 0.5953125 0.11481481481481481 0.5989583333333334 0.10555555555555556 0.6036458333333333 0.05740740740740741 0.6036458333333333 0.04814814814814815 0.6015625 0.04351851851851852 0.5942708333333333 0.044444444444444446 0.5895833333333333 0.05277777777777778 0.5885416666666666 0.0712962962962963 0.5848958333333333 0.08703703703703704 0.5776041666666667 0.10092592592592593 0.5755208333333334 0.11481481481481481
3 0.9307291666666667 0.09907407407407408 0.9270833333333334 0.12129629629629629 0.9276041666666667 0.13518518518518519 0.93125 0.14814814814814814 0.9354166666666667 0.15462962962962962 0.9416666666666667 0.1574074074074074 0.9583333333333334 0.15555555555555556 0.9734375 0.14351851851851852 0.9854166666666667 0.12129629629629629 0.9916666666666667 0.10462962962962963 0.9973958333333334 0.07777777777777778 0.9973958333333334 0.07037037037037037 0.9994791666666667 0.06851851851851852 0.9994791666666667 0.004629629629629629 0.9932291666666667 0 0.9583333333333334 0 0.94375 0.06388888888888888 0.9307291666666667 0.09907407407407408
3 0.9083333333333333 0.34814814814814815 0.9083333333333333 0.3574074074074074 0.9125 0.3712962962962963 0.9135416666666667 0.3824074074074074 0.9276041666666667 0.4212962962962963 0.9489583333333333 0.4444444444444444 0.9494791666666667 0.4638888888888889 0.9520833333333333 0.4759259259259259 0.9630208333333333 0.5120370370370371 0.9744791666666667 0.5388888888888889 0.9770833333333333 0.55 0.9770833333333333 0.5601851851851852 0.99375 0.6157407407407407 0.9994791666666667 0.6185185185185185 0.9994791666666667 0.5435185185185185 0.9973958333333334 0.5416666666666666 0.9973958333333334 0.5314814814814814 0.9994791666666667 0.5305555555555556 0.9994791666666667 0.5259259259259259 0.9958333333333333 0.5175925925925926 0.9958333333333333 0.5111111111111111 0.9994791666666667 0.5046296296296297 0.9994791666666667 0.4962962962962963 0.9979166666666667 0.49537037037037035 0.9994791666666667 0.49166666666666664 0.9979166666666667 0.487962962962963 0.9979166666666667 0.48333333333333334 0.9994791666666667 0.4824074074074074 0.9994791666666667 0.47314814814814815 0.9979166666666667 0.4722222222222222 0.9994791666666667 0.4685185185185185 0.9994791666666667 0.4148148148148148 0.9973958333333334 0.412962962962963 0.9979166666666667 0.3962962962962963 0.9958333333333333 0.3907407407407407 0.9953125 0.3787037037037037 0.9963541666666667 0.36574074074074076 0.9994791666666667 0.36203703703703705 0.9994791666666667 0.3101851851851852 0.9973958333333334 0.30925925925925923 0.9973958333333334 0.30092592592592593 0.9932291666666667 0.27870370370370373 0.9973958333333334 0.26666666666666666 0.9973958333333334 0.24814814814814815 0.9942708333333333 0.21944444444444444 0.9875 0.21851851851851853 0.984375 0.21203703703703702 0.9739583333333334 0.21944444444444444 0.9619791666666667 0.2518518518518518 0.9526041666666667 0.26481481481481484 0.9265625 0.3138888888888889 0.9135416666666667 0.3287037037037037 0.9083333333333333 0.34814814814814815
3 0.9307291666666667 0.09722222222222222 0.9265625 0.12129629629629629 0.9265625 0.13425925925925927 0.9338541666666667 0.15462962962962962 0.9411458333333333 0.1574074074074074 0.9598958333333333 0.15555555555555556 0.971875 0.14629629629629629 0.9859375 0.12129629629629629 0.9958333333333333 0.09166666666666666 0.9973958333333334 0.07037037037037037 0.9994791666666667 0.06851851851851852 0.9994791666666667 0.004629629629629629 0.9916666666666667 0 0.9604166666666667 0 0.9572916666666667 0.002777777777777778 0.9546875 0.021296296296296296 0.94375 0.062037037037037036 0.9307291666666667 0.09722222222222222
3 0.815625 0.8555555555555555 0.8140625 0.8787037037037037 0.81875 0.8944444444444445 0.8270833333333333 0.9101851851851852 0.8385416666666666 0.9259259259259259 0.8541666666666666 0.9351851851851852 0.8604166666666667 0.9444444444444444 0.8598958333333333 0.9537037037037037 0.8536458333333333 0.9601851851851851 0.8442708333333333 0.9648148148148148 0.8390625 0.9740740740740741 0.8359375 0.987037037037037 0.8364583333333333 0.9935185185185185 0.8552083333333333 0.9962962962962963 0.8848958333333333 0.9935185185185185 0.9708333333333333 0.9962962962962963 0.9953125 0.9944444444444445 0.9994791666666667 0.9888888888888889 0.9994791666666667 0.9712962962962963 0.9979166666666667 0.9703703703703703 0.9994791666666667 0.9555555555555556 0.9973958333333334 0.9518518518518518 0.9973958333333334 0.9398148148148148 0.9994791666666667 0.9388888888888889 0.9994791666666667 0.9166666666666666 0.9973958333333334 0.9138888888888889 0.9994791666666667 0.9092592592592592 0.9994791666666667 0.8666666666666667 0.9973958333333334 0.8629629629629629 0.9973958333333334 0.850925925925926 0.99375 0.8462962962962963 0.9848958333333333 0.8462962962962963 0.975 0.8388888888888889 0.9640625 0.8351851851851851 0.9390625 0.8324074074074074 0.9291666666666667 0.8212962962962963 0.9203125 0.8166666666666667 0.8979166666666667 0.7962962962962963 0.8640625 0.7851851851851852 0.8401041666666667 0.7944444444444444 0.83125 0.8027777777777778 0.8197916666666667 0.8277777777777777 0.815625 0.8555555555555555
3 0.35572916666666665 0.5944444444444444 0.3536458333333333 0.5944444444444444 0.35572916666666665 0.5944444444444444
3 0.3671875 0.5935185185185186 0.36614583333333334 0.5944444444444444 0.36822916666666666 0.5981481481481481 0.3723958333333333 0.5981481481481481 0.375 0.5944444444444444 0.3671875 0.5935185185185186
3 0.06354166666666666 0.5638888888888889 0.0625 0.5666666666666667 0.06614583333333333 0.5731481481481482 0.07135416666666666 0.5666666666666667 0.06354166666666666 0.5638888888888889
3 0.07708333333333334 0.5592592592592592 0.07604166666666666 0.5601851851851852 0.0796875 0.5601851851851852 0.07708333333333334 0.5592592592592592
3 0.0703125 0.5527777777777778 0.06770833333333333 0.562037037037037 0.07291666666666667 0.5601851851851852 0.0703125 0.5527777777777778
3 0.0020833333333333333 0.6944444444444444 0.0020833333333333333 0.75 0.0046875 0.7675925925925926 0.0078125 0.7638888888888888 0.015625 0.7675925925925926 0.01875 0.7777777777777778 0.029166666666666667 0.7898148148148149 0.03177083333333333 0.8 0.041666666666666664 0.8148148148148148 0.04583333333333333 0.825925925925926 0.052083333333333336 0.8314814814814815 0.05572916666666667 0.8527777777777777 0.06197916666666667 0.8685185185185185 0.0625 0.875 0.06979166666666667 0.8981481481481481 0.07239583333333334 0.9009259259259259 0.0734375 0.9166666666666666 0.0859375 0.9444444444444444 0.08697916666666666 0.9601851851851851 0.08854166666666667 0.962037037037037 0.08958333333333333 0.975925925925926 0.09166666666666666 0.9805555555555555 0.0890625 0.9842592592592593 0.0890625 0.9898148148148148 0.09375 0.9935185185185185 0.30364583333333334 0.9935185185185185 0.3098958333333333 0.987037037037037 0.3333333333333333 0.9388888888888889 0.34375 0.925 0.3494791666666667 0.8768518518518519 0.3614583333333333 0.8092592592592592 0.3692708333333333 0.7481481481481481 0.38333333333333336 0.6981481481481482 0.38697916666666665 0.6935185185185185 0.3890625 0.6796296296296296 0.38958333333333334 0.6527777777777778 0.3854166666666667 0.6416666666666667 0.359375 0.6259259259259259 0.34322916666666664 0.6259259259259259 0.32708333333333334 0.6305555555555555 0.3140625 0.6416666666666667 0.30052083333333335 0.6601851851851852 0.2890625 0.6824074074074075 0.28541666666666665 0.6962962962962963 0.27708333333333335 0.7101851851851851 0.26875 0.7138888888888889 0.26510416666666664 0.7083333333333334 0.2604166666666667 0.6898148148148148 0.25729166666666664 0.6842592592592592 0.25416666666666665 0.6638888888888889 0.25416666666666665 0.6462962962962963 0.25104166666666666 0.6222222222222222 0.2546875 0.5842592592592593 0.2609375 0.5601851851851852 0.2640625 0.5370370370370371 0.2703125 0.5277777777777778 0.2786458333333333 0.5055555555555555 0.296875 0.4666666666666667 0.3 0.44814814814814813 0.30572916666666666 0.4305555555555556 0.30416666666666664 0.42407407407407405 0.30520833333333336 0.41388888888888886 0.2911458333333333 0.4027777777777778 0.27291666666666664 0.39351851851851855 0.26666666666666666 0.39351851851851855 0.25416666666666665 0.387037037037037 0.234375 0.387037037037037 0.20833333333333334 0.4009259259259259 0.19635416666666666 0.4185185185185185 0.1859375 0.4462962962962963 0.15052083333333333 0.4981481481481482 0.14010416666666667 0.49166666666666664 0.12760416666666666 0.4935185185185185 0.12604166666666666 0.5009259259259259 0.13020833333333334 0.5046296296296297 0.13072916666666667 0.5083333333333333 0.12291666666666666 0.5120370370370371 0.11875 0.5074074074074074 0.12135416666666667 0.5212962962962963 0.11458333333333333 0.5296296296296297 0.10104166666666667 0.5388888888888889 0.09114583333333333 0.5370370370370371 0.08802083333333334 0.5416666666666666 0.08333333333333333 0.5388888888888889 0.08020833333333334 0.55 0.07708333333333334 0.5537037037037037 0.084375 0.5527777777777778 0.08541666666666667 0.5574074074074075 0.08177083333333333 0.5601851851851852 0.08125 0.5638888888888889 0.0765625 0.5685185185185185 0.0671875 0.5851851851851851 0.0625 0.5888888888888889 0.059895833333333336 0.5981481481481481 0.05625 0.600925925925926 0.05364583333333333 0.6101851851851852 0.04583333333333333 0.6231481481481481 0.0234375 0.6722222222222223 0.016666666666666666 0.6805555555555556 0.004166666666666667 0.6898148148148148 0.0020833333333333333 0.6944444444444444
3 0.2265625 0.3527777777777778 0.22604166666666667 0.35648148148148145 0.22864583333333333 0.3592592592592593 0.23854166666666668 0.35555555555555557 0.26875 0.35555555555555557 0.29010416666666666 0.3648148148148148 0.3 0.3712962962962963 0.3104166666666667 0.3851851851851852 0.3140625 0.3851851851851852 0.321875 0.3592592592592593 0.3229166666666667 0.3388888888888889 0.3203125 0.3333333333333333 0.31666666666666665 0.3101851851851852 0.30572916666666666 0.2916666666666667 0.2994791666666667 0.2851851851851852 0.28489583333333335 0.28425925925925927 0.28072916666666664 0.2851851851851852 0.26510416666666664 0.30092592592592593 0.2546875 0.3055555555555556 0.2453125 0.3148148148148148 0.2265625 0.3527777777777778
3 0.359375 0.000925925925925926 0.35833333333333334 0.004629629629629629 0.37083333333333335 0.021296296296296296 0.37447916666666664 0.023148148148148147 0.39895833333333336 0.062037037037037036 0.4166666666666667 0.09814814814814815 0.43125 0.12129629629629629 0.4317708333333333 0.1259259259259259 0.4375 0.13425925925925927 0.44479166666666664 0.1574074074074074 0.45 0.16666666666666666 0.46875 0.1685185185185185 0.475 0.1648148148148148 0.48072916666666665 0.16574074074074074 0.47708333333333336 0.20555555555555555 0.4791666666666667 0.2462962962962963 0.48072916666666665 0.2564814814814815 0.48802083333333335 0.2712962962962963 0.5 0.2824074074074074 0.5104166666666666 0.2824074074074074 0.5166666666666667 0.2777777777777778 0.5244791666666667 0.26666666666666666 0.528125 0.26944444444444443 0.53125 0.2777777777777778 0.540625 0.2916666666666667 0.5473958333333333 0.2962962962962963 0.5546875 0.2962962962962963 0.5598958333333334 0.2935185185185185 0.5765625 0.2712962962962963 0.58125 0.2675925925925926 0.5838541666666667 0.26851851851851855 0.5864583333333333 0.27314814814814814 0.5895833333333333 0.30092592592592593 0.5947916666666667 0.31851851851851853 0.6015625 0.33055555555555555 0.6098958333333333 0.337037037037037 0.6208333333333333 0.337037037037037 0.6296875 0.33055555555555555 0.6369791666666667 0.3101851851851852 0.64375 0.28055555555555556 0.6453125 0.2361111111111111 0.6510416666666666 0.21388888888888888 0.65625 0.15185185185185185 0.659375 0.14166666666666666 0.6645833333333333 0.10277777777777777 0.6677083333333333 0.10277777777777777 0.6708333333333333 0.11203703703703703 0.6947916666666667 0.14629629629629629 0.7119791666666667 0.1527777777777778 0.7255208333333333 0.1527777777777778 0.7302083333333333 0.15 0.7364583333333333 0.14166666666666666 0.7432291666666667 0.11666666666666667 0.7432291666666667 0.09351851851851851 0.7375 0.07314814814814814 0.7239583333333334 0.03888888888888889 0.7114583333333333 0.017592592592592594 0.7104166666666667 0.012037037037037037 0.7052083333333333 0.002777777777777778 0.6994791666666667 0 0.65 0 0.6411458333333333 0.002777777777777778 0.6182291666666667 0.002777777777777778 0.6125 0 0.5880208333333333 0.002777777777777778 0.5729166666666666 0 0.5359375 0.002777777777777778 0.5046875 0.000925925925925926 0.5 0.003703703703703704 0.4984375 0.037037037037037035 0.49583333333333335 0.041666666666666664 0.490625 0.03888888888888889 0.48020833333333335 0.013888888888888888 0.46927083333333336 0.010185185185185186 0.4661458333333333 0.002777777777777778 0.4630208333333333 0.000925925925925926 0.359375 0.000925925925925926