4 0.878125 0.003703703703703704 0.996875 0.004629629629629629 0.9973958333333334 0.10277777777777777 0.9994791666666667 0.10555555555555556 0.9994791666666667 0.14444444444444443 0.9979166666666667 0.14537037037037037 0.9994791666666667 0.16203703703703703 0.9973958333333334 0.1648148148148148 0.9979166666666667 0.17222222222222222 0.9994791666666667 0.17314814814814813 0.9994791666666667 0.18888888888888888 0.9973958333333334 0.1925925925925926 0.9973958333333334 0.21203703703703702 0.9994791666666667 0.21666666666666667 0.9994791666666667 0.24074074074074073 0.9973958333333334 0.24351851851851852 0.9973958333333334 0.25092592592592594 0.9994791666666667 0.25462962962962965 0.9994791666666667 0.27037037037037037 0.996875 0.2740740740740741 0.9973958333333334 0.2833333333333333 0.9994791666666667 0.2851851851851852 0.9973958333333334 0.287962962962963 0.9973958333333334 0.2935185185185185 0.9994791666666667 0.2962962962962963 0.9973958333333334 0.31574074074074077 0.9979166666666667 0.3277777777777778 0.9994791666666667 0.3287037037037037 0.9994791666666667 0.3787037037037037 0.9973958333333334 0.38055555555555554 0.9973958333333334 0.387037037037037 0.9994791666666667 0.3888888888888889 0.9994791666666667 0.40925925925925927 0.9979166666666667 0.4101851851851852 0.9994791666666667 0.412962962962963 0.9994791666666667 0.4222222222222222 0.9973958333333334 0.425 0.9973958333333334 0.43148148148148147 0.9994791666666667 0.43425925925925923 0.9994791666666667 0.462037037037037 0.9973958333333334 0.4675925925925926 0.9994791666666667 0.4935185185185185 0.996875 0.49722222222222223 0.9973958333333334 0.5092592592592593 0.9994791666666667 0.5111111111111111 0.996875 0.5175925925925926 0.9973958333333334 0.5407407407407407 0.9994791666666667 0.5435185185185185 0.9994791666666667 0.5731481481481482 0.9973958333333334 0.5768518518518518 0.9979166666666667 0.5990740740740741 0.9994791666666667 0.6 0.9994791666666667 0.6222222222222222 0.9979166666666667 0.6231481481481481 0.9994791666666667 0.6268518518518519 0.9994791666666667 0.6694444444444444 0.9973958333333334 0.6703703703703704 0.9973958333333334 0.6805555555555556 0.9994791666666667 0.6824074074074075 0.9994791666666667 0.6953703703703704 0.996875 0.7 0.9973958333333334 0.7722222222222223 0.9942708333333333 0.7935185185185185 0.990625 0.7592592592592593 0.9822916666666667 0.7620370370370371 0.9760416666666667 0.7592592592592593 0.975 0.7546296296296297 0.9765625 0.7481481481481481 0.9734375 0.7435185185185185 0.96875 0.7444444444444445 0.971875 0.7407407407407407 0.9697916666666667 0.7361111111111112 0.9630208333333333 0.7379629629629629 0.9625 0.7333333333333333 0.95625 0.7324074074074074 0.9536458333333333 0.725925925925926 0.9479166666666666 0.725 0.9395833333333333 0.712037037037037 0.9348958333333334 0.712037037037037 0.9322916666666666 0.7055555555555556 0.9197916666666667 0.6981481481481482 0.9145833333333333 0.6916666666666667 0.9026041666666667 0.687962962962963 0.9005208333333333 0.6824074074074075 0.8796875 0.6768518518518518 0.8708333333333333 0.6824074074074075 0.8734375 0.6888888888888889 0.8536458333333333 0.6907407407407408 0.8541666666666666 0.700925925925926 0.8557291666666667 0.7037037037037037 0.8604166666666667 0.7027777777777777 0.85625 0.7046296296296296 0.8604166666666667 0.7166666666666667 0.8557291666666667 0.7277777777777777 0.8546875 0.7194444444444444 0.8520833333333333 0.7148148148148148 0.8520833333333333 0.6916666666666667 0.8484375 0.6842592592592592 0.8390625 0.6768518518518518 0.8255208333333334 0.675 0.8057291666666667 0.6657407407407407 0.7755208333333333 0.6666666666666666 0.7541666666666667 0.6759259259259259 0.7510416666666667 0.6824074074074075 0.7416666666666667 0.6759259259259259 0.7322916666666667 0.6777777777777778 0.7302083333333333 0.6824074074074075 0.7302083333333333 0.6787037037037037 0.7260416666666667 0.675 0.7072916666666667 0.675 0.6880208333333333 0.6675925925925926 0.678125 0.6537037037037037 0.6703125 0.6333333333333333 0.6703125 0.6111111111111112 0.665625 0.5953703703703703 0.6645833333333333 0.5731481481481482 0.6661458333333333 0.5555555555555556 0.6755208333333333 0.5259259259259259 0.6916666666666667 0.5157407407407407 0.7015625 0.5148148148148148 0.7125 0.5092592592592593 0.7229166666666667 0.4898148148148148 0.740625 0.4740740740740741 0.7651041666666667 0.46574074074074073 0.8078125 0.46574074074074073 0.815625 0.46296296296296297 0.8140625 0.33425925925925926 0.8171875 0.26851851851851855 0.8166666666666667 0.25277777777777777 0.8145833333333333 0.2462962962962963 0.7885416666666667 0.2638888888888889 0.7828125 0.27685185185185185 0.7848958333333333 0.29259259259259257 0.7833333333333333 0.2953703703703704 0.7645833333333333 0.3037037037037037 0.7453125 0.3277777777777778 0.7380208333333333 0.3277777777777778 0.7296875 0.31851851851851853 0.7203125 0.3148148148148148 0.7125 0.3277777777777778 0.7114583333333333 0.33425925925925926 0.7041666666666667 0.3490740740740741 0.6958333333333333 0.3611111111111111 0.6901041666666666 0.3648148148148148 0.6817708333333333 0.3648148148148148 0.6786458333333333 0.3611111111111111 0.6755208333333333 0.3490740740740741 0.6760416666666667 0.3416666666666667 0.684375 0.30648148148148147 0.6911458333333333 0.29074074074074074 0.6984375 0.24814814814814815 0.7010416666666667 0.24166666666666667 0.709375 0.17037037037037037 0.7166666666666667 0.12962962962962962 0.7244791666666667 0.11574074074074074 0.7692708333333333 0.075 0.7927083333333333 0.046296296296296294 0.8322916666666667 0.004629629629629629 0.8776041666666666 0.003703703703703704
4 0.003125 0 0.015104166666666667 0.004629629629629629 0.33697916666666666 0.004629629629629629 0.33697916666666666 0.09537037037037037 0.33958333333333335 0.13703703703703704 0.3375 0.1824074074074074 0.340625 0.23425925925925925 0.33958333333333335 0.287962962962963 0.3416666666666667 0.33796296296296297 0.3411458333333333 0.39814814814814814 0.3453125 0.4009259259259259 0.37604166666666666 0.37962962962962965 0.384375 0.3787037037037037 0.3796875 0.38981481481481484 0.3802083333333333 0.39351851851851855 0.39166666666666666 0.41203703703703703 0.39427083333333335 0.4203703703703704 0.4005208333333333 0.42592592592592593 0.44583333333333336 0.43148148148148147 0.4890625 0.4203703703703704 0.490625 0.41759259259259257 0.4901041666666667 0.41203703703703703 0.4859375 0.40555555555555556 0.47239583333333335 0.4083333333333333 0.4666666666666667 0.40370370370370373 0.46145833333333336 0.40370370370370373 0.45208333333333334 0.3925925925925926 0.44427083333333334 0.38981481481481484 0.4453125 0.3861111111111111 0.4432291666666667 0.3787037037037037 0.42916666666666664 0.3768518518518518 0.4354166666666667 0.3731481481481482 0.44947916666666665 0.36944444444444446 0.48072916666666665 0.3731481481481482 0.4875 0.3787037037037037 0.49895833333333334 0.37962962962962965 0.5057291666666667 0.3851851851851852 0.5265625 0.3907407407407407 0.5364583333333334 0.4027777777777778 0.540625 0.3972222222222222 0.578125 0.38425925925925924 0.5895833333333333 0.35648148148148145 0.5890625 0.33240740740740743 0.5770833333333333 0.30462962962962964 0.5375 0.25277777777777777 0.5302083333333333 0.23425925925925925 0.5244791666666667 0.23055555555555557 0.5182291666666666 0.2212962962962963 0.484375 0.1574074074074074 0.48072916666666665 0.15833333333333333 0.47760416666666666 0.1648148148148148 0.46770833333333334 0.23055555555555557 0.4578125 0.25833333333333336 0.4588541666666667 0.26481481481481484 0.4546875 0.2824074074074074 0.45416666666666666 0.2935185185185185 0.44635416666666666 0.3138888888888889 0.44635416666666666 0.3212962962962963 0.43854166666666666 0.32685185185185184 0.4348958333333333 0.325 0.4317708333333333 0.31851851851851853 0.42916666666666664 0.2935185185185185 0.42916666666666664 0.2675925925925926 0.43333333333333335 0.23333333333333334 0.44895833333333335 0.16111111111111112 0.45 0.12685185185185185 0.43697916666666664 0.07407407407407407 0.4322916666666667 0.03888888888888889 0.42239583333333336 0.011111111111111112 0.421875 0.004629629629629629 0.4244791666666667 0.002777777777777778 0.546875 0.003703703703703704 0.5505208333333333 0.011111111111111112 0.5567708333333333 0.03611111111111111 0.5640625 0.07407407407407407 0.5734375 0.0962962962962963 0.6302083333333334 0.19444444444444445 0.6583333333333333 0.21851851851851853 0.66875 0.23148148148148148 0.6744791666666666 0.2490740740740741 0.675 0.2675925925925926 0.6729166666666667 0.2861111111111111 0.6734375 0.32037037037037036 0.6635416666666667 0.33055555555555555 0.6661458333333333 0.34814814814814815 0.65625 0.37962962962962965 0.65625 0.387037037037037 0.6526041666666667 0.3962962962962963 0.6520833333333333 0.40370370370370373 0.6401041666666667 0.4166666666666667 0.6244791666666667 0.4185185185185185 0.6265625 0.45925925925925926 0.6265625 0.4824074074074074 0.625 0.487962962962963 0.6213541666666667 0.4925925925925926 0.6088541666666667 0.4935185185185185 0.5958333333333333 0.4740740740740741 0.5791666666666667 0.4666666666666667 0.5536458333333333 0.44814814814814813 0.55 0.462037037037037 0.5385416666666667 0.487962962962963 0.5359375 0.4925925925925926 0.5255208333333333 0.4981481481481482 0.5307291666666667 0.5046296296296297 0.5328125 0.5148148148148148 0.5322916666666667 0.5296296296296297 0.5260416666666666 0.5564814814814815 0.5161458333333333 0.5703703703703704 0.5182291666666666 0.5944444444444444 0.5151041666666667 0.612037037037037 0.5010416666666667 0.6314814814814815 0.4921875 0.6388888888888888 0.48541666666666666 0.6638888888888889 0.46770833333333334 0.6888888888888889 0.45260416666666664 0.7 0.4348958333333333 0.7046296296296296 0.33229166666666665 0.6935185185185185 0.30364583333333334 0.7046296296296296 0.29635416666666664 0.7101851851851851 0.2828125 0.712037037037037 0.28177083333333336 0.7157407407407408 0.2703125 0.7240740740740741 0.24791666666666667 0.7333333333333333 0.23802083333333332 0.7435185185185185 0.22708333333333333 0.7462962962962963 0.225 0.7583333333333333 0.21979166666666666 0.7722222222222223 0.215625 0.812037037037037 0.21770833333333334 0.8175925925925925 0.2046875 0.8388888888888889 0.1984375 0.8555555555555555 0.17552083333333332 0.8972222222222223 0.15364583333333334 0.9259259259259259 0.08854166666666667 0.9314814814814815 0.08177083333333333 0.9268518518518518 0.04010416666666667 0.925 0.0296875 0.912962962962963 0.008854166666666666 0.9120370370370371 0.004166666666666667 0.9046296296296297 0.0020833333333333333 0.8814814814814815 0.0020833333333333333 0.7324074074074074 0 0.7314814814814815 0 0.725 0.0020833333333333333 0.7231481481481481 0.0020833333333333333 0.7138888888888889 0 0.7092592592592593 0.0015625 0.7083333333333334 0.0026041666666666665 0.6962962962962963 0.0020833333333333333 0.6796296296296296 0 0.675 0.0020833333333333333 0.6731481481481482 0.0026041666666666665 0.6574074074074074 0.0020833333333333333 0.6361111111111111 0 0.6324074074074074 0 0.6138888888888889 0.0020833333333333333 0.612037037037037 0.0015625 0.6046296296296296 0 0.6037037037037037 0 0.49444444444444446 0.0020833333333333333 0.4935185185185185 0.0020833333333333333 0.48148148148148145 0 0.47962962962962963 0.0015625 0.4759259259259259 0 0.462037037037037 0.0020833333333333333 0.4583333333333333 0 0.4564814814814815 0 0.45185185185185184 0.0020833333333333333 0.45092592592592595 0.0026041666666666665 0.4444444444444444 0 0.4388888888888889 0.0026041666666666665 0.4351851851851852 0.0026041666666666665 0.4111111111111111 0.0020833333333333333 0.40185185185185185 0 0.3990740740740741 0.0020833333333333333 0.38981481481481484 0.0020833333333333333 0.38425925925925924 0 0.38333333333333336 0.0020833333333333333 0.3814814814814815 0.0020833333333333333 0.37592592592592594 0 0.3731481481481482 0.0020833333333333333 0.36944444444444446 0 0.3675925925925926 0.0020833333333333333 0.2611111111111111 0 0.2574074074074074 0.0020833333333333333 0.25555555555555554 0.003125 0.0824074074074074 0 0.058333333333333334 0.0020833333333333333 0.05740740740740741 0.003125 0.046296296296296294 0 0.03888888888888889 0 0.02962962962962963 0.0020833333333333333 0.028703703703703703 0.0026041666666666665 0.023148148148148147 0.0020833333333333333 0.01574074074074074 0 0.013888888888888888 0 0.002777777777777778 0.003125 0.000925925925925926
1 0.6505208333333333 0.48703703703703705 0.6692708333333334 0.5185185185185185 0.6697916666666667 0.5287037037037037 0.659375 0.5675925925925925 0.6614583333333334 0.6018518518518519 0.64375 0.5990740740740741 0.6322916666666667 0.6111111111111112 0.625 0.6231481481481481 0.6083333333333333 0.6231481481481481 0.5864583333333333 0.6416666666666667 0.56875 0.6611111111111111 0.5505208333333333 0.6657407407407407 0.5213541666666667 0.6675925925925926 0.49270833333333336 0.6574074074074074 0.4942708333333333 0.6435185185185185 0.5135416666666667 0.6212962962962963 0.5171875 0.6138888888888889 0.5203125 0.6 0.5213541666666667 0.5694444444444444 0.5291666666666667 0.5555555555555556 0.5338541666666666 0.5416666666666666 0.5369791666666667 0.5083333333333333 0.5401041666666667 0.49907407407407406 0.54375 0.4935185185185185 0.5640625 0.4962962962962963 0.5755208333333334 0.5157407407407407 0.5822916666666667 0.5203703703703704 0.5958333333333333 0.5175925925925926 0.5989583333333334 0.5074074074074074 0.6057291666666667 0.5055555555555555 0.6072916666666667 0.5111111111111111 0.6067708333333334 0.5296296296296297 0.6083333333333333 0.5416666666666666 0.6130208333333333 0.55 0.6223958333333334 0.5435185185185185 0.6291666666666667 0.5166666666666667 0.6359375 0.5111111111111111 0.6333333333333333 0.49074074074074076 0.6380208333333334 0.49537037037037035 0.65 0.487962962962963
0 0.6192708333333333 0.6287037037037037 0.6265625 0.6361111111111111 0.634375 0.6351851851851852 0.6557291666666667 0.6148148148148148 0.6645833333333333 0.612037037037037 0.6661458333333333 0.6314814814814815 0.671875 0.6592592592592592 0.6822916666666666 0.6787037037037037 0.684375 0.6888888888888889 0.6921875 0.7 0.7005208333333334 0.7055555555555556 0.7020833333333333 0.7138888888888889 0.7072916666666667 0.7240740740740741 0.7114583333333333 0.7268518518518519 0.7130208333333333 0.7342592592592593 0.7114583333333333 0.7435185185185185 0.7125 0.7481481481481481 0.7104166666666667 0.7546296296296297 0.6932291666666667 0.7925925925925926 0.66875 0.8148148148148148 0.6609375 0.8185185185185185 0.6505208333333333 0.8388888888888889 0.6260416666666667 0.8574074074074074 0.6140625 0.8629629629629629 0.6052083333333333 0.862037037037037 0.5739583333333333 0.8490740740740741 0.5505208333333333 0.8342592592592593 0.5322916666666667 0.8148148148148148 0.5098958333333333 0.8018518518518518 0.48333333333333334 0.8055555555555556 0.4625 0.8212962962962963 0.45260416666666664 0.825 0.4354166666666667 0.8 0.43125 0.7870370370370371 0.42916666666666664 0.7685185185185185 0.4317708333333333 0.7638888888888888 0.45729166666666665 0.7666666666666667 0.4875 0.762962962962963 0.5005208333333333 0.75 0.5046875 0.7388888888888889 0.5171875 0.7185185185185186 0.534375 0.7064814814814815 0.5505208333333333 0.6907407407407408 0.5604166666666667 0.6731481481481482 0.5848958333333333 0.6453703703703704 0.603125 0.6305555555555555 0.61875 0.6287037037037037
0 0.5734375 0.5796296296296296 0.5755208333333334 0.5814814814814815 0.5734375 0.5842592592592593 0.5744791666666667 0.5861111111111111 0.5828125 0.5888888888888889 0.5833333333333334 0.5916666666666667 0.5796875 0.5944444444444444 0.58125 0.5981481481481481 0.5875 0.5990740740740741 0.5979166666666667 0.5935185185185186 0.6 0.5953703703703703 0.6010416666666667 0.6055555555555555 0.5958333333333333 0.6194444444444445 0.5979166666666667 0.6231481481481481 0.5973958333333333 0.6296296296296297 0.5895833333333333 0.6370370370370371 0.5859375 0.6361111111111111 0.5885416666666666 0.6351851851851852 0.590625 0.6287037037037037 0.5880208333333333 0.6231481481481481 0.5838541666666667 0.6231481481481481 0.5885416666666666 0.6231481481481481 0.59375 0.6166666666666667 0.5932291666666667 0.6129629629629629 0.5880208333333333 0.6064814814814815 0.5838541666666667 0.6138888888888889 0.578125 0.612037037037037 0.58125 0.6064814814814815 0.5869791666666667 0.6074074074074074 0.5869791666666667 0.6046296296296296 0.5609375 0.6018518518518519 0.559375 0.6148148148148148 0.5515625 0.6194444444444445 0.5526041666666667 0.6231481481481481 0.5578125 0.6231481481481481 0.5567708333333333 0.6296296296296297 0.5520833333333334 0.6333333333333333 0.5598958333333334 0.6370370370370371 0.5572916666666666 0.6398148148148148 0.5598958333333334 0.6435185185185185 0.5572916666666666 0.6537037037037037 0.5630208333333333 0.6537037037037037 0.5619791666666667 0.65 0.5651041666666666 0.6472222222222223 0.5619791666666667 0.6435185185185185 0.5677083333333334 0.6453703703703704 0.5692708333333333 0.6425925925925926 0.5765625 0.6416666666666667 0.5776041666666667 0.6398148148148148 0.5744791666666667 0.6370370370370371 0.5744791666666667 0.6333333333333333 0.578125 0.6268518518518519 0.5791666666666667 0.6314814814814815 0.5776041666666667 0.6398148148148148 0.5817708333333333 0.6444444444444445 0.5703125 0.6611111111111111 0.5552083333333333 0.6768518518518518 0.5473958333333333 0.6907407407407408 0.5145833333333333 0.7194444444444444 0.4984375 0.7490740740740741 0.484375 0.7611111111111111 0.471875 0.7592592592592593 0.4635416666666667 0.7527777777777778 0.44895833333333335 0.7296296296296296 0.44583333333333336 0.7203703703703703 0.4453125 0.7111111111111111 0.46145833333333336 0.7018518518518518 0.47604166666666664 0.687037037037037 0.4953125 0.6537037037037037 0.4947916666666667 0.6472222222222223 0.5015625 0.6388888888888888 0.50625 0.6472222222222223 0.5067708333333333 0.6509259259259259 0.5041666666666667 0.6537037037037037 0.5052083333333334 0.6564814814814814 0.5130208333333334 0.6574074074074074 0.51875 0.6555555555555556 0.5208333333333334 0.65 0.5265625 0.6509259259259259 0.5291666666666667 0.6472222222222223 0.528125 0.6435185185185185 0.5317708333333333 0.6407407407407407 0.5291666666666667 0.6361111111111111 0.5364583333333334 0.6222222222222222 0.540625 0.6194444444444445 0.5385416666666667 0.6138888888888889 0.5458333333333333 0.6064814814814815 0.55 0.5953703703703703 0.5552083333333333 0.5925925925925926 0.5567708333333333 0.587037037037037 0.5583333333333333 0.5925925925925926 0.5614583333333333 0.5935185185185186 0.5645833333333333 0.5814814814814815 0.5729166666666666 0.5796296296296296
0 0.6640625 0.6185185185185185 0.66875 0.6518518518518519 0.6796875 0.6722222222222223 0.6854166666666667 0.6777777777777778 0.6958333333333333 0.6787037037037037 0.7 0.6898148148148148 0.7166666666666667 0.687962962962963 0.7239583333333334 0.6907407407407408 0.7265625 0.6925925925925925 0.7276041666666667 0.7027777777777777 0.7296875 0.7046296296296296 0.7375 0.7055555555555556 0.7494791666666667 0.6990740740740741 0.75625 0.6916666666666667 0.7619791666666667 0.6777777777777778 0.7713541666666667 0.675 0.7859375 0.6759259259259259 0.8026041666666667 0.6703703703703704 0.8140625 0.675 0.8244791666666667 0.6888888888888889 0.8416666666666667 0.6888888888888889 0.8453125 0.6925925925925925 0.8505208333333333 0.7361111111111112 0.8567708333333334 0.7583333333333333 0.8557291666666667 0.7722222222222223 0.8489583333333334 0.7796296296296297 0.8348958333333333 0.7833333333333333 0.8260416666666667 0.7814814814814814 0.7692708333333333 0.7555555555555555 0.7197916666666667 0.7518518518518519 0.7078125 0.7620370370370371 0.6984375 0.7796296296296297 0.6973958333333333 0.7861111111111111 0.6901041666666666 0.7962962962962963 0.6640625 0.8157407407407408 0.6609375 0.825 0.6578125 0.8240740740740741 0.6473958333333333 0.8379629629629629 0.6369791666666667 0.8453703703703703 0.6161458333333333 0.850925925925926 0.6125 0.8583333333333333 0.609375 0.8583333333333333 0.6026041666666667 0.8527777777777777 0.5979166666666667 0.8555555555555555 0.5859375 0.8518518518518519 0.5760416666666667 0.8444444444444444 0.5744791666666667 0.8398148148148148 0.5708333333333333 0.8425925925925926 0.5536458333333333 0.8342592592592593 0.55 0.8314814814814815 0.5494791666666666 0.8268518518518518 0.5380208333333333 0.8166666666666667 0.5328125 0.8074074074074075 0.5291666666666667 0.8101851851851852 0.5286458333333334 0.8055555555555556 0.5192708333333333 0.7962962962962963 0.515625 0.799074074074074 0.5020833333333333 0.7962962962962963 0.49114583333333334 0.7981481481481482 0.4708333333333333 0.8083333333333333 0.4557291666666667 0.8203703703703704 0.44375 0.8101851851851852 0.43854166666666666 0.8018518518518518 0.43645833333333334 0.7805555555555556 0.4317708333333333 0.7805555555555556 0.4322916666666667 0.7703703703703704 0.4390625 0.7657407407407407 0.4427083333333333 0.7703703703703704 0.44583333333333336 0.7685185185185185 0.44583333333333336 0.7731481481481481 0.453125 0.7703703703703704 0.45625 0.7759259259259259 0.4671875 0.774074074074074 0.4703125 0.7777777777777778 0.4822916666666667 0.7722222222222223 0.4786458333333333 0.7796296296296297 0.484375 0.7842592592592592 0.4942708333333333 0.7722222222222223 0.49375 0.7657407407407407 0.4973958333333333 0.7611111111111111 0.496875 0.7574074074074074 0.4947916666666667 0.7555555555555555 0.48072916666666665 0.762962962962963 0.46927083333333336 0.7611111111111111 0.453125 0.7657407407407407 0.4432291666666667 0.7620370370370371 0.43854166666666666 0.7638888888888888 0.4375 0.7611111111111111 0.42864583333333334 0.7583333333333333 0.4234375 0.7620370370370371 0.4234375 0.7694444444444445 0.43020833333333336 0.7962962962962963 0.4348958333333333 0.8074074074074075 0.4401041666666667 0.8111111111111111 0.4479166666666667 0.825925925925926 0.44635416666666666 0.8351851851851851 0.4421875 0.8407407407407408 0.4354166666666667 0.8416666666666667 0.41875 0.8546296296296296 0.4078125 0.8564814814814815 0.403125 0.862037037037037 0.390625 0.8685185185185185 0.3515625 0.8851851851851852 0.29739583333333336 0.9231481481481482 0.2598958333333333 0.9333333333333333 0.24427083333333333 0.9490740740740741 0.2421875 0.9444444444444444 0.24427083333333333 0.9138888888888889 0.24739583333333334 0.8953703703703704 0.25052083333333336 0.8898148148148148 0.25416666666666665 0.8731481481481481 0.2625 0.8546296296296296 0.284375 0.8212962962962963 0.29635416666666664 0.7916666666666666 0.2989583333333333 0.775 0.3046875 0.762962962962963 0.30416666666666664 0.7546296296296297 0.3098958333333333 0.7444444444444445 0.31354166666666666 0.7194444444444444 0.3203125 0.7064814814814815 0.3302083333333333 0.7018518518518518 0.33958333333333335 0.7018518518518518 0.39479166666666665 0.7111111111111111 0.4401041666666667 0.7129629629629629 0.44166666666666665 0.7240740740740741 0.4453125 0.725 0.44635416666666666 0.7212962962962963 0.44427083333333334 0.7157407407407408 0.446875 0.7101851851851851 0.4661458333333333 0.6981481481481482 0.49270833333333336 0.6620370370370371 0.5015625 0.662962962962963 0.5046875 0.6685185185185185 0.509375 0.6694444444444444 0.5375 0.6694444444444444 0.5619791666666667 0.662962962962963 0.5677083333333334 0.6675925925925926 0.584375 0.6481481481481481 0.5994791666666667 0.6351851851851852 0.6192708333333333 0.6305555555555555 0.6265625 0.637962962962963 0.6302083333333334 0.637962962962963 0.6447916666666667 0.6287037037037037 0.6541666666666667 0.6175925925925926 0.6614583333333334 0.6138888888888889 0.6635416666666667 0.6185185185185185
0 0.6677083333333333 0.6092592592592593 0.665625 0.6148148148148148 0.6671875 0.6333333333333333 0.6729166666666667 0.6546296296296297 0.6776041666666667 0.662962962962963 0.68125 0.6648148148148149 0.6880208333333333 0.6759259259259259 0.7020833333333333 0.6787037037037037 0.7057291666666666 0.6833333333333333 0.7098958333333333 0.6842592592592592 0.7135416666666666 0.6777777777777778 0.7234375 0.6787037037037037 0.7270833333333333 0.6898148148148148 0.7359375 0.687962962962963 0.7375 0.700925925925926 0.740625 0.6953703703703704 0.7390625 0.6907407407407408 0.740625 0.6842592592592592 0.7432291666666667 0.6888888888888889 0.7421875 0.6953703703703704 0.7484375 0.6981481481481482 0.7604166666666666 0.6768518518518518 0.7989583333333333 0.6703703703703704 0.803125 0.6648148148148149 0.8067708333333333 0.6648148148148149 0.8052083333333333 0.6675925925925926 0.80625 0.6694444444444444 0.8166666666666667 0.6759259259259259 0.8421875 0.6842592592592592 0.8458333333333333 0.6898148148148148 0.8520833333333333 0.7351851851851852 0.8583333333333333 0.7583333333333333 0.85625 0.774074074074074 0.8473958333333333 0.7814814814814814 0.828125 0.7824074074074074 0.7671875 0.7555555555555555 0.7546875 0.7537037037037037 0.7442708333333333 0.7583333333333333 0.7411458333333333 0.7546296296296297 0.7380208333333333 0.7574074074074074 0.7354166666666667 0.7546296296296297 0.7307291666666667 0.7564814814814815 0.7265625 0.7518518518518519 0.7197916666666667 0.7509259259259259 0.7046875 0.7666666666666667 0.6927083333333334 0.7925925925925926 0.6692708333333334 0.8148148148148148 0.6598958333333333 0.8194444444444444 0.6473958333333333 0.8398148148148148 0.6270833333333333 0.8546296296296296 0.6114583333333333 0.8601851851851852 0.5770833333333333 0.85 0.5510416666666667 0.8342592592592593 0.5380208333333333 0.8185185185185185 0.5130208333333334 0.8018518518518518 0.4984375 0.8009259259259259 0.484375 0.8046296296296296 0.45989583333333334 0.8222222222222222 0.45260416666666664 0.8240740740740741 0.4354166666666667 0.7981481481481482 0.4296875 0.7722222222222223 0.4322916666666667 0.7648148148148148 0.4588541666666667 0.7675925925925926 0.4765625 0.7620370370370371 0.465625 0.7546296296296297 0.45 0.7314814814814815 0.44583333333333336 0.7175925925925926 0.44583333333333336 0.7101851851851851 0.46927083333333336 0.6953703703703704 0.47604166666666664 0.687962962962963 0.49114583333333334 0.6620370370370371 0.5015625 0.6611111111111111 0.5182291666666666 0.6768518518518518 0.5260416666666666 0.6814814814814815 0.5354166666666667 0.6787037037037037 0.55 0.6898148148148148 0.5541666666666667 0.6851851851851852 0.5541666666666667 0.6814814814814815 0.5489583333333333 0.6824074074074075 0.5463541666666667 0.6787037037037037 0.5484375 0.6694444444444444 0.55625 0.6648148148148149 0.5604166666666667 0.6648148148148149 0.5604166666666667 0.6694444444444444 0.5640625 0.6685185185185185 0.5734375 0.6564814814814814 0.5973958333333333 0.6351851851851852 0.6114583333333333 0.6287037037037037 0.6192708333333333 0.6287037037037037 0.6265625 0.6361111111111111 0.634375 0.6361111111111111 0.6604166666666667 0.612037037037037 0.6677083333333333 0.6101851851851852
0 0.8026041666666667 0.6648148148148149 0.8083333333333333 0.6648148148148149 0.8083333333333333 0.6694444444444444 0.8213541666666667 0.6768518518518518 0.8364583333333333 0.6787037037037037 0.8453125 0.687037037037037 0.853125 0.7398148148148148 0.8598958333333333 0.7574074074074074 0.8588541666666667 0.774074074074074 0.846875 0.7833333333333333 0.8291666666666667 0.7833333333333333 0.7708333333333334 0.7555555555555555 0.753125 0.7518518518518519 0.74375 0.7537037037037037 0.7333333333333333 0.7462962962962963 0.7239583333333334 0.7481481481481481 0.7255208333333333 0.7435185185185185 0.7182291666666667 0.7407407407407407 0.7192708333333333 0.7342592592592593 0.7239583333333334 0.7314814814814815 0.7255208333333333 0.7268518518518519 0.7244791666666667 0.7194444444444444 0.7203125 0.7166666666666667 0.7203125 0.712037037037037 0.7104166666666667 0.7037037037037037 0.709375 0.7092592592592593 0.70625 0.712037037037037 0.703125 0.7037037037037037 0.6916666666666667 0.6953703703703704 0.6916666666666667 0.6916666666666667 0.6942708333333333 0.6898148148148148 0.7109375 0.6916666666666667 0.7166666666666667 0.6824074074074075 0.71875 0.6898148148148148 0.7234375 0.6888888888888889 0.7286458333333333 0.6925925925925925 0.721875 0.7092592592592593 0.7276041666666667 0.7111111111111111 0.7291666666666666 0.7055555555555556 0.7375 0.7055555555555556 0.740625 0.700925925925926 0.7479166666666667 0.6981481481481482 0.7614583333333333 0.6759259259259259 0.8005208333333333 0.6694444444444444 0.8026041666666667 0.6657407407407407
3 0.8395833333333333 0.46574074074074073 0.8625 0.4703703703703704 0.9229166666666667 0.4962962962962963 0.984375 0.5120370370370371 0.9947916666666666 0.5185185185185185 0.9973958333333334 0.5416666666666666 0.996875 0.6398148148148148 0.9947916666666666 0.6657407407407407 0.9885416666666667 0.6898148148148148 0.9901041666666667 0.6944444444444444 0.99375 0.6953703703703704 0.9890625 0.7055555555555556 0.9890625 0.7175925925925926 0.9911458333333333 0.7222222222222222 0.9942708333333333 0.7231481481481481 0.9942708333333333 0.7388888888888889 0.953125 0.7175925925925926 0.9364583333333333 0.7 0.9171875 0.6851851851851852 0.8895833333333333 0.6731481481481482 0.8432291666666667 0.6787037037037037 0.8317708333333333 0.6722222222222223 0.7979166666666667 0.6685185185185185 0.7645833333333333 0.6703703703703704 0.7541666666666667 0.675 0.7515625 0.6796296296296296 0.7411458333333333 0.6731481481481482 0.7375 0.6787037037037037 0.7291666666666666 0.6796296296296296 0.725 0.6759259259259259 0.7203125 0.6777777777777778 0.7135416666666666 0.674074074074074 0.6994791666666667 0.675 0.6786458333333333 0.6564814814814814 0.6708333333333333 0.6398148148148148 0.6692708333333334 0.6111111111111112 0.6666666666666666 0.6055555555555555 0.6640625 0.5879629629629629 0.6651041666666667 0.5592592592592592 0.6677083333333333 0.5462962962962963 0.6755208333333333 0.5259259259259259 0.690625 0.5148148148148148 0.7078125 0.512962962962963 0.7223958333333333 0.4898148148148148 0.7411458333333333 0.47314814814814815 0.7713541666666667 0.4648148148148148 0.8390625 0.46574074074074073
3 0.40625 0.3648148148148148 0.4083333333333333 0.36574074074074076 0.4046875 0.36944444444444446 0.38697916666666665 0.38055555555555554 0.38125 0.38981481481481484 0.38333333333333336 0.4 0.3921875 0.4083333333333333 0.396875 0.41944444444444445 0.4010416666666667 0.4222222222222222 0.425 0.4287037037037037 0.4473958333333333 0.42962962962962964 0.465625 0.42685185185185187 0.46979166666666666 0.4212962962962963 0.4859375 0.41944444444444445 0.4864583333333333 0.4166666666666667 0.47760416666666666 0.4111111111111111 0.45364583333333336 0.40555555555555556 0.44427083333333334 0.39166666666666666 0.434375 0.38981481481481484 0.4348958333333333 0.38333333333333336 0.43333333333333335 0.3814814814814815 0.4270833333333333 0.38425925925925924 0.4244791666666667 0.3768518518518518 0.428125 0.37407407407407406 0.453125 0.3685185185185185 0.4671875 0.36944444444444446 0.49375 0.3768518518518518 0.5296875 0.39351851851851855 0.5359375 0.4064814814814815 0.5489583333333333 0.4185185185185185 0.5526041666666667 0.44907407407407407 0.55 0.46574074074074073 0.5427083333333333 0.47962962962962963 0.5411458333333333 0.48703703703703705 0.5328125 0.49444444444444446 0.5328125 0.5370370370370371 0.5291666666666667 0.5518518518518518 0.51875 0.5703703703703704 0.5192708333333333 0.5981481481481481 0.5161458333333333 0.612037037037037 0.5072916666666667 0.6259259259259259 0.49322916666666666 0.6388888888888888 0.4859375 0.6638888888888889 0.46979166666666666 0.687962962962963 0.45677083333333335 0.6990740740740741 0.4322916666666667 0.7055555555555556 0.36614583333333334 0.6990740740740741 0.33958333333333335 0.6898148148148148 0.33958333333333335 0.6851851851851852 0.3458333333333333 0.6694444444444444 0.346875 0.6472222222222223 0.3494791666666667 0.637962962962963 0.35 0.6092592592592593 0.35260416666666666 0.5953703703703703 0.3484375 0.587037037037037 0.3453125 0.587037037037037 0.3338541666666667 0.6055555555555555 0.34010416666666665 0.612037037037037 0.33958333333333335 0.6157407407407407 0.3359375 0.6185185185185185 0.3307291666666667 0.6157407407407407 0.33125 0.6074074074074074 0.32447916666666665 0.6074074074074074 0.3234375 0.6185185185185185 0.32708333333333334 0.6231481481481481 0.3260416666666667 0.6277777777777778 0.32135416666666666 0.6351851851851852 0.31666666666666665 0.6314814814814815 0.31197916666666664 0.6027777777777777 0.315625 0.5953703703703703 0.315625 0.5768518518518518 0.31302083333333336 0.5675925925925925 0.30833333333333335 0.5611111111111111 0.2989583333333333 0.5259259259259259 0.2791666666666667 0.49074074074074076 0.2760416666666667 0.48055555555555557 0.27708333333333335 0.4740740740740741 0.2869791666666667 0.46944444444444444 0.3 0.44907407407407407 0.3255208333333333 0.42777777777777776 0.3463541666666667 0.4009259259259259 0.3828125 0.3731481481481482 0.3953125 0.36574074074074076 0.40572916666666664 0.3648148148148148
3 0.83125 0.008333333333333333 0.8359375 0.008333333333333333 0.8354166666666667 0.025 0.8307291666666666 0.049074074074074076 0.83125 0.058333333333333334 0.828125 0.08148148148148149 0.81875 0.1175925925925926 0.8135416666666667 0.15462962962962962 0.815625 0.2222222222222222 0.8140625 0.24444444444444444 0.7864583333333334 0.26666666666666666 0.7833333333333333 0.2740740740740741 0.7833333333333333 0.2824074074074074 0.7859375 0.29074074074074074 0.7848958333333333 0.2962962962962963 0.7630208333333334 0.3055555555555556 0.7453125 0.3287037037037037 0.7385416666666667 0.3287037037037037 0.7333333333333333 0.325 0.7270833333333333 0.31203703703703706 0.7239583333333334 0.31851851851851853 0.7203125 0.3175925925925926 0.7130208333333333 0.3287037037037037 0.6958333333333333 0.362962962962963 0.6895833333333333 0.36666666666666664 0.6822916666666666 0.36574074074074076 0.678125 0.36018518518518516 0.6770833333333334 0.35185185185185186 0.6807291666666667 0.32314814814814813 0.69375 0.2796296296296296 0.7010416666666667 0.23796296296296296 0.7135416666666666 0.1425925925925926 0.7177083333333333 0.1259259259259259 0.7286458333333333 0.1111111111111111 0.7713541666666667 0.07314814814814814 0.8 0.03888888888888889 0.83125 0.009259259259259259
3 0.5005208333333333 0.012037037037037037 0.5026041666666666 0.012962962962962963 0.5036458333333333 0.018518518518518517 0.5020833333333333 0.027777777777777776 0.5046875 0.037037037037037035 0.5151041666666667 0.037037037037037035 0.5182291666666666 0.04722222222222222 0.5255208333333333 0.05185185185185185 0.5359375 0.05092592592592592 0.5364583333333334 0.053703703703703705 0.5328125 0.05555555555555555 0.5338541666666666 0.05925925925925926 0.5447916666666667 0.06018518518518518 0.5390625 0.06111111111111111 0.5380208333333333 0.06388888888888888 0.5395833333333333 0.06666666666666667 0.553125 0.06111111111111111 0.5604166666666667 0.06666666666666667 0.5614583333333333 0.07592592592592592 0.5671875 0.0824074074074074 0.5791666666666667 0.10740740740740741 0.5979166666666667 0.1361111111111111 0.6317708333333333 0.1962962962962963 0.659375 0.21944444444444444 0.6677083333333333 0.22962962962962963 0.6744791666666666 0.24444444444444444 0.6765625 0.26296296296296295 0.675 0.32407407407407407 0.6671875 0.33796296296296297 0.6661458333333333 0.35648148148148145 0.65625 0.38981481481481484 0.6541666666666667 0.4046296296296296 0.6489583333333333 0.41388888888888886 0.640625 0.41944444444444445 0.6244791666666667 0.41944444444444445 0.6276041666666666 0.45925925925925926 0.628125 0.49537037037037035 0.6239583333333333 0.49907407407407406 0.6078125 0.49444444444444446 0.5958333333333333 0.475 0.578125 0.4666666666666667 0.5567708333333333 0.45 0.5515625 0.4166666666666667 0.5395833333333333 0.40370370370370373 0.5380208333333333 0.39537037037037037 0.5609375 0.3907407407407407 0.5786458333333333 0.3824074074074074 0.5890625 0.3574074074074074 0.5890625 0.3333333333333333 0.5739583333333333 0.30185185185185187 0.55 0.2722222222222222 0.5135416666666667 0.21481481481481482 0.48489583333333336 0.15648148148148147 0.48072916666666665 0.15648148148148147 0.4786458333333333 0.16111111111111112 0.46927083333333336 0.22407407407407406 0.4557291666666667 0.2814814814814815 0.45 0.31666666666666665 0.4421875 0.3277777777777778 0.4354166666666667 0.3277777777777778 0.4322916666666667 0.32407407407407407 0.42864583333333334 0.28888888888888886 0.4296875 0.2574074074074074 0.4354166666666667 0.22314814814814815 0.4484375 0.1685185185185185 0.4515625 0.14814814814814814 0.45260416666666664 0.11481481481481481 0.4557291666666667 0.09722222222222222 0.4661458333333333 0.06759259259259259 0.4666666666666667 0.06018518518518518 0.4739583333333333 0.049074074074074076 0.47760416666666666 0.037037037037037035 0.48333333333333334 0.03611111111111111 0.4796875 0.032407407407407406 0.48385416666666664 0.028703703703703703 0.490625 0.03333333333333333 0.49583333333333335 0.030555555555555555 0.496875 0.026851851851851852 0.4947916666666667 0.020370370370370372 0.490625 0.023148148148148147 0.49114583333333334 0.01574074074074074 0.4979166666666667 0.016666666666666666 0.5005208333333333 0.012962962962962963