4 0.28125 0.10648148148148148 0.31666666666666665 0.11944444444444445 0.35885416666666664 0.14629629629629629 0.3734375 0.15833333333333333 0.3776041666666667 0.1648148148148148 0.371875 0.18796296296296297 0.3572916666666667 0.21574074074074073 0.35260416666666666 0.23333333333333334 0.33177083333333335 0.2759259259259259 0.32708333333333334 0.3055555555555556 0.31197916666666664 0.3333333333333333 0.3072916666666667 0.36666666666666664 0.3026041666666667 0.3731481481481482 0.296875 0.4009259259259259 0.275 0.45 0.27239583333333334 0.4842592592592593 0.26510416666666664 0.5120370370370371 0.26458333333333334 0.562962962962963 0.2604166666666667 0.5805555555555556 0.25833333333333336 0.6194444444444445 0.27239583333333334 0.6481481481481481 0.2734375 0.6685185185185185 0.2791666666666667 0.6935185185185185 0.28802083333333334 0.7620370370370371 0.2942708333333333 0.7935185185185185 0.3072916666666667 0.8305555555555556 0.3067708333333333 0.8425925925925926 0.303125 0.8425925925925926 0.29270833333333335 0.8314814814814815 0.2682291666666667 0.8157407407407408 0.24114583333333334 0.8055555555555556 0.228125 0.7935185185185185 0.2125 0.7638888888888888 0.2109375 0.7388888888888889 0.20885416666666667 0.7324074074074074 0.18020833333333333 0.6916666666666667 0.1765625 0.6898148148148148 0.1640625 0.6638888888888889 0.15833333333333333 0.6592592592592592 0.13697916666666668 0.6287037037037037 0.1078125 0.6138888888888889 0.09739583333333333 0.5925925925925926 0.09270833333333334 0.5740740740740741 0.08541666666666667 0.5601851851851852 0.078125 0.5388888888888889 0.0671875 0.5305555555555556 0.06041666666666667 0.5314814814814814 0.04375 0.5509259259259259 0.016145833333333335 0.5722222222222222 0.005208333333333333 0.5740740740740741 0.00625 0.524074074074074 0.004166666666666667 0.5101851851851852 0 0.5009259259259259 0 0.3888888888888889 0.0020833333333333333 0.3851851851851852 0 0.3814814814814815 0 0.24537037037037038 0.003125 0.24074074074074073 0.0020833333333333333 0.2351851851851852 0 0.23425925925925925 0.008854166666666666 0.2212962962962963 0.0046875 0.21666666666666667 0.0067708333333333336 0.21296296296296297 0.003125 0.2064814814814815 0.0067708333333333336 0.2 0.0036458333333333334 0.1962962962962963 0.0067708333333333336 0.18518518518518517 0.021875 0.1824074074074074 0.025520833333333333 0.16944444444444445 0.030208333333333334 0.17037037037037037 0.03229166666666667 0.17592592592592593 0.036458333333333336 0.17777777777777778 0.0359375 0.18333333333333332 0.04375 0.18333333333333332 0.04895833333333333 0.17962962962962964 0.053125 0.17037037037037037 0.06041666666666667 0.17222222222222222 0.0640625 0.16203703703703703 0.07083333333333333 0.16296296296296298 0.08645833333333333 0.14907407407407408 0.09270833333333334 0.14814814814814814 0.0984375 0.1425925925925926 0.1015625 0.14722222222222223 0.10885416666666667 0.14629629629629629 0.11145833333333334 0.15462962962962962 0.11875 0.16203703703703703 0.1578125 0.1824074074074074 0.2375 0.11574074074074074 0.2578125 0.10740740740740741 0.28072916666666664 0.10648148148148148
0 0.9484375 0 0.9807291666666667 0 0.9994791666666667 0.006481481481481481 0.9994791666666667 0.3138888888888889 0.9942708333333333 0.3148148148148148 0.9479166666666666 0.2962962962962963 0.9427083333333334 0.28888888888888886 0.9395833333333333 0.26944444444444443 0.9395833333333333 0.22685185185185186 0.9338541666666667 0.15185185185185185 0.934375 0.10833333333333334 0.9421875 0.022222222222222223 0.9447916666666667 0.004629629629629629 0.9484375 0.000925925925925926
0 0.28020833333333334 0.10833333333333334 0.31302083333333336 0.11944444444444445 0.3697916666666667 0.1574074074074074 0.3770833333333333 0.1648148148148148 0.3729166666666667 0.18703703703703703 0.3572916666666667 0.21481481481481482 0.35260416666666666 0.23333333333333334 0.3307291666666667 0.2759259259259259 0.32760416666666664 0.30277777777777776 0.3177083333333333 0.32407407407407407 0.31145833333333334 0.3314814814814815 0.3072916666666667 0.3638888888888889 0.3020833333333333 0.3731481481481482 0.3 0.387037037037037 0.29375 0.4074074074074074 0.27395833333333336 0.45092592592592595 0.27239583333333334 0.48148148148148145 0.265625 0.5101851851851852 0.2625 0.575 0.25677083333333334 0.6101851851851852 0.25729166666666664 0.6222222222222222 0.27239583333333334 0.6481481481481481 0.27395833333333336 0.6759259259259259 0.2828125 0.7185185185185186 0.2875 0.7657407407407407 0.2953125 0.799074074074074 0.3072916666666667 0.8333333333333334 0.309375 0.8481481481481481 0.3145833333333333 0.8592592592592593 0.31614583333333335 0.8870370370370371 0.32083333333333336 0.9027777777777778 0.3255208333333333 0.9435185185185185 0.33177083333333335 0.9611111111111111 0.340625 0.975 0.35572916666666665 0.9805555555555555 0.36354166666666665 0.987037037037037 0.36302083333333335 0.9916666666666667 0.35885416666666664 0.9944444444444445 0.3411458333333333 0.9953703703703703 0.3359375 0.9990740740740741 0.2984375 0.9944444444444445 0.2015625 0.9962962962962963 0.19895833333333332 0.9990740740740741 0.184375 0.9953703703703703 0.16614583333333333 0.9990740740740741 0.16145833333333334 0.9962962962962963 0.15520833333333334 0.9990740740740741 0.14322916666666666 0.9962962962962963 0.1078125 0.9962962962962963 0.10572916666666667 0.9990740740740741 0.08958333333333333 0.9962962962962963 0.0875 0.9990740740740741 0.07447916666666667 0.9990740740740741 0.071875 0.9953703703703703 0.06510416666666667 0.9953703703703703 0.053125 0.9990740740740741 0.04895833333333333 0.9935185185185185 0.046875 0.9842592592592593 0.04635416666666667 0.9407407407407408 0.05364583333333333 0.9157407407407407 0.06875 0.8814814814814815 0.07395833333333333 0.8555555555555555 0.07395833333333333 0.8342592592592593 0.06822916666666666 0.8185185185185185 0.04583333333333333 0.7888888888888889 0.0296875 0.7481481481481481 0.024479166666666666 0.7240740740740741 0.022395833333333334 0.7231481481481481 0.020833333333333332 0.7092592592592593 0.005729166666666666 0.6907407407407408 0.0026041666666666665 0.6537037037037037 0.005208333333333333 0.6333333333333333 0.0171875 0.625 0.015104166666666667 0.6194444444444445 0.011458333333333333 0.6194444444444445 0.008854166666666666 0.6157407407407407 0.0046875 0.6018518518518519 0.0078125 0.5879629629629629 0.016666666666666666 0.5740740740740741 0.0109375 0.5675925925925925 0.011458333333333333 0.5592592592592592 0.01875 0.5518518518518518 0.021354166666666667 0.5453703703703704 0.015625 0.5361111111111111 0.015625 0.5120370370370371 0.008854166666666666 0.5083333333333333 0.0046875 0.49907407407407406 0.0046875 0.48333333333333334 0.007291666666666667 0.4777777777777778 0.00625 0.4666666666666667 0.011458333333333333 0.4564814814814815 0.0067708333333333336 0.44537037037037036 0.009375 0.4305555555555556 0 0.42314814814814816 0.018229166666666668 0.4185185185185185 0.022395833333333334 0.4203703703703704 0.029166666666666667 0.4185185185185185 0.030208333333333334 0.41574074074074074 0.027083333333333334 0.41203703703703703 0.011458333333333333 0.412962962962963 0.009375 0.4046296296296296 0.009375 0.39351851851851855 0.013541666666666667 0.38981481481481484 0.0109375 0.38333333333333336 0.0109375 0.3768518518518518 0.00625 0.36944444444444446 0.011458333333333333 0.36203703703703705 0.0125 0.35462962962962963 0.020833333333333332 0.34814814814814815 0.015104166666666667 0.3435185185185185 0 0.3425925925925926 0 0.30833333333333335 0.0020833333333333333 0.3074074074074074 0.0020833333333333333 0.3037037037037037 0.007291666666666667 0.2935185185185185 0.0026041666666666665 0.2861111111111111 0.005729166666666666 0.26944444444444443 0.004166666666666667 0.25833333333333336 0.009375 0.25462962962962965 0.009895833333333333 0.24814814814814815 0.008333333333333333 0.24444444444444444 0.014583333333333334 0.23425925925925925 0.0171875 0.22037037037037038 0.025520833333333333 0.20925925925925926 0.0359375 0.2037037037037037 0.0390625 0.19907407407407407 0.04739583333333333 0.1962962962962963 0.0546875 0.18796296296296297 0.084375 0.1685185185185185 0.08802083333333334 0.16296296296296298 0.10989583333333333 0.15925925925925927 0.15677083333333333 0.18611111111111112 0.240625 0.11574074074074074 0.25833333333333336 0.10925925925925926 0.2796875 0.10833333333333334
0 0.27760416666666665 0.10833333333333334 0.31302083333333336 0.11944444444444445 0.3765625 0.1648148148148148 0.3729166666666667 0.18518518518518517 0.35625 0.21666666666666667 0.35208333333333336 0.23333333333333334 0.3458333333333333 0.24814814814814815 0.3307291666666667 0.2759259259259259 0.328125 0.30092592592592593 0.3177083333333333 0.32407407407407407 0.31145833333333334 0.33240740740740743 0.3072916666666667 0.3648148148148148 0.3020833333333333 0.37407407407407406 0.296875 0.3990740740740741 0.27395833333333336 0.45092592592592595 0.27239583333333334 0.48148148148148145 0.26510416666666664 0.5120370370370371 0.2635416666666667 0.5657407407407408 0.25677083333333334 0.6111111111111112 0.25729166666666664 0.6212962962962963 0.27239583333333334 0.6481481481481481 0.27395833333333336 0.675 0.2828125 0.7194444444444444 0.2875 0.762962962962963 0.2947916666666667 0.7972222222222223 0.3067708333333333 0.8324074074074074 0.30885416666666665 0.8490740740740741 0.3140625 0.8601851851851852 0.3151041666666667 0.8907407407407407 0.3177083333333333 0.8944444444444445 0.32083333333333336 0.9111111111111111 0.32447916666666665 0.9472222222222222 0.34010416666666665 0.9740740740740741 0.3625 0.9861111111111112 0.3578125 0.9944444444444445 0.340625 0.9953703703703703 0.3338541666666667 0.9990740740740741 0.29791666666666666 0.9935185185185185 0.28020833333333334 0.9935185185185185 0.2765625 0.9962962962962963 0.22760416666666666 0.9953703703703703 0.21770833333333334 0.9990740740740741 0.19427083333333334 0.9990740740740741 0.1828125 0.9944444444444445 0.17291666666666666 0.9962962962962963 0.171875 0.9990740740740741 0.14322916666666666 0.9990740740740741 0.14166666666666666 0.9962962962962963 0.13697916666666668 0.9990740740740741 0.12239583333333333 0.9990740740740741 0.1203125 0.9962962962962963 0.10729166666666666 0.9962962962962963 0.10520833333333333 0.9990740740740741 0.09947916666666666 0.9962962962962963 0.09010416666666667 0.9962962962962963 0.08854166666666667 0.9990740740740741 0.065625 0.9962962962962963 0.0625 0.9990740740740741 0.05260416666666667 0.9990740740740741 0.049479166666666664 0.9944444444444445 0.04635416666666667 0.9787037037037037 0.04635416666666667 0.9398148148148148 0.05364583333333333 0.9157407407407407 0.06875 0.8805555555555555 0.07552083333333333 0.8425925925925926 0.0734375 0.825 0.06354166666666666 0.8055555555555556 0.0625 0.7962962962962963 0.050520833333333334 0.7925925925925926 0.0484375 0.7851851851851852 0.0484375 0.7824074074074074 0.05364583333333333 0.7787037037037037 0.05416666666666667 0.7611111111111111 0.052083333333333336 0.7583333333333333 0.05520833333333333 0.7509259259259259 0.04635416666666667 0.7472222222222222 0.043229166666666666 0.7611111111111111 0.036458333333333336 0.7583333333333333 0.0359375 0.7527777777777778 0.040625 0.7444444444444445 0.03802083333333333 0.7342592592592593 0.043229166666666666 0.7277777777777777 0.046875 0.7277777777777777 0.050520833333333334 0.7194444444444444 0.05 0.7166666666666667 0.0546875 0.7138888888888889 0.059375 0.7166666666666667 0.0578125 0.7194444444444444 0.058854166666666666 0.725 0.06510416666666667 0.7268518518518519 0.07083333333333333 0.7333333333333333 0.08489583333333334 0.7314814814814815 0.08854166666666667 0.7342592592592593 0.09791666666666667 0.7314814814814815 0.0984375 0.7287037037037037 0.09635416666666667 0.7268518518518519 0.09895833333333333 0.7268518518518519 0.10052083333333334 0.7212962962962963 0.09739583333333333 0.7157407407407408 0.09791666666666667 0.7092592592592593 0.09322916666666667 0.6935185185185185 0.08125 0.6703703703703704 0.07239583333333334 0.6694444444444444 0.07239583333333334 0.675 0.06666666666666667 0.675 0.06927083333333334 0.6685185185185185 0.07083333333333333 0.6472222222222223 0.06666666666666667 0.6361111111111111 0.0609375 0.6333333333333333 0.06145833333333333 0.6287037037037037 0.0546875 0.6259259259259259 0.052083333333333336 0.6194444444444445 0.058854166666666666 0.6166666666666667 0.0625 0.6092592592592593 0.06145833333333333 0.6074074074074074 0.04479166666666667 0.6055555555555555 0.036458333333333336 0.6083333333333333 0.028645833333333332 0.6055555555555555 0.025520833333333333 0.5990740740740741 0.0328125 0.5990740740740741 0.0328125 0.5953703703703703 0.030208333333333334 0.5925925925925926 0.0234375 0.5962962962962963 0.018229166666666668 0.5935185185185186 0.016666666666666666 0.5981481481481481 0.009895833333333333 0.600925925925926 0.0078125 0.5990740740740741 0.011458333333333333 0.5879629629629629 0.016145833333333335 0.5907407407407408 0.0203125 0.5861111111111111 0.01875 0.5814814814814815 0.022395833333333334 0.5768518518518518 0.03125 0.5777777777777777 0.03177083333333333 0.5842592592592593 0.027083333333333334 0.5879629629629629 0.028645833333333332 0.5907407407407408 0.03229166666666667 0.5888888888888889 0.036458333333333336 0.5648148148148148 0.050520833333333334 0.562037037037037 0.0515625 0.5601851851851852 0.05 0.5537037037037037 0.0515625 0.549074074074074 0.06041666666666667 0.5435185185185185 0.06875 0.5425925925925926 0.07604166666666666 0.549074074074074 0.07604166666666666 0.5555555555555556 0.08177083333333333 0.5638888888888889 0.07760416666666667 0.5694444444444444 0.075 0.5657407407407408 0.0671875 0.5666666666666667 0.06666666666666667 0.5731481481481482 0.0734375 0.5777777777777777 0.06770833333333333 0.5787037037037037 0.06666666666666667 0.5824074074074074 0.08541666666666667 0.5879629629629629 0.08958333333333333 0.5953703703703703 0.09375 0.5962962962962963 0.0984375 0.6083333333333333 0.103125 0.6092592592592593 0.1 0.5990740740740741 0.09583333333333334 0.5935185185185186 0.09270833333333334 0.5712962962962963 0.08385416666666666 0.5601851851851852 0.0796875 0.5398148148148149 0.06822916666666666 0.5305555555555556 0.058333333333333334 0.5314814814814814 0.04479166666666667 0.55 0.033854166666666664 0.5527777777777778 0.021875 0.5638888888888889 0.01875 0.562962962962963 0.01875 0.5666666666666667 0.015104166666666667 0.5703703703703704 0.010416666666666666 0.5675925925925925 0.011979166666666667 0.5638888888888889 0.011979166666666667 0.5518518518518518 0.01875 0.5574074074074075 0.01875 0.5537037037037037 0.021875 0.549074074074074 0.027083333333333334 0.5472222222222223 0.029166666666666667 0.5425925925925926 0.0265625 0.537962962962963 0.017708333333333333 0.537962962962963 0.015104166666666667 0.5175925925925926 0.013020833333333334 0.5185185185185185 0.0140625 0.5222222222222223 0.0125 0.524074074074074 0.014583333333333334 0.5296296296296297 0.011979166666666667 0.5314814814814814 0.008854166666666666 0.5287037037037037 0.011458333333333333 0.524074074074074 0.011458333333333333 0.5148148148148148 0.015625 0.5120370370370371 0.005208333333333333 0.5046296296296297 0.0036458333333333334 0.49722222222222223 0.005208333333333333 0.4925925925925926 0.014583333333333334 0.48518518518518516 0.01875 0.475 0.017708333333333333 0.4685185185185185 0.011979166666666667 0.4666666666666667 0.015625 0.4666666666666667 0.021354166666666667 0.4601851851851852 0.020833333333333332 0.45555555555555555 0.016145833333333335 0.45185185185185184 0.015625 0.4425925925925926 0.0203125 0.44074074074074077 0.021354166666666667 0.44351851851851853 0.025520833333333333 0.44351851851851853 0.025520833333333333 0.44074074074074077 0.020833333333333332 0.4388888888888889 0.027083333333333334 0.4351851851851852 0.0203125 0.425 0.036458333333333336 0.4203703703703704 0.03958333333333333 0.412962962962963 0.042708333333333334 0.4111111111111111 0.04479166666666667 0.39537037037037037 0.050520833333333334 0.39444444444444443 0.05260416666666667 0.38981481481481484 0.051041666666666666 0.3787037037037037 0.04895833333333333 0.37592592592592594 0.053125 0.36574074074074076 0.050520833333333334 0.36203703703703705 0.05416666666666667 0.36018518518518516 0.05364583333333333 0.35185185185185186 0.057291666666666664 0.34814814814814815 0.05520833333333333 0.3425925925925926 0.0359375 0.3416666666666667 0.041666666666666664 0.3314814814814815 0.035416666666666666 0.3287037037037037 0.023958333333333335 0.3296296296296296 0.021875 0.3351851851851852 0.0109375 0.337037037037037 0.009375 0.3416666666666667 0 0.3416666666666667 0 0.3101851851851852 0.009895833333333333 0.3111111111111111 0.0036458333333333334 0.3055555555555556 0.014583333333333334 0.29259259259259257 0.013541666666666667 0.28888888888888886 0.0046875 0.2861111111111111 0.010416666666666666 0.27870370370370373 0.00625 0.2740740740740741 0.008333333333333333 0.26851851851851855 0.0067708333333333336 0.26481481481481484 0.009375 0.262037037037037 0.0046875 0.25833333333333336 0.009375 0.2574074074074074 0.015625 0.25092592592592594 0.01875 0.2351851851851852 0.025 0.2212962962962963 0.06354166666666666 0.18518518518518517 0.06979166666666667 0.18333333333333332 0.07916666666666666 0.17407407407407408 0.08854166666666667 0.17222222222222222 0.09635416666666667 0.1648148148148148 0.1125 0.16203703703703703 0.12916666666666668 0.1712962962962963 0.13489583333333333 0.17777777777777778 0.14427083333333332 0.1787037037037037 0.1546875 0.18703703703703703 0.24114583333333334 0.11574074074074074 0.259375 0.10925925925925926 0.27708333333333335 0.10833333333333334
0 0.9473958333333333 0 0.9796875 0 0.98125 0.002777777777777778 0.9994791666666667 0.006481481481481481 0.9994791666666667 0.3138888888888889 0.9901041666666667 0.3138888888888889 0.9401041666666666 0.29444444444444445 0.8520833333333333 0.2722222222222222 0.8494791666666667 0.26851851851851855 0.846875 0.2722222222222222 0.8354166666666667 0.27314814814814814 0.8182291666666667 0.26851851851851855 0.8177083333333334 0.2657407407407407 0.8125 0.2722222222222222 0.7921875 0.2777777777777778 0.7802083333333333 0.2861111111111111 0.771875 0.287962962962963 0.7666666666666667 0.2935185185185185 0.7677083333333333 0.3 0.7625 0.30648148148148147 0.7526041666666666 0.3037037037037037 0.7505208333333333 0.29907407407407405 0.7416666666666667 0.29444444444444445 0.7375 0.2962962962962963 0.7338541666666667 0.29074074074074074 0.734375 0.28425925925925927 0.7375 0.2796296296296296 0.7515625 0.26851851851851855 0.7802083333333333 0.25092592592592594 0.803125 0.24444444444444444 0.8078125 0.23981481481481481 0.8322916666666667 0.23796296296296296 0.8484375 0.22962962962962963 0.8520833333333333 0.2324074074074074 0.8796875 0.22314814814814815 0.8958333333333334 0.22314814814814815 0.9005208333333333 0.22037037037037038 0.9286458333333333 0.21944444444444444 0.9328125 0.22870370370370371 0.9375 0.21388888888888888 0.9369791666666667 0.18888888888888888 0.9333333333333333 0.15185185185185185 0.9348958333333334 0.08796296296296297 0.9385416666666667 0.06481481481481481 0.94375 0.004629629629629629 0.9473958333333333 0.000925925925925926
0 0.946875 0 0.9796875 0 0.98125 0.002777777777777778 0.99375 0.003703703703703704 0.9994791666666667 0.008333333333333333 0.9994791666666667 0.3138888888888889 0.9921875 0.3148148148148148 0.9515625 0.29907407407407405 0.9427083333333334 0.28703703703703703 0.9390625 0.27037037037037037 0.9375 0.19444444444444445 0.9333333333333333 0.15925925925925927 0.9333333333333333 0.10833333333333334 0.9411458333333333 0.022222222222222223 0.9432291666666667 0.006481481481481481 0.946875 0.000925925925925926
0 0.9479166666666666 0 0.9802083333333333 0 0.9994791666666667 0.006481481481481481 0.9994791666666667 0.3138888888888889 0.99375 0.3148148148148148 0.9510416666666667 0.3 0.9369791666666667 0.29074074074074074 0.925 0.28888888888888886 0.9364583333333333 0.275 0.9375 0.20925925925925926 0.9369791666666667 0.18703703703703703 0.9338541666666667 0.16203703703703703 0.9338541666666667 0.10925925925925926 0.9421875 0.018518518518518517 0.9442708333333333 0.004629629629629629 0.9479166666666666 0.000925925925925926
0 0.06875 0.5407407407407407 0.07864583333333333 0.549074074074074 0.08802083333333334 0.575 0.09010416666666667 0.5879629629629629 0.10729166666666666 0.6185185185185185 0.14114583333333333 0.6333333333333333 0.14270833333333333 0.637962962962963 0.15364583333333334 0.6472222222222223 0.15416666666666667 0.6518518518518519 0.16145833333333334 0.6527777777777778 0.16822916666666668 0.6601851851851852 0.1703125 0.6685185185185185 0.175 0.675 0.17552083333333332 0.6814814814814815 0.19114583333333332 0.7018518518518518 0.21197916666666666 0.7157407407407408 0.20677083333333332 0.7185185185185186 0.20572916666666666 0.7231481481481481 0.21041666666666667 0.7305555555555555 0.21145833333333333 0.7379629629629629 0.21666666666666667 0.7444444444444445 0.21822916666666667 0.7583333333333333 0.225 0.7722222222222223 0.22447916666666667 0.7824074074074074 0.23020833333333332 0.7861111111111111 0.23489583333333333 0.7953703703703704 0.240625 0.8 0.24583333333333332 0.8 0.24114583333333334 0.8037037037037037 0.24114583333333334 0.8074074074074075 0.24635416666666668 0.8111111111111111 0.2734375 0.812037037037037 0.2760416666666667 0.8175925925925925 0.28229166666666666 0.8222222222222222 0.2916666666666667 0.8240740740740741 0.29583333333333334 0.8361111111111111 0.30520833333333336 0.8425925925925926 0.3078125 0.8555555555555555 0.3145833333333333 0.8685185185185185 0.3145833333333333 0.887962962962963 0.3104166666666667 0.887962962962963 0.309375 0.8916666666666667 0.3104166666666667 0.8944444444444445 0.3140625 0.8916666666666667 0.3177083333333333 0.8972222222222223 0.32395833333333335 0.9490740740740741 0.32760416666666664 0.9518518518518518 0.3302083333333333 0.9611111111111111 0.33958333333333335 0.975 0.3625 0.9842592592592593 0.36354166666666665 0.9879629629629629 0.35989583333333336 0.9944444444444445 0.3453125 0.9990740740740741 0.3421875 0.9953703703703703 0.3390625 0.9990740740740741 0.31666666666666665 0.9990740740740741 0.3145833333333333 0.9953703703703703 0.28177083333333336 0.9944444444444445 0.2760416666666667 0.9972222222222222 0.2265625 0.9953703703703703 0.21979166666666666 0.9990740740740741 0.20520833333333333 0.9990740740740741 0.203125 0.9962962962962963 0.196875 0.9990740740740741 0.19479166666666667 0.9962962962962963 0.18229166666666666 0.9944444444444445 0.17083333333333334 0.9990740740740741 0.15260416666666668 0.9990740740740741 0.14947916666666666 0.9962962962962963 0.13333333333333333 0.9962962962962963 0.12760416666666666 0.9990740740740741 0.11927083333333334 0.9944444444444445 0.1078125 0.9944444444444445 0.10208333333333333 0.9972222222222222 0.09114583333333333 0.9953703703703703 0.0875 0.9990740740740741 0.06302083333333333 0.9953703703703703 0.05364583333333333 0.9990740740740741 0.05 0.9944444444444445 0.04635416666666667 0.9740740740740741 0.046875 0.937962962962963 0.0546875 0.9148148148148149 0.06979166666666667 0.8814814814814815 0.0765625 0.8407407407407408 0.07447916666666667 0.8268518518518518 0.065625 0.8037037037037037 0.050520833333333334 0.7944444444444444 0.04635416666666667 0.7833333333333333 0.05 0.7787037037037037 0.04895833333333333 0.7768518518518519 0.046875 0.775 0.043229166666666666 0.7796296296296297 0.03958333333333333 0.7657407407407407 0.034375 0.7555555555555555 0.034895833333333334 0.7481481481481481 0.043229166666666666 0.7379629629629629 0.0421875 0.7342592592592593 0.04739583333333333 0.7296296296296296 0.050520833333333334 0.7185185185185186 0.05625 0.7157407407407408 0.058333333333333334 0.7166666666666667 0.059895833333333336 0.725 0.08125 0.7324074074074074 0.08489583333333334 0.7305555555555555 0.08802083333333334 0.7342592592592593 0.0875 0.7388888888888889 0.09166666666666666 0.737037037037037 0.08958333333333333 0.7333333333333333 0.09479166666666666 0.7314814814814815 0.0984375 0.7324074074074074 0.1015625 0.7388888888888889 0.10572916666666667 0.7398148148148148 0.109375 0.7351851851851852 0.10989583333333333 0.7305555555555555 0.1015625 0.7268518518518519 0.103125 0.7231481481481481 0.10260416666666666 0.7148148148148148 0.09739583333333333 0.7027777777777777 0.09635416666666667 0.6953703703703704 0.08072916666666667 0.6694444444444444 0.06875 0.6694444444444444 0.06875 0.6648148148148149 0.071875 0.6601851851851852 0.06927083333333334 0.6546296296296297 0.06822916666666666 0.6407407407407407 0.0640625 0.6351851851851852 0.057291666666666664 0.6453703703703704 0.05520833333333333 0.6435185185185185 0.05625 0.6398148148148148 0.0546875 0.637962962962963 0.051041666666666666 0.6407407407407407 0.05260416666666667 0.6481481481481481 0.0578125 0.6518518518518519 0.058333333333333334 0.6574074074074074 0.06354166666666666 0.6611111111111111 0.06510416666666667 0.6694444444444444 0.06770833333333333 0.6712962962962963 0.06458333333333334 0.6768518518518518 0.0671875 0.6842592592592592 0.06458333333333334 0.6888888888888889 0.059375 0.6851851851851852 0.0640625 0.6777777777777778 0.06302083333333333 0.6703703703703704 0.059375 0.6703703703703704 0.05677083333333333 0.675 0.051041666666666666 0.662962962962963 0.04739583333333333 0.6611111111111111 0.04479166666666667 0.6611111111111111 0.040625 0.6685185185185185 0.05 0.675 0.046875 0.6759259259259259 0.043229166666666666 0.687037037037037 0.03802083333333333 0.6851851851851852 0.035416666666666666 0.6962962962962963 0.028645833333333332 0.700925925925926 0.022395833333333334 0.7027777777777777 0.021875 0.6981481481481482 0.015104166666666667 0.6925925925925925 0.0140625 0.6842592592592592 0.011979166666666667 0.6824074074074075 0.008333333333333333 0.6861111111111111 0.00625 0.6712962962962963 0.009895833333333333 0.6675925925925926 0.003125 0.6537037037037037 0.003125 0.6462962962962963 0.004166666666666667 0.6425925925925926 0.009375 0.6407407407407407 0.005208333333333333 0.6361111111111111 0.0109375 0.6296296296296297 0.016666666666666666 0.6277777777777778 0.017708333333333333 0.6222222222222222 0.0109375 0.6194444444444445 0.008333333333333333 0.6129629629629629 0.009375 0.6092592592592593 0.0046875 0.6074074074074074 0.0046875 0.6018518518518519 0.007291666666666667 0.5907407407407408 0.016145833333333335 0.5777777777777777 0.030208333333333334 0.5694444444444444 0.033854166666666664 0.562962962962963 0.0453125 0.5583333333333333 0.049479166666666664 0.5481481481481482 0.057291666666666664 0.5407407407407407 0.06822916666666666 0.5407407407407407
0 0.9619791666666667 0.3851851851851852 0.9947916666666666 0.38981481481481484 0.9973958333333334 0.40185185185185185 0.9994791666666667 0.4027777777777778 0.9994791666666667 0.5777777777777777 0.9817708333333334 0.5787037037037037 0.9666666666666667 0.5657407407407408 0.9598958333333333 0.5537037037037037 0.9578125 0.5564814814814815 0.9604166666666667 0.5675925925925925 0.9708333333333333 0.5805555555555556 0.9833333333333333 0.587037037037037 0.9947916666666666 0.5879629629629629 0.9932291666666667 0.5916666666666667 0.9947916666666666 0.5944444444444444 0.9947916666666666 0.6268518518518519 0.9916666666666667 0.6305555555555555 0.9916666666666667 0.6407407407407407 0.9901041666666667 0.6435185185185185 0.9947916666666666 0.6509259259259259 0.9958333333333333 0.6583333333333333 0.9958333333333333 0.6888888888888889 0.9927083333333333 0.7055555555555556 0.9942708333333333 0.7148148148148148 0.9921875 0.7194444444444444 0.9947916666666666 0.725925925925926 0.9932291666666667 0.7305555555555555 0.9947916666666666 0.7453703703703703 0.9932291666666667 0.7490740740740741 0.9953125 0.7574074074074074 0.9953125 0.7722222222222223 0.9921875 0.7907407407407407 0.9947916666666666 0.799074074074074 0.9963541666666667 0.8157407407407408 0.9927083333333333 0.8287037037037037 0.9947916666666666 0.8416666666666667 0.9916666666666667 0.8444444444444444 0.9916666666666667 0.8555555555555555 0.99375 0.8638888888888889 0.9901041666666667 0.8694444444444445 0.9817708333333334 0.8731481481481481 0.9838541666666667 0.8796296296296297 0.9875 0.8777777777777778 0.9916666666666667 0.8814814814814815 0.9963541666666667 0.8972222222222223 0.9947916666666666 0.9314814814814815 0.9973958333333334 0.9435185185185185 0.9994791666666667 0.9444444444444444 0.9994791666666667 0.9805555555555555 0.9947916666666666 0.9879629629629629 0.9828125 0.9657407407407408 0.9802083333333333 0.9453703703703704 0.978125 0.9435185185185185 0.9796875 0.9342592592592592 0.9760416666666667 0.9305555555555556 0.95625 0.9296296296296296 0.9395833333333333 0.9212962962962963 0.925 0.9185185185185185 0.9 0.9046296296296297 0.8833333333333333 0.9009259259259259 0.8666666666666667 0.8888888888888888 0.8557291666666667 0.8759259259259259 0.85 0.8305555555555556 0.8453125 0.8185185185185185 0.84375 0.8074074074074075 0.8380208333333333 0.7962962962962963 0.825 0.8018518518518518 0.815625 0.8 0.8140625 0.7953703703703704 0.8119791666666667 0.7962962962962963 0.809375 0.8 0.8078125 0.8092592592592592 0.8020833333333334 0.8157407407407408 0.8010416666666667 0.8222222222222222 0.7963541666666667 0.825 0.796875 0.8296296296296296 0.8020833333333334 0.8314814814814815 0.7989583333333333 0.8333333333333334 0.7927083333333333 0.8481481481481481 0.7765625 0.8601851851851852 0.7723958333333333 0.8592592592592593 0.7692708333333333 0.8518518518518519 0.7734375 0.8148148148148148 0.7791666666666667 0.8037037037037037 0.7895833333333333 0.8009259259259259 0.7901041666666667 0.7972222222222223 0.7859375 0.7888888888888889 0.7932291666666667 0.7546296296296297 0.7963541666666667 0.7481481481481481 0.8 0.6731481481481482 0.8036458333333333 0.6518518518518519 0.8036458333333333 0.6370370370370371 0.8104166666666667 0.6129629629629629 0.8098958333333334 0.6074074074074074 0.8046875 0.5972222222222222 0.803125 0.5842592592592593 0.8020833333333334 0.5518518518518518 0.8052083333333333 0.525 0.8125 0.524074074074074 0.8151041666666666 0.5203703703703704 0.825 0.5203703703703704 0.828125 0.512962962962963 0.8348958333333333 0.5111111111111111 0.8416666666666667 0.5046296296296297 0.8494791666666667 0.5046296296296297 0.8526041666666667 0.5092592592592593 0.8557291666666667 0.5046296296296297 0.8635416666666667 0.5046296296296297 0.8692708333333333 0.49722222222222223 0.8765625 0.49907407407407406 0.8802083333333334 0.49444444444444446 0.8796875 0.49074074074074076 0.8828125 0.4888888888888889 0.8895833333333333 0.49166666666666664 0.9010416666666666 0.4898148148148148 0.9046875 0.48148148148148145 0.903125 0.47685185185185186 0.9041666666666667 0.46944444444444444 0.9145833333333333 0.4638888888888889 0.9151041666666667 0.4564814814814815 0.91875 0.4527777777777778 0.9177083333333333 0.44907407407407407 0.9213541666666667 0.45185185185185184 0.925 0.4462962962962963 0.9291666666666667 0.44537037037037036 0.9307291666666667 0.4537037037037037 0.9369791666666667 0.4583333333333333 0.9385416666666667 0.4527777777777778 0.9333333333333333 0.44722222222222224 0.9307291666666667 0.43333333333333335 0.9338541666666667 0.42592592592592593 0.9322916666666666 0.4212962962962963 0.9380208333333333 0.4111111111111111 0.9375 0.4064814814814815 0.9401041666666666 0.39814814814814814 0.9385416666666667 0.3861111111111111 0.9614583333333333 0.3851851851851852
0 0 0.5037037037037037 0.0015625 0.5046296296296297 0.0046875 0.5268518518518519 0.0020833333333333333 0.5527777777777778 0.0020833333333333333 0.5777777777777777 0 0.5796296296296296 0 0.5046296296296297
0 0.521875 0 0.5916666666666667 0 0.5947916666666667 0.011111111111111112 0.5984375 0.013888888888888888 0.5994791666666667 0.024074074074074074 0.6036458333333333 0.03611111111111111 0.6036458333333333 0.04351851851851852 0.6088541666666667 0.06018518518518518 0.6078125 0.07777777777777778 0.6052083333333333 0.08425925925925926 0.60625 0.08703703703703704 0.6088541666666667 0.09074074074074075 0.6125 0.09074074074074075 0.6135416666666667 0.09722222222222222 0.6192708333333333 0.1 0.6229166666666667 0.11203703703703703 0.634375 0.11481481481481481 0.6385416666666667 0.125 0.6473958333333333 0.13425925925925927 0.6651041666666667 0.17685185185185184 0.6817708333333333 0.20185185185185187 0.6822916666666666 0.22037037037037038 0.6859375 0.2324074074074074 0.69375 0.2490740740740741 0.703125 0.262037037037037 0.70625 0.275 0.7119791666666667 0.2861111111111111 0.7520833333333333 0.32222222222222224 0.7515625 0.3388888888888889 0.7489583333333333 0.34814814814814815 0.7390625 0.35185185185185186 0.7375 0.35555555555555557 0.7390625 0.3592592592592593 0.7375 0.36574074074074076 0.7385416666666667 0.36944444444444446 0.7359375 0.37592592592592594 0.7307291666666667 0.3824074074074074 0.7260416666666667 0.3824074074074074 0.7234375 0.39166666666666666 0.7223958333333333 0.3851851851851852 0.7197916666666667 0.38333333333333336 0.7177083333333333 0.3861111111111111 0.7182291666666667 0.4064814814814815 0.7203125 0.412962962962963 0.7234375 0.4 0.7260416666666667 0.4064814814814815 0.7375 0.4111111111111111 0.7401041666666667 0.4074074074074074 0.7479166666666667 0.4074074074074074 0.753125 0.40370370370370373 0.7604166666666666 0.3925925925925926 0.765625 0.39351851851851855 0.76875 0.4 0.7744791666666667 0.42685185185185187 0.7828125 0.44166666666666665 0.790625 0.48518518518518516 0.796875 0.5370370370370371 0.7958333333333333 0.55 0.7984375 0.5953703703703703 0.8005208333333333 0.6055555555555555 0.8 0.6212962962962963 0.7973958333333333 0.6333333333333333 0.7984375 0.6509259259259259 0.7947916666666667 0.6814814814814815 0.7932291666666667 0.7185185185185186 0.7895833333333333 0.7472222222222222 0.7864583333333334 0.7537037037037037 0.7822916666666667 0.7787037037037037 0.7661458333333333 0.8222222222222222 0.7552083333333334 0.8740740740740741 0.7515625 0.8796296296296297 0.7411458333333333 0.8805555555555555 0.7375 0.8861111111111111 0.7203125 0.8861111111111111 0.7203125 0.8907407407407407 0.7317708333333334 0.8898148148148148 0.7307291666666667 0.8935185185185185 0.7338541666666667 0.9037037037037037 0.7296875 0.9074074074074074 0.7333333333333333 0.9138888888888889 0.7307291666666667 0.9203703703703704 0.7114583333333333 0.9481481481481482 0.7104166666666667 0.9564814814814815 0.7026041666666667 0.9583333333333334 0.6994791666666667 0.9490740740740741 0.6963541666666667 0.9546296296296296 0.6963541666666667 0.9601851851851851 0.684375 0.9657407407407408 0.6854166666666667 0.9722222222222222 0.6911458333333333 0.9731481481481481 0.6864583333333333 0.9768518518518519 0.6916666666666667 0.9805555555555555 0.68125 0.9833333333333333 0.6729166666666667 0.9944444444444445 0.63125 0.9925925925925926 0.6088541666666667 0.9990740740740741 0.6026041666666667 0.9907407407407407 0.6057291666666667 0.987037037037037 0.6052083333333333 0.9805555555555555 0.6072916666666667 0.975925925925926 0.6026041666666667 0.9694444444444444 0.5989583333333334 0.9685185185185186 0.5979166666666667 0.9703703703703703 0.6010416666666667 0.975925925925926 0.5989583333333334 0.9805555555555555 0.5869791666666667 0.9777777777777777 0.5822916666666667 0.9879629629629629 0.5765625 0.9814814814814815 0.5692708333333333 0.9824074074074074 0.5682291666666667 0.9842592592592593 0.5723958333333333 0.9907407407407407 0.5708333333333333 0.9925925925925926 0.5677083333333334 0.9888888888888889 0.5614583333333333 0.9879629629629629 0.5614583333333333 0.9824074074074074 0.55625 0.9824074074074074 0.5552083333333333 0.9842592592592593 0.559375 0.9879629629629629 0.5546875 0.9944444444444445 0.5260416666666666 0.9944444444444445 0.5192708333333333 0.9833333333333333 0.5151041666666667 0.9824074074074074 0.5072916666666667 0.9944444444444445 0.48125 0.9944444444444445 0.4953125 0.9861111111111112 0.49375 0.9824074074074074 0.4828125 0.9787037037037037 0.48072916666666665 0.9842592592592593 0.47760416666666666 0.9814814814814815 0.4734375 0.9833333333333333 0.4796875 0.9898148148148148 0.48020833333333335 0.9944444444444445 0.47239583333333335 0.9953703703703703 0.4703125 0.9990740740740741 0.45364583333333336 0.9953703703703703 0.4401041666666667 0.9990740740740741 0.43645833333333334 0.9907407407407407 0.4322916666666667 0.9888888888888889 0.4234375 0.9888888888888889 0.39010416666666664 0.9990740740740741 0.3848958333333333 0.9944444444444445 0.38385416666666666 0.9888888888888889 0.3796875 0.9879629629629629 0.36770833333333336 0.9740740740740741 0.36666666666666664 0.9694444444444444 0.353125 0.9666666666666667 0.35625 0.962037037037037 0.3489583333333333 0.9564814814814815 0.3453125 0.9601851851851851 0.33125 0.9444444444444444 0.3265625 0.9259259259259259 0.31875 0.8583333333333333 0.30885416666666665 0.8185185185185185 0.30052083333333335 0.799074074074074 0.29322916666666665 0.7722222222222223 0.2838541666666667 0.6981481481481482 0.278125 0.6712962962962963 0.2755208333333333 0.6398148148148148 0.26458333333333334 0.6129629629629629 0.2640625 0.6 0.26875 0.5601851851851852 0.26875 0.5351851851851852 0.27239583333333334 0.5046296296296297 0.2755208333333333 0.4888888888888889 0.278125 0.4842592592592593 0.2765625 0.4777777777777778 0.278125 0.46111111111111114 0.2828125 0.4425925925925926 0.29583333333333334 0.41574074074074074 0.29791666666666666 0.4074074074074074 0.3026041666666667 0.4009259259259259 0.303125 0.38981481481481484 0.30572916666666666 0.387037037037037 0.31302083333333336 0.35462962962962963 0.31354166666666666 0.34074074074074073 0.33125 0.30833333333333335 0.3333333333333333 0.29259259259259257 0.340625 0.2657407407407407 0.35833333333333334 0.23425925925925925 0.36354166666666665 0.2175925925925926 0.37135416666666665 0.2064814814814815 0.3729166666666667 0.19444444444444445 0.38645833333333335 0.15833333333333333 0.39947916666666666 0.13796296296296295 0.40260416666666665 0.11018518518518519 0.4140625 0.08796296296296297 0.4161458333333333 0.07222222222222222 0.4203125 0.06666666666666667 0.428125 0.03425925925925926 0.4390625 0.03611111111111111 0.44166666666666665 0.04259259259259259 0.44583333333333336 0.04351851851851852 0.44427083333333334 0.04722222222222222 0.44947916666666665 0.05462962962962963 0.4703125 0.053703703703703705 0.47708333333333336 0.05 0.48385416666666664 0.06111111111111111 0.4875 0.062037037037037036 0.49270833333333336 0.05 0.5072916666666667 0.04722222222222222 0.5104166666666666 0.040740740740740744 0.5130208333333334 0.024074074074074074 0.521875 0.000925925925925926
0 0 0.06666666666666667 0.030729166666666665 0.0712962962962963 0.057291666666666664 0.08055555555555556 0.06927083333333334 0.08796296296296297 0.08072916666666667 0.09814814814814815 0.1015625 0.1259259259259259 0.1171875 0.16111111111111112 0.15 0.1787037037037037 0.1546875 0.18518518518518517 0.15416666666666667 0.18888888888888888 0.14427083333333332 0.20277777777777778 0.134375 0.20925925925925926 0.12135416666666667 0.22592592592592592 0.11354166666666667 0.24166666666666667 0.09895833333333333 0.262037037037037 0.09895833333333333 0.2657407407407407 0.08489583333333334 0.2898148148148148 0.084375 0.29444444444444445 0.08072916666666667 0.2962962962962963 0.08125 0.3037037037037037 0.07708333333333334 0.31574074074074077 0.07760416666666667 0.32037037037037036 0.08072916666666667 0.32407407407407407 0.08072916666666667 0.3287037037037037 0.078125 0.3314814814814815 0.08489583333333334 0.33425925925925926 0.08697916666666666 0.33796296296296297 0.08697916666666666 0.34444444444444444 0.071875 0.3527777777777778 0.07135416666666666 0.3611111111111111 0.06614583333333333 0.36574074074074076 0.06614583333333333 0.3712962962962963 0.06979166666666667 0.37592592592592594 0.06510416666666667 0.38333333333333336 0.058333333333333334 0.3861111111111111 0.058854166666666666 0.39351851851851855 0.05572916666666667 0.4009259259259259 0.05677083333333333 0.40370370370370373 0.05364583333333333 0.40555555555555556 0.049479166666666664 0.4166666666666667 0.05416666666666667 0.4287037037037037 0.05364583333333333 0.4351851851851852 0.05520833333333333 0.43148148148148147 0.0640625 0.4305555555555556 0.07083333333333333 0.43703703703703706 0.07708333333333334 0.4546296296296296 0.08802083333333334 0.45740740740740743 0.08697916666666666 0.4703703703703704 0.09322916666666667 0.47685185185185186 0.0921875 0.4842592592592593 0.08125 0.4898148148148148 0.0796875 0.49444444444444446 0.08697916666666666 0.5046296296296297 0.07708333333333334 0.5055555555555555 0.07760416666666667 0.49444444444444446 0.07395833333333333 0.49074074074074076 0.0734375 0.4824074074074074 0.07083333333333333 0.4787037037037037 0.0671875 0.4777777777777778 0.0640625 0.48148148148148145 0.05364583333333333 0.47685185185185186 0.050520833333333334 0.4842592592592593 0.052083333333333336 0.49074074074074076 0.05 0.49444444444444446 0.04375 0.49444444444444446 0.04114583333333333 0.4888888888888889 0.03854166666666667 0.49074074074074076 0.034895833333333334 0.5009259259259259 0.036458333333333336 0.5046296296296297 0.0359375 0.5120370370370371 0.03229166666666667 0.5212962962962963 0.0375 0.5370370370370371 0.04635416666666667 0.5398148148148149 0.041666666666666664 0.5425925925925926 0.0359375 0.5527777777777778 0.015104166666666667 0.5712962962962963 0.008333333333333333 0.5712962962962963 0.005208333333333333 0.5537037037037037 0.008333333333333333 0.5277777777777778 0.0020833333333333333 0.49444444444444446 0 0.4935185185185185 0 0.2833333333333333 0.0020833333333333333 0.2814814814814815 0.0020833333333333333 0.2777777777777778 0 0.2759259259259259 0 0.18518518518518517 0.003125 0.1824074074074074 0 0.17592592592592593 0 0.1648148148148148 0.0020833333333333333 0.1638888888888889 0.0026041666666666665 0.1574074074074074 0.0046875 0.15462962962962962 0.003125 0.13703703703703704 0 0.13333333333333333 0 0.06759259259259259
0 0.0125 0.0712962962962963 0.05 0.08148148148148149 0.05364583333333333 0.09259259259259259 0.05572916666666667 0.08796296296296297 0.0640625 0.08888888888888889 0.06510416666666667 0.10185185185185185 0.04479166666666667 0.1111111111111111 0.044270833333333336 0.11481481481481481 0.046875 0.12129629629629629 0.05 0.12222222222222222 0.050520833333333334 0.11574074074074074 0.053125 0.11203703703703703 0.07135416666666666 0.11388888888888889 0.07604166666666666 0.10185185185185185 0.078125 0.10092592592592593 0.08958333333333333 0.11574074074074074 0.0921875 0.11574074074074074 0.09322916666666667 0.12314814814814815 0.0890625 0.1259259259259259 0.08854166666666667 0.13333333333333333 0.0734375 0.13518518518518519 0.07239583333333334 0.13703703703703704 0.075 0.14166666666666666 0.10625 0.14444444444444443 0.11614583333333334 0.16203703703703703 0.15416666666666667 0.18333333333333332 0.1609375 0.1824074074074074 0.24114583333333334 0.11574074074074074 0.26510416666666664 0.10740740740740741 0.28802083333333334 0.10925925925925926 0.3140625 0.11944444444444445 0.3765625 0.1638888888888889 0.3729166666666667 0.18703703703703703 0.3567708333333333 0.21666666666666667 0.35260416666666666 0.23333333333333334 0.3453125 0.25 0.3302083333333333 0.2759259259259259 0.32760416666666664 0.3037037037037037 0.31145833333333334 0.3314814814814815 0.3072916666666667 0.3648148148148148 0.3020833333333333 0.3731481481481482 0.29635416666666664 0.4 0.27395833333333336 0.45092592592592595 0.27239583333333334 0.48148148148148145 0.265625 0.5111111111111111 0.2635416666666667 0.5657407407407408 0.2578125 0.6101851851851852 0.25833333333333336 0.6222222222222222 0.27239583333333334 0.6462962962962963 0.27447916666666666 0.6759259259259259 0.2796875 0.6990740740740741 0.290625 0.7805555555555556 0.3067708333333333 0.8324074074074074 0.30885416666666665 0.8481481481481481 0.3140625 0.8583333333333333 0.315625 0.8842592592592593 0.32083333333333336 0.9018518518518519 0.321875 0.9259259259259259 0.325 0.9416666666666667 0.33125 0.9611111111111111 0.33958333333333335 0.9740740740740741 0.35208333333333336 0.9842592592592593 0.3625 0.9842592592592593 0.3625 0.9898148148148148 0.35833333333333334 0.9944444444444445 0.33489583333333334 0.9972222222222222 0.3177083333333333 0.9944444444444445 0.31927083333333334 0.9907407407407407 0.3171875 0.9888888888888889 0.3151041666666667 0.9907407407407407 0.315625 0.9944444444444445 0.2994791666666667 0.9944444444444445 0.296875 0.9907407407407407 0.29322916666666665 0.9953703703703703 0.2786458333333333 0.9925925925925926 0.2682291666666667 0.9962962962962963 0.23177083333333334 0.9944444444444445 0.2015625 0.9962962962962963 0.196875 0.9990740740740741 0.18385416666666668 0.9953703703703703 0.15677083333333333 0.9962962962962963 0.1546875 0.9990740740740741 0.14375 0.9990740740740741 0.1421875 0.9962962962962963 0.11197916666666667 0.9962962962962963 0.1078125 0.9990740740740741 0.08958333333333333 0.9962962962962963 0.0875 0.9990740740740741 0.07395833333333333 0.9990740740740741 0.07083333333333333 0.9953703703703703 0.05364583333333333 0.9990740740740741 0.04791666666666667 0.9907407407407407 0.04583333333333333 0.9777777777777777 0.046875 0.937962962962963 0.05364583333333333 0.9148148148148149 0.06822916666666666 0.8824074074074074 0.07447916666666667 0.8481481481481481 0.0734375 0.8324074074074074 0.06770833333333333 0.8175925925925925 0.05572916666666667 0.8046296296296296 0.04375 0.7842592592592592 0.036458333333333336 0.7620370370370371 0.026041666666666668 0.7416666666666667 0.018229166666666668 0.7129629629629629 0.019791666666666666 0.7092592592592593 0.0046875 0.6935185185185185 0.0026041666666666665 0.6620370370370371 0 0.6592592592592592 0 0.65 0.0026041666666666665 0.6435185185185185 0.0020833333333333333 0.6333333333333333 0.0046875 0.6268518518518519 0.0046875 0.5944444444444444 0.0125 0.5814814814814815 0.011979166666666667 0.5777777777777777 0.0078125 0.5777777777777777 0.005208333333333333 0.5712962962962963 0.007291666666666667 0.5435185185185185 0.0067708333333333336 0.5212962962962963 0.0020833333333333333 0.5009259259259259 0.0020833333333333333 0.49166666666666664 0 0.4898148148148148 0 0.47129629629629627 0.0015625 0.4703703703703704 0 0.46944444444444444 0 0.46111111111111114 0.0020833333333333333 0.4601851851851852 0 0.4564814814814815 0 0.3925925925925926 0.0036458333333333334 0.38981481481481484 0.0020833333333333333 0.38055555555555554 0 0.37962962962962965 0.0020833333333333333 0.375 0 0.3712962962962963 0 0.24722222222222223 0.0026041666666666665 0.24537037037037038 0 0.24074074074074073 0 0.2324074074074074 0.009375 0.22314814814814815 0.008333333333333333 0.21851851851851853 0 0.2175925925925926 0 0.21296296296296297 0.0036458333333333334 0.2101851851851852 0 0.20833333333333334 0 0.2037037037037037 0.0026041666666666665 0.20277777777777778 0.004166666666666667 0.18888888888888888 0.011979166666666667 0.1824074074074074 0.018229166666666668 0.1824074074074074 0.013541666666666667 0.1787037037037037 0.018229166666666668 0.17685185185185184 0.024479166666666666 0.1675925925925926 0.0203125 0.15092592592592594 0.011979166666666667 0.14629629629629629 0.011458333333333333 0.1398148148148148 0.007291666666666667 0.1361111111111111 0.009895833333333333 0.1259259259259259 0.0067708333333333336 0.12314814814814815 0.0171875 0.12222222222222222 0.021354166666666667 0.125 0.025520833333333333 0.11574074074074074 0.033854166666666664 0.11203703703703703 0.030208333333333334 0.10740740740740741 0 0.10555555555555556 0 0.09444444444444444 0.00625 0.08796296296296297 0 0.08055555555555556 0.011979166666666667 0.0712962962962963
0 0.946875 0 0.9817708333333334 0 0.9994791666666667 0.005555555555555556 0.9994791666666667 0.3138888888888889 0.9890625 0.3138888888888889 0.9385416666666667 0.2935185185185185 0.9020833333333333 0.2861111111111111 0.8895833333333333 0.2796296296296296 0.875 0.27870370370370373 0.8489583333333334 0.2712962962962963 0.8296875 0.2722222222222222 0.8208333333333333 0.26851851851851855 0.8208333333333333 0.2601851851851852 0.8166666666666667 0.26296296296296295 0.8114583333333333 0.2722222222222222 0.7895833333333333 0.27685185185185185 0.7791666666666667 0.28703703703703703 0.7671875 0.29259259259259257 0.7661458333333333 0.2962962962962963 0.7682291666666666 0.30185185185185187 0.7619791666666667 0.3074074074074074 0.7515625 0.3037037037037037 0.7505208333333333 0.30277777777777776 0.7526041666666666 0.3 0.7484375 0.2953703703703704 0.7401041666666667 0.2935185185185185 0.7375 0.2962962962962963 0.7338541666666667 0.28888888888888886 0.7375 0.28055555555555556 0.7515625 0.26851851851851855 0.7583333333333333 0.26666666666666666 0.7791666666666667 0.2518518518518518 0.8036458333333333 0.24444444444444444 0.80625 0.24074074074074073 0.8317708333333333 0.23981481481481481 0.8364583333333333 0.23425925925925925 0.8484375 0.22962962962962963 0.8625 0.23333333333333334 0.8786458333333333 0.225 0.89375 0.2324074074074074 0.9 0.22314814814814815 0.9182291666666667 0.22314814814814815 0.9213541666666667 0.22037037037037038 0.925 0.22314814814814815 0.928125 0.2212962962962963 0.9286458333333333 0.22407407407407406 0.9125 0.225 0.9098958333333333 0.22777777777777777 0.9182291666666667 0.23148148148148148 0.9286458333333333 0.22870370370370371 0.9333333333333333 0.23333333333333334 0.9354166666666667 0.22962962962962963 0.9369791666666667 0.21666666666666667 0.9364583333333333 0.18703703703703703 0.9333333333333333 0.16111111111111112 0.9333333333333333 0.10648148148148148 0.9385416666666667 0.06296296296296296 0.9427083333333334 0.005555555555555556 0.946875 0.000925925925925926
0 0.2859375 0.10833333333333334 0.32083333333333336 0.12314814814814815 0.33125 0.13240740740740742 0.36614583333333334 0.1537037037037037 0.3770833333333333 0.1638888888888889 0.3770833333333333 0.17222222222222222 0.3729166666666667 0.18703703703703703 0.3572916666666667 0.21574074074074073 0.353125 0.2324074074074074 0.33177083333333335 0.27685185185185185 0.328125 0.3037037037037037 0.3125 0.3314814814814815 0.3078125 0.36574074074074076 0.303125 0.37407407407407406 0.296875 0.4009259259259259 0.27395833333333336 0.4537037037037037 0.27239583333333334 0.4842592592592593 0.265625 0.5111111111111111 0.2640625 0.5657407407407408 0.2578125 0.6101851851851852 0.25885416666666666 0.6222222222222222 0.27291666666666664 0.6481481481481481 0.27447916666666666 0.6759259259259259 0.2833333333333333 0.7203703703703703 0.28802083333333334 0.762962962962963 0.2942708333333333 0.7935185185185185 0.3072916666666667 0.8314814814814815 0.3109375 0.8537037037037037 0.3140625 0.8583333333333333 0.3151041666666667 0.8907407407407407 0.3177083333333333 0.8953703703703704 0.3182291666666667 0.9074074074074074 0.32083333333333336 0.9111111111111111 0.32395833333333335 0.9425925925925925 0.33125 0.9601851851851851 0.340625 0.975 0.3625 0.9861111111111112 0.35989583333333336 0.9935185185185185 0.3567708333333333 0.9953703703703703 0.3411458333333333 0.9953703703703703 0.33229166666666665 0.9990740740740741 0.296875 0.9935185185185185 0.2635416666666667 0.9972222222222222 0.22708333333333333 0.9953703703703703 0.2171875 0.9990740740740741 0.1921875 0.9990740740740741 0.18229166666666666 0.9944444444444445 0.16875 0.9990740740740741 0.14270833333333333 0.9990740740740741 0.140625 0.9962962962962963 0.1375 0.9990740740740741 0.11614583333333334 0.9990740740740741 0.11302083333333333 0.9962962962962963 0.10677083333333333 0.9990740740740741 0.09895833333333333 0.9962962962962963 0.090625 0.9962962962962963 0.08854166666666667 0.9990740740740741 0.07239583333333334 0.9990740740740741 0.07135416666666666 0.9962962962962963 0.052083333333333336 0.9990740740740741 0.04895833333333333 0.9925925925925926 0.04635416666666667 0.9768518518518519 0.04635416666666667 0.9407407407407408 0.05416666666666667 0.9148148148148149 0.06770833333333333 0.8833333333333333 0.07552083333333333 0.8444444444444444 0.0734375 0.825925925925926 0.0703125 0.8175925925925925 0.0578125 0.799074074074074 0.05 0.7925925925925926 0.0484375 0.7824074074074074 0.057291666666666664 0.774074074074074 0.0609375 0.7833333333333333 0.06770833333333333 0.7861111111111111 0.06875 0.7824074074074074 0.0796875 0.7731481481481481 0.08125 0.7685185185185185 0.0953125 0.7675925925925926 0.096875 0.7611111111111111 0.09270833333333334 0.7527777777777778 0.08958333333333333 0.7537037037037037 0.08958333333333333 0.7583333333333333 0.08802083333333334 0.7592592592592593 0.08229166666666667 0.7555555555555555 0.07395833333333333 0.7574074074074074 0.06822916666666666 0.7546296296296297 0.07291666666666667 0.7509259259259259 0.071875 0.7444444444444445 0.07864583333333333 0.7407407407407407 0.07395833333333333 0.7388888888888889 0.07239583333333334 0.7342592592592593 0.0921875 0.7314814814814815 0.09583333333333334 0.7203703703703703 0.09427083333333333 0.7166666666666667 0.096875 0.7083333333333334 0.08489583333333334 0.6777777777777778 0.07760416666666667 0.675 0.075 0.6694444444444444 0.0703125 0.6712962962962963 0.06770833333333333 0.6685185185185185 0.0671875 0.662962962962963 0.057291666666666664 0.6611111111111111 0.0671875 0.6564814814814814 0.05 0.6583333333333333 0.04479166666666667 0.6546296296296297 0.034895833333333334 0.6685185185185185 0.03958333333333333 0.675 0.042708333333333334 0.6722222222222223 0.05677083333333333 0.6722222222222223 0.05677083333333333 0.6759259259259259 0.044270833333333336 0.6787037037037037 0.04635416666666667 0.6814814814814815 0.04583333333333333 0.687962962962963 0.0515625 0.6898148148148148 0.053125 0.6953703703703704 0.0328125 0.6990740740740741 0.03125 0.7074074074074074 0.04375 0.7111111111111111 0.0453125 0.7166666666666667 0.043229166666666666 0.7194444444444444 0.030208333333333334 0.7166666666666667 0.025 0.7129629629629629 0.025 0.7074074074074074 0.01875 0.6981481481481482 0.015104166666666667 0.7 0.0078125 0.6925925925925925 0.005208333333333333 0.6861111111111111 0.0036458333333333334 0.6694444444444444 0.0046875 0.6601851851851852 0.0026041666666666665 0.6546296296296297 0.0020833333333333333 0.6333333333333333 0.004166666666666667 0.6203703703703703 0.008333333333333333 0.6129629629629629 0.015104166666666667 0.6240740740740741 0.019270833333333334 0.6129629629629629 0.024479166666666666 0.6111111111111112 0.0328125 0.6175925925925926 0.03697916666666667 0.6166666666666667 0.03958333333333333 0.6240740740740741 0.0453125 0.6212962962962963 0.0484375 0.6157407407407407 0.044270833333333336 0.6129629629629629 0.04895833333333333 0.6092592592592593 0.04739583333333333 0.6064814814814815 0.04010416666666667 0.6083333333333333 0.04114583333333333 0.6129629629629629 0.03958333333333333 0.6138888888888889 0.03802083333333333 0.6092592592592593 0.03333333333333333 0.6064814814814815 0.021875 0.6055555555555555 0.022916666666666665 0.6018518518518519 0.019270833333333334 0.5990740740740741 0.010416666666666666 0.6 0.007291666666666667 0.6055555555555555 0.0067708333333333336 0.5981481481481481 0.015625 0.5805555555555556 0.0203125 0.575925925925926 0.027083333333333334 0.575 0.027604166666666666 0.5703703703703704 0.03177083333333333 0.5694444444444444 0.0359375 0.562962962962963 0.04635416666666667 0.5601851851851852 0.04895833333333333 0.5527777777777778 0.04739583333333333 0.55 0.040625 0.5527777777777778 0.015104166666666667 0.5731481481481482 0.008333333333333333 0.5722222222222222 0.007291666666666667 0.5685185185185185 0.0067708333333333336 0.549074074074074 0.008333333333333333 0.5416666666666666 0.011979166666666667 0.5425925925925926 0.0140625 0.5398148148148149 0.008333333333333333 0.5388888888888889 0.007291666666666667 0.5166666666666667 0.0026041666666666665 0.5018518518518519 0.0026041666666666665 0.487962962962963 0 0.48518518518518516 0.003125 0.4777777777777778 0 0.47314814814814815 0.0026041666666666665 0.4703703703703704 0 0.4685185185185185 0 0.46296296296296297 0.0036458333333333334 0.4601851851851852 0.0036458333333333334 0.4564814814814815 0 0.4537037037037037 0 0.4398148148148148 0.003125 0.4388888888888889 0 0.43703703703703706 0 0.41203703703703703 0.004166666666666667 0.4101851851851852 0.003125 0.4064814814814815 0 0.4064814814814815 0 0.39351851851851855 0.016666666666666666 0.38981481481481484 0.008333333333333333 0.38333333333333336 0.010416666666666666 0.37962962962962965 0.008854166666666666 0.37777777777777777 0.005208333333333333 0.3814814814814815 0.003125 0.3768518518518518 0.0036458333333333334 0.37222222222222223 0 0.36574074074074076 0.0026041666666666665 0.3648148148148148 0.00625 0.35555555555555557 0.011458333333333333 0.3527777777777778 0.0140625 0.34629629629629627 0.009895833333333333 0.34444444444444444 0.009895833333333333 0.34814814814814815 0 0.3527777777777778 0 0.27314814814814814 0.0015625 0.2722222222222222 0 0.2712962962962963 0 0.24814814814814815 0.003125 0.24722222222222223 0.005208333333333333 0.24166666666666667 0.0046875 0.2361111111111111 0 0.23796296296296296 0 0.23425925925925925 0.008333333333333333 0.23425925925925925 0.016145833333333335 0.22314814814814815 0.017708333333333333 0.21388888888888888 0.027083333333333334 0.2074074074074074 0.03333333333333333 0.19814814814814816 0.043229166666666666 0.1962962962962963 0.05416666666666667 0.18425925925925926 0.0671875 0.17962962962962964 0.07135416666666666 0.17592592592592593 0.071875 0.1712962962962963 0.0828125 0.1685185185185185 0.08385416666666666 0.1638888888888889 0.09114583333333333 0.1574074074074074 0.109375 0.15462962962962962 0.1171875 0.1638888888888889 0.1578125 0.18425925925925926 0.23802083333333332 0.11666666666666667 0.25885416666666666 0.10833333333333334 0.28541666666666665 0.10833333333333334
0 0 0.06296296296296296 0.05520833333333333 0.0787037037037037 0.078125 0.09351851851851851 0.1 0.12222222222222222 0.1078125 0.13703703703703704 0.11354166666666667 0.15648148148148147 0.11302083333333333 0.16111111111111112 0.08958333333333333 0.16296296296296298 0.08125 0.1675925925925926 0.041666666666666664 0.2037037037037037 0.026041666666666668 0.21296296296296297 0.0140625 0.23055555555555557 0.0109375 0.23796296296296296 0.011458333333333333 0.24351851851851852 0.008333333333333333 0.2490740740740741 0 0.24444444444444444 0 0.1574074074074074 0.0036458333333333334 0.1537037037037037 0.003125 0.1361111111111111 0 0.13425925925925927 0 0.06388888888888888
0 0.9333333333333333 0.21851851851851853 0.9354166666666667 0.22685185185185186 0.9348958333333334 0.2574074074074074 0.9401041666666666 0.2851851851851852 0.9390625 0.2935185185185185 0.9098958333333333 0.2898148148148148 0.8630208333333333 0.2759259259259259 0.8229166666666666 0.2740740740740741 0.8026041666666667 0.2777777777777778 0.7911458333333333 0.2833333333333333 0.7614583333333333 0.3111111111111111 0.74375 0.3074074074074074 0.7296875 0.29259259259259257 0.7291666666666666 0.28703703703703703 0.7385416666666667 0.2759259259259259 0.7807291666666667 0.24722222222222223 0.8 0.24166666666666667 0.8145833333333333 0.23333333333333334 0.8317708333333333 0.2324074074074074 0.8515625 0.225 0.8869791666666667 0.2175925925925926 0.9328125 0.21851851851851853
0 0.2760416666666667 0.10740740740740741 0.2864583333333333 0.10833333333333334 0.3145833333333333 0.11944444444444445 0.365625 0.1537037037037037 0.3765625 0.1638888888888889 0.3729166666666667 0.18703703703703703 0.35625 0.2175925925925926 0.35260416666666666 0.23333333333333334 0.3453125 0.25 0.33645833333333336 0.26296296296296295 0.334375 0.2712962962962963 0.3296875 0.275 0.32760416666666664 0.3037037037037037 0.3177083333333333 0.32407407407407407 0.3098958333333333 0.33055555555555555 0.3109375 0.337037037037037 0.3067708333333333 0.36666666666666664 0.3020833333333333 0.3731481481481482 0.30052083333333335 0.387037037037037 0.29322916666666665 0.40925925925925927 0.27447916666666666 0.44907407407407407 0.27239583333333334 0.48148148148148145 0.26510416666666664 0.512962962962963 0.2635416666666667 0.5685185185185185 0.2604166666666667 0.5814814814814815 0.2578125 0.6222222222222222 0.27239583333333334 0.649074074074074 0.27395833333333336 0.6768518518518518 0.2791666666666667 0.6981481481481482 0.2838541666666667 0.7444444444444445 0.2864583333333333 0.7509259259259259 0.290625 0.7861111111111111 0.3 0.812037037037037 0.30364583333333334 0.825 0.30416666666666664 0.8342592592592593 0.29739583333333336 0.8324074074074074 0.2786458333333333 0.8166666666666667 0.2546875 0.8074074074074075 0.240625 0.7981481481481482 0.22708333333333333 0.7842592592592592 0.21822916666666667 0.7648148148148148 0.21822916666666667 0.7583333333333333 0.21197916666666666 0.7324074074074074 0.2015625 0.712037037037037 0.18541666666666667 0.6953703703703704 0.1828125 0.6888888888888889 0.17447916666666666 0.6805555555555556 0.16666666666666666 0.662962962962963 0.15625 0.6537037037037037 0.15052083333333333 0.6425925925925926 0.13802083333333334 0.6277777777777778 0.115625 0.6175925925925926 0.10729166666666666 0.6101851851851852 0.09739583333333333 0.5898148148148148 0.09375 0.5722222222222222 0.07552083333333333 0.5370370370370371 0.06614583333333333 0.5305555555555556 0.06041666666666667 0.5314814814814814 0.04375 0.5509259259259259 0.0296875 0.5574074074074075 0.015625 0.5722222222222222 0.0078125 0.5722222222222222 0.007291666666666667 0.5203703703703704 0.0026041666666666665 0.5009259259259259 0.0026041666666666665 0.48703703703703705 0 0.4842592592592593 0.0020833333333333333 0.4777777777777778 0 0.4759259259259259 0 0.4722222222222222 0.0026041666666666665 0.4703703703703704 0 0.4675925925925926 0 0.46296296296296297 0.0046875 0.45925925925925926 0.0020833333333333333 0.45092592592592595 0 0.45 0 0.4111111111111111 0.0020833333333333333 0.4101851851851852 0 0.4064814814814815 0 0.40185185185185185 0.0020833333333333333 0.4009259259259259 0 0.3990740740740741 0 0.39351851851851855 0.009375 0.3888888888888889 0.0078125 0.38333333333333336 0.004166666666666667 0.3814814814814815 0.003125 0.37222222222222223 0 0.36944444444444446 0 0.36574074074074076 0.00625 0.36203703703703705 0.0036458333333333334 0.3592592592592593 0.00625 0.35555555555555557 0 0.3490740740740741 0 0.2759259259259259 0.0026041666666666665 0.2722222222222222 0 0.26666666666666666 0 0.25277777777777777 0.005208333333333333 0.25 0.0234375 0.21296296296296297 0.029166666666666667 0.2101851851851852 0.0328125 0.20462962962962963 0.042708333333333334 0.20092592592592592 0.059895833333333336 0.18425925925925926 0.07083333333333333 0.1787037037037037 0.07447916666666667 0.17222222222222222 0.08177083333333333 0.1685185185185185 0.084375 0.1638888888888889 0.0953125 0.15833333333333333 0.1109375 0.1574074074074074 0.15364583333333334 0.18333333333333332 0.15833333333333333 0.18333333333333332 0.19739583333333333 0.15092592592592594 0.20416666666666666 0.14814814814814814 0.24010416666666667 0.11574074074074074 0.2625 0.10740740740740741 0.2755208333333333 0.10740740740740741
0 0.06927083333333334 0.5370370370370371 0.07916666666666666 0.5472222222222223 0.09114583333333333 0.5777777777777777 0.09427083333333333 0.5907407407407408 0.10625 0.6148148148148148 0.140625 0.6333333333333333 0.16041666666666668 0.6592592592592592 0.1640625 0.6694444444444444 0.1671875 0.6712962962962963 0.178125 0.6898148148148148 0.20104166666666667 0.7185185185185186 0.209375 0.7342592592592593 0.21302083333333333 0.7583333333333333 0.21666666666666667 0.7657407407407407 0.21927083333333333 0.7787037037037037 0.22395833333333334 0.7870370370370371 0.24739583333333334 0.8111111111111111 0.2864583333333333 0.825 0.3104166666666667 0.8518518518518519 0.3140625 0.8583333333333333 0.315625 0.8666666666666667 0.31614583333333335 0.8851851851851852 0.32083333333333336 0.9009259259259259 0.3229166666666667 0.9268518518518518 0.33229166666666665 0.9611111111111111 0.34270833333333334 0.975 0.35520833333333335 0.9768518518518519 0.3645833333333333 0.9842592592592593 0.37083333333333335 0.9944444444444445 0.3609375 0.9990740740740741 0.2921875 0.9990740740740741 0.29010416666666666 0.9962962962962963 0.2786458333333333 0.9962962962962963 0.27708333333333335 0.9990740740740741 0.240625 0.9990740740740741 0.23072916666666668 0.9962962962962963 0.22395833333333334 0.9990740740740741 0.18541666666666667 0.9990740740740741 0.1828125 0.9962962962962963 0.1734375 0.9990740740740741 0.15833333333333333 0.9962962962962963 0.14427083333333332 0.9990740740740741 0.07916666666666666 0.9990740740740741 0.04791666666666667 0.9944444444444445 0.0453125 0.9787037037037037 0.04635416666666667 0.9342592592592592 0.053125 0.9148148148148149 0.06822916666666666 0.8833333333333333 0.07395833333333333 0.8398148148148148 0.06666666666666667 0.8194444444444444 0.05 0.8009259259259259 0.041666666666666664 0.7851851851851852 0.035416666666666666 0.7648148148148148 0.026041666666666668 0.7481481481481481 0.021875 0.7361111111111112 0.021354166666666667 0.7231481481481481 0.01875 0.7129629629629629 0.019791666666666666 0.7092592592592593 0.011979166666666667 0.6962962962962963 0.005729166666666666 0.6916666666666667 0.0020833333333333333 0.6444444444444445 0.004166666666666667 0.6342592592592593 0.013541666666666667 0.6231481481481481 0.008333333333333333 0.6203703703703703 0.0046875 0.612037037037037 0.0036458333333333334 0.5981481481481481 0.0078125 0.5861111111111111 0.01875 0.5740740740740741 0.04375 0.5564814814814815 0.049479166666666664 0.5462962962962963 0.059895833333333336 0.5361111111111111 0.06875 0.5370370370370371
3 0.9932291666666667 0.3925925925925926 0.9994791666666667 0.39444444444444443 0.9994791666666667 0.5805555555555556 0.9921875 0.5814814814814815 0.9770833333333333 0.5777777777777777 0.9625 0.5601851851851852 0.9578125 0.5444444444444444 0.9557291666666666 0.5101851851851852 0.95625 0.4787037037037037 0.9598958333333333 0.45740740740740743 0.9666666666666667 0.43796296296296294 0.9729166666666667 0.42777777777777776 0.971875 0.42407407407407405 0.978125 0.4111111111111111 0.9776041666666667 0.4074074074074074 0.9885416666666667 0.39351851851851855 0.9927083333333333 0.3925925925925926