4 0.9041666666666667 0.9777777777777777 0.9036458333333334 0.9805555555555555 0.9067708333333333 0.9824074074074074 0.909375 0.9805555555555555 0.9041666666666667 0.9777777777777777
4 0.8994791666666667 0.9712962962962963 0.8979166666666667 0.9731481481481481 0.9052083333333333 0.9731481481481481 0.8994791666666667 0.9712962962962963
4 0.9197916666666667 0.937037037037037 0.9234375 0.9481481481481482 0.9197916666666667 0.9518518518518518 0.91875 0.9666666666666667 0.9203125 0.9731481481481481 0.9223958333333333 0.9731481481481481 0.9270833333333334 0.9805555555555555 0.9369791666666667 0.9805555555555555 0.9447916666666667 0.9842592592592593 0.9526041666666667 0.9787037037037037 0.9552083333333333 0.9805555555555555 0.9489583333333333 0.9768518518518519 0.9510416666666667 0.9731481481481481 0.9494791666666667 0.9694444444444444 0.9520833333333333 0.9666666666666667 0.9479166666666666 0.9564814814814815 0.9494791666666667 0.9527777777777777 0.9463541666666667 0.9518518518518518 0.9458333333333333 0.9481481481481482 0.9427083333333334 0.95 0.9411458333333333 0.9462962962962963 0.9375 0.9462962962962963 0.9369791666666667 0.9388888888888889 0.9354166666666667 0.937037037037037 0.9338541666666667 0.9398148148148148 0.925 0.9342592592592592 0.9197916666666667 0.937037037037037
4 0.9619791666666667 0.9435185185185185 0.9645833333333333 0.9481481481481482 0.9619791666666667 0.9527777777777777 0.9661458333333334 0.9574074074074074 0.9619791666666667 0.9648148148148148 0.9630208333333333 0.975925925925926 0.9609375 0.9805555555555555 0.9630208333333333 0.9842592592592593 0.96875 0.987037037037037 0.9807291666666667 0.987037037037037 0.9817708333333334 0.9824074074074074 0.9875 0.9805555555555555 0.9942708333333333 0.9694444444444444 0.9942708333333333 0.9388888888888889 0.9875 0.937962962962963 0.9885416666666667 0.9277777777777778 0.9942708333333333 0.9259259259259259 0.9942708333333333 0.9231481481481482 0.9901041666666667 0.925 0.9875 0.9185185185185185 0.9796875 0.9194444444444444 0.9734375 0.925 0.9682291666666667 0.9231481481481482 0.9671875 0.9351851851851852 0.9619791666666667 0.9435185185185185
4 0.9869791666666666 0.9143518518518519 0.0010416666666666667 0.000925925925925926
4 0.9875 0.9 0.0010416666666666667 0.001851851851851852
4 0.9635416666666666 0.8962962962962963 0.9619791666666667 0.8972222222222223 0.9635416666666666 0.8962962962962963
4 0.9875 0.8888888888888888 0.9875 0.8935185185185185 0.9875 0.8888888888888888
4 0.9494791666666667 0.8550925925925926 0.0020833333333333333 0.000925925925925926
4 0.08333333333333333 0.8527777777777777 0.08229166666666667 0.8555555555555555 0.08489583333333334 0.8555555555555555 0.08489583333333334 0.8527777777777777 0.08333333333333333 0.8527777777777777
4 0.9216145833333333 0.8268518518518518 0.0015625 0.001851851851851852
4 0.978125 0.8 0.9755208333333333 0.8 0.978125 0.8
4 0.8427083333333333 0.7777777777777778 0.8416666666666667 0.7935185185185185 0.8473958333333333 0.8166666666666667 0.8479166666666667 0.8314814814814815 0.8515625 0.8444444444444444 0.8682291666666667 0.8777777777777778 0.86875 0.8842592592592593 0.8760416666666667 0.899074074074074 0.8859375 0.9101851851851852 0.8901041666666667 0.9185185185185185 0.8979166666666667 0.9259259259259259 0.9046875 0.9259259259259259 0.9072916666666667 0.9296296296296296 0.9125 0.9277777777777778 0.9135416666666667 0.9324074074074075 0.915625 0.9324074074074075 0.9203125 0.9277777777777778 0.9291666666666667 0.925 0.9328125 0.9194444444444444 0.9453125 0.9185185185185185 0.9442708333333333 0.9120370370370371 0.9489583333333333 0.9101851851851852 0.9515625 0.9055555555555556 0.9572916666666667 0.9055555555555556 0.9588541666666667 0.9027777777777778 0.9640625 0.9046296296296297 0.9630208333333333 0.9009259259259259 0.9546875 0.9009259259259259 0.9567708333333333 0.8962962962962963 0.9541666666666667 0.8925925925925926 0.9546875 0.8870370370370371 0.9572916666666667 0.8824074074074074 0.9552083333333333 0.8796296296296297 0.9489583333333333 0.8805555555555555 0.9458333333333333 0.8842592592592593 0.9328125 0.8777777777777778 0.9223958333333333 0.8777777777777778 0.9203125 0.8805555555555555 0.9192708333333334 0.8722222222222222 0.925 0.8685185185185185 0.9177083333333333 0.8638888888888889 0.9135416666666667 0.8638888888888889 0.9072916666666667 0.8712962962962963 0.9067708333333333 0.8685185185185185 0.9057291666666667 0.8870370370370371 0.9041666666666667 0.8898148148148148 0.8979166666666667 0.887962962962963 0.8963541666666667 0.8824074074074074 0.89375 0.8824074074074074 0.8916666666666667 0.8787037037037037 0.89375 0.8759259259259259 0.8796875 0.8777777777777778 0.8786458333333333 0.8731481481481481 0.8697916666666666 0.8648148148148148 0.8671875 0.8425925925925926 0.8734375 0.8277777777777777 0.8734375 0.8138888888888889 0.8697916666666666 0.8101851851851852 0.8744791666666667 0.8074074074074075 0.8760416666666667 0.8027777777777778 0.8734375 0.7981481481481482 0.8661458333333333 0.7981481481481482 0.8640625 0.7953703703703704 0.8630208333333333 0.7916666666666666 0.8671875 0.7851851851851852 0.86171875 0.7870370370370371 0.8557291666666667 0.7824074074074074 0.8583333333333333 0.7731481481481481 0.8625 0.7712962962962963 0.8604166666666667 0.7703703703703704 0.8598958333333333 0.7620370370370371 0.8604166666666667 0.7657407407407407 0.8588541666666667 0.7685185185185185 0.8557291666666667 0.7620370370370371 0.8541666666666666 0.7666666666666667 0.8510416666666667 0.7666666666666667 0.8484375 0.7712962962962963 0.84375 0.7712962962962963 0.8427083333333333 0.7777777777777778
4 0.8651041666666667 0.7574074074074074 0.8578125 0.7583333333333333 0.8651041666666667 0.7574074074074074
4 0.9276041666666667 0.7518518518518519 0.9270833333333334 0.7592592592592593 0.9307291666666667 0.7638888888888888 0.9286458333333333 0.7675925925925926 0.9317708333333333 0.7694444444444445 0.93125 0.7601851851851852 0.9328125 0.7546296296296297 0.9296875 0.7509259259259259 0.9276041666666667 0.7518518518518519
4 0.9057291666666667 0.7981481481481482 0.90390625 0.8074074074074075 0.9 0.8064814814814815 0.90625 0.8138888888888889 0.9083333333333333 0.8101851851851852 0.9125 0.8148148148148148 0.9135416666666667 0.8194444444444444 0.9255208333333333 0.8231481481481482 0.9291666666666667 0.8314814814814815 0.9270833333333334 0.8342592592592593 0.9276041666666667 0.8388888888888889 0.9260416666666667 0.8416666666666667 0.9294270833333333 0.8416666666666667 0.9302083333333333 0.8388888888888889 0.9338541666666667 0.8435185185185186 0.9364583333333333 0.8388888888888889 0.9390625 0.8481481481481481 0.9401041666666666 0.8453703703703703 0.94375 0.8481481481481481 0.9510416666666667 0.8453703703703703 0.9510416666666667 0.8481481481481481 0.9526041666666667 0.8444444444444444 0.95625 0.8527777777777777 0.9541666666666667 0.8555555555555555 0.9546875 0.862037037037037 0.9614583333333333 0.862037037037037 0.9625 0.8685185185185185 0.9697916666666667 0.8722222222222222 0.9692708333333333 0.8777777777777778 0.9770833333333333 0.8777777777777778 0.9828125 0.8842592592592593 0.9875 0.8851851851851852 0.9901041666666667 0.8805555555555555 0.9947916666666666 0.8842592592592593 0.9958333333333333 0.8527777777777777 0.9947916666666666 0.83125 0.9921875 0.8268518518518518 0.9932291666666667 0.8240740740740741 0.9947916666666666 0.825925925925926 0.9932291666666667 0.8194444444444444 0.9942708333333333 0.8148148148148148 0.9880208333333333 0.8194444444444444 0.9875 0.8166666666666667 0.9822916666666667 0.8185185185185185 0.9791666666666666 0.8101851851851852 0.98125 0.8074074074074075 0.9807291666666667 0.7861111111111111 0.9875 0.7851851851851852 0.9875 0.7787037037037037 0.9901041666666667 0.7731481481481481 0.99375 0.7759259259259259 0.99375 0.7601851851851852 0.9880208333333333 0.7527777777777778 0.9828125 0.7555555555555555 0.975 0.75 0.9734375 0.7462962962962963 0.9692708333333333 0.7462962962962963 0.9666666666666667 0.7398148148148148 0.9552083333333333 0.737037037037037 0.9526041666666667 0.7416666666666667 0.9520833333333333 0.7555555555555555 0.95 0.7574074074074074 0.9515625 0.7601851851851852 0.9515625 0.7685185185185185 0.9484375 0.7712962962962963 0.946875 0.7648148148148148 0.9447916666666667 0.7648148148148148 0.9395833333333333 0.7731481481481481 0.9385416666666667 0.7712962962962963 0.9411458333333333 0.7796296296296297 0.9369791666666667 0.7842592592592592 0.9375 0.7888888888888889 0.9317708333333333 0.7870370370370371 0.9328125 0.7842592592592592 0.9307291666666667 0.7824074074074074 0.9359375 0.8009259259259259 0.9348958333333334 0.8027777777777778 0.9302083333333333 0.8027777777777778 0.9244791666666666 0.7981481481481482 0.9057291666666667 0.7981481481481482
4 0.59375 0.6509259259259259 0.5911458333333334 0.6574074074074074 0.5994791666666667 0.6574074074074074 0.5989583333333334 0.6509259259259259 0.59375 0.6509259259259259
4 0.6145833333333334 0.6342592592592593 0.6140625 0.6370370370370371 0.6161458333333333 0.6388888888888888 0.6182291666666667 0.6370370370370371 0.6166666666666667 0.6324074074074074 0.6145833333333334 0.6342592592592593
4 0.6229166666666667 0.6277777777777778 0.6197916666666666 0.6296296296296297 0.6265625 0.6296296296296297 0.6229166666666667 0.6277777777777778
4 0.5703125 0.6277777777777778 0.5703125 0.6305555555555555 0.5703125 0.6277777777777778
4 0.5807291666666666 0.5694444444444444 0.58125 0.5740740740740741 0.5729166666666666 0.5972222222222222 0.5786458333333333 0.6055555555555555 0.5864583333333333 0.6055555555555555 0.5880208333333333 0.600925925925926 0.5942708333333333 0.5981481481481481 0.59375 0.5944444444444444 0.5984375 0.5888888888888889 0.6020833333333333 0.5916666666666667 0.6015625 0.5879629629629629 0.6036458333333333 0.5824074074074074 0.5989583333333334 0.5740740740740741 0.5932291666666667 0.575925925925926 0.5901041666666667 0.5731481481481482 0.5890625 0.5685185185185185 0.5807291666666666 0.5694444444444444
4 0.6390625 0.5601851851851852 0.6364583333333333 0.5666666666666667 0.6328125 0.5666666666666667 0.640625 0.5731481481481482 0.6421875 0.5712962962962963 0.6427083333333333 0.5638888888888889 0.6416666666666667 0.5601851851851852 0.6390625 0.5601851851851852
4 0.5588541666666667 0.5546296296296296 0.5536458333333333 0.5564814814814815 0.5619791666666667 0.5574074074074075 0.5614583333333333 0.5546296296296296 0.5588541666666667 0.5546296296296296
4 0.5432291666666667 0.5509259259259259 0.5432291666666667 0.5574074074074075 0.5432291666666667 0.5509259259259259
4 0.55625 0.5305555555555556 0.5557291666666667 0.5324074074074074 0.5572916666666666 0.5324074074074074 0.55625 0.5305555555555556
4 0.0020833333333333333 0.07962962962962963 0.0036458333333333334 0.10185185185185185 0.0020833333333333333 0.13518518518518519 0.0020833333333333333 0.2712962962962963 0.0036458333333333334 0.3175925925925926 0.0010416666666666667 0.34444444444444444 0.0020833333333333333 0.3675925925925926 0 0.4101851851851852 0.0015625 0.41203703703703703 0.0015625 0.4212962962962963 0 0.42314814814814816 0 0.44166666666666665 0.0015625 0.44351851851851853 0.0015625 0.44907407407407407 0 0.45555555555555555 0.0015625 0.45925925925925926 0.0015625 0.47314814814814815 0 0.4740740740740741 0 0.4824074074074074 0.0020833333333333333 0.4888888888888889 0.0015625 0.5814814814814815 0.0020833333333333333 0.5916666666666667 0.0036458333333333334 0.5944444444444444 0.0010416666666666667 0.6037037037037037 0.003125 0.6185185185185185 0.0015625 0.6370370370370371 0 0.6388888888888888 0 0.6601851851851852 0.003125 0.6638888888888889 0.0046875 0.675 0.0067708333333333336 0.6777777777777778 0.007291666666666667 0.6935185185185185 0.004166666666666667 0.6981481481481482 0.003125 0.7129629629629629 0 0.7194444444444444 0 0.7388888888888889 0.0015625 0.7398148148148148 0.004166666666666667 0.7611111111111111 0.004166666666666667 0.7796296296296297 0.00625 0.7870370370370371 0.005208333333333333 0.7962962962962963 0.011458333333333333 0.8055555555555556 0.014583333333333334 0.8055555555555556 0.018229166666666668 0.8101851851851852 0.018229166666666668 0.8166666666666667 0.014583333333333334 0.8240740740740741 0.0125 0.8416666666666667 0.0078125 0.8453703703703703 0.0078125 0.8518518518518519 0.017708333333333333 0.8685185185185185 0.017708333333333333 0.8796296296296297 0.014583333333333334 0.8833333333333333 0.0125 0.8925925925925926 0.0125 0.9148148148148149 0.0171875 0.925 0.016666666666666666 0.9314814814814815 0.0125 0.9388888888888889 0.016145833333333335 0.9416666666666667 0.01875 0.9527777777777777 0.015104166666666667 0.962037037037037 0.0140625 0.9731481481481481 0.008854166666666666 0.9805555555555555 0.011979166666666667 0.9842592592592593 0.0125 0.9916666666666667 0.014583333333333334 0.9935185185185185 0.04739583333333333 0.9935185185185185 0.050520833333333334 0.9888888888888889 0.06041666666666667 0.9888888888888889 0.065625 0.9805555555555555 0.06458333333333334 0.975925925925926 0.06875 0.9694444444444444 0.06822916666666666 0.9657407407407408 0.07135416666666666 0.9527777777777777 0.07083333333333333 0.9481481481481482 0.0671875 0.9453703703703704 0.0671875 0.9407407407407408 0.07604166666666666 0.9277777777777778 0.08020833333333334 0.9148148148148149 0.08020833333333334 0.9101851851851852 0.07447916666666667 0.9064814814814814 0.07083333333333333 0.8787037037037037 0.0734375 0.8759259259259259 0.07395833333333333 0.8712962962962963 0.07604166666666666 0.875 0.07864583333333333 0.8731481481481481 0.0796875 0.8648148148148148 0.07708333333333334 0.862037037037037 0.07864583333333333 0.8518518518518519 0.08489583333333334 0.8462962962962963 0.084375 0.8342592592592593 0.0859375 0.8305555555555556 0.08177083333333333 0.8231481481481482 0.08541666666666667 0.8166666666666667 0.08541666666666667 0.8037037037037037 0.0953125 0.7935185185185185 0.09791666666666667 0.7935185185185185 0.1015625 0.7870370370370371 0.15572916666666667 0.7805555555555556 0.184375 0.7824074074074074 0.20104166666666667 0.7796296296296297 0.21875 0.7712962962962963 0.259375 0.7712962962962963 0.26197916666666665 0.7685185185185185 0.28854166666666664 0.7712962962962963 0.2953125 0.7685185185185185 0.31145833333333334 0.7685185185185185 0.3177083333333333 0.7648148148148148 0.3333333333333333 0.7638888888888888 0.34791666666666665 0.7546296296296297 0.3625 0.725925925925926 0.3640625 0.7138888888888889 0.3796875 0.6777777777777778 0.3807291666666667 0.6648148148148149 0.39114583333333336 0.6342592592592593 0.39427083333333335 0.6185185185185185 0.4041666666666667 0.5981481481481481 0.4078125 0.5814814814814815 0.41822916666666665 0.5546296296296296 0.42083333333333334 0.5388888888888889 0.42864583333333334 0.524074074074074 0.43854166666666666 0.49444444444444446 0.4432291666666667 0.48703703703703705 0.44947916666666665 0.4564814814814815 0.453125 0.44722222222222224 0.46145833333333336 0.4388888888888889 0.46875 0.4388888888888889 0.475 0.4351851851851852 0.5020833333333333 0.4351851851851852 0.5125 0.4398148148148148 0.5244791666666667 0.45092592592592595 0.540625 0.4527777777777778 0.5421875 0.45555555555555555 0.5411458333333333 0.45740740740740743 0.534375 0.462037037037037 0.5348958333333333 0.4703703703703704 0.5416666666666666 0.4777777777777778 0.5484375 0.4759259259259259 0.5572916666666666 0.47962962962962963 0.5604166666666667 0.4861111111111111 0.5572916666666666 0.4898148148148148 0.5598958333333334 0.5027777777777778 0.5588541666666667 0.5074074074074074 0.5609375 0.5101851851851852 0.5598958333333334 0.5148148148148148 0.5671875 0.5231481481481481 0.571875 0.5231481481481481 0.5760416666666667 0.5388888888888889 0.5817708333333333 0.5388888888888889 0.5833333333333334 0.5416666666666666 0.5822916666666667 0.5472222222222223 0.5854166666666667 0.5481481481481482 0.5875 0.5527777777777778 0.5973958333333333 0.5509259259259259 0.6015625 0.5462962962962963 0.61875 0.5527777777777778 0.621875 0.5416666666666666 0.6265625 0.5416666666666666 0.6364583333333333 0.5305555555555556 0.6395833333333333 0.5324074074074074 0.6416666666666667 0.5296296296296297 0.6473958333333333 0.5314814814814814 0.6416666666666667 0.5388888888888889 0.64375 0.5638888888888889 0.6447916666666667 0.5601851851851852 0.6484375 0.5648148148148148 0.6625 0.5601851851851852 0.6661458333333333 0.5527777777777778 0.6661458333333333 0.5481481481481482 0.675 0.5435185185185185 0.6765625 0.5370370370370371 0.6828125 0.5370370370370371 0.6828125 0.5435185185185185 0.6927083333333334 0.5481481481481482 0.6953125 0.5527777777777778 0.7036458333333333 0.5527777777777778 0.7098958333333333 0.55 0.7109375 0.5462962962962963 0.7104166666666667 0.5324074074074074 0.70625 0.5259259259259259 0.7046875 0.4981481481481482 0.7010416666666667 0.4925925925925926 0.696875 0.4777777777777778 0.6932291666666667 0.47314814814814815 0.6921875 0.45925925925925926 0.6869791666666667 0.4444444444444444 0.6875 0.4398148148148148 0.7010416666666667 0.41574074074074074 0.7036458333333333 0.4074074074074074 0.7026041666666667 0.3861111111111111 0.7046875 0.3731481481481482 0.7026041666666667 0.3675925925925926 0.7026041666666667 0.36018518518518516 0.69375 0.3416666666666667 0.6932291666666667 0.337037037037037 0.6875 0.3277777777777778 0.6859375 0.30462962962962964 0.6895833333333333 0.26944444444444443 0.6973958333333333 0.25 0.6979166666666666 0.23703703703703705 0.696875 0.22592592592592592 0.6947916666666667 0.2222222222222222 0.6942708333333333 0.2064814814814815 0.696875 0.20277777777777778 0.6958333333333333 0.1935185185185185 0.6984375 0.1824074074074074 0.6973958333333333 0.16944444444444445 0.6875 0.1259259259259259 0.6739583333333333 0.10277777777777777 0.6572916666666667 0.08518518518518518 0.64375 0.06018518518518518 0.6359375 0.05 0.6260416666666667 0.024074074074074074 0.6182291666666667 0.010185185185185186 0.6125 0.004629629629629629 0.15052083333333333 0.002777777777777778 0.11354166666666667 0.004629629629629629 0.10833333333333334 0.007407407407407408 0.08333333333333333 0.005555555555555556 0.0671875 0.010185185185185186 0.0578125 0.007407407407407408 0.05416666666666667 0.002777777777777778 0.0421875 0.002777777777777778 0.03958333333333333 0 0.025 0 0.022916666666666665 0.002777777777777778 0.014583333333333334 0.000925925925925926 0.005208333333333333 0.002777777777777778 0.0036458333333333334 0.006481481481481481 0.0020833333333333333 0.07962962962962963
1 0.8739583333333333 0.8398148148148148 0.8734375 0.8481481481481481 0.8755208333333333 0.8546296296296296 0.8822916666666667 0.8638888888888889 0.8890625 0.8685185185185185 0.8994791666666667 0.8685185185185185 0.9098958333333333 0.862037037037037 0.9182291666666667 0.85 0.9192708333333334 0.8416666666666667 0.9182291666666667 0.8342592592592593 0.9140625 0.8277777777777777 0.9010416666666666 0.8277777777777777 0.8901041666666667 0.8342592592592593 0.878125 0.8351851851851851 0.8739583333333333 0.8398148148148148
1 0.33541666666666664 0.8305555555555556 0.3328125 0.8305555555555556 0.3328125 0.8342592592592593 0.33489583333333334 0.8342592592592593 0.33541666666666664 0.8305555555555556
1 0.41458333333333336 0.7888888888888889 0.41302083333333334 0.7916666666666666 0.41822916666666665 0.7916666666666666 0.41822916666666665 0.7870370370370371 0.41458333333333336 0.7888888888888889
1 0.39427083333333335 0.7870370370370371 0.39375 0.7916666666666666 0.403125 0.7916666666666666 0.39739583333333334 0.7851851851851852 0.39427083333333335 0.7870370370370371
1 0.4041666666666667 0.7685185185185185 0.4005208333333333 0.7712962962962963 0.4041666666666667 0.7712962962962963 0.4041666666666667 0.7685185185185185
1 0.4109375 0.7481481481481481 0.4083333333333333 0.7509259259259259 0.4114583333333333 0.7509259259259259 0.4109375 0.7481481481481481
1 0.4 0.7416666666666667 0.39947916666666666 0.7518518518518519 0.40572916666666664 0.7527777777777778 0.40572916666666664 0.7481481481481481 0.4 0.7416666666666667
1 0.40625 0.7148148148148148 0.40572916666666664 0.7166666666666667 0.41041666666666665 0.7166666666666667 0.40625 0.7148148148148148
1 0.3953125 0.7074074074074074 0.39375 0.7101851851851851 0.4 0.7092592592592593 0.3953125 0.7074074074074074
1 0.9510416666666667 0.675 0.95 0.6777777777777778 0.9515625 0.6805555555555556 0.9546875 0.6777777777777778 0.9541666666666667 0.675 0.9510416666666667 0.675
1 0.625 0.6694444444444444 0.6265625 0.6731481481481482 0.625 0.6694444444444444
1 0.896875 0.41435185185185186 0.0020833333333333333 0.000925925925925926
1 0.8614583333333333 0.40555555555555556 0.8625 0.40925925925925927 0.8614583333333333 0.40555555555555556
1 0.8828125 0.39814814814814814 0.88125 0.4 0.8822916666666667 0.4027777777777778 0.884375 0.4009259259259259 0.8828125 0.39814814814814814
1 0.865625 0.3902777777777778 0.0010416666666666667 0.002777777777777778
1 0.8572916666666667 0.38796296296296295 0.8583333333333333 0.39351851851851855 0.85625 0.39814814814814814 0.859375 0.4027777777777778 0.8682291666666667 0.4009259259259259 0.8671875 0.39444444444444443 0.8625 0.3962962962962963 0.8604166666666667 0.39351851851851855 0.8598958333333333 0.387037037037037 0.8572916666666667 0.38796296296296295
1 0.8653645833333333 0.38101851851851853 0.0015625 0.002777777777777778
1 0.8578125 0.37407407407407406 0.8572916666666667 0.3824074074074074 0.8598958333333333 0.3851851851851852 0.8614583333333333 0.3824074074074074 0.8583333333333333 0.3787037037037037 0.8598958333333333 0.37592592592592594 0.8578125 0.37407407407407406
1 0.8848958333333333 0.34074074074074073 0.8869791666666667 0.34444444444444444 0.8848958333333333 0.34814814814814815 0.8828125 0.3611111111111111 0.8796875 0.3648148148148148 0.8838541666666667 0.37777777777777777 0.8828125 0.38425925925925924 0.8869791666666667 0.3824074074074074 0.884375 0.37777777777777777 0.884375 0.3731481481481482 0.8869791666666667 0.3685185185185185 0.8875 0.35833333333333334 0.8942708333333333 0.34814814814814815 0.8901041666666667 0.337037037037037 0.8848958333333333 0.34074074074074073
1 0.8932291666666666 0.3337962962962963 0.0010416666666666667 0.002777777777777778
1 0.8395833333333333 0.3351851851851852 0.8416666666666667 0.337037037037037 0.8416666666666667 0.34074074074074073 0.8395833333333333 0.3490740740740741 0.8375 0.34814814814814815 0.840625 0.35 0.8421875 0.35555555555555557 0.8411458333333334 0.36018518518518516 0.84375 0.3648148148148148 0.84375 0.3768518518518518 0.8489583333333334 0.37962962962962965 0.8494791666666667 0.375 0.8520833333333333 0.37592592592592594 0.8484375 0.3731481481481482 0.85 0.3648148148148148 0.8536458333333333 0.36203703703703705 0.8552083333333333 0.3574074074074074 0.8557291666666667 0.33055555555555555 0.8484375 0.33055555555555555 0.8395833333333333 0.3351851851851852
1 0.8442708333333333 0.3101851851851852 0.8447916666666667 0.3212962962962963 0.8552083333333333 0.3212962962962963 0.8557291666666667 0.30092592592592593 0.8515625 0.30092592592592593 0.8489583333333334 0.30925925925925923 0.8447916666666667 0.3074074074074074 0.8442708333333333 0.3101851851851852
1 0.8557291666666667 0.28703703703703703 0.8520833333333333 0.2935185185185185 0.8583333333333333 0.2935185185185185 0.8583333333333333 0.28888888888888886 0.8557291666666667 0.28703703703703703
1 0.878125 0.2916666666666667 0.8807291666666667 0.30277777777777776 0.8755208333333333 0.31203703703703706 0.88125 0.31574074074074077 0.8786458333333333 0.3212962962962963 0.8848958333333333 0.3277777777777778 0.89375 0.3277777777777778 0.8947916666666667 0.32407407407407407 0.8973958333333333 0.32314814814814813 0.9 0.30185185185185187 0.9046875 0.28425925925925927 0.9020833333333333 0.27685185185185185 0.9041666666666667 0.26944444444444443 0.9041666666666667 0.24444444444444444 0.9015625 0.23981481481481481 0.9041666666666667 0.23425925925925925 0.9041666666666667 0.22592592592592592 0.8984375 0.21203703703703702 0.89375 0.21574074074074073 0.8973958333333333 0.21944444444444444 0.8953125 0.22314814814814815 0.8984375 0.22592592592592592 0.8979166666666667 0.25 0.89375 0.25092592592592594 0.89375 0.25462962962962965 0.8895833333333333 0.2601851851851852 0.8901041666666667 0.2712962962962963 0.8807291666666667 0.2898148148148148 0.878125 0.2916666666666667
1 0.3484375 0.8555555555555555 0.3484375 0.8814814814814815 0.35208333333333336 0.9027777777777778 0.36875 0.9101851851851852 0.37552083333333336 0.9101851851851852 0.3828125 0.9166666666666666 0.390625 0.9185185185185185 0.39791666666666664 0.9259259259259259 0.4119791666666667 0.9277777777777778 0.41770833333333335 0.9231481481481482 0.4375 0.925 0.4421875 0.9194444444444444 0.45 0.9296296296296296 0.46041666666666664 0.9305555555555556 0.4666666666666667 0.937037037037037 0.5020833333333333 0.937037037037037 0.5119791666666667 0.9462962962962963 0.5286458333333334 0.9462962962962963 0.5291666666666667 0.9435185185185185 0.5328125 0.9481481481481482 0.540625 0.9481481481481482 0.5588541666666667 0.9601851851851851 0.5885416666666666 0.9638888888888889 0.5911458333333334 0.9666666666666667 0.5979166666666667 0.9648148148148148 0.6125 0.9777777777777777 0.6307291666666667 0.9824074074074074 0.6453125 0.9888888888888889 0.6479166666666667 0.9935185185185185 0.6578125 0.9935185185185185 0.6682291666666667 0.975925925925926 0.6744791666666666 0.9916666666666667 0.6796875 0.9935185185185185 0.7604166666666666 0.9935185185185185 0.7630208333333334 0.987037037037037 0.759375 0.975925925925926 0.7598958333333333 0.9629629629629629 0.7619791666666667 0.9601851851851851 0.7619791666666667 0.9555555555555556 0.7572916666666667 0.9546296296296296 0.7536458333333333 0.9481481481481482 0.7635416666666667 0.9462962962962963 0.7619791666666667 0.937037037037037 0.7479166666666667 0.9351851851851852 0.7453125 0.9305555555555556 0.7395833333333334 0.9277777777777778 0.7473958333333334 0.9194444444444444 0.75 0.9231481481481482 0.7536458333333333 0.9231481481481482 0.7546875 0.9194444444444444 0.75625 0.9231481481481482 0.7598958333333333 0.9231481481481482 0.7703125 0.9074074074074074 0.78125 0.9027777777777778 0.7828125 0.899074074074074 0.79375 0.8962962962962963 0.7958333333333333 0.8916666666666667 0.8072916666666666 0.8916666666666667 0.8109375 0.8851851851851852 0.8229166666666666 0.8759259259259259 0.83125 0.8555555555555555 0.83125 0.850925925925926 0.8354166666666667 0.8416666666666667 0.8348958333333333 0.837037037037037 0.8286458333333333 0.8277777777777777 0.8223958333333333 0.825925925925926 0.8192708333333333 0.8212962962962963 0.8255208333333334 0.8074074074074075 0.8296875 0.8046296296296296 0.8322916666666667 0.7962962962962963 0.8317708333333333 0.774074074074074 0.8307291666666666 0.7694444444444445 0.825 0.7694444444444445 0.8255208333333334 0.7574074074074074 0.8338541666666667 0.7555555555555555 0.8416666666666667 0.7462962962962963 0.8458333333333333 0.7351851851851852 0.8557291666666667 0.7277777777777777 0.8552083333333333 0.7148148148148148 0.8453125 0.7 0.8411458333333334 0.687962962962963 0.8411458333333334 0.6703703703703704 0.8447916666666667 0.6601851851851852 0.8520833333333333 0.6574074074074074 0.8677083333333333 0.6620370370370371 0.8895833333333333 0.6935185185185185 0.8989583333333333 0.6962962962962963 0.9 0.6981481481481482 0.8973958333333333 0.7027777777777777 0.9 0.6990740740740741 0.9020833333333333 0.7 0.9015625 0.7027777777777777 0.9041666666666667 0.6990740740740741 0.9072916666666667 0.7074074074074074 0.9072916666666667 0.7194444444444444 0.9109375 0.7231481481481481 0.9192708333333334 0.7231481481481481 0.921875 0.7194444444444444 0.9421875 0.7138888888888889 0.9458333333333333 0.7092592592592593 0.9494791666666667 0.7027777777777777 0.9484375 0.6981481481481482 0.9526041666666667 0.6851851851851852 0.9520833333333333 0.6824074074074075 0.9630208333333333 0.6574074074074074 0.9734375 0.6546296296296297 0.9765625 0.6481481481481481 0.98125 0.6481481481481481 0.9880208333333333 0.6416666666666667 0.9942708333333333 0.6398148148148148 0.9953125 0.6055555555555555 0.99375 0.600925925925926 0.9875 0.5944444444444444 0.9833333333333333 0.5935185185185186 0.9807291666666667 0.587037037037037 0.975 0.5842592592592593 0.9677083333333333 0.5731481481481482 0.9645833333333333 0.5731481481481482 0.9619791666666667 0.5675925925925925 0.9598958333333333 0.5509259259259259 0.9526041666666667 0.5324074074074074 0.9453125 0.5296296296296297 0.9317708333333333 0.5305555555555556 0.9270833333333334 0.5259259259259259 0.9046875 0.4888888888888889 0.8942708333333333 0.48055555555555557 0.8713541666666667 0.45092592592592595 0.8557291666666667 0.42314814814814816 0.8354166666666667 0.4074074074074074 0.8239583333333333 0.38981481481481484 0.8109375 0.37777777777777777 0.8036458333333333 0.3648148148148148 0.7932291666666667 0.35555555555555557 0.7890625 0.3574074074074074 0.7833333333333333 0.3277777777777778 0.784375 0.31851851851851853 0.7729166666666667 0.2777777777777778 0.7703125 0.275 0.7619791666666667 0.23703703703703705 0.75625 0.22592592592592592 0.753125 0.20277777777777778 0.7479166666666667 0.18055555555555555 0.734375 0.16203703703703703 0.7270833333333333 0.1574074074074074 0.7119791666666667 0.13518518518518519 0.7020833333333333 0.12777777777777777 0.696875 0.11851851851851852 0.6880208333333333 0.11388888888888889 0.6880208333333333 0.12129629629629629 0.69375 0.13703703703703704 0.6953125 0.15185185185185185 0.6979166666666666 0.16018518518518518 0.7 0.1787037037037037 0.6994791666666667 0.18888888888888888 0.7041666666666667 0.20925925925925926 0.7010416666666667 0.21666666666666667 0.7005208333333334 0.25277777777777777 0.69375 0.2712962962962963 0.6895833333333333 0.30092592592592593 0.6916666666666667 0.31666666666666665 0.690625 0.3194444444444444 0.6927083333333334 0.3277777777777778 0.696875 0.3333333333333333 0.7067708333333333 0.3768518518518518 0.70625 0.4101851851851852 0.6984375 0.4351851851851852 0.6973958333333333 0.4537037037037037 0.7109375 0.5166666666666667 0.7125 0.5407407407407407 0.7182291666666667 0.5481481481481482 0.7197916666666667 0.5601851851851852 0.728125 0.5638888888888889 0.734375 0.562037037037037 0.74375 0.5685185185185185 0.7421875 0.5805555555555556 0.7369791666666666 0.587037037037037 0.7322916666666667 0.5888888888888889 0.7270833333333333 0.600925925925926 0.7052083333333333 0.6055555555555555 0.7 0.612037037037037 0.6989583333333333 0.6166666666666667 0.6947916666666667 0.6148148148148148 0.6911458333333333 0.6259259259259259 0.6854166666666667 0.6324074074074074 0.6802083333333333 0.6435185185185185 0.6723958333333333 0.6481481481481481 0.6682291666666667 0.6620370370370371 0.6614583333333334 0.6638888888888889 0.6619791666666667 0.6685185185185185 0.6567708333333333 0.674074074074074 0.6604166666666667 0.6824074074074075 0.6536458333333334 0.6824074074074075 0.6505208333333333 0.687037037037037 0.6473958333333333 0.687037037037037 0.6458333333333334 0.6851851851851852 0.6484375 0.6805555555555556 0.6479166666666667 0.6759259259259259 0.6421875 0.6759259259259259 0.6395833333333333 0.6787037037037037 0.6369791666666667 0.6759259259259259 0.6369791666666667 0.6824074074074075 0.6416666666666667 0.6824074074074075 0.64375 0.6851851851851852 0.6401041666666667 0.6962962962962963 0.6348958333333333 0.6962962962962963 0.6328125 0.6916666666666667 0.6317708333333333 0.6962962962962963 0.6291666666666667 0.6962962962962963 0.6286458333333333 0.6916666666666667 0.6260416666666667 0.6898148148148148 0.6223958333333334 0.6916666666666667 0.6223958333333334 0.700925925925926 0.6291666666666667 0.7083333333333334 0.628125 0.7138888888888889 0.6234375 0.7185185185185186 0.6244791666666667 0.7212962962962963 0.6213541666666667 0.7222222222222222 0.6208333333333333 0.7166666666666667 0.6130208333333333 0.712037037037037 0.6015625 0.7138888888888889 0.5947916666666667 0.7064814814814815 0.5942708333333333 0.6990740740740741 0.5895833333333333 0.6981481481481482 0.5854166666666667 0.6851851851851852 0.5807291666666666 0.6805555555555556 0.58125 0.6759259259259259 0.5848958333333333 0.675 0.5838541666666667 0.6712962962962963 0.5677083333333334 0.6462962962962963 0.5640625 0.6462962962962963 0.5546875 0.6361111111111111 0.5541666666666667 0.6259259259259259 0.5442708333333334 0.6055555555555555 0.5432291666666667 0.5916666666666667 0.540625 0.5916666666666667 0.5369791666666667 0.5842592592592593 0.5369791666666667 0.5666666666666667 0.5348958333333333 0.5574074074074075 0.5276041666666667 0.5398148148148149 0.5223958333333333 0.5185185185185185 0.5197916666666667 0.5148148148148148 0.509375 0.48055555555555557 0.5078125 0.4777777777777778 0.503125 0.4777777777777778 0.5 0.47129629629629627 0.4979166666666667 0.47129629629629627 0.4984375 0.4666666666666667 0.4947916666666667 0.46296296296296297 0.49375 0.4546296296296296 0.49375 0.4583333333333333 0.48854166666666665 0.45740740740740743 0.48802083333333335 0.4527777777777778 0.4791666666666667 0.45092592592592595 0.4703125 0.4527777777777778 0.4625 0.45925925925925926 0.45989583333333334 0.45740740740740743 0.45208333333333334 0.4787037037037037 0.4473958333333333 0.5 0.4421875 0.5101851851851852 0.44114583333333335 0.5166666666666667 0.43854166666666666 0.5185185185185185 0.4348958333333333 0.5324074074074074 0.4317708333333333 0.5351851851851852 0.4270833333333333 0.5574074074074075 0.42083333333333334 0.5694444444444444 0.4197916666666667 0.5777777777777777 0.4119791666666667 0.5990740740740741 0.40989583333333335 0.612037037037037 0.40729166666666666 0.6138888888888889 0.40572916666666664 0.6212962962962963 0.4041666666666667 0.6212962962962963 0.3953125 0.6527777777777778 0.39479166666666665 0.6574074074074074 0.4 0.6601851851851852 0.4166666666666667 0.6620370370370371 0.4197916666666667 0.6685185185185185 0.4244791666666667 0.6685185185185185 0.42864583333333334 0.6796296296296296 0.4239583333333333 0.6851851851851852 0.4265625 0.6888888888888889 0.4197916666666667 0.6944444444444444 0.41875 0.7092592592592593 0.41458333333333336 0.7101851851851851 0.41041666666666665 0.7212962962962963 0.40677083333333336 0.7222222222222222 0.4114583333333333 0.725925925925926 0.40572916666666664 0.7305555555555555 0.4114583333333333 0.7416666666666667 0.41458333333333336 0.7398148148148148 0.42239583333333336 0.7462962962962963 0.43125 0.7462962962962963 0.434375 0.7509259259259259 0.4395833333333333 0.7527777777777778 0.4427083333333333 0.7592592592592593 0.446875 0.7601851851851852 0.4484375 0.7666666666666667 0.45416666666666666 0.7666666666666667 0.4557291666666667 0.7638888888888888 0.46041666666666664 0.7666666666666667 0.46927083333333336 0.7851851851851852 0.47291666666666665 0.7851851851851852 0.49114583333333334 0.8 0.5010416666666667 0.8009259259259259 0.5104166666666666 0.8166666666666667 0.5119791666666667 0.825925925925926 0.5182291666666666 0.8305555555555556 0.5177083333333333 0.8398148148148148 0.5140625 0.8435185185185186 0.48072916666666665 0.8435185185185186 0.47760416666666666 0.8462962962962963 0.4479166666666667 0.8462962962962963 0.446875 0.8435185185185186 0.4395833333333333 0.8435185185185186 0.4354166666666667 0.8481481481481481 0.4203125 0.8481481481481481 0.41770833333333335 0.850925925925926 0.40572916666666664 0.850925925925926 0.39739583333333334 0.8462962962962963 0.3885416666666667 0.8462962962962963 0.38177083333333334 0.8416666666666667 0.35520833333333335 0.8481481481481481 0.35 0.850925925925926 0.3484375 0.8555555555555555
3 0.8375 0.7657407407407407 0.8369791666666667 0.7935185185185185 0.8432291666666667 0.8101851851851852 0.8458333333333333 0.8351851851851851 0.8682291666666667 0.8888888888888888 0.8744791666666667 0.9009259259259259 0.8911458333333333 0.9203703703703704 0.89375 0.9277777777777778 0.8916666666666667 0.9361111111111111 0.8869791666666667 0.9416666666666667 0.8869791666666667 0.950925925925926 0.8833333333333333 0.9555555555555556 0.8869791666666667 0.962037037037037 0.8869791666666667 0.9833333333333333 0.8895833333333333 0.9935185185185185 0.9994791666666667 0.9935185185185185 0.9994791666666667 0.9666666666666667 0.9979166666666667 0.9657407407407408 0.9973958333333334 0.9564814814814815 0.9994791666666667 0.950925925925926 0.9994791666666667 0.7935185185185185 0.9973958333333334 0.7907407407407407 0.9973958333333334 0.787962962962963 0.9994791666666667 0.7870370370370371 0.9994791666666667 0.7620370370370371 0.9947916666666666 0.7509259259259259 0.9833333333333333 0.7462962962962963 0.9666666666666667 0.7324074074074074 0.9536458333333333 0.7277777777777777 0.9458333333333333 0.7212962962962963 0.9328125 0.7231481481481481 0.9270833333333334 0.7277777777777777 0.9197916666666667 0.7398148148148148 0.9197916666666667 0.7490740740740741 0.9239583333333333 0.762962962962963 0.925 0.7851851851851852 0.9177083333333333 0.7935185185185185 0.9114583333333334 0.7916666666666666 0.8994791666666667 0.7824074074074074 0.8828125 0.7620370370370371 0.8734375 0.7462962962962963 0.8625 0.737037037037037 0.859375 0.737037037037037 0.8557291666666667 0.7416666666666667 0.85 0.7416666666666667 0.846875 0.7481481481481481 0.8442708333333333 0.7490740740740741 0.8375 0.7657407407407407