4 0.8869791666666667 0.9851851851851852 0.8864583333333333 0.9981481481481481 0.9932291666666667 0.9981481481481481 0.9994791666666667 0.9935185185185185 0.9994791666666667 0.9092592592592592 0.9932291666666667 0.9074074074074074 0.9661458333333334 0.9259259259259259 0.9385416666666667 0.937037037037037 0.9166666666666666 0.9527777777777777 0.9020833333333333 0.9555555555555556 0.8932291666666666 0.9648148148148148 0.8869791666666667 0.9851851851851852
4 0.9109375 0.7472222222222222 0.9104166666666667 0.7638888888888888 0.9140625 0.7731481481481481 0.9265625 0.7759259259259259 0.9307291666666667 0.7796296296296297 0.9328125 0.7944444444444444 0.9302083333333333 0.8351851851851851 0.9307291666666667 0.8601851851851852 0.9328125 0.8685185185185185 0.9375 0.875 0.9421875 0.875 0.9489583333333333 0.8638888888888889 0.9572916666666667 0.8240740740740741 0.9614583333333333 0.8148148148148148 0.9723958333333333 0.8101851851851852 0.9875 0.7824074074074074 0.9932291666666667 0.7759259259259259 0.9994791666666667 0.7731481481481481 0.9994791666666667 0.4759259259259259 0.9953125 0.4777777777777778 0.9890625 0.4935185185185185 0.9869791666666666 0.5046296296296297 0.9822916666666667 0.5148148148148148 0.9791666666666666 0.5305555555555556 0.975 0.5407407407407407 0.9739583333333334 0.55 0.9692708333333333 0.5583333333333333 0.9296875 0.7092592592592593 0.9177083333333333 0.725925925925926 0.9135416666666667 0.7351851851851852 0.9109375 0.7472222222222222
4 0.2359375 0.987037037037037 0.2328125 0.987037037037037 0.23697916666666666 0.9935185185185185 0.23802083333333332 0.9898148148148148 0.2359375 0.987037037037037
4 0.1984375 0.9657407407407408 0.19739583333333333 0.9685185185185186 0.2 0.9685185185185186 0.2 0.9648148148148148 0.1984375 0.9657407407407408
4 0.20416666666666666 0.9574074074074074 0.20104166666666667 0.962037037037037 0.20208333333333334 0.9638888888888889 0.203125 0.9611111111111111 0.20572916666666666 0.9666666666666667 0.20677083333333332 0.9574074074074074 0.20416666666666666 0.9574074074074074
4 0.0020833333333333333 0.19166666666666668 0 0.1962962962962963 0 0.6481481481481481 0.0020833333333333333 0.649074074074074 0.0015625 0.662962962962963 0 0.6638888888888889 0 0.8666666666666667 0.0109375 0.8981481481481481 0.014583333333333334 0.9175925925925926 0.0296875 0.9648148148148148 0.03333333333333333 0.9824074074074074 0.0390625 0.9962962962962963 0.05260416666666667 0.9981481481481481 0.0703125 0.9944444444444445 0.07604166666666666 0.9981481481481481 0.09583333333333334 0.9981481481481481 0.1046875 0.9944444444444445 0.12447916666666667 0.9935185185185185 0.12552083333333333 0.9907407407407407 0.1296875 0.9981481481481481 0.17291666666666666 0.9962962962962963 0.175 0.9935185185185185 0.17447916666666666 0.9851851851851852 0.16927083333333334 0.9805555555555555 0.171875 0.9731481481481481 0.1703125 0.9694444444444444 0.175 0.9685185185185186 0.17552083333333332 0.9638888888888889 0.17916666666666667 0.9666666666666667 0.17291666666666666 0.9546296296296296 0.17447916666666666 0.9527777777777777 0.17447916666666666 0.9462962962962963 0.16666666666666666 0.9462962962962963 0.16666666666666666 0.9361111111111111 0.17135416666666667 0.9351851851851852 0.17552083333333332 0.9305555555555556 0.184375 0.9305555555555556 0.19270833333333334 0.9259259259259259 0.19791666666666666 0.9296296296296296 0.21145833333333333 0.9324074074074075 0.2140625 0.9388888888888889 0.2140625 0.962037037037037 0.20989583333333334 0.9694444444444444 0.20625 0.9712962962962963 0.20416666666666666 0.9805555555555555 0.20416666666666666 0.9842592592592593 0.2078125 0.9888888888888889 0.215625 0.987037037037037 0.22552083333333334 0.9777777777777777 0.23489583333333333 0.975 0.2375 0.9712962962962963 0.2515625 0.9694444444444444 0.25364583333333335 0.9731481481481481 0.2557291666666667 0.9888888888888889 0.2604166666666667 0.9935185185185185 0.26510416666666664 0.9916666666666667 0.2755208333333333 0.9805555555555555 0.2786458333333333 0.9805555555555555 0.28125 0.9981481481481481 0.29322916666666665 0.9981481481481481 0.29739583333333336 0.9962962962962963 0.30416666666666664 0.9805555555555555 0.3078125 0.9564814814814815 0.3104166666666667 0.9527777777777777 0.3125 0.9398148148148148 0.31666666666666665 0.9305555555555556 0.3171875 0.9185185185185185 0.3203125 0.9074074074074074 0.3234375 0.9138888888888889 0.3380208333333333 0.9166666666666666 0.34791666666666665 0.9074074074074074 0.35572916666666665 0.9101851851851852 0.3578125 0.9074074074074074 0.3651041666666667 0.9074074074074074 0.3692708333333333 0.9009259259259259 0.3802083333333333 0.8962962962962963 0.3932291666666667 0.8842592592592593 0.39375 0.8759259259259259 0.39166666666666666 0.8648148148148148 0.3859375 0.8481481481481481 0.36666666666666664 0.812037037037037 0.3494791666666667 0.7870370370370371 0.35104166666666664 0.7555555555555555 0.35989583333333336 0.7277777777777777 0.3614583333333333 0.7166666666666667 0.3625 0.6759259259259259 0.3609375 0.6555555555555556 0.34739583333333335 0.5851851851851851 0.33229166666666665 0.5481481481481482 0.32447916666666665 0.5388888888888889 0.321875 0.524074074074074 0.31666666666666665 0.5092592592592593 0.2859375 0.4824074074074074 0.26458333333333334 0.47129629629629627 0.24739583333333334 0.4527777777777778 0.23177083333333334 0.44351851851851853 0.21770833333333334 0.42314814814814816 0.19322916666666667 0.40555555555555556 0.16041666666666668 0.40555555555555556 0.13020833333333334 0.4185185185185185 0.11145833333333334 0.4185185185185185 0.10729166666666666 0.4212962962962963 0.10416666666666667 0.42777777777777776 0.0921875 0.4351851851851852 0.084375 0.4388888888888889 0.07447916666666667 0.4388888888888889 0.06979166666666667 0.43333333333333335 0.06822916666666666 0.42314814814814816 0.05416666666666667 0.375 0.05572916666666667 0.3648148148148148 0.05572916666666667 0.3416666666666667 0.050520833333333334 0.3296296296296296 0.04895833333333333 0.2824074074074074 0.04739583333333333 0.2777777777777778 0.041666666666666664 0.2777777777777778 0.0359375 0.28425925925925927 0.029166666666666667 0.2796296296296296 0.01875 0.23703703703703705 0.011458333333333333 0.22407407407407406 0.007291666666666667 0.2212962962962963 0.005208333333333333 0.18888888888888888 0.0020833333333333333 0.19166666666666668
4 0.4973958333333333 0.3731481481481482 0.496875 0.3925925925925926 0.49895833333333334 0.39814814814814814 0.5020833333333333 0.42314814814814816 0.5020833333333333 0.44907407407407407 0.5114583333333333 0.4787037037037037 0.5 0.5259259259259259 0.4973958333333333 0.5555555555555556 0.4984375 0.5981481481481481 0.503125 0.6314814814814815 0.5036458333333333 0.687037037037037 0.50625 0.7138888888888889 0.5119791666666667 0.712037037037037 0.5307291666666667 0.6916666666666667 0.5557291666666667 0.6527777777777778 0.5661458333333333 0.6435185185185185 0.5697916666666667 0.6370370370370371 0.6 0.6185185185185185 0.6244791666666667 0.5861111111111111 0.6328125 0.5694444444444444 0.6385416666666667 0.5648148148148148 0.6557291666666667 0.562037037037037 0.6666666666666666 0.5527777777777778 0.7130208333333333 0.5601851851851852 0.7234375 0.5555555555555556 0.7286458333333333 0.5481481481481482 0.734375 0.5305555555555556 0.7348958333333333 0.5027777777777778 0.7260416666666667 0.4759259259259259 0.6989583333333333 0.4777777777777778 0.6885416666666667 0.4824074074074074 0.6729166666666667 0.4962962962962963 0.6541666666666667 0.49444444444444446 0.6505208333333333 0.4981481481481482 0.6432291666666666 0.4981481481481482 0.6390625 0.4935185185185185 0.6421875 0.48703703703703705 0.6421875 0.46944444444444444 0.6494791666666667 0.4305555555555556 0.6484375 0.32592592592592595 0.6458333333333334 0.29814814814814816 0.6401041666666667 0.2740740740740741 0.6354166666666666 0.2388888888888889 0.63125 0.225 0.6296875 0.2074074074074074 0.625 0.1925925925925926 0.6208333333333333 0.16111111111111112 0.628125 0.14351851851851852 0.6291666666666667 0.13333333333333333 0.6359375 0.12129629629629629 0.6447916666666667 0.12129629629629629 0.65625 0.11574074074074074 0.6614583333333334 0.08333333333333333 0.665625 0.07592592592592592 0.6635416666666667 0.04537037037037037 0.6682291666666667 0.037037037037037035 0.6692708333333334 0.02962962962962963 0.66875 0.014814814814814815 0.6703125 0.004629629629629629 0.66875 0 0.6364583333333333 0 0.6338541666666667 0.002777777777777778 0.6171875 0.002777777777777778 0.6125 0 0.5458333333333333 0.000925925925925926 0.5427083333333333 0.027777777777777776 0.5427083333333333 0.05462962962962963 0.5395833333333333 0.07314814814814814 0.5395833333333333 0.08888888888888889 0.5453125 0.11481481481481481 0.5255208333333333 0.1537037037037037 0.5244791666666667 0.1638888888888889 0.51875 0.1824074074074074 0.5119791666666667 0.23703703703703705 0.5098958333333333 0.2824074074074074 0.5083333333333333 0.28888888888888886 0.509375 0.30185185185185187 0.50625 0.3277777777777778 0.5 0.35 0.4973958333333333 0.3731481481481482
3 0.2713541666666667 0.7888888888888889 0.2682291666666667 0.8185185185185185 0.2557291666666667 0.8425925925925926 0.25364583333333335 0.8555555555555555 0.24791666666666667 0.8685185185185185 0.25 0.8888888888888888 0.25416666666666665 0.9 0.25416666666666665 0.9092592592592592 0.2520833333333333 0.912962962962963 0.2546875 0.9231481481481482 0.2557291666666667 0.9398148148148148 0.25416666666666665 0.9842592592592593 0.25729166666666664 0.9935185185185185 0.26666666666666666 0.9935185185185185 0.2755208333333333 0.9768518518518519 0.278125 0.9805555555555555 0.27708333333333335 0.9842592592592593 0.28020833333333334 0.9981481481481481 0.2989583333333333 0.9981481481481481 0.30416666666666664 0.9842592592592593 0.30833333333333335 0.9555555555555556 0.3125 0.9462962962962963 0.3177083333333333 0.9212962962962963 0.3203125 0.8916666666666667 0.32083333333333336 0.837037037037037 0.32447916666666665 0.8 0.32760416666666664 0.7935185185185185 0.325 0.7935185185185185 0.32447916666666665 0.7888888888888889 0.32760416666666664 0.7851851851851852 0.3223958333333333 0.7898148148148149 0.3171875 0.7888888888888889 0.31666666666666665 0.7805555555555556 0.30833333333333335 0.7666666666666667 0.30104166666666665 0.7666666666666667 0.2942708333333333 0.7712962962962963 0.29322916666666665 0.7685185185185185 0.29322916666666665 0.7731481481481481 0.28229166666666666 0.774074074074074 0.2791666666666667 0.7648148148148148 0.2786458333333333 0.7731481481481481 0.275 0.7777777777777778 0.27447916666666666 0.7842592592592592 0.2713541666666667 0.7888888888888889
3 0.6109375 0.9398148148148148 0.6114583333333333 0.9555555555555556 0.6229166666666667 0.975925925925926 0.63125 0.9981481481481481 0.6958333333333333 0.9981481481481481 0.6927083333333334 0.9824074074074074 0.6786458333333333 0.9555555555555556 0.6729166666666667 0.9490740740740741 0.6640625 0.9462962962962963 0.6473958333333333 0.9324074074074075 0.634375 0.9388888888888889 0.6125 0.937037037037037 0.6109375 0.9398148148148148
3 0.2078125 0.9962962962962963 0.20677083333333332 0.9981481481481481 0.212040625 0.9981481481481481 0.21458333333333332 0.9935185185185185 0.214675 0.9981481481481481 0.2515625 0.9981481481481481 0.2526041666666667 0.9916666666666667 0.25 0.9805555555555555 0.24375 0.975925925925926 0.23125 0.9805555555555555 0.21822916666666667 0.9916666666666667 0.2078125 0.9962962962962963
3 0.125 0.9935185185185185 0.12447916666666667 0.9981481481481481 0.178125 0.9981481481481481 0.17708333333333334 0.987037037037037 0.18177083333333333 0.9777777777777777 0.19791666666666666 0.9777777777777777 0.20520833333333333 0.9731481481481481 0.20989583333333334 0.9666666666666667 0.21302083333333333 0.9574074074074074 0.21197916666666666 0.9388888888888889 0.20989583333333334 0.9351851851851852 0.17916666666666667 0.9324074074074075 0.15625 0.9416666666666667 0.15052083333333333 0.9462962962962963 0.125 0.9935185185185185
3 0.6677083333333333 0.4981481481481482 0.6682291666666667 0.5472222222222223 0.6760416666666667 0.5546296296296296 0.6994791666666667 0.562037037037037 0.7182291666666667 0.5601851851851852 0.7286458333333333 0.5509259259259259 0.7354166666666667 0.5296296296296297 0.7354166666666667 0.5 0.7317708333333334 0.49074074074074076 0.7296875 0.4759259259259259 0.7270833333333333 0.4740740740740741 0.6942708333333333 0.4777777777777778 0.6677083333333333 0.4981481481481482