4 0.13020833333333334 0.7777777777777778 0.1296875 0.7796296296296297 0.13020833333333334 0.7777777777777778
4 0.0015625 0.7777777777777778 0 0.7805555555555556 0 0.8185185185185185 0.003125 0.8231481481481482 0.003125 0.8342592592592593 0.005729166666666666 0.837037037037037 0.0036458333333333334 0.8398148148148148 0.005208333333333333 0.8444444444444444 0.0036458333333333334 0.85 0 0.8481481481481481 0.005208333333333333 0.8518518518518519 0.004166666666666667 0.862037037037037 0.0078125 0.8712962962962963 0.003125 0.9009259259259259 0 0.9055555555555556 0 0.9851851851851852 0.0036458333333333334 0.9898148148148148 0.010416666666666666 0.9898148148148148 0.011979166666666667 0.9935185185185185 0.015104166666666667 0.9898148148148148 0.019270833333333334 0.9935185185185185 0.1453125 0.9935185185185185 0.14947916666666666 0.9962962962962963 0.18125 0.9935185185185185 0.18645833333333334 0.9898148148148148 0.209375 0.9898148148148148 0.2125 0.9935185185185185 0.21875 0.9944444444444445 0.26875 0.9944444444444445 0.2859375 0.9916666666666667 0.30572916666666666 0.9944444444444445 0.31927083333333334 0.9916666666666667 0.3807291666666667 0.9935185185185185 0.38177083333333334 0.9898148148148148 0.38697916666666665 0.9916666666666667 0.39010416666666664 0.987037037037037 0.38697916666666665 0.9796296296296296 0.38177083333333334 0.9768518518518519 0.3807291666666667 0.9638888888888889 0.3921875 0.9685185185185186 0.39375 0.9731481481481481 0.4046875 0.9805555555555555 0.4083333333333333 0.9888888888888889 0.41875 0.9935185185185185 0.45 0.9935185185185185 0.45260416666666664 0.987037037037037 0.4427083333333333 0.9731481481481481 0.43333333333333335 0.9666666666666667 0.43125 0.962037037037037 0.4234375 0.9592592592592593 0.4166666666666667 0.9490740740740741 0.4119791666666667 0.9481481481481482 0.403125 0.9305555555555556 0.3927083333333333 0.925 0.371875 0.9009259259259259 0.36302083333333335 0.8935185185185185 0.3515625 0.8916666666666667 0.35 0.8888888888888888 0.3515625 0.8759259259259259 0.3411458333333333 0.862037037037037 0.3380208333333333 0.862037037037037 0.33541666666666664 0.8574074074074074 0.3302083333333333 0.8574074074074074 0.31979166666666664 0.8444444444444444 0.31302083333333336 0.8416666666666667 0.2953125 0.825925925925926 0.2859375 0.8101851851851852 0.2833333333333333 0.8101851851851852 0.278125 0.8027777777777778 0.2713541666666667 0.8009259259259259 0.2635416666666667 0.7916666666666666 0.2125 0.7916666666666666 0.20625 0.7962962962962963 0.20520833333333333 0.8046296296296296 0.20260416666666667 0.8027777777777778 0.21458333333333332 0.8166666666666667 0.21770833333333334 0.8166666666666667 0.21875 0.8185185185185185 0.21614583333333334 0.8240740740740741 0.20625 0.8166666666666667 0.20416666666666666 0.812037037037037 0.19427083333333334 0.8092592592592592 0.1921875 0.8055555555555556 0.17604166666666668 0.8009259259259259 0.15520833333333334 0.8009259259259259 0.15416666666666667 0.7944444444444444 0.1515625 0.7916666666666666 0.14791666666666667 0.7916666666666666 0.14322916666666666 0.8 0.14010416666666667 0.7962962962962963 0.13541666666666666 0.7981481481481482 0.13645833333333332 0.7916666666666666 0.13489583333333333 0.787962962962963 0.12864583333333332 0.7851851851851852 0.12916666666666668 0.7898148148148149 0.12135416666666667 0.7888888888888889 0.11510416666666666 0.7833333333333333 0.11822916666666666 0.7796296296296297 0.11770833333333333 0.7777777777777778 0.11666666666666667 0.7805555555555556 0.11510416666666666 0.7777777777777778 0.1046875 0.7777777777777778 0.10260416666666666 0.7805555555555556 0.10208333333333333 0.7777777777777778 0.09270833333333334 0.7925925925925926 0.09166666666666666 0.7898148148148149 0.08697916666666666 0.7962962962962963 0.08229166666666667 0.8074074074074075 0.0765625 0.8074074074074075 0.075 0.812037037037037 0.07239583333333334 0.8101851851851852 0.07239583333333334 0.8027777777777778 0.06614583333333333 0.7888888888888889 0.06666666666666667 0.7805555555555556 0.06927083333333334 0.7805555555555556 0.0703125 0.7842592592592592 0.06979166666666667 0.7777777777777778 0.065625 0.774074074074074 0.05260416666666667 0.774074074074074 0.05 0.7712962962962963 0.0359375 0.7731481481481481 0.027083333333333334 0.7685185185185185 0.015104166666666667 0.7731481481481481 0.0109375 0.7712962962962963 0.007291666666666667 0.7759259259259259 0.0015625 0.7777777777777778
4 0.011458333333333333 0.4305555555555556 0 0.4444444444444444 0.0015625 0.44814814814814813 0 0.4527777777777778 0.0020833333333333333 0.45555555555555555 0.0020833333333333333 0.4703703703703704 0 0.4740740740740741 0 0.55 0.0036458333333333334 0.5527777777777778 0.003125 0.5638888888888889 0.005208333333333333 0.5796296296296296 0.0036458333333333334 0.5851851851851851 0 0.587037037037037 0 0.6351851851851852 0.005729166666666666 0.6435185185185185 0.003125 0.6527777777777778 0 0.6555555555555556 0 0.6731481481481482 0.0171875 0.6759259259259259 0.030729166666666665 0.6694444444444444 0.040625 0.6685185185185185 0.044270833333333336 0.6731481481481482 0.057291666666666664 0.6796296296296296 0.096875 0.6824074074074075 0.12604166666666666 0.6805555555555556 0.14114583333333333 0.6842592592592592 0.1453125 0.6805555555555556 0.15520833333333334 0.6824074074074075 0.16145833333333334 0.6759259259259259 0.1640625 0.6694444444444444 0.16614583333333333 0.6694444444444444 0.17083333333333334 0.6796296296296296 0.18125 0.6842592592592592 0.21041666666666667 0.6851851851851852 0.215625 0.6805555555555556 0.21614583333333334 0.6731481481481482 0.21458333333333332 0.6703703703703704 0.2125 0.6509259259259259 0.20520833333333333 0.6222222222222222 0.20260416666666667 0.6055555555555555 0.20260416666666667 0.5916666666666667 0.19583333333333333 0.5611111111111111 0.19270833333333334 0.5212962962962963 0.17708333333333334 0.5305555555555556 0.16614583333333333 0.5444444444444444 0.15052083333333333 0.5444444444444444 0.14739583333333334 0.5324074074074074 0.14270833333333333 0.5305555555555556 0.14010416666666667 0.5259259259259259 0.13229166666666667 0.5231481481481481 0.1296875 0.5185185185185185 0.13072916666666667 0.5074074074074074 0.12760416666666666 0.5009259259259259 0.12760416666666666 0.4962962962962963 0.11614583333333334 0.49444444444444446 0.11354166666666667 0.49074074074074076 0.11197916666666667 0.4824074074074074 0.109375 0.4842592592592593 0.10677083333333333 0.48055555555555557 0.10625 0.4759259259259259 0.1 0.4675925925925926 0.09739583333333333 0.4462962962962963 0.0921875 0.4398148148148148 0.0578125 0.42314814814814816 0.044270833333333336 0.42314814814814816 0.03958333333333333 0.42777777777777776 0.03333333333333333 0.42777777777777776 0.0296875 0.43425925925925923 0.01875 0.4324074074074074 0.016666666666666666 0.42777777777777776 0.011458333333333333 0.4305555555555556
4 0.33541666666666664 0.4185185185185185 0.33541666666666664 0.425 0.3338541666666667 0.42777777777777776 0.3375 0.43703703703703706 0.35625 0.4527777777777778 0.3692708333333333 0.4546296296296296 0.3802083333333333 0.45092592592592595 0.39479166666666665 0.45092592592592595 0.39947916666666666 0.44814814814814813 0.4005208333333333 0.4444444444444444 0.4171875 0.4462962962962963 0.4197916666666667 0.44351851851851853 0.42864583333333334 0.44351851851851853 0.43802083333333336 0.43703703703703706 0.4421875 0.42777777777777776 0.4432291666666667 0.40925925925925927 0.44114583333333335 0.4046296296296296 0.44114583333333335 0.39351851851851855 0.4432291666666667 0.38981481481481484 0.4432291666666667 0.3824074074074074 0.43802083333333336 0.3824074074074074 0.43333333333333335 0.37777777777777777 0.4265625 0.37777777777777777 0.425 0.375 0.4265625 0.3685185185185185 0.425 0.3638888888888889 0.415625 0.3537037037037037 0.41875 0.3490740740740741 0.4234375 0.34814814814814815 0.4203125 0.34629629629629627 0.41875 0.3398148148148148 0.4161458333333333 0.337037037037037 0.4036458333333333 0.3388888888888889 0.39947916666666666 0.3435185185185185 0.39375 0.34444444444444444 0.39114583333333336 0.3490740740740741 0.38177083333333334 0.3509259259259259 0.375 0.3574074074074074 0.36614583333333334 0.3685185185185185 0.35572916666666665 0.387037037037037 0.35208333333333336 0.3888888888888889 0.34322916666666664 0.40555555555555556 0.3375 0.4101851851851852 0.33541666666666664 0.4185185185185185
4 0.7432291666666667 0.05185185185185185 0.7354166666666667 0.09166666666666666 0.7328125 0.09722222222222222 0.7333333333333333 0.10277777777777777 0.7473958333333334 0.09166666666666666 0.7817708333333333 0.08518518518518518 0.7958333333333333 0.07592592592592592 0.8072916666666666 0.07314814814814814 0.83125 0.07314814814814814 0.8515625 0.06481481481481481 0.8609375 0.06388888888888888 0.8630208333333333 0.06018518518518518 0.8734375 0.05555555555555555 0.8890625 0.041666666666666664 0.9041666666666667 0.03518518518518519 0.90625 0.030555555555555555 0.9098958333333333 0.02962962962962963 0.9203125 0.012037037037037037 0.9223958333333333 0.012037037037037037 0.9234375 0.004629629629629629 0.9083333333333333 0 0.8848958333333333 0 0.8807291666666667 0.002777777777777778 0.85 0 0.8359375 0.005555555555555556 0.8109375 0 0.7609375 0.002777777777777778 0.7546875 0.005555555555555556 0.753125 0.021296296296296296 0.7510416666666667 0.023148148148148147 0.7432291666666667 0.05185185185185185
4 0.003125 0.014814814814814815 0.0036458333333333334 0.027777777777777776 0 0.032407407407407406 0 0.07777777777777778 0.0036458333333333334 0.08425925925925926 0 0.08703703703703704 0.0046875 0.09444444444444444 0.003125 0.10555555555555556 0 0.10925925925925926 0 0.3055555555555556 0.0020833333333333333 0.3101851851851852 0.014583333333333334 0.3148148148148148 0.0546875 0.31666666666666665 0.08229166666666667 0.32592592592592595 0.09427083333333333 0.32407407407407407 0.10625 0.3351851851851852 0.11041666666666666 0.3351851851851852 0.13958333333333334 0.3527777777777778 0.15572916666666667 0.35555555555555557 0.16197916666666667 0.36203703703703705 0.1828125 0.3731481481481482 0.20364583333333333 0.3731481481481482 0.21197916666666666 0.3638888888888889 0.2171875 0.36203703703703705 0.21979166666666666 0.34814814814814815 0.2234375 0.34814814814814815 0.22552083333333334 0.3416666666666667 0.2328125 0.3351851851851852 0.24375 0.31203703703703706 0.259375 0.2962962962962963 0.26666666666666666 0.28055555555555556 0.27239583333333334 0.2777777777777778 0.275 0.2712962962962963 0.28072916666666664 0.2712962962962963 0.28229166666666666 0.26666666666666666 0.29322916666666665 0.26944444444444443 0.29583333333333334 0.2638888888888889 0.3 0.2638888888888889 0.30364583333333334 0.25277777777777777 0.30625 0.25462962962962965 0.31354166666666666 0.2462962962962963 0.3177083333333333 0.23703703703703705 0.3151041666666667 0.2324074074074074 0.3151041666666667 0.2212962962962963 0.3328125 0.2101851851851852 0.34479166666666666 0.2074074074074074 0.3572916666666667 0.19166666666666668 0.359375 0.19166666666666668 0.3770833333333333 0.16666666666666666 0.3875 0.16018518518518518 0.3984375 0.16018518518518518 0.40989583333333335 0.1685185185185185 0.4239583333333333 0.1824074074074074 0.4276041666666667 0.18888888888888888 0.43385416666666665 0.18981481481481483 0.4421875 0.20462962962962963 0.44479166666666664 0.20555555555555555 0.45 0.2212962962962963 0.45364583333333336 0.225 0.4552083333333333 0.23703703703703705 0.44947916666666665 0.2462962962962963 0.44895833333333335 0.2574074074074074 0.446875 0.2638888888888889 0.4427083333333333 0.26851851851851855 0.4390625 0.2861111111111111 0.44427083333333334 0.2962962962962963 0.46145833333333336 0.3148148148148148 0.4739583333333333 0.34444444444444444 0.48333333333333334 0.3861111111111111 0.4822916666666667 0.39351851851851855 0.484375 0.39814814814814814 0.484375 0.40555555555555556 0.48072916666666665 0.412962962962963 0.48072916666666665 0.4351851851851852 0.4828125 0.44351851851851853 0.4921875 0.4601851851851852 0.5010416666666667 0.4685185185185185 0.50625 0.47962962962962963 0.5171875 0.48518518518518516 0.5239583333333333 0.4935185185185185 0.5375 0.5027777777777778 0.5432291666666667 0.5027777777777778 0.5453125 0.4981481481481482 0.55 0.4962962962962963 0.5604166666666667 0.48518518518518516 0.5765625 0.4601851851851852 0.5880208333333333 0.42962962962962964 0.5890625 0.4222222222222222 0.5916666666666667 0.4185185185185185 0.6010416666666667 0.37222222222222223 0.6130208333333333 0.34814814814814815 0.6182291666666667 0.33240740740740743 0.6182291666666667 0.29259259259259257 0.628125 0.2759259259259259 0.6395833333333333 0.24166666666666667 0.6369791666666667 0.23425925925925925 0.6375 0.22870370370370371 0.6416666666666667 0.22407407407407406 0.6447916666666667 0.21296296296296297 0.6479166666666667 0.2101851851851852 0.6546875 0.19166666666666668 0.6578125 0.16944444444444445 0.6682291666666667 0.13703703703703704 0.6703125 0.11481481481481481 0.675 0.10740740740740741 0.6760416666666667 0.09722222222222222 0.6817708333333333 0.08703703703703704 0.6875 0.05462962962962963 0.6927083333333334 0.04351851851851852 0.6973958333333333 0.025925925925925925 0.6989583333333333 0.004629629629629629 0.6625 0.000925925925925926 0.6567708333333333 0.002777777777777778 0.6494791666666667 0 0.6213541666666667 0 0.6177083333333333 0.002777777777777778 0.6020833333333333 0.004629629629629629 0.5666666666666667 0.002777777777777778 0.5619791666666667 0 0.5447916666666667 0 0.5380208333333333 0.002777777777777778 0.4765625 0.002777777777777778 0.475 0 0.4270833333333333 0 0.4239583333333333 0.002777777777777778 0.40989583333333335 0.002777777777777778 0.40677083333333336 0 0.34270833333333334 0 0.3380208333333333 0.002777777777777778 0.3182291666666667 0.002777777777777778 0.31354166666666666 0 0.2552083333333333 0 0.2484375 0.002777777777777778 0.21302083333333333 0.002777777777777778 0.21041666666666667 0 0.18333333333333332 0 0.15885416666666666 0.005555555555555556 0.15520833333333334 0.010185185185185186 0.15052083333333333 0.010185185185185186 0.146875 0.004629629629629629 0.1421875 0.002777777777777778 0.12447916666666667 0.002777777777777778 0.11927083333333334 0 0.1125 0.002777777777777778 0.10052083333333334 0 0.04583333333333333 0 0.04375 0.002777777777777778 0.025 0 0.0234375 0.002777777777777778 0.014583333333333334 0.002777777777777778 0.011979166666666667 0.010185185185185186 0.007291666666666667 0.005555555555555556 0.003125 0.014814814814814815
1 0.44583333333333336 0.837037037037037 0.4427083333333333 0.8379629629629629 0.44583333333333336 0.837037037037037
1 0.48072916666666665 0.6620370370370371 0.4796875 0.6685185185185185 0.48125 0.6666666666666666 0.48072916666666665 0.6620370370370371
1 0.4979166666666667 0.575925925925926 0.496875 0.5777777777777777 0.4984375 0.5777777777777777 0.4979166666666667 0.575925925925926
1 0.49114583333333334 0.5712962962962963 0.4890625 0.5731481481481482 0.4890625 0.5777777777777777 0.49270833333333336 0.5777777777777777 0.49114583333333334 0.5712962962962963
1 0.55625 0.5157407407407407 0.5557291666666667 0.5222222222222223 0.5588541666666667 0.5259259259259259 0.5583333333333333 0.5296296296296297 0.5625 0.5296296296296297 0.5635416666666667 0.5277777777777778 0.5619791666666667 0.5166666666666667 0.5604166666666667 0.5138888888888888 0.55625 0.5157407407407407
1 0.42864583333333334 0.7685185185185185 0.43020833333333336 0.7796296296296297 0.42604166666666665 0.7916666666666666 0.4270833333333333 0.8064814814814815 0.42916666666666664 0.8101851851851852 0.4354166666666667 0.812037037037037 0.43802083333333336 0.8212962962962963 0.4427083333333333 0.8148148148148148 0.4453125 0.8194444444444444 0.44427083333333334 0.8231481481481482 0.4515625 0.8240740740740741 0.4505208333333333 0.8305555555555556 0.45260416666666664 0.8351851851851851 0.4557291666666667 0.8351851851851851 0.45989583333333334 0.8398148148148148 0.4635416666666667 0.8388888888888889 0.4625 0.8444444444444444 0.4578125 0.8481481481481481 0.4588541666666667 0.850925925925926 0.4734375 0.8601851851851852 0.4786458333333333 0.8851851851851852 0.4864583333333333 0.9009259259259259 0.4890625 0.9120370370370371 0.4984375 0.9185185185185185 0.503125 0.925 0.525 0.9666666666666667 0.5307291666666667 0.9722222222222222 0.5328125 0.9879629629629629 0.5359375 0.9935185185185185 0.54375 0.9962962962962963 0.6765625 0.9935185185185185 0.6854166666666667 0.9962962962962963 0.7755208333333333 0.9981481481481481 0.8015625 0.9935185185185185 0.8125 0.9962962962962963 0.8369791666666667 0.9962962962962963 0.8432291666666667 0.9935185185185185 0.8776041666666666 0.9935185185185185 0.8828125 0.9962962962962963 0.9328125 0.9944444444444445 0.9578125 0.9981481481481481 0.9703125 0.9935185185185185 0.9703125 0.9888888888888889 0.9739583333333334 0.987037037037037 0.9770833333333333 0.9805555555555555 0.9796875 0.9805555555555555 0.9791666666666666 0.9712962962962963 0.975 0.9638888888888889 0.9744791666666667 0.9481481481481482 0.971875 0.937037037037037 0.9494791666666667 0.8814814814814815 0.9479166666666666 0.8731481481481481 0.9385416666666667 0.8546296296296296 0.9354166666666667 0.8416666666666667 0.9208333333333333 0.8138888888888889 0.9182291666666667 0.7962962962962963 0.9109375 0.774074074074074 0.9078125 0.7712962962962963 0.9046875 0.7527777777777778 0.8947916666666667 0.7333333333333333 0.8911458333333333 0.7212962962962963 0.884375 0.7129629629629629 0.878125 0.6925925925925925 0.878125 0.6851851851851852 0.8760416666666667 0.6787037037037037 0.8765625 0.649074074074074 0.8708333333333333 0.6314814814814815 0.8713541666666667 0.6055555555555555 0.8697916666666666 0.5833333333333334 0.8703125 0.5722222222222222 0.8734375 0.562037037037037 0.8760416666666667 0.5407407407407407 0.8791666666666667 0.5351851851851852 0.88125 0.5212962962962963 0.8916666666666667 0.4935185185185185 0.8942708333333333 0.4740740740740741 0.8979166666666667 0.4685185185185185 0.9015625 0.45092592592592595 0.9052083333333333 0.4462962962962963 0.909375 0.43333333333333335 0.9296875 0.39351851851851855 0.9348958333333334 0.3768518518518518 0.94375 0.3638888888888889 0.9484375 0.3509259259259259 0.9598958333333333 0.337037037037037 0.9635416666666666 0.3277777777777778 0.9734375 0.31851851851851853 0.9828125 0.30277777777777776 0.9921875 0.2935185185185185 0.9973958333333334 0.2777777777777778 0.9994791666666667 0.2759259259259259 0.9994791666666667 0.262037037037037 0.9963541666666667 0.2574074074074074 0.9947916666666666 0.24259259259259258 0.9963541666666667 0.22314814814814815 0.9994791666666667 0.2212962962962963 0.9994791666666667 0.21666666666666667 0.9963541666666667 0.21296296296296297 0.9963541666666667 0.20555555555555555 0.9994791666666667 0.20277777777777778 0.9973958333333334 0.19907407407407407 0.9994791666666667 0.1962962962962963 0.9994791666666667 0.18703703703703703 0.9973958333333334 0.18611111111111112 0.9973958333333334 0.1814814814814815 0.9994791666666667 0.18055555555555555 0.9994791666666667 0.1648148148148148 0.9958333333333333 0.16203703703703703 0.9953125 0.15648148148148147 0.9973958333333334 0.14351851851851852 0.9963541666666667 0.1388888888888889 0.9994791666666667 0.13518518518518519 0.9994791666666667 0.10555555555555556 0.99375 0.09722222222222222 0.99375 0.09351851851851851 0.9958333333333333 0.09166666666666666 0.9947916666666666 0.08425925925925926 0.9963541666666667 0.07685185185185185 0.9994791666666667 0.075 0.9994791666666667 0.05 0.9973958333333334 0.04814814814814815 0.9963541666666667 0.041666666666666664 0.9697916666666667 0.032407407407407406 0.9625 0.023148148148148147 0.9552083333333333 0.025 0.9536458333333333 0.021296296296296296 0.9484375 0.021296296296296296 0.9453125 0.016666666666666666 0.9380208333333333 0.016666666666666666 0.925 0.025925925925925925 0.8989583333333333 0.05092592592592592 0.8765625 0.062037037037037036 0.8651041666666667 0.07314814814814814 0.8390625 0.0824074074074074 0.8057291666666667 0.0824074074074074 0.7953125 0.08703703703703704 0.7864583333333334 0.0962962962962963 0.7645833333333333 0.09814814814814815 0.7484375 0.10555555555555556 0.7333333333333333 0.11851851851851852 0.7265625 0.12777777777777777 0.7177083333333333 0.15 0.7088541666666667 0.15555555555555556 0.6953125 0.1712962962962963 0.6817708333333333 0.19166666666666668 0.6729166666666667 0.20925925925925926 0.6640625 0.21944444444444444 0.659375 0.22962962962962963 0.6520833333333333 0.2351851851851852 0.6390625 0.26481481481481484 0.634375 0.28703703703703703 0.63125 0.29444444444444445 0.6161458333333333 0.37592592592592594 0.6104166666666667 0.4 0.6078125 0.40370370370370373 0.603125 0.42314814814814816 0.6005208333333333 0.42777777777777776 0.596875 0.4564814814814815 0.59375 0.4675925925925926 0.5927083333333333 0.4842592592592593 0.5869791666666667 0.5074074074074074 0.5869791666666667 0.512962962962963 0.5833333333333334 0.5212962962962963 0.5786458333333333 0.5462962962962963 0.5734375 0.562037037037037 0.5692708333333333 0.5685185185185185 0.5567708333333333 0.5305555555555556 0.5567708333333333 0.5351851851851852 0.5473958333333333 0.5351851851851852 0.5421875 0.55 0.5291666666666667 0.5638888888888889 0.5239583333333333 0.5796296296296296 0.5067708333333333 0.6101851851851852 0.503125 0.6342592592592593 0.49895833333333334 0.6462962962962963 0.49166666666666664 0.6509259259259259 0.48854166666666665 0.6574074074074074 0.4921875 0.6601851851851852 0.4890625 0.6657407407407407 0.4890625 0.6712962962962963 0.49166666666666664 0.675 0.4895833333333333 0.6805555555555556 0.48072916666666665 0.6824074074074075 0.4796875 0.6759259259259259 0.47708333333333336 0.6731481481481482 0.47552083333333334 0.6796296296296296 0.46979166666666666 0.6888888888888889 0.46822916666666664 0.6981481481481482 0.4640625 0.7055555555555556 0.46197916666666666 0.7148148148148148 0.453125 0.7305555555555555 0.43854166666666666 0.7444444444444445 0.4348958333333333 0.7546296296296297 0.43125 0.7583333333333333 0.42864583333333334 0.7685185185185185
1 0.4515625 0.10740740740740741 0.4505208333333333 0.11203703703703703 0.45208333333333334 0.12222222222222222 0.4583333333333333 0.13240740740740742 0.47760416666666666 0.13703703703703704 0.48541666666666666 0.14166666666666666 0.4953125 0.1527777777777778 0.5052083333333334 0.1574074074074074 0.5244791666666667 0.15925925925925927 0.5296875 0.15462962962962962 0.5223958333333333 0.14351851851851852 0.5192708333333333 0.14351851851851852 0.5109375 0.13518518518518519 0.48333333333333334 0.11851851851851852 0.48072916666666665 0.11388888888888889 0.4640625 0.10555555555555556 0.4552083333333333 0.10462962962962963 0.4515625 0.10740740740740741