4 0.8989583333333333 0.21203703703703702 0.9177083333333333 0.22037037037037038 0.9213541666666667 0.22685185185185186 0.9317708333333333 0.23333333333333334 0.9364583333333333 0.24537037037037038 0.9598958333333333 0.2740740740740741 0.9635416666666666 0.2824074074074074 0.9609375 0.2898148148148148 0.9630208333333333 0.2916666666666667 0.9666666666666667 0.287962962962963 0.9739583333333334 0.30092592592592593 0.9765625 0.3101851851851852 0.9807291666666667 0.31574074074074077 0.9817708333333334 0.32407407407407407 0.9796875 0.3277777777777778 0.984375 0.32592592592592595 0.9880208333333333 0.33055555555555555 0.9901041666666667 0.3453703703703704 0.9953125 0.3537037037037037 0.996875 0.36203703703703705 0.9994791666666667 0.3638888888888889 0.9994791666666667 0.49907407407407406 0.9921875 0.5111111111111111 0.99375 0.525 0.9973958333333334 0.537962962962963 0.9994791666666667 0.5388888888888889 0.9994791666666667 0.5583333333333333 0.996875 0.5601851851851852 0.9973958333333334 0.5768518518518518 0.9994791666666667 0.5777777777777777 0.9994791666666667 0.5953703703703703 0.996875 0.5972222222222222 0.9921875 0.6092592592592593 0.9958333333333333 0.6194444444444445 0.9994791666666667 0.6231481481481481 0.9994791666666667 0.6277777777777778 0.9973958333333334 0.6287037037037037 0.9994791666666667 0.6324074074074074 0.9994791666666667 0.6416666666666667 0.9973958333333334 0.6425925925925926 0.99375 0.6527777777777778 0.9932291666666667 0.6657407407407407 0.996875 0.6787037037037037 0.9973958333333334 0.6898148148148148 0.9994791666666667 0.6907407407407408 0.9994791666666667 0.7064814814814815 0.9927083333333333 0.7203703703703703 0.9973958333333334 0.7453703703703703 0.9994791666666667 0.7462962962962963 0.9994791666666667 0.7527777777777778 0.9947916666666666 0.7611111111111111 0.990625 0.7851851851851852 0.9838541666666667 0.7898148148148149 0.984375 0.7935185185185185 0.9901041666666667 0.7962962962962963 0.9973958333333334 0.8138888888888889 0.996875 0.8351851851851851 0.9994791666666667 0.8398148148148148 0.9973958333333334 0.8527777777777777 0.9994791666666667 0.8555555555555555 0.9973958333333334 0.8592592592592593 0.9973958333333334 0.8694444444444445 0.9947916666666666 0.8740740740740741 0.984375 0.8638888888888889 0.9744791666666667 0.8592592592592593 0.9729166666666667 0.8546296296296296 0.9666666666666667 0.85 0.9604166666666667 0.8546296296296296 0.9609375 0.8657407407407407 0.9567708333333333 0.8694444444444445 0.9635416666666666 0.8731481481481481 0.9677083333333333 0.8712962962962963 0.9692708333333333 0.8787037037037037 0.9770833333333333 0.8759259259259259 0.9848958333333333 0.8824074074074074 0.9880208333333333 0.8888888888888888 0.9880208333333333 0.8953703703703704 0.9755208333333333 0.8972222222222223 0.971875 0.9009259259259259 0.9864583333333333 0.9064814814814814 0.9953125 0.9148148148148149 0.9973958333333334 0.9333333333333333 0.9994791666666667 0.9342592592592592 0.9994791666666667 0.9574074074074074 0.9958333333333333 0.9629629629629629 0.9963541666666667 0.9805555555555555 0.9947916666666666 0.9898148148148148 0.9916666666666667 0.9944444444444445 0.9520833333333333 0.9972222222222222 0.9005208333333333 0.9944444444444445 0.8885416666666667 0.9990740740740741 0.8802083333333334 0.9990740740740741 0.8703125 0.9944444444444445 0.8640625 0.9833333333333333 0.8552083333333333 0.9768518518518519 0.8364583333333333 0.9546296296296296 0.8229166666666666 0.9462962962962963 0.8208333333333333 0.9416666666666667 0.8203125 0.9490740740740741 0.8255208333333334 0.9629629629629629 0.8244791666666667 0.9768518518518519 0.8276041666666667 0.987037037037037 0.8270833333333333 0.9944444444444445 0.8244791666666667 0.9962962962962963 0.7078125 0.9944444444444445 0.7177083333333333 0.9907407407407407 0.715625 0.9824074074074074 0.7182291666666667 0.9768518518518519 0.709375 0.9629629629629629 0.7130208333333333 0.9638888888888889 0.7145833333333333 0.9611111111111111 0.7182291666666667 0.9462962962962963 0.7119791666666667 0.937037037037037 0.7135416666666666 0.9259259259259259 0.7057291666666666 0.9111111111111111 0.7078125 0.9037037037037037 0.703125 0.8851851851851852 0.6994791666666667 0.825 0.6895833333333333 0.8277777777777777 0.6671875 0.8074074074074075 0.6328125 0.7898148148148149 0.5536458333333333 0.7268518518518519 0.546875 0.7185185185185186 0.5177083333333333 0.7027777777777777 0.5057291666666667 0.6916666666666667 0.45989583333333334 0.6601851851851852 0.4125 0.6212962962962963 0.390625 0.5990740740740741 0.3875 0.5990740740740741 0.3859375 0.5935185185185186 0.3703125 0.5712962962962963 0.35625 0.5453703703703704 0.33958333333333335 0.5231481481481481 0.3234375 0.49444444444444446 0.31666666666666665 0.4759259259259259 0.3 0.45 0.29739583333333336 0.44074074074074077 0.29583333333333334 0.4111111111111111 0.3296875 0.3287037037037037 0.334375 0.31203703703703706 0.3390625 0.30833333333333335 0.3489583333333333 0.30833333333333335 0.3541666666666667 0.3472222222222222 0.3671875 0.36944444444444446 0.3697916666666667 0.37777777777777777 0.38385416666666666 0.3814814814814815 0.3984375 0.37777777777777777 0.40520833333333334 0.3675925925925926 0.40989583333333335 0.35 0.4140625 0.3138888888888889 0.4161458333333333 0.3101851851851852 0.425 0.31296296296296294 0.43125 0.3296296296296296 0.45208333333333334 0.35648148148148145 0.4666666666666667 0.36574074074074076 0.48020833333333335 0.3787037037037037 0.4947916666666667 0.37962962962962965 0.515625 0.3685185185185185 0.5192708333333333 0.36203703703703705 0.5463541666666667 0.3425925925925926 0.578125 0.30833333333333335 0.578125 0.3138888888888889 0.5723958333333333 0.33055555555555555 0.5411458333333333 0.40185185185185185 0.5333333333333333 0.4212962962962963 0.5333333333333333 0.42592592592592593 0.5364583333333334 0.4444444444444444 0.5390625 0.44814814814814813 0.546875 0.45 0.5484375 0.45555555555555555 0.5484375 0.4703703703703704 0.540625 0.48055555555555557 0.5442708333333334 0.4935185185185185 0.5432291666666667 0.49722222222222223 0.546875 0.5027777777777778 0.553125 0.5046296296296297 0.5708333333333333 0.5027777777777778 0.5739583333333333 0.512962962962963 0.5791666666666667 0.5185185185185185 0.58125 0.525 0.5802083333333333 0.5277777777777778 0.5708333333333333 0.5287037037037037 0.5494791666666666 0.5157407407407407 0.540625 0.5055555555555555 0.521875 0.5 0.5072916666666667 0.48518518518518516 0.4791666666666667 0.44537037037037036 0.4661458333333333 0.4351851851851852 0.46041666666666664 0.4361111111111111 0.4557291666666667 0.44537037037037036 0.4557291666666667 0.46296296296296297 0.4671875 0.4842592592592593 0.4984375 0.5157407407407407 0.5166666666666667 0.5305555555555556 0.528125 0.5324074074074074 0.5411458333333333 0.5444444444444444 0.5697916666666667 0.5601851851851852 0.5776041666666667 0.5666666666666667 0.5817708333333333 0.5740740740740741 0.584375 0.5731481481481482 0.5890625 0.5777777777777777 0.5875 0.5814814814814815 0.5895833333333333 0.5851851851851851 0.6026041666666667 0.5842592592592593 0.6192708333333333 0.6037037037037037 0.6541666666666667 0.6675925925925926 0.659375 0.687037037037037 0.6723958333333333 0.7092592592592593 0.6802083333333333 0.7314814814814815 0.703125 0.7768518518518519 0.7046875 0.7814814814814814 0.7041666666666667 0.7898148148148149 0.6994791666666667 0.8083333333333333 0.7026041666666667 0.8092592592592592 0.7119791666666667 0.7907407407407407 0.7213541666666666 0.7842592592592592 0.73125 0.7851851851851852 0.7546875 0.8018518518518518 0.7729166666666667 0.8037037037037037 0.7765625 0.8 0.759375 0.7861111111111111 0.7515625 0.7722222222222223 0.7479166666666667 0.7592592592592593 0.7375 0.7453703703703703 0.7302083333333333 0.7268518518518519 0.7177083333333333 0.7101851851851851 0.7088541666666667 0.6888888888888889 0.6984375 0.675 0.678125 0.6388888888888888 0.6671875 0.6101851851851852 0.6578125 0.5972222222222222 0.6484375 0.5768518518518518 0.640625 0.5675925925925925 0.6338541666666667 0.5509259259259259 0.5932291666666667 0.47962962962962963 0.5880208333333333 0.4537037037037037 0.6098958333333333 0.4148148148148148 0.609375 0.40925925925925927 0.6125 0.3972222222222222 0.6114583333333333 0.387037037037037 0.6234375 0.38425925925925924 0.6260416666666667 0.37962962962962965 0.6265625 0.3592592592592593 0.63125 0.35648148148148145 0.6364583333333333 0.3435185185185185 0.640625 0.3388888888888889 0.6359375 0.33425925925925926 0.640625 0.32037037037037036 0.6369791666666667 0.3101851851851852 0.6375 0.30462962962962964 0.6536458333333334 0.2712962962962963 0.6609375 0.24722222222222223 0.6677083333333333 0.23425925925925925 0.6770833333333334 0.22314814814814815 0.684375 0.22314814814814815 0.6921875 0.23055555555555557 0.6958333333333333 0.23703703703703705 0.7 0.2537037037037037 0.7078125 0.26481481481481484 0.7223958333333333 0.26851851851851855 0.7427083333333333 0.2518518518518518 0.7640625 0.24722222222222223 0.7869791666666667 0.23333333333333334 0.828125 0.22407407407407406 0.8463541666666666 0.22870370370370371 0.8671875 0.22870370370370371 0.8734375 0.22685185185185186 0.8796875 0.2175925925925926 0.8984375 0.21203703703703702
4 0.011458333333333333 0 0.027604166666666666 0 0.03854166666666667 0.004629629629629629 0.0578125 0.003703703703703704 0.0625 0 0.11822916666666666 0 0.13489583333333333 0.004629629629629629 0.16354166666666667 0.006481481481481481 0.19114583333333332 0 0.20052083333333334 0 0.20572916666666666 0.005555555555555556 0.21302083333333333 0 0.2296875 0 0.2390625 0.003703703703703704 0.246875 0 0.25416666666666665 0.002777777777777778 0.26927083333333335 0 0.275 0.003703703703703704 0.2890625 0 0.30885416666666665 0 0.31302083333333336 0.003703703703703704 0.33645833333333336 0 0.35885416666666664 0.004629629629629629 0.3880208333333333 0 0.3932291666666667 0.004629629629629629 0.39114583333333336 0.023148148148148147 0.39114583333333336 0.04814814814814815 0.39427083333333335 0.06296296296296296 0.39427083333333335 0.13796296296296295 0.39739583333333334 0.15 0.3984375 0.18888888888888888 0.40208333333333335 0.22314814814814815 0.403125 0.29259259259259257 0.40729166666666666 0.3194444444444444 0.40520833333333334 0.35 0.39739583333333334 0.36666666666666664 0.38333333333333336 0.37222222222222223 0.37604166666666666 0.36944444444444446 0.36875 0.36203703703703705 0.3619791666666667 0.34814814814814815 0.35885416666666664 0.33425925925925926 0.35989583333333336 0.3175925925925926 0.3578125 0.30185185185185187 0.35 0.2796296296296296 0.35052083333333334 0.2712962962962963 0.34739583333333335 0.25462962962962965 0.34739583333333335 0.23425925925925925 0.34427083333333336 0.21481481481481482 0.34479166666666666 0.20555555555555555 0.340625 0.1962962962962963 0.33541666666666664 0.17222222222222222 0.33177083333333335 0.1824074074074074 0.32135416666666666 0.19537037037037036 0.30833333333333335 0.20092592592592592 0.30364583333333334 0.2 0.28072916666666664 0.1638888888888889 0.26875 0.11851851851851852 0.26666666666666666 0.12222222222222222 0.2671875 0.13703703703703704 0.2703125 0.15092592592592594 0.27239583333333334 0.1527777777777778 0.27239583333333334 0.15833333333333333 0.26875 0.15648148148148147 0.2677083333333333 0.16296296296296298 0.26875 0.16666666666666666 0.27239583333333334 0.1648148148148148 0.27708333333333335 0.1712962962962963 0.27708333333333335 0.175 0.2755208333333333 0.1787037037037037 0.2682291666666667 0.17685185185185184 0.26510416666666664 0.1814814814814815 0.26875 0.20555555555555555 0.26510416666666664 0.21203703703703702 0.26197916666666665 0.20833333333333334 0.2609375 0.2101851851851852 0.2604166666666667 0.21296296296296297 0.26197916666666665 0.21574074074074073 0.26510416666666664 0.21481481481481482 0.26510416666666664 0.21851851851851853 0.26145833333333335 0.21944444444444444 0.26145833333333335 0.24444444444444444 0.25885416666666666 0.2611111111111111 0.2520833333333333 0.26481481481481484 0.271875 0.28888888888888886 0.2791666666666667 0.3037037037037037 0.28489583333333335 0.3277777777777778 0.28541666666666665 0.36203703703703705 0.2791666666666667 0.41574074074074074 0.265625 0.4462962962962963 0.2630208333333333 0.45740740740740743 0.2630208333333333 0.5083333333333333 0.25677083333333334 0.5527777777777778 0.24635416666666668 0.5944444444444444 0.23645833333333333 0.6185185185185185 0.22552083333333334 0.687962962962963 0.21666666666666667 0.7212962962962963 0.1953125 0.7527777777777778 0.18854166666666666 0.7666666666666667 0.17708333333333334 0.7805555555555556 0.13489583333333333 0.8157407407407408 0.11979166666666667 0.8351851851851851 0.10677083333333333 0.8388888888888889 0.04479166666666667 0.8407407407407408 0.03958333333333333 0.837037037037037 0.029166666666666667 0.8398148148148148 0.01875 0.8342592592592593 0.016145833333333335 0.8296296296296296 0.005208333333333333 0.8305555555555556 0.003125 0.8166666666666667 0 0.812037037037037 0 0.5574074074074075 0.0020833333333333333 0.5546296296296296 0 0.5518518518518518 0 0.4777777777777778 0.0015625 0.47685185185185186 0 0.4759259259259259 0 0.47129629629629627 0.0015625 0.4703703703703704 0 0.4685185185185185 0 0.462037037037037 0.0026041666666666665 0.45925925925925926 0.0036458333333333334 0.44351851851851853 0 0.43796296296296294 0 0.35833333333333334 0.0026041666666666665 0.3527777777777778 0 0.3509259259259259 0 0.31574074074074077 0.0026041666666666665 0.3101851851851852 0 0.30462962962962964 0 0.29814814814814816 0.0015625 0.2972222222222222 0 0.29444444444444445 0 0.18055555555555555 0.0020833333333333333 0.1787037037037037 0 0.17685185185185184 0 0.14537037037037037 0.0036458333333333334 0.14166666666666666 0.0046875 0.13333333333333333 0.0036458333333333334 0.12222222222222222 0 0.11574074074074074 0.0020833333333333333 0.11296296296296296 0 0.1111111111111111 0 0.0787037037037037 0.0026041666666666665 0.07592592592592592 0.0020833333333333333 0.06666666666666667 0 0.06574074074074074 0 0.030555555555555555 0.0020833333333333333 0.02962962962962963 0 0.026851851851851852 0 0.017592592592592594 0.004166666666666667 0.004629629629629629 0.011458333333333333 0.000925925925925926
4 0.011458333333333333 0.1287037037037037 0.021354166666666667 0.13148148148148148 0.0296875 0.1287037037037037 0.03125 0.13240740740740742 0.0296875 0.13796296296296295 0.0375 0.14722222222222223 0.036458333333333336 0.15 0.0328125 0.14722222222222223 0.030729166666666665 0.15092592592592594 0.03229166666666667 0.15648148148148147 0.04375 0.1537037037037037 0.04635416666666667 0.1574074074074074 0.03229166666666667 0.16296296296296298 0.030729166666666665 0.1675925925925926 0.03333333333333333 0.17037037037037037 0.03958333333333333 0.17037037037037037 0.04739583333333333 0.16296296296296298 0.06458333333333334 0.15833333333333333 0.06979166666666667 0.1537037037037037 0.07447916666666667 0.15555555555555556 0.0859375 0.15 0.10416666666666667 0.15 0.10885416666666667 0.1527777777777778 0.13125 0.15185185185185185 0.15625 0.15648148148148147 0.17708333333333334 0.1675925925925926 0.20104166666666667 0.1712962962962963 0.21614583333333334 0.18055555555555555 0.22916666666666666 0.19166666666666668 0.2375 0.21203703703703702 0.23958333333333334 0.22685185185185186 0.2375 0.23425925925925925 0.2390625 0.24074074074074073 0.23854166666666668 0.25092592592592594 0.24166666666666667 0.25462962962962965 0.2390625 0.25833333333333336 0.24010416666666667 0.26481481481481484 0.26145833333333335 0.2824074074074074 0.26927083333333335 0.2972222222222222 0.2765625 0.3037037037037037 0.275 0.3101851851851852 0.2791666666666667 0.31851851851851853 0.2796875 0.3277777777777778 0.2833333333333333 0.3314814814814815 0.2838541666666667 0.34444444444444444 0.2828125 0.35462962962962963 0.278125 0.35555555555555557 0.28020833333333334 0.35648148148148145 0.28177083333333336 0.36666666666666664 0.2791666666666667 0.375 0.28020833333333334 0.38796296296296295 0.2760416666666667 0.41388888888888886 0.2625 0.4444444444444444 0.25833333333333336 0.45925925925925926 0.25833333333333336 0.4666666666666667 0.25364583333333335 0.47314814814814815 0.25833333333333336 0.47962962962962963 0.2552083333333333 0.48703703703703705 0.25833333333333336 0.4898148148148148 0.2598958333333333 0.5009259259259259 0.25833333333333336 0.5314814814814814 0.25625 0.5351851851851852 0.2515625 0.5694444444444444 0.24322916666666666 0.5796296296296296 0.2375 0.5916666666666667 0.2375 0.5972222222222222 0.240625 0.6018518518518519 0.23177083333333334 0.6222222222222222 0.23072916666666668 0.6342592592592593 0.2265625 0.6370370370370371 0.23020833333333332 0.6398148148148148 0.22864583333333333 0.6435185185185185 0.23020833333333332 0.6472222222222223 0.22708333333333333 0.6462962962962963 0.225 0.6509259259259259 0.2265625 0.6648148148148149 0.22395833333333334 0.675 0.22395833333333334 0.6861111111111111 0.21927083333333333 0.6861111111111111 0.2203125 0.6990740740740741 0.21770833333333334 0.7027777777777777 0.2171875 0.7101851851851851 0.21302083333333333 0.7148148148148148 0.21302083333333333 0.7231481481481481 0.19895833333333332 0.7407407407407407 0.19375 0.7425925925925926 0.19270833333333334 0.7444444444444445 0.19635416666666666 0.7472222222222222 0.1859375 0.7657407407407407 0.17916666666666667 0.7703703703703704 0.16770833333333332 0.7861111111111111 0.13541666666666666 0.8101851851851852 0.11979166666666667 0.8305555555555556 0.1125 0.8342592592592593 0.0578125 0.8361111111111111 0.04375 0.8305555555555556 0.0359375 0.8333333333333334 0.01875 0.8185185185185185 0.010416666666666666 0.8175925925925925 0.0109375 0.8138888888888889 0.0046875 0.8037037037037037 0.005208333333333333 0.7962962962962963 0.0020833333333333333 0.7759259259259259 0.0036458333333333334 0.7694444444444445 0.0020833333333333333 0.7472222222222222 0.0046875 0.7407407407407407 0.003125 0.7296296296296296 0.005729166666666666 0.7268518518518519 0.0020833333333333333 0.7212962962962963 0.004166666666666667 0.7129629629629629 0.0020833333333333333 0.674074074074074 0.004166666666666667 0.6666666666666666 0 0.6611111111111111 0 0.6564814814814814 0.004166666666666667 0.6472222222222223 0.0026041666666666665 0.6333333333333333 0.004166666666666667 0.6157407407407407 0 0.612037037037037 0.0020833333333333333 0.6111111111111112 0.0036458333333333334 0.6027777777777777 0.003125 0.5879629629629629 0 0.5851851851851851 0.0020833333333333333 0.5814814814814815 0 0.5777777777777777 0 0.5694444444444444 0.0036458333333333334 0.5666666666666667 0.0046875 0.5537037037037037 0.0026041666666666665 0.5407407407407407 0.0036458333333333334 0.5324074074074074 0 0.5287037037037037 0.005208333333333333 0.5259259259259259 0.0020833333333333333 0.5222222222222223 0.0026041666666666665 0.5111111111111111 0.0046875 0.5083333333333333 0.0020833333333333333 0.5009259259259259 0.0020833333333333333 0.49074074074074076 0.0046875 0.48055555555555557 0.0036458333333333334 0.46296296296296297 0.005729166666666666 0.45740740740740743 0.004166666666666667 0.4351851851851852 0.0015625 0.4287037037037037 0.004166666666666667 0.40555555555555556 0.0026041666666666665 0.3990740740740741 0.004166666666666667 0.38333333333333336 0.004166666666666667 0.3787037037037037 0.0020833333333333333 0.37592592592592594 0.0026041666666666665 0.36574074074074076 0.0046875 0.35833333333333334 0.010416666666666666 0.35648148148148145 0.0109375 0.35185185185185186 0.0020833333333333333 0.34814814814814815 0.0036458333333333334 0.3453703703703704 0.0026041666666666665 0.3314814814814815 0.004166666666666667 0.3277777777777778 0.003125 0.31851851851851853 0.0046875 0.30833333333333335 0.0046875 0.29074074074074074 0.0020833333333333333 0.2722222222222222 0.0036458333333333334 0.26851851851851855 0.0046875 0.24166666666666667 0 0.24074074074074073 0 0.21851851851851853 0.004166666666666667 0.21296296296296297 0.0020833333333333333 0.20462962962962963 0.004166666666666667 0.19907407407407407 0 0.19074074074074074 0.0020833333333333333 0.18981481481481483 0.0046875 0.1787037037037037 0.0026041666666666665 0.175 0.005208333333333333 0.1648148148148148 0.008854166666666666 0.17222222222222222 0.010416666666666666 0.1685185185185185 0.023958333333333335 0.16111111111111112 0.022395833333333334 0.15648148148148147 0.013020833333333334 0.1574074074074074 0.015104166666666667 0.15185185185185185 0.0140625 0.14351851851851852 0.017708333333333333 0.13703703703703704 0.0125 0.13333333333333333 0.011458333333333333 0.12962962962962962
1 0.5546875 0.2777777777777778 0.5614583333333333 0.2814814814814815 0.5640625 0.29444444444444445 0.5604166666666667 0.3037037037037037 0.5536458333333333 0.3101851851851852 0.5494791666666666 0.30925925925925923 0.5463541666666667 0.3037037037037037 0.5453125 0.287962962962963 0.5484375 0.2796296296296296 0.5541666666666667 0.2777777777777778
1 0.6807291666666667 0.6101851851851852 0.7166666666666667 0.6296296296296297 0.7484375 0.6611111111111111 0.7557291666666667 0.6648148148148149 0.7765625 0.6842592592592592 0.7895833333333333 0.6907407407407408 0.79375 0.6990740740740741 0.7953125 0.7185185185185186 0.81875 0.7472222222222222 0.83125 0.7583333333333333 0.8671875 0.7814814814814814 0.8875 0.7898148148148149 0.9125 0.8111111111111111 0.9177083333333333 0.8185185185185185 0.9677083333333333 0.850925925925926 0.9838541666666667 0.8657407407407407 0.9895833333333334 0.8740740740740741 0.9927083333333333 0.8851851851851852 0.9921875 0.899074074074074 0.9864583333333333 0.9018518518518519 0.9697916666666667 0.9009259259259259 0.9463541666666667 0.8814814814814815 0.9322916666666666 0.8759259259259259 0.9223958333333333 0.8611111111111112 0.8859375 0.8314814814814815 0.8791666666666667 0.8157407407407408 0.8541666666666666 0.7870370370370371 0.840625 0.7787037037037037 0.8260416666666667 0.7601851851851852 0.8026041666666667 0.7416666666666667 0.7708333333333334 0.7037037037037037 0.725 0.6685185185185185 0.70625 0.6583333333333333 0.690625 0.6407407407407407 0.6817708333333333 0.6259259259259259 0.6671875 0.612037037037037 0.6802083333333333 0.6101851851851852
1 0.2864583333333333 0.18333333333333332 0.2984375 0.2 0.3067708333333333 0.20555555555555555 0.3182291666666667 0.20277777777777778 0.33489583333333334 0.18518518518518517 0.3385416666666667 0.20925925925925926 0.34010416666666665 0.25555555555555554 0.3416666666666667 0.2574074074074074 0.3416666666666667 0.262037037037037 0.3375 0.262037037037037 0.33645833333333336 0.26944444444444443 0.3380208333333333 0.27314814814814814 0.33489583333333334 0.2712962962962963 0.3296875 0.275 0.33697916666666666 0.2824074074074074 0.33489583333333334 0.2972222222222222 0.32864583333333336 0.3194444444444444 0.3145833333333333 0.3416666666666667 0.30364583333333334 0.337037037037037 0.3 0.34444444444444444 0.2947916666666667 0.3685185185185185 0.28958333333333336 0.37592592592592594 0.2864583333333333 0.36944444444444446 0.2875 0.337037037037037 0.284375 0.31574074074074077 0.2755208333333333 0.29074074074074074 0.2635416666666667 0.2712962962962963 0.26875 0.21944444444444444 0.2713541666666667 0.20833333333333334 0.28072916666666664 0.18518518518518517 0.2859375 0.18333333333333332
1 0.6765625 0.6083333333333333 0.7026041666666667 0.6194444444444445 0.715625 0.6287037037037037 0.7505208333333333 0.662962962962963 0.7640625 0.6712962962962963 0.7760416666666666 0.6842592592592592 0.7895833333333333 0.6907407407407408 0.79375 0.6990740740740741 0.7947916666666667 0.7175925925925926 0.8192708333333333 0.7481481481481481 0.8322916666666667 0.7592592592592593 0.8661458333333333 0.7814814814814814 0.8885416666666667 0.7916666666666666 0.9171875 0.8185185185185185 0.9677083333333333 0.850925925925926 0.9838541666666667 0.8657407407407407 0.9911458333333333 0.8787037037037037 0.9927083333333333 0.8972222222222223 0.990625 0.9009259259259259 0.975 0.9018518518518519 0.9666666666666667 0.899074074074074 0.9458333333333333 0.8814814814814815 0.9322916666666666 0.8759259259259259 0.9239583333333333 0.8629629629629629 0.8869791666666667 0.8324074074074074 0.8791666666666667 0.8157407407407408 0.8536458333333333 0.7861111111111111 0.8458333333333333 0.7824074074074074 0.8255208333333334 0.7592592592592593 0.8036458333333333 0.7425925925925926 0.7708333333333334 0.7037037037037037 0.725 0.6685185185185185 0.7067708333333333 0.6583333333333333 0.6817708333333333 0.6268518518518519 0.6682291666666667 0.6157407407407407 0.6645833333333333 0.6092592592592593 0.6760416666666667 0.6083333333333333
1 0.5125 0.14351851851851852 0.5166666666666667 0.14629629629629629 0.5182291666666666 0.1537037037037037 0.5130208333333334 0.17314814814814813 0.5130208333333334 0.19074074074074074 0.5197916666666667 0.2037037037037037 0.5197916666666667 0.20925925925925926 0.5166666666666667 0.2212962962962963 0.5119791666666667 0.22685185185185186 0.509375 0.225 0.5083333333333333 0.21851851851851853 0.5072916666666667 0.1685185185185185 0.5078125 0.14907407407407408 0.5119791666666667 0.14351851851851852
1 0.4666666666666667 0.43703703703703706 0.48072916666666665 0.44907407407407407 0.4921875 0.4685185185185185 0.5151041666666667 0.49722222222222223 0.578125 0.5370370370370371 0.6067708333333334 0.5694444444444444 0.6130208333333333 0.5805555555555556 0.6135416666666667 0.5851851851851851 0.603125 0.5814814814814815 0.5302083333333333 0.5314814814814814 0.5140625 0.525 0.49375 0.5092592592592593 0.4666666666666667 0.4824074074074074 0.4588541666666667 0.4685185185185185 0.4557291666666667 0.4564814814814815 0.459375 0.4388888888888889 0.46197916666666666 0.4361111111111111 0.4661458333333333 0.43703703703703706
3 0.7239583333333334 0.7796296296296297 0.7375 0.7851851851851852 0.7536458333333333 0.799074074074074 0.7739583333333333 0.8037037037037037 0.7822916666666667 0.8166666666666667 0.7864583333333334 0.8166666666666667 0.7953125 0.8037037037037037 0.8109375 0.7953703703703704 0.8348958333333333 0.7870370370370371 0.8520833333333333 0.7898148148148149 0.8734375 0.8166666666666667 0.8869791666666667 0.8379629629629629 0.9239583333333333 0.8657407407407407 0.9328125 0.8805555555555555 0.9484375 0.8861111111111111 0.9692708333333333 0.9046296296296297 0.9817708333333334 0.9055555555555556 0.9958333333333333 0.9138888888888889 0.9973958333333334 0.925 0.9994791666666667 0.9268518518518518 0.9994791666666667 0.9944444444444445 0.9833333333333333 0.9990740740740741 0.8729166666666667 0.9990740740740741 0.8671875 0.9898148148148148 0.8432291666666667 0.9666666666666667 0.8416666666666667 0.962037037037037 0.8296875 0.9527777777777777 0.8286458333333333 0.9481481481481482 0.8208333333333333 0.9388888888888889 0.8192708333333333 0.9416666666666667 0.8203125 0.9490740740740741 0.8244791666666667 0.9555555555555556 0.8296875 0.9787037037037037 0.8307291666666666 0.9944444444444445 0.8286458333333333 0.9990740740740741 0.7182291666666667 0.9990740740740741 0.7052083333333333 0.9944444444444445 0.7072916666666667 0.9805555555555555 0.7072916666666667 0.9629629629629629 0.7109375 0.9527777777777777 0.7109375 0.9425925925925925 0.7083333333333334 0.9388888888888889 0.7078125 0.924074074074074 0.7041666666666667 0.9111111111111111 0.7 0.8240740740740741 0.7036458333333333 0.8055555555555556 0.7098958333333333 0.7916666666666666 0.7166666666666667 0.7824074074074074 0.7234375 0.7805555555555556
3 0.09947916666666666 0.14814814814814814 0.15104166666666666 0.1537037037037037 0.17552083333333332 0.16574074074074074 0.20260416666666667 0.17037037037037037 0.22291666666666668 0.1814814814814815 0.234375 0.20092592592592592 0.24010416666666667 0.22037037037037038 0.24166666666666667 0.22962962962962963 0.24166666666666667 0.2638888888888889 0.2625 0.2777777777777778 0.26875 0.2851851851851852 0.2791666666666667 0.3055555555555556 0.2838541666666667 0.32407407407407407 0.28541666666666665 0.3592592592592593 0.2791666666666667 0.41574074074074074 0.26510416666666664 0.4462962962962963 0.2630208333333333 0.4564814814814815 0.26197916666666665 0.5194444444444445 0.2546875 0.5638888888888889 0.24427083333333333 0.600925925925926 0.23489583333333333 0.6212962962962963 0.2296875 0.6675925925925926 0.22291666666666668 0.6990740740740741 0.21510416666666668 0.7240740740740741 0.17916666666666667 0.7787037037037037 0.13333333333333333 0.8166666666666667 0.1234375 0.8324074074074074 0.10625 0.8398148148148148 0.0640625 0.8416666666666667 0.043229166666666666 0.8407407407407408 0.04010416666666667 0.837037037037037 0.028645833333333332 0.8379629629629629 0.011979166666666667 0.8240740740740741 0.011458333333333333 0.8277777777777777 0.0046875 0.8287037037037037 0.0046875 0.8240740740740741 0.0020833333333333333 0.8203703703703704 0.0020833333333333333 0.812962962962963 0 0.8111111111111111 0 0.44537037037037036 0.0020833333333333333 0.44351851851851853 0 0.44166666666666665 0 0.31574074074074077 0.0026041666666666665 0.3101851851851852 0.0020833333333333333 0.30277777777777776 0 0.30092592592592593 0.0020833333333333333 0.2972222222222222 0 0.2935185185185185 0 0.18518518518518517 0.019270833333333334 0.1787037037037037 0.052083333333333336 0.16111111111111112 0.08385416666666666 0.15 0.09895833333333333 0.14814814814814814
2 0.40208333333333335 0.07962962962962963 0.4041666666666667 0.09722222222222222 0.4005208333333333 0.13333333333333333 0.40625 0.24537037037037038 0.41302083333333334 0.2759259259259259 0.4401041666666667 0.33611111111111114 0.4552083333333333 0.3509259259259259 0.4583333333333333 0.3574074074074074 0.46927083333333336 0.3648148148148148 0.46979166666666666 0.36944444444444446 0.4817708333333333 0.375 0.4953125 0.375 0.5307291666666667 0.3509259259259259 0.5609375 0.3212962962962963 0.56875 0.3101851851851852 0.571875 0.29907407407407405 0.5854166666666667 0.2824074074074074 0.6088541666666667 0.24259259259259258 0.628125 0.2 0.6265625 0.18888888888888888 0.6291666666666667 0.18518518518518517 0.6317708333333333 0.17037037037037037 0.6421875 0.15925925925925927 0.6713541666666667 0.07407407407407407 0.6713541666666667 0.06111111111111111 0.6822916666666666 0.04351851851851852 0.690625 0.004629629629629629 0.6859375 0 0.58125 0 0.58125 0.004629629629629629 0.5776041666666667 0.008333333333333333 0.5776041666666667 0.013888888888888888 0.5848958333333333 0.09444444444444444 0.5822916666666667 0.10277777777777777 0.5817708333333333 0.11666666666666667 0.5791666666666667 0.12222222222222222 0.5765625 0.1537037037037037 0.5739583333333333 0.16203703703703703 0.5609375 0.1814814814814815 0.5473958333333333 0.19166666666666668 0.5416666666666666 0.18611111111111112 0.5416666666666666 0.1814814814814815 0.5302083333333333 0.16203703703703703 0.521875 0.16203703703703703 0.515625 0.1685185185185185 0.5135416666666667 0.18518518518518517 0.515625 0.19074074074074074 0.5244791666666667 0.19537037037037036 0.5239583333333333 0.20555555555555555 0.5270833333333333 0.20925925925925926 0.5270833333333333 0.22037037037037038 0.5223958333333333 0.225 0.5208333333333334 0.22314814814814815 0.5184895833333333 0.2361111111111111 0.5140625 0.23703703703703705 0.5145833333333333 0.24074074074074073 0.5119791666666667 0.24351851851851852 0.521875 0.2574074074074074 0.5151041666666667 0.2675925925925926 0.5125 0.2953703703703704 0.5098958333333333 0.30277777777777776 0.5109375 0.3101851851851852 0.5010416666666667 0.33425925925925926 0.4921875 0.3425925925925926 0.47552083333333334 0.3453703703703704 0.46979166666666666 0.33240740740740743 0.4630208333333333 0.3277777777777778 0.4552083333333333 0.3111111111111111 0.4552083333333333 0.30277777777777776 0.45208333333333334 0.29907407407407405 0.45 0.2814814814814815 0.44427083333333334 0.27314814814814814 0.44427083333333334 0.2324074074074074 0.440625 0.22037037037037038 0.4427083333333333 0.20925925925925926 0.4390625 0.2037037037037037 0.4390625 0.1925925925925926 0.4359375 0.19444444444444445 0.43385416666666665 0.17777777777777778 0.4390625 0.1638888888888889 0.4296875 0.14444444444444443 0.4359375 0.12407407407407407 0.4348958333333333 0.10925925925925926 0.4322916666666667 0.10555555555555556 0.42864583333333334 0.08425925925925926 0.41770833333333335 0.08055555555555556 0.415625 0.07037037037037037 0.4046875 0.0712962962962963
2 0.6880208333333333 0.18981481481481483 0.6854166666666667 0.20277777777777778 0.6890625 0.21666666666666667 0.7015625 0.2388888888888889 0.7072916666666667 0.2564814814814815 0.7166666666666667 0.26296296296296295 0.7265625 0.2601851851851852 0.74375 0.24537037037037038 0.7604166666666666 0.24444444444444444 0.7833333333333333 0.22962962962962963 0.8229166666666666 0.2175925925925926 0.8630208333333333 0.225 0.875 0.21203703703703702 0.9010416666666666 0.2 0.9109375 0.20833333333333334 0.9708333333333333 0.2833333333333333 0.9739583333333334 0.29074074074074074 0.9838541666666667 0.2962962962962963 0.9854166666666667 0.30648148148148147 0.9901041666666667 0.31574074074074077 0.9994791666666667 0.3175925925925926 0.9994791666666667 0 0.7927083333333333 0 0.7880208333333333 0.006481481481481481 0.7828125 0.007407407407407408 0.7822916666666667 0.012037037037037037 0.7854166666666667 0.014814814814814815 0.784375 0.019444444444444445 0.775 0.019444444444444445 0.70625 0.14537037037037037 0.7036458333333333 0.15833333333333333
2 0.2859375 0.4101851851851852 0.284375 0.4212962962962963 0.26875 0.4527777777777778 0.2671875 0.46574074074074073 0.2677083333333333 0.5083333333333333 0.26145833333333335 0.5537037037037037 0.2484375 0.6064814814814815 0.24895833333333334 0.6263888888888889 0.2453125 0.6370370370370371 0.2375 0.6462962962962963 0.23958333333333334 0.6601851851851852 0.23697916666666666 0.6648148148148149 0.2390625 0.674074074074074 0.23645833333333333 0.6777777777777778 0.23489583333333333 0.7064814814814815 0.22760416666666666 0.7111111111111111 0.21979166666666666 0.7425925925925926 0.20989583333333334 0.7527777777777778 0.20833333333333334 0.7611111111111111 0.18958333333333333 0.7722222222222223 0.178125 0.7898148148148149 0.13333333333333333 0.8342592592592593 0.1328125 0.8453703703703703 0.1296875 0.8555555555555555 0.12291666666666666 0.8666666666666667 0.115625 0.8675925925925926 0.10989583333333333 0.875 0.10572916666666667 0.875 0.0953125 0.8638888888888889 0.08177083333333333 0.862037037037037 0.057291666666666664 0.8768518518518519 0.04479166666666667 0.8759259259259259 0.042708333333333334 0.8805555555555555 0.03854166666666667 0.8814814814814815 0.015625 0.8731481481481481 0 0.8731481481481481 0 0.9990740740740741 0.6911458333333333 0.9990740740740741 0.6942708333333333 0.9944444444444445 0.6927083333333334 0.9898148148148148 0.6958333333333333 0.9833333333333333 0.6911458333333333 0.9787037037037037 0.6911458333333333 0.9722222222222222 0.6947916666666667 0.9694444444444444 0.6979166666666666 0.9564814814814815 0.7005208333333334 0.8870370370370371 0.6927083333333334 0.8490740740740741 0.6854166666666667 0.8351851851851851 0.671875 0.8203703703703704 0.64375 0.8046296296296296 0.615625 0.7796296296296297 0.5708333333333333 0.7472222222222222 0.5463541666666667 0.7231481481481481 0.5255208333333333 0.7101851851851851 0.5151041666666667 0.7074074074074074 0.5119791666666667 0.7018518518518518 0.4557291666666667 0.6611111111111111 0.39791666666666664 0.612037037037037 0.3703125 0.5768518518518518 0.34010416666666665 0.525 0.33229166666666665 0.5157407407407407 0.3109375 0.47129629629629627 0.2984375 0.4537037037037037 0.2947916666666667 0.4324074074074074
3 0.24166666666666667 0 0.49895833333333334 0 0.49375 0.004629629629629629 0.4921875 0.025925925925925925 0.49947916666666664 0.06851851851851852 0.5020833333333333 0.10462962962962963 0.5072916666666667 0.1361111111111111 0.5072916666666667 0.2351851851851852 0.5104166666666666 0.2638888888888889 0.509375 0.29259259259259257 0.5067708333333333 0.30648148148148147 0.5015625 0.3212962962962963 0.4953125 0.3314814814814815 0.4859375 0.33796296296296297 0.4765625 0.3351851851851852 0.46979166666666666 0.3296296296296296 0.45989583333333334 0.31203703703703706 0.45729166666666665 0.30462962962962964 0.4552083333333333 0.2814814814814815 0.44947916666666665 0.2638888888888889 0.4453125 0.18888888888888888 0.4390625 0.1388888888888889 0.4390625 0.12222222222222222 0.42916666666666664 0.07037037037037037 0.4197916666666667 0.05185185185185185 0.41458333333333336 0.028703703703703703 0.409375 0.017592592592592594 0.39427083333333335 0.014814814814814815 0.3927083333333333 0.030555555555555555 0.39895833333333336 0.08055555555555556 0.396875 0.10555555555555556 0.39947916666666666 0.17777777777777778 0.4036458333333333 0.21944444444444444 0.403125 0.25833333333333336 0.4083333333333333 0.33611111111111114 0.4046875 0.35555555555555557 0.396875 0.3685185185185185 0.3885416666666667 0.3731481481481482 0.37395833333333334 0.36944444444444446 0.3625 0.35185185185185186 0.3567708333333333 0.3277777777777778 0.34739583333333335 0.26851851851851855 0.3421875 0.2064814814814815 0.3385416666666667 0.18333333333333332 0.33489583333333334 0.17685185185185184 0.3296875 0.18796296296296297 0.32135416666666666 0.19722222222222222 0.3125 0.20277777777777778 0.3067708333333333 0.20277777777777778 0.2984375 0.19537037037037036 0.28802083333333334 0.1787037037037037 0.2791666666666667 0.15648148148148147 0.26614583333333336 0.11203703703703703 0.25 0.04722222222222222 0.24166666666666667 0.000925925925925926