4 0.5333333333333333 0.44814814814814813 0.5317708333333333 0.46296296296296297 0.5348958333333333 0.47685185185185186 0.5390625 0.4842592592592593 0.5432291666666667 0.48333333333333334 0.5489583333333333 0.5018518518518519 0.5546875 0.5120370370370371 0.5588541666666667 0.5351851851851852 0.5671875 0.5509259259259259 0.615625 0.5509259259259259 0.6494791666666667 0.5592592592592592 0.6817708333333333 0.5574074074074075 0.6984375 0.5666666666666667 0.6994791666666667 0.6055555555555555 0.7036458333333333 0.6185185185185185 0.7057291666666666 0.6398148148148148 0.7125 0.6527777777777778 0.7333333333333333 0.6694444444444444 0.7364583333333333 0.675 0.7484375 0.6805555555555556 0.7666666666666667 0.6962962962962963 0.7708333333333334 0.7027777777777777 0.7927083333333333 0.7185185185185186 0.8005208333333333 0.7212962962962963 0.8046875 0.7175925925925926 0.8083333333333333 0.7055555555555556 0.8197916666666667 0.687037037037037 0.8317708333333333 0.6620370370370371 0.8479166666666667 0.6435185185185185 0.8625 0.6324074074074074 0.8729166666666667 0.6296296296296297 0.8822916666666667 0.6212962962962963 0.9114583333333334 0.6074074074074074 0.9447916666666667 0.5694444444444444 0.9541666666666667 0.5638888888888889 0.975 0.5398148148148149 0.9864583333333333 0.5324074074074074 0.9958333333333333 0.5185185185185185 0.9973958333333334 0.5120370370370371 0.9979166666666667 0.48703703703703705 0.9979166666666667 0.4666666666666667 0.9958333333333333 0.45555555555555555 0.9994791666666667 0.44814814814814813 0.9994791666666667 0.43703703703703706 0.9973958333333334 0.4351851851851852 0.9973958333333334 0.41944444444444445 0.9994791666666667 0.4166666666666667 0.9994791666666667 0.39166666666666666 0.9979166666666667 0.3907407407407407 0.9958333333333333 0.37962962962962965 0.9958333333333333 0.37222222222222223 0.9994791666666667 0.36666666666666664 0.9994791666666667 0.29444444444444445 0.9963541666666667 0.2916666666666667 0.9963541666666667 0.2759259259259259 0.9994791666666667 0.27314814814814814 0.9994791666666667 0.22777777777777777 0.9958333333333333 0.2222222222222222 0.9958333333333333 0.2111111111111111 0.9973958333333334 0.17592592592592593 0.9994791666666667 0.17407407407407408 0.9994791666666667 0.14814814814814814 0.9973958333333334 0.14629629629629629 0.9979166666666667 0.11851851851851852 0.9947916666666666 0.09722222222222222 0.9979166666666667 0.06944444444444445 0.9973958333333334 0.03796296296296296 0.9994791666666667 0.037037037037037035 0.9994791666666667 0.021296296296296296 0.9979166666666667 0.017592592592592594 0.9994791666666667 0.013888888888888888 0.9973958333333334 0.012962962962962963 0.9953125 0.005555555555555556 0.9885416666666667 0.002777777777777778 0.8994791666666667 0.000925925925925926 0.884375 0.004629629629629629 0.6630208333333333 0.004629629629629629 0.6609375 0.012962962962962963 0.6598958333333333 0.06296296296296296 0.6578125 0.0824074074074074 0.659375 0.09074074074074075 0.6578125 0.09351851851851851 0.6567708333333333 0.11018518518518519 0.6572916666666667 0.1712962962962963 0.6552083333333333 0.20555555555555555 0.65625 0.26851851851851855 0.6625 0.3055555555555556 0.6666666666666666 0.3138888888888889 0.6703125 0.3277777777777778 0.6822916666666666 0.3509259259259259 0.7036458333333333 0.3768518518518518 0.7098958333333333 0.38981481481481484 0.7109375 0.3972222222222222 0.7078125 0.4 0.6932291666666667 0.4009259259259259 0.6828125 0.39814814814814814 0.6583333333333333 0.3712962962962963 0.64375 0.36666666666666664 0.6421875 0.36018518518518516 0.6395833333333333 0.3574074074074074 0.6166666666666667 0.3574074074074074 0.6125 0.36203703703703705 0.6125 0.36666666666666664 0.6177083333333333 0.37777777777777777 0.6182291666666667 0.387037037037037 0.6135416666666667 0.39166666666666666 0.6078125 0.40555555555555556 0.6010416666666667 0.4074074074074074 0.5984375 0.41203703703703703 0.5854166666666667 0.4148148148148148 0.5807291666666666 0.4185185185185185 0.5557291666666667 0.4212962962962963 0.5416666666666666 0.4351851851851852 0.5390625 0.4351851851851852 0.5333333333333333 0.44814814814814813
4 0.7973958333333333 0.9777777777777777 0.796875 0.9842592592592593 0.8026041666666667 0.9888888888888889 0.8125 0.987037037037037 0.8135416666666667 0.9842592592592593 0.8083333333333333 0.9824074074074074 0.8067708333333333 0.975925925925926 0.7973958333333333 0.9777777777777777
4 0.8109375 0.9685185185185186 0.8109375 0.9712962962962963 0.8135416666666667 0.9712962962962963 0.8135416666666667 0.9685185185185186 0.8109375 0.9685185185185186
4 0.7432291666666667 0.7888888888888889 0.7328125 0.7888888888888889 0.7328125 0.7925925925925926 0.7421875 0.7935185185185185 0.7432291666666667 0.7888888888888889
4 0.7307291666666667 0.7462962962962963 0.7307291666666667 0.7509259259259259 0.7338541666666667 0.7509259259259259 0.7354166666666667 0.7462962962962963 0.7383682291666667 0.7462962962962963 0.7369791666666666 0.7509259259259259 0.7401041666666667 0.7509259259259259 0.7413192708333334 0.7462962962962963 0.7442708333333333 0.7527777777777778 0.7484375 0.7527777777777778 0.7520833333333333 0.7481481481481481 0.75 0.7416666666666667 0.7442708333333333 0.7462962962962963 0.7307291666666667 0.7462962962962963
4 0.75078125 0.7407407407407407 0.0005208333333333333 0.001851851851851852
4 0.4869791666666667 0.687037037037037 0.4859375 0.6962962962962963 0.496875 0.6990740740740741 0.5057291666666667 0.7055555555555556 0.509375 0.712037037037037 0.5114583333333333 0.7194444444444444 0.5119791666666667 0.7314814814814815 0.5166666666666667 0.7444444444444445 0.51875 0.7574074074074074 0.5244791666666667 0.7638888888888888 0.5270833333333333 0.7777777777777778 0.534375 0.7916666666666666 0.5395833333333333 0.8138888888888889 0.5432291666666667 0.8222222222222222 0.5557291666666667 0.8351851851851851 0.5625 0.8462962962962963 0.5645833333333333 0.8592592592592593 0.5744791666666667 0.8851851851851852 0.5885416666666666 0.8935185185185185 0.6197916666666666 0.8916666666666667 0.6364583333333333 0.8870370370370371 0.6515625 0.8870370370370371 0.6557291666666667 0.8842592592592593 0.6583333333333333 0.8759259259259259 0.6614583333333334 0.8759259259259259 0.6625 0.8731481481481481 0.6630208333333333 0.8564814814814815 0.66875 0.8555555555555555 0.6708333333333333 0.8490740740740741 0.6744791666666666 0.8462962962962963 0.6765625 0.8388888888888889 0.6755208333333333 0.8083333333333333 0.68125 0.8055555555555556 0.6848958333333334 0.8 0.6848958333333334 0.7888888888888889 0.6822916666666666 0.7814814814814814 0.6880208333333333 0.7685185185185185 0.6828125 0.7564814814814815 0.684375 0.7527777777777778 0.6908854166666667 0.7509259259259259 0.6921875 0.7481481481481481 0.69375 0.7509259259259259 0.6942708333333333 0.7453703703703703 0.696875 0.7435185185185185 0.696875 0.7361111111111112 0.6994791666666667 0.725925925925926 0.7026041666666667 0.7277777777777777 0.7098958333333333 0.7231481481481481 0.70625 0.7166666666666667 0.6973958333333333 0.7185185185185186 0.69375 0.712037037037037 0.6770833333333334 0.7101851851851851 0.6692708333333334 0.7138888888888889 0.6630208333333333 0.7101851851851851 0.6541666666666667 0.7101851851851851 0.6473958333333333 0.700925925925926 0.6395833333333333 0.6981481481481482 0.6328125 0.6981481481481482 0.6302083333333334 0.7018518518518518 0.625 0.6935185185185185 0.5817708333333333 0.6805555555555556 0.565625 0.6638888888888889 0.5510416666666667 0.6601851851851852 0.55 0.6574074074074074 0.5453125 0.6574074074074074 0.5411458333333333 0.6527777777777778 0.5291666666666667 0.6481481481481481 0.5208333333333334 0.6481481481481481 0.5109375 0.6601851851851852 0.5 0.6638888888888889 0.49375 0.6694444444444444 0.4869791666666667 0.687037037037037
4 0.5322916666666667 0.44814814814814813 0.5322916666666667 0.47314814814814815 0.5380208333333333 0.48518518518518516 0.5427083333333333 0.48703703703703705 0.5494791666666666 0.5046296296296297 0.5546875 0.5120370370370371 0.5583333333333333 0.5342592592592592 0.5677083333333334 0.5509259259259259 0.6119791666666666 0.5509259259259259 0.6317708333333333 0.5574074074074075 0.6802083333333333 0.5574074074074075 0.6911458333333333 0.562037037037037 0.6994791666666667 0.5694444444444444 0.6994791666666667 0.6092592592592593 0.7052083333333333 0.6407407407407407 0.7119791666666667 0.6527777777777778 0.7291666666666666 0.6666666666666666 0.7354166666666667 0.6759259259259259 0.7552083333333334 0.687037037037037 0.7697916666666667 0.7027777777777777 0.7958333333333333 0.7212962962962963 0.8072916666666666 0.7231481481481481 0.8109375 0.7444444444444445 0.8104166666666667 0.762962962962963 0.8072916666666666 0.7777777777777778 0.8088541666666667 0.8296296296296296 0.8026041666666667 0.8601851851851852 0.8005208333333333 0.887962962962963 0.8052083333333333 0.899074074074074 0.8041666666666667 0.9481481481481482 0.8098958333333334 0.9546296296296296 0.8104166666666667 0.9601851851851851 0.8166666666666667 0.9601851851851851 0.81875 0.9444444444444444 0.8270833333333333 0.9388888888888889 0.8328125 0.9435185185185185 0.8375 0.9527777777777777 0.8453125 0.9592592592592593 0.8661458333333333 0.9638888888888889 0.86875 0.9666666666666667 0.8770833333333333 0.9666666666666667 0.8802083333333334 0.9685185185185186 0.8901041666666667 0.9851851851851852 0.9041666666666667 0.9851851851851852 0.9041666666666667 0.9935185185185185 0.9046875 0.9907407407407407 0.9125 0.9944444444444445 0.9552083333333333 0.9916666666666667 0.9942708333333333 0.9935185185185185 0.9958333333333333 0.987037037037037 0.9953125 0.9666666666666667 0.9927083333333333 0.9518518518518518 0.99375 0.9481481481481482 0.9911458333333333 0.9462962962962963 0.9911458333333333 0.9407407407407408 0.99375 0.9388888888888889 0.9958333333333333 0.925 0.9942708333333333 0.8935185185185185 0.9765625 0.8935185185185185 0.9739583333333334 0.8870370370370371 0.975 0.8731481481481481 0.9734375 0.8685185185185185 0.9682291666666667 0.8657407407407407 0.9671875 0.8574074074074074 0.9791666666666666 0.8555555555555555 0.9822916666666667 0.850925925925926 0.9932291666666667 0.8555555555555555 0.9958333333333333 0.85 0.9953125 0.7898148148148149 0.9973958333333334 0.7546296296296297 0.9953125 0.7407407407407407 0.9953125 0.7194444444444444 0.9958333333333333 0.6833333333333333 0.9973958333333334 0.675 0.9953125 0.6564814814814814 0.9953125 0.6361111111111111 0.9973958333333334 0.6259259259259259 0.9958333333333333 0.6175925925925926 0.9973958333333334 0.6101851851851852 0.9942708333333333 0.5879629629629629 0.9942708333333333 0.5314814814814814 0.9973958333333334 0.5148148148148148 0.9973958333333334 0.4703703703703704 0.9994791666666667 0.4685185185185185 0.9994791666666667 0.4648148148148148 0.9958333333333333 0.45925925925925926 0.9958333333333333 0.45555555555555555 0.9994791666666667 0.45092592592592595 0.9994791666666667 0.4324074074074074 0.9979166666666667 0.43148148148148147 0.9973958333333334 0.425 0.9979166666666667 0.41759259259259257 0.9994791666666667 0.4166666666666667 0.9994791666666667 0.387037037037037 0.9963541666666667 0.38055555555555554 0.9963541666666667 0.37222222222222223 0.9994791666666667 0.3685185185185185 0.9994791666666667 0.2935185185185185 0.9973958333333334 0.29259259259259257 0.9963541666666667 0.2814814814814815 0.9963541666666667 0.275 0.9994791666666667 0.27314814814814814 0.9994791666666667 0.22592592592592592 0.9963541666666667 0.2222222222222222 0.9973958333333334 0.19074074074074074 0.9994791666666667 0.18888888888888888 0.9973958333333334 0.18518518518518517 0.9973958333333334 0.1814814814814815 0.9994791666666667 0.17962962962962964 0.9994791666666667 0.12962962962962962 0.9973958333333334 0.12685185185185185 0.9994791666666667 0.12314814814814815 0.9994791666666667 0.11203703703703703 0.9973958333333334 0.1111111111111111 0.9973958333333334 0.10555555555555556 0.9953125 0.10185185185185185 0.9963541666666667 0.0787037037037037 0.9994791666666667 0.0712962962962963 0.9994791666666667 0.06018518518518518 0.9973958333333334 0.05648148148148148 0.9979166666666667 0.04722222222222222 0.9994791666666667 0.046296296296296294 0.9994791666666667 0.041666666666666664 0.9973958333333334 0.03888888888888889 0.9994791666666667 0.037037037037037035 0.9994791666666667 0.010185185185185186 0.996875 0.006481481481481481 0.9890625 0.002777777777777778 0.915625 0.000925925925925926 0.8963541666666667 0.000925925925925926 0.8802083333333334 0.004629629629629629 0.846875 0.000925925925925926 0.8036458333333333 0.004629629629629629 0.6630208333333333 0.002777777777777778 0.6609375 0.010185185185185186 0.6598958333333333 0.05 0.6583333333333333 0.05555555555555555 0.659375 0.07314814814814814 0.6572916666666667 0.08333333333333333 0.6583333333333333 0.09074074074074075 0.6567708333333333 0.10648148148148148 0.6567708333333333 0.17592592592592593 0.6546875 0.22592592592592592 0.65625 0.26851851851851855 0.6630208333333333 0.3074074074074074 0.6661458333333333 0.31203703703703706 0.6708333333333333 0.3277777777777778 0.6885416666666667 0.3592592592592593 0.6973958333333333 0.36666666666666664 0.7104166666666667 0.38981481481481484 0.7104166666666667 0.3962962962962963 0.7052083333333333 0.4 0.6927083333333334 0.4009259259259259 0.6833333333333333 0.39814814814814814 0.6697916666666667 0.38425925925925924 0.659375 0.3648148148148148 0.65 0.36203703703703705 0.6489583333333333 0.3574074074074074 0.6395833333333333 0.35462962962962963 0.6140625 0.3574074074074074 0.6119791666666666 0.3611111111111111 0.6135416666666667 0.387037037037037 0.6109375 0.3962962962962963 0.603125 0.4074074074074074 0.59375 0.41388888888888886 0.5567708333333333 0.41944444444444445 0.5447916666666667 0.42777777777777776 0.5375 0.43703703703703706 0.5322916666666667 0.44814814814814813
4 0.36354166666666665 0.26481481481481484 0.3609375 0.26851851851851855 0.3625 0.2712962962962963 0.36666666666666664 0.2712962962962963 0.36666666666666664 0.26481481481481484 0.36354166666666665 0.26481481481481484
4 0.34791666666666665 0.2388888888888889 0.3463541666666667 0.23981481481481481 0.34739583333333335 0.24351851851851852 0.35208333333333336 0.24351851851851852 0.3515625 0.23703703703703705 0.34791666666666665 0.2388888888888889
4 0.0015625 0.005555555555555556 0 0.010185185185185186 0.0015625 0.018518518518518517 0 0.019444444444444445 0 0.04351851851851852 0.0015625 0.044444444444444446 0.0015625 0.15092592592592594 0.003125 0.16111111111111112 0.0010416666666666667 0.1935185185185185 0.0036458333333333334 0.2351851851851852 0.0020833333333333333 0.2462962962962963 0.003125 0.2611111111111111 0.0015625 0.2851851851851852 0.0020833333333333333 0.35462962962962963 0.0015625 0.3638888888888889 0 0.3648148148148148 0 0.3851851851851852 0.0015625 0.38796296296296295 0.0036458333333333334 0.425 0.0020833333333333333 0.43425925925925923 0.003125 0.45555555555555555 0.0015625 0.4722222222222222 0 0.47314814814814815 0 0.4824074074074074 0.0015625 0.48333333333333334 0 0.48703703703703705 0 0.5305555555555556 0.0015625 0.5324074074074074 0.0015625 0.5462962962962963 0.0036458333333333334 0.5592592592592592 0.0015625 0.5805555555555556 0.0015625 0.6268518518518519 0 0.6305555555555555 0.0020833333333333333 0.6620370370370371 0.0015625 0.7231481481481481 0 0.725925925925926 0.0015625 0.7305555555555555 0 0.737037037037037 0.0015625 0.7388888888888889 0.0015625 0.7527777777777778 0 0.7555555555555555 0.0015625 0.7592592592592593 0.0020833333333333333 0.7777777777777778 0.0020833333333333333 0.8546296296296296 0.0015625 0.8629629629629629 0 0.8638888888888889 0.0015625 0.8685185185185185 0.0015625 0.9046296296296297 0 0.9101851851851852 0 0.9324074074074075 0.0015625 0.9351851851851852 0.0020833333333333333 0.9481481481481482 0.0046875 0.9546296296296296 0.003125 0.9685185185185186 0.0046875 0.9898148148148148 0.009375 0.9888888888888889 0.013020833333333334 0.9935185185185185 0.0359375 0.9935185185185185 0.0375 0.9898148148148148 0.05 0.9842592592592593 0.05260416666666667 0.9768518518518519 0.0625 0.9657407407407408 0.08125 0.9259259259259259 0.084375 0.925 0.08697916666666666 0.9138888888888889 0.09322916666666667 0.9027777777777778 0.1078125 0.8666666666666667 0.11822916666666666 0.8481481481481481 0.12083333333333333 0.837037037037037 0.13072916666666667 0.8194444444444444 0.13697916666666668 0.8138888888888889 0.14427083333333332 0.8009259259259259 0.146875 0.8009259259259259 0.1515625 0.7916666666666666 0.15416666666666667 0.7916666666666666 0.15729166666666666 0.7851851851851852 0.16145833333333334 0.7824074074074074 0.16458333333333333 0.774074074074074 0.16770833333333332 0.7731481481481481 0.1703125 0.7583333333333333 0.1828125 0.7351851851851852 0.1921875 0.7277777777777777 0.20104166666666667 0.7138888888888889 0.20572916666666666 0.7101851851851851 0.20625 0.7046296296296296 0.21197916666666666 0.7027777777777777 0.21458333333333332 0.6935185185185185 0.21770833333333334 0.6935185185185185 0.22135416666666666 0.6888888888888889 0.2234375 0.6851851851851852 0.21927083333333333 0.6796296296296296 0.21979166666666666 0.6731481481481482 0.23072916666666668 0.6731481481481482 0.23125 0.6675925925925926 0.234375 0.6638888888888889 0.234375 0.6574074074074074 0.21927083333333333 0.6546296296296297 0.21875 0.6472222222222223 0.23072916666666668 0.6481481481481481 0.23072916666666668 0.6388888888888888 0.2421875 0.6324074074074074 0.2557291666666667 0.6037037037037037 0.2578125 0.6027777777777777 0.2578125 0.5925925925925926 0.26510416666666664 0.5712962962962963 0.26458333333333334 0.5648148148148148 0.26666666666666666 0.5555555555555556 0.26614583333333336 0.5435185185185185 0.2640625 0.5361111111111111 0.26875 0.5231481481481481 0.27291666666666664 0.5231481481481481 0.3 0.5027777777777778 0.3078125 0.5055555555555555 0.31302083333333336 0.5138888888888888 0.3203125 0.5138888888888888 0.3229166666666667 0.5166666666666667 0.334375 0.5185185185185185 0.3390625 0.5231481481481481 0.3640625 0.5305555555555556 0.3859375 0.55 0.38958333333333334 0.5601851851851852 0.3921875 0.5601851851851852 0.39739583333333334 0.5666666666666667 0.4125 0.5731481481481482 0.44895833333333335 0.5777777777777777 0.4979166666666667 0.5638888888888889 0.5109375 0.5546296296296296 0.5166666666666667 0.5398148148148149 0.5171875 0.5120370370370371 0.5192708333333333 0.5083333333333333 0.5223958333333333 0.49074074074074076 0.525 0.48703703703703705 0.5234375 0.4638888888888889 0.51875 0.44074074074074077 0.51875 0.43148148148148147 0.5229166666666667 0.42777777777777776 0.5223958333333333 0.41944444444444445 0.5244791666666667 0.41203703703703703 0.528125 0.412962962962963 0.5302083333333333 0.4185185185185185 0.534375 0.4185185185185185 0.5380208333333333 0.4101851851851852 0.5421875 0.40925925925925927 0.5619791666666667 0.41203703703703703 0.5864583333333333 0.40925925925925927 0.5989583333333334 0.4046296296296296 0.60625 0.39537037037037037 0.609375 0.3851851851851852 0.609375 0.3712962962962963 0.6057291666666667 0.3638888888888889 0.6057291666666667 0.36018518518518516 0.5973958333333333 0.3509259259259259 0.5838541666666667 0.34814814814814815 0.5796875 0.34444444444444444 0.5588541666666667 0.3435185185185185 0.5192708333333333 0.32592592592592595 0.5119791666666667 0.31851851851851853 0.5119791666666667 0.2962962962962963 0.5140625 0.2851851851851852 0.5182291666666666 0.27870370370370373 0.5265625 0.28055555555555556 0.5270833333333333 0.28888888888888886 0.53125 0.2935185185185185 0.5385416666666667 0.2935185185185185 0.5432291666666667 0.28888888888888886 0.5458333333333333 0.2824074074074074 0.55 0.2824074074074074 0.5546875 0.262037037037037 0.5536458333333333 0.25092592592592594 0.5520833333333334 0.2490740740740741 0.5515625 0.23055555555555557 0.5541666666666667 0.22962962962962963 0.5567708333333333 0.2351851851851852 0.5572916666666666 0.22592592592592592 0.5625 0.22314814814814815 0.5572916666666666 0.21574074074074073 0.5588541666666667 0.2111111111111111 0.5635416666666667 0.2101851851851852 0.5640625 0.20185185185185187 0.5677083333333334 0.19444444444444445 0.5671875 0.17407407407407408 0.5619791666666667 0.16203703703703703 0.5588541666666667 0.16018518518518518 0.5432291666666667 0.1361111111111111 0.5432291666666667 0.13240740740740742 0.5322916666666667 0.11018518518518519 0.5208333333333334 0.09814814814814815 0.5104166666666666 0.07777777777777778 0.5046875 0.07592592592592592 0.5036458333333333 0.07314814814814814 0.5052083333333334 0.06944444444444445 0.5 0.06388888888888888 0.496875 0.05555555555555555 0.49322916666666666 0.05462962962962963 0.484375 0.041666666666666664 0.4786458333333333 0.046296296296296294 0.4791666666666667 0.03518518518518519 0.4703125 0.018518518518518517 0.46979166666666666 0.010185185185185186 0.46770833333333334 0.008333333333333333 0.46927083333333336 0.004629629629629629 0.45364583333333336 0.009259259259259259 0.4473958333333333 0.005555555555555556 0.3776041666666667 0.004629629629629629 0.37604166666666666 0.009259259259259259 0.3729166666666667 0.005555555555555556 0.37135416666666665 0.012962962962962963 0.3697916666666667 0.012037037037037037 0.371875 0.014814814814814815 0.37083333333333335 0.016666666666666666 0.3625 0.014814814814814815 0.3614583333333333 0.018518518518518517 0.36614583333333334 0.06666666666666667 0.3640625 0.07222222222222222 0.3609375 0.10555555555555556 0.3578125 0.11203703703703703 0.3541666666666667 0.13703703703703704 0.3515625 0.1425925925925926 0.3484375 0.16296296296296298 0.3484375 0.17777777777777778 0.3458333333333333 0.1824074074074074 0.34739583333333335 0.18703703703703703 0.3536458333333333 0.19166666666666668 0.35208333333333336 0.19444444444444445 0.353125 0.19814814814814816 0.3489583333333333 0.20185185185185187 0.3489583333333333 0.2101851851851852 0.3416666666666667 0.21203703703703702 0.3411458333333333 0.21574074074074073 0.3416666666666667 0.22592592592592592 0.3484375 0.22592592592592592 0.3515625 0.23055555555555557 0.3515625 0.2351851851851852 0.35208333333333336 0.22962962962962963 0.35520833333333335 0.22777777777777777 0.36041666666666666 0.2388888888888889 0.35833333333333334 0.24351851851851852 0.3609375 0.2462962962962963 0.3572916666666667 0.25092592592592594 0.35625 0.262037037037037 0.35104166666666664 0.25925925925925924 0.34479166666666666 0.262037037037037 0.3260416666666667 0.262037037037037 0.3255208333333333 0.25462962962962965 0.31979166666666664 0.24351851851851852 0.30833333333333335 0.23333333333333334 0.3104166666666667 0.22592592592592592 0.3078125 0.21296296296296297 0.30520833333333336 0.1638888888888889 0.2984375 0.12962962962962962 0.29791666666666666 0.11851851851851852 0.28958333333333336 0.09814814814814815 0.2864583333333333 0.08055555555555556 0.28125 0.06481481481481481 0.27708333333333335 0.03611111111111111 0.2760416666666667 0.012037037037037037 0.27239583333333334 0.004629629629629629 0.0036458333333333334 0.002777777777777778 0.0015625 0.005555555555555556
1 0.8697916666666666 0.7611111111111111 0.8666666666666667 0.7870370370370371 0.8609375 0.8055555555555556 0.8552083333333333 0.8166666666666667 0.8557291666666667 0.8324074074074074 0.8625 0.8490740740740741 0.8661458333333333 0.8527777777777777 0.8828125 0.8546296296296296 0.8864583333333333 0.850925925925926 0.8880208333333334 0.8444444444444444 0.8848958333333333 0.8407407407407408 0.8864583333333333 0.8305555555555556 0.88125 0.825925925925926 0.8833333333333333 0.8194444444444444 0.8822916666666667 0.8101851851851852 0.8880208333333334 0.8009259259259259 0.8927083333333333 0.8 0.8979166666666667 0.7935185185185185 0.9 0.7666666666666667 0.9182291666666667 0.7601851851851852 0.9260416666666667 0.7527777777777778 0.9364583333333333 0.7481481481481481 0.9671875 0.7416666666666667 0.9708333333333333 0.7351851851851852 0.9697916666666667 0.7074074074074074 0.9677083333333333 0.6981481481481482 0.959375 0.6888888888888889 0.9536458333333333 0.6851851851851852 0.94375 0.687037037037037 0.9359375 0.6981481481481482 0.9338541666666667 0.6981481481481482 0.9286458333333333 0.7092592592592593 0.9104166666666667 0.712037037037037 0.8994791666666667 0.7231481481481481 0.8984375 0.7462962962962963 0.896875 0.75 0.8869791666666667 0.7398148148148148 0.8802083333333334 0.7398148148148148 0.8755208333333333 0.7444444444444445 0.8697916666666666 0.7611111111111111
1 0.4453125 0.6138888888888889 0.4453125 0.6314814814814815 0.4505208333333333 0.6416666666666667 0.4625 0.6388888888888888 0.4734375 0.6296296296296297 0.49114583333333334 0.600925925925926 0.5234375 0.6138888888888889 0.5484375 0.6138888888888889 0.5505208333333333 0.6166666666666667 0.5614583333333333 0.6185185185185185 0.5895833333333333 0.6370370370370371 0.5984375 0.6398148148148148 0.609375 0.6527777777777778 0.6541666666666667 0.6527777777777778 0.6625 0.6388888888888888 0.6625 0.6351851851851852 0.6604166666666667 0.6333333333333333 0.6614583333333334 0.6296296296296297 0.6583333333333333 0.625 0.659375 0.6231481481481481 0.6541666666666667 0.6055555555555555 0.6546875 0.5666666666666667 0.6515625 0.5638888888888889 0.6322916666666667 0.562037037037037 0.6192708333333333 0.5574074074074075 0.5703125 0.5592592592592592 0.5640625 0.5527777777777778 0.5578125 0.5398148148148149 0.5546875 0.5231481481481481 0.55 0.5120370370370371 0.54375 0.5055555555555555 0.5375 0.5055555555555555 0.5296875 0.5 0.5270833333333333 0.5009259259259259 0.5291666666666667 0.5074074074074074 0.525 0.5138888888888888 0.5234375 0.5416666666666666 0.5197916666666667 0.5462962962962963 0.5171875 0.5546296296296296 0.5067708333333333 0.5638888888888889 0.4921875 0.5712962962962963 0.45729166666666665 0.5805555555555556 0.45364583333333336 0.5851851851851851 0.4557291666666667 0.5907407407407408 0.4515625 0.5962962962962963 0.4453125 0.6138888888888889
3 0.3302083333333333 0.3 0.33229166666666665 0.375 0.3307291666666667 0.387037037037037 0.32760416666666664 0.39166666666666666 0.31979166666666664 0.41944444444444445 0.3177083333333333 0.43703703703703706 0.3182291666666667 0.4648148148148148 0.3072916666666667 0.4898148148148148 0.3067708333333333 0.5 0.3104166666666667 0.5009259259259259 0.31302083333333336 0.5074074074074074 0.3171875 0.5027777777777778 0.31979166666666664 0.5120370370370371 0.32395833333333335 0.5101851851851852 0.325 0.5138888888888888 0.3307291666666667 0.5185185185185185 0.3375 0.5185185185185185 0.34791666666666665 0.5259259259259259 0.35520833333333335 0.5259259259259259 0.36822916666666666 0.5324074074074074 0.37552083333333336 0.5435185185185185 0.38125 0.5462962962962963 0.38697916666666665 0.5574074074074075 0.3963541666666667 0.5685185185185185 0.4119791666666667 0.575925925925926 0.43854166666666666 0.5796296296296296 0.46041666666666664 0.5777777777777777 0.49270833333333336 0.5685185185185185 0.4953125 0.5648148148148148 0.5114583333333333 0.5574074074074075 0.5166666666666667 0.5462962962962963 0.5182291666666666 0.5314814814814814 0.5223958333333333 0.5296296296296297 0.5239583333333333 0.5259259259259259 0.5213541666666667 0.5212962962962963 0.5255208333333333 0.5074074074074074 0.5244791666666667 0.49722222222222223 0.5260416666666666 0.4842592592592593 0.5203125 0.44537037037037036 0.5208333333333334 0.42777777777777776 0.5182291666666666 0.425 0.5166666666666667 0.41388888888888886 0.51875 0.40925925925925927 0.5229166666666667 0.4074074074074074 0.525 0.4009259259259259 0.528125 0.4009259259259259 0.5427083333333333 0.40555555555555556 0.5458333333333333 0.4101851851851852 0.5520833333333334 0.41203703703703703 0.5817708333333333 0.41203703703703703 0.6 0.40555555555555556 0.6067708333333334 0.3962962962962963 0.6114583333333333 0.38055555555555554 0.6114583333333333 0.3731481481481482 0.60625 0.3574074074074074 0.5984375 0.3509259259259259 0.5807291666666666 0.34444444444444444 0.5557291666666667 0.3416666666666667 0.5223958333333333 0.32592592592592595 0.5140625 0.3194444444444444 0.4973958333333333 0.3138888888888889 0.48072916666666665 0.3101851851851852 0.43802083333333336 0.31203703703703706 0.41041666666666665 0.33055555555555555 0.403125 0.33240740740740743 0.39739583333333334 0.3277777777777778 0.3828125 0.32592592592592595 0.3807291666666667 0.32314814814814813 0.3546875 0.31666666666666665 0.3421875 0.30925925925925923 0.33541666666666664 0.30092592592592593 0.3302083333333333 0.3
3 0.8098958333333334 0.725925925925926 0.8109375 0.737037037037037 0.8072916666666666 0.7703703703703704 0.8067708333333333 0.8212962962962963 0.8015625 0.8601851851851852 0.8010416666666667 0.8759259259259259 0.8036458333333333 0.8935185185185185 0.8026041666666667 0.9296296296296296 0.8046875 0.9388888888888889 0.8020833333333334 0.9416666666666667 0.8020833333333334 0.950925925925926 0.7994791666666666 0.9546296296296296 0.7989583333333333 0.9638888888888889 0.79375 0.9722222222222222 0.7947916666666667 0.9777777777777777 0.7927083333333333 0.9851851851851852 0.7958333333333333 0.9916666666666667 0.8067708333333333 0.9935185185185185 0.8130208333333333 0.9898148148148148 0.8203125 0.9490740740740741 0.8244791666666667 0.9435185185185185 0.8302083333333333 0.9462962962962963 0.8416666666666667 0.962037037037037 0.8786458333333333 0.9685185185185186 0.8927083333333333 0.9916666666666667 0.8979166666666667 0.9888888888888889 0.9010416666666666 0.9935185185185185 0.9119791666666667 0.9962962962962963 0.9958333333333333 0.9935185185185185 0.9973958333333334 0.9851851851851852 0.9973958333333334 0.9648148148148148 0.99375 0.9444444444444444 0.9963541666666667 0.9305555555555556 0.9963541666666667 0.8824074074074074 0.9979166666666667 0.8740740740740741 0.9994791666666667 0.8731481481481481 0.9958333333333333 0.8611111111111112 0.9973958333333334 0.7851851851851852 0.9994791666666667 0.7824074074074074 0.9994791666666667 0.7731481481481481 0.9973958333333334 0.7722222222222223 0.9994791666666667 0.7685185185185185 0.9973958333333334 0.7657407407407407 0.9979166666666667 0.7583333333333333 0.9994791666666667 0.7574074074074074 0.9973958333333334 0.7555555555555555 0.9958333333333333 0.7407407407407407 0.9973958333333334 0.7 0.9994791666666667 0.6981481481481482 0.9994791666666667 0.6712962962962963 0.9973958333333334 0.6703703703703704 0.9963541666666667 0.6648148148148149 0.9979166666666667 0.6564814814814814 0.9994791666666667 0.6555555555555556 0.9994791666666667 0.6398148148148148 0.9973958333333334 0.6361111111111111 0.9994791666666667 0.6324074074074074 0.9994791666666667 0.6212962962962963 0.9973958333333334 0.6203703703703703 0.9973958333333334 0.6138888888888889 0.9994791666666667 0.612037037037037 0.996875 0.6018518518518519 0.9994791666666667 0.5981481481481481 0.9994791666666667 0.587037037037037 0.9973958333333334 0.5851851851851851 0.9963541666666667 0.5768518518518518 0.9973958333333334 0.5666666666666667 0.9942708333333333 0.5324074074074074 0.9885416666666667 0.5388888888888889 0.98125 0.5416666666666666 0.9604166666666667 0.5638888888888889 0.9458333333333333 0.5740740740740741 0.9234375 0.600925925925926 0.9208333333333333 0.600925925925926 0.9098958333333333 0.612037037037037 0.8630208333333333 0.6370370370370371 0.8505208333333333 0.6462962962962963 0.8296875 0.6731481481481482 0.8130208333333333 0.7083333333333334 0.8098958333333334 0.725925925925926
3 0.53125 0.44814814814814813 0.5317708333333333 0.4777777777777778 0.5359375 0.4842592592592593 0.5432291666666667 0.48703703703703705 0.5453125 0.49722222222222223 0.5546875 0.5166666666666667 0.5588541666666667 0.5388888888888889 0.5630208333333333 0.5481481481481482 0.5697916666666667 0.5546296296296296 0.615625 0.5527777777777778 0.6421875 0.5601851851851852 0.6802083333333333 0.5574074074074075 0.6911458333333333 0.5638888888888889 0.6984375 0.5648148148148148 0.7020833333333333 0.5416666666666666 0.6994791666666667 0.5138888888888888 0.696875 0.5092592592592593 0.6958333333333333 0.5018518518518519 0.6953125 0.4740740740740741 0.7005208333333334 0.4398148148148148 0.7036458333333333 0.43425925925925923 0.7067708333333333 0.4212962962962963 0.7104166666666667 0.41574074074074074 0.7130208333333333 0.4027777777777778 0.690625 0.4 0.6828125 0.3962962962962963 0.6697916666666667 0.3787037037037037 0.6630208333333333 0.3648148148148148 0.6557291666666667 0.35555555555555557 0.6505208333333333 0.3527777777777778 0.6182291666666667 0.35555555555555557 0.6119791666666666 0.3574074074074074 0.6109375 0.36018518518518516 0.6135416666666667 0.3861111111111111 0.6104166666666667 0.3962962962962963 0.6046875 0.40555555555555556 0.5994791666666667 0.4101851851851852 0.5875 0.41388888888888886 0.5557291666666667 0.4185185185185185 0.5385416666666667 0.4324074074074074 0.53125 0.44814814814814813
3 0.47604166666666664 0.7351851851851852 0.47291666666666665 0.7824074074074074 0.4817708333333333 0.7962962962962963 0.48072916666666665 0.8046296296296296 0.4822916666666667 0.8101851851851852 0.49322916666666666 0.8138888888888889 0.49322916666666666 0.8074074074074075 0.4984375 0.8101851851851852 0.5046875 0.8092592592592592 0.5098958333333333 0.7898148148148149 0.5083333333333333 0.7824074074074074 0.5135416666666667 0.7712962962962963 0.5130208333333334 0.7638888888888888 0.5182291666666666 0.7620370370370371 0.5192708333333333 0.7703703703703704 0.5244791666666667 0.7759259259259259 0.5270833333333333 0.787962962962963 0.5307291666666667 0.7916666666666666 0.5432291666666667 0.8305555555555556 0.5489583333333333 0.837037037037037 0.5541666666666667 0.8388888888888889 0.5609375 0.8527777777777777 0.5635416666666667 0.8685185185185185 0.5625 0.8731481481481481 0.5776041666666667 0.8962962962962963 0.5822916666666667 0.8981481481481481 0.6567708333333333 0.8888888888888888 0.6604166666666667 0.8870370370370371 0.6666666666666666 0.8777777777777778 0.6755208333333333 0.875 0.6921875 0.8759259259259259 0.7015625 0.8870370370370371 0.7359375 0.8888888888888888 0.74375 0.8870370370370371 0.7567708333333333 0.8759259259259259 0.7666666666666667 0.8731481481481481 0.7697916666666667 0.8694444444444445 0.7791666666666667 0.8685185185185185 0.7822916666666667 0.8648148148148148 0.7875 0.8638888888888889 0.7947916666666667 0.8555555555555555 0.7979166666666667 0.8435185185185186 0.7979166666666667 0.837037037037037 0.8 0.8342592592592593 0.8005208333333333 0.8111111111111111 0.8020833333333334 0.8055555555555556 0.8010416666666667 0.7981481481481482 0.8036458333333333 0.7944444444444444 0.8015625 0.7870370370370371 0.8015625 0.7787037037037037 0.8036458333333333 0.7759259259259259 0.8057291666666667 0.75 0.8036458333333333 0.7351851851851852 0.7776041666666667 0.7166666666666667 0.7635416666666667 0.7027777777777777 0.7614583333333333 0.6981481481481482 0.7583333333333333 0.6981481481481482 0.7473958333333334 0.6888888888888889 0.7255208333333333 0.6888888888888889 0.7026041666666667 0.7046296296296296 0.6942708333333333 0.7055555555555556 0.6890625 0.6981481481481482 0.6869791666666667 0.6898148148148148 0.6791666666666667 0.6824074074074075 0.6729166666666667 0.6824074074074075 0.6661458333333333 0.6712962962962963 0.6625 0.6712962962962963 0.6609375 0.6787037037037037 0.6583333333333333 0.6731481481481482 0.6609375 0.6796296296296296 0.6572916666666667 0.6824074074074075 0.6385416666666667 0.6851851851851852 0.5979166666666667 0.6824074074074075 0.5895833333333333 0.6796296296296296 0.5723958333333333 0.6666666666666666 0.5588541666666667 0.6620370370370371 0.5473958333333333 0.6527777777777778 0.5255208333333333 0.6444444444444445 0.5203125 0.6462962962962963 0.5145833333333333 0.6555555555555556 0.49375 0.6666666666666666 0.4890625 0.674074074074074 0.4828125 0.6925925925925925 0.4828125 0.6981481481481482 0.48489583333333336 0.700925925925926 0.4947916666666667 0.7027777777777777 0.5046875 0.7101851851851851 0.509375 0.7185185185185186 0.509375 0.725925925925926 0.4828125 0.725925925925926 0.47604166666666664 0.7351851851851852
3 0.3380208333333333 0.20555555555555555 0.3385416666666667 0.24351851851851852 0.340625 0.25 0.34427083333333336 0.2972222222222222 0.3515625 0.3101851851851852 0.36770833333333336 0.31666666666666665 0.3765625 0.31666666666666665 0.37916666666666665 0.3138888888888889 0.38229166666666664 0.2759259259259259 0.3859375 0.2601851851851852 0.3958333333333333 0.2462962962962963 0.40729166666666666 0.2462962962962963 0.41822916666666665 0.2574074074074074 0.42239583333333336 0.26481481481481484 0.43125 0.2824074074074074 0.43854166666666666 0.3074074074074074 0.4822916666666667 0.3074074074074074 0.5005208333333333 0.3138888888888889 0.5119791666666667 0.3148148148148148 0.5151041666666667 0.2916666666666667 0.5182291666666666 0.3 0.53125 0.30092592592592593 0.5432291666666667 0.2962962962962963 0.5447916666666667 0.2916666666666667 0.55 0.28703703703703703 0.5557291666666667 0.26944444444444443 0.5546875 0.2462962962962963 0.5614583333333333 0.23703703703703705 0.565625 0.22314814814814815 0.56875 0.19814814814814816 0.56875 0.17777777777777778 0.5666666666666667 0.1685185185185185 0.5427083333333333 0.12962962962962962 0.5359375 0.11296296296296296 0.5244791666666667 0.09814814814814815 0.5072916666666667 0.06851851851851852 0.4901041666666667 0.046296296296296294 0.4875 0.03981481481481482 0.48072916666666665 0.03425925925925926 0.4713541666666667 0.018518518518518517 0.46979166666666666 0.010185185185185186 0.4661458333333333 0.012037037037037037 0.4635416666666667 0.010185185185185186 0.46197916666666666 0.004629629629629629 0.446875 0.002777777777777778 0.3890625 0.002777777777777778 0.38177083333333334 0.004629629629629629 0.3802083333333333 0.008333333333333333 0.37864583333333335 0.004629629629629629 0.37552083333333336 0.004629629629629629 0.37604166666666666 0.009259259259259259 0.37083333333333335 0.013888888888888888 0.37083333333333335 0.025 0.3671875 0.03148148148148148 0.3625 0.032407407407407406 0.3645833333333333 0.05925925925925926 0.3625 0.08425925925925926 0.3572916666666667 0.10277777777777777 0.35572916666666665 0.11666666666666667 0.35 0.13333333333333333 0.3380208333333333 0.20555555555555555
0 0.6359375 0.6759259259259259 0.6348958333333333 0.6777777777777778 0.6369791666666667 0.6796296296296296 0.6380208333333334 0.6777777777777778 0.6359375 0.6759259259259259
0 0.240625 0.6944444444444444 0.24270833333333333 0.7027777777777777 0.23958333333333334 0.7055555555555556 0.23802083333333332 0.712037037037037 0.23802083333333332 0.725925925925926 0.240625 0.7324074074074074 0.2598958333333333 0.7305555555555555 0.27708333333333335 0.7148148148148148 0.3078125 0.700925925925926 0.3932291666666667 0.6981481481481482 0.4171875 0.7055555555555556 0.44375 0.7055555555555556 0.4473958333333333 0.7027777777777777 0.4765625 0.6981481481481482 0.4796875 0.6944444444444444 0.4828125 0.6787037037037037 0.4875 0.6712962962962963 0.4890625 0.6648148148148149 0.4973958333333333 0.6574074074074074 0.5005208333333333 0.6574074074074074 0.5041666666666667 0.6481481481481481 0.5104166666666666 0.6398148148148148 0.5302083333333333 0.6370370370370371 0.5364583333333334 0.6388888888888888 0.5390625 0.6435185185185185 0.5489583333333333 0.6462962962962963 0.5510416666666667 0.6509259259259259 0.5619791666666667 0.6527777777777778 0.56875 0.6601851851851852 0.5796875 0.6601851851851852 0.58125 0.6685185185185185 0.5869791666666667 0.6712962962962963 0.596875 0.6694444444444444 0.6010416666666667 0.6759259259259259 0.6104166666666667 0.6694444444444444 0.6260416666666667 0.6712962962962963 0.6520833333333333 0.6666666666666666 0.6744791666666666 0.6694444444444444 0.6864583333333333 0.6805555555555556 0.6921875 0.6981481481481482 0.7020833333333333 0.6981481481481482 0.7098958333333333 0.6935185185185185 0.7130208333333333 0.6888888888888889 0.7161458333333334 0.6888888888888889 0.7234375 0.6777777777777778 0.7182291666666667 0.6666666666666666 0.7078125 0.6574074074074074 0.6994791666666667 0.6416666666666667 0.69375 0.6046296296296296 0.6953125 0.575925925925926 0.6911458333333333 0.5694444444444444 0.675 0.5638888888888889 0.6661458333333333 0.5666666666666667 0.6296875 0.5666666666666667 0.6197916666666666 0.562037037037037 0.5708333333333333 0.5638888888888889 0.5588541666666667 0.5509259259259259 0.5536458333333333 0.5324074074074074 0.55 0.5277777777777778 0.55 0.524074074074074 0.540625 0.5101851851851852 0.5322916666666667 0.5101851851851852 0.5286458333333334 0.5175925925925926 0.5286458333333334 0.5361111111111111 0.5255208333333333 0.55 0.5177083333333333 0.5592592592592592 0.5088541666666667 0.5666666666666667 0.5020833333333333 0.5666666666666667 0.4973958333333333 0.5731481481481482 0.49322916666666666 0.5731481481481482 0.49166666666666664 0.5777777777777777 0.48802083333333335 0.5796296296296296 0.46875 0.5805555555555556 0.46510416666666665 0.5851851851851851 0.4546875 0.587037037037037 0.40729166666666666 0.5805555555555556 0.3953125 0.575925925925926 0.38125 0.5592592592592592 0.37864583333333335 0.5527777777777778 0.3723958333333333 0.5462962962962963 0.3651041666666667 0.5435185185185185 0.35989583333333336 0.5370370370370371 0.3453125 0.5342592592592592 0.33489583333333334 0.5277777777777778 0.33125 0.5296296296296297 0.3177083333333333 0.5212962962962963 0.3109375 0.5212962962962963 0.30625 0.5166666666666667 0.2994791666666667 0.5166666666666667 0.28229166666666666 0.5259259259259259 0.2791666666666667 0.5324074074074074 0.2755208333333333 0.5453703703703704 0.275 0.5648148148148148 0.2708333333333333 0.5833333333333334 0.26875 0.6064814814814815 0.26145833333333335 0.637962962962963 0.2484375 0.6805555555555556 0.24583333333333332 0.6824074074074075 0.24479166666666666 0.687962962962963 0.240625 0.6944444444444444
0 0.3828125 0.287962962962963 0.38125 0.31851851851851853 0.40208333333333335 0.3277777777777778 0.4114583333333333 0.32592592592592595 0.4234375 0.31851851851851853 0.4296875 0.3138888888888889 0.4348958333333333 0.3055555555555556 0.42916666666666664 0.2824074074074074 0.41822916666666665 0.262037037037037 0.4125 0.25555555555555554 0.4036458333333333 0.25092592592592594 0.4 0.25092592592592594 0.39010416666666664 0.2601851851851852 0.3828125 0.287962962962963
0 0.51875 0.3074074074074074 0.51875 0.31851851851851853 0.5494791666666666 0.3351851851851852 0.5875 0.3416666666666667 0.6046875 0.3509259259259259 0.6296875 0.3509259259259259 0.6385416666666667 0.34814814814814815 0.6552083333333333 0.3509259259259259 0.6614583333333334 0.35555555555555557 0.6734375 0.37592592592592594 0.6848958333333334 0.3888888888888889 0.69375 0.39351851851851855 0.6979166666666666 0.387037037037037 0.6947916666666667 0.37777777777777777 0.6755208333333333 0.3527777777777778 0.6645833333333333 0.3277777777777778 0.65625 0.2953703703703704 0.65 0.2351851851851852 0.6473958333333333 0.22592592592592592 0.6369791666666667 0.2101851851851852 0.6333333333333333 0.20925925925925926 0.6229166666666667 0.19814814814814816 0.60625 0.19166666666666668 0.6052083333333333 0.18888888888888888 0.5932291666666667 0.1824074074074074 0.5744791666666667 0.18055555555555555 0.5671875 0.22962962962962963 0.5572916666666666 0.2490740740740741 0.5572916666666666 0.275 0.5552083333333333 0.28425925925925927 0.5494791666666666 0.2962962962962963 0.5395833333333333 0.30092592592592593 0.5359375 0.3055555555555556 0.51875 0.3074074074074074