4 0.0010416666666666667 0.937037037037037 0 0.9481481481481482 0.0026041666666666665 0.9472222222222222 0.0036458333333333334 0.9435185185185185 0.0010416666666666667 0.937037037037037
4 0.16302083333333334 0.8194444444444444 0.16302083333333334 0.8277777777777777 0.16875 0.825925925925926 0.171875 0.8212962962962963 0.16927083333333334 0.8166666666666667 0.16302083333333334 0.8194444444444444
4 0.16145833333333334 0.9851851851851852 0.15833333333333333 0.9935185185185185 0.1828125 0.9935185185185185 0.18958333333333333 0.9981481481481481 0.2520833333333333 0.9981481481481481 0.26458333333333334 0.9944444444444445 0.3098958333333333 0.9981481481481481 0.3302083333333333 0.9935185185185185 0.34270833333333334 0.9962962962962963 0.4390625 0.9962962962962963 0.4421875 0.9935185185185185 0.5083333333333333 0.9962962962962963 0.5140625 0.9916666666666667 0.5567708333333333 0.9962962962962963 0.5614583333333333 0.9935185185185185 0.5713541666666667 0.9935185185185185 0.5734375 0.9962962962962963 0.6 0.9962962962962963 0.6104166666666667 0.9935185185185185 0.628125 0.9962962962962963 0.7020833333333333 0.9962962962962963 0.7140625 0.9935185185185185 0.8234375 0.9935185185185185 0.8447916666666667 0.9962962962962963 0.8734375 0.9944444444444445 0.8760416666666667 0.9916666666666667 0.8770833333333333 0.9935185185185185 0.8791666666666667 0.9842592592592593 0.8927083333333333 0.9935185185185185 0.9010416666666666 0.9935185185185185 0.9119791666666667 0.9851851851851852 0.9192708333333334 0.975925925925926 0.925 0.9731481481481481 0.9270833333333334 0.9685185185185186 0.9328125 0.9666666666666667 0.9385416666666667 0.9592592592592593 0.9453125 0.9444444444444444 0.9453125 0.9388888888888889 0.9505208333333334 0.9231481481481482 0.9484375 0.9157407407407407 0.9494791666666667 0.9101851851851852 0.9458333333333333 0.9074074074074074 0.940625 0.9092592592592592 0.9328125 0.899074074074074 0.9276041666666667 0.9009259259259259 0.9265625 0.9046296296296297 0.9130208333333333 0.9009259259259259 0.9078125 0.8962962962962963 0.8953125 0.9009259259259259 0.878125 0.9009259259259259 0.8484375 0.8916666666666667 0.8380208333333333 0.8916666666666667 0.8364583333333333 0.8888888888888888 0.8244791666666667 0.8851851851851852 0.8104166666666667 0.8851851851851852 0.8072916666666666 0.8824074074074074 0.7604166666666666 0.8712962962962963 0.7463541666666667 0.8712962962962963 0.7203125 0.8601851851851852 0.7067708333333333 0.8574074074074074 0.6989583333333333 0.850925925925926 0.6859375 0.8481481481481481 0.6645833333333333 0.837037037037037 0.6213541666666667 0.8277777777777777 0.615625 0.8231481481481482 0.596875 0.8185185185185185 0.5859375 0.8185185185185185 0.58125 0.8212962962962963 0.5786458333333333 0.8166666666666667 0.5515625 0.812037037037037 0.5286458333333334 0.8166666666666667 0.50625 0.825925925925926 0.4979166666666667 0.8351851851851851 0.49270833333333336 0.837037037037037 0.4901041666666667 0.8416666666666667 0.49322916666666666 0.8481481481481481 0.4921875 0.850925925925926 0.46979166666666666 0.85 0.4552083333333333 0.8462962962962963 0.4432291666666667 0.850925925925926 0.4041666666666667 0.85 0.3984375 0.850925925925926 0.3932291666666667 0.8555555555555555 0.38958333333333334 0.8527777777777777 0.3890625 0.8555555555555555 0.38229166666666664 0.8574074074074074 0.3802083333333333 0.8638888888888889 0.37395833333333334 0.8694444444444445 0.3640625 0.8685185185185185 0.35520833333333335 0.8712962962962963 0.353125 0.8759259259259259 0.34739583333333335 0.8777777777777778 0.33541666666666664 0.8916666666666667 0.31979166666666664 0.8916666666666667 0.31302083333333336 0.8981481481481481 0.3046875 0.9009259259259259 0.2989583333333333 0.8962962962962963 0.29270833333333335 0.9055555555555556 0.2755208333333333 0.9101851851851852 0.2713541666666667 0.9185185185185185 0.26145833333333335 0.925 0.2552083333333333 0.9259259259259259 0.25052083333333336 0.9324074074074075 0.246875 0.9324074074074075 0.23697916666666666 0.9481481481481482 0.23697916666666666 0.9546296296296296 0.23541666666666666 0.9574074074074074 0.2328125 0.9564814814814815 0.23072916666666668 0.9462962962962963 0.22760416666666666 0.9462962962962963 0.2203125 0.9555555555555556 0.22083333333333333 0.9592592592592593 0.2171875 0.9638888888888889 0.20833333333333334 0.9601851851851851 0.19947916666666668 0.9685185185185186 0.19010416666666666 0.9712962962962963 0.18333333333333332 0.9805555555555555 0.16770833333333332 0.9777777777777777 0.16145833333333334 0.9851851851851852
4 0.25 0.7870370370370371 0.24479166666666666 0.7888888888888889 0.24479166666666666 0.7925925925925926 0.2520833333333333 0.7944444444444444 0.2520833333333333 0.7888888888888889 0.2546875 0.7888888888888889 0.2557291666666667 0.7935185185185185 0.2625 0.7916666666666666 0.2625 0.7888888888888889 0.25 0.7870370370370371
4 0.2713541666666667 0.7351851851851852 0.2708333333333333 0.737037037037037 0.2791666666666667 0.7398148148148148 0.275 0.7351851851851852 0.2713541666666667 0.7351851851851852
4 0.0010416666666666667 0 0 0.0712962962962963 0.003125 0.075 0.0046875 0.08148148148148149 0.005208333333333333 0.09444444444444444 0.0015625 0.10555555555555556 0.0020833333333333333 0.12962962962962962 0 0.13240740740740742 0 0.14814814814814814 0.003125 0.16296296296296298 0.0015625 0.18518518518518517 0 0.18703703703703703 0 0.2324074074074074 0.0015625 0.2351851851851852 0.0015625 0.2388888888888889 0 0.23981481481481481 0 0.2462962962962963 0.0015625 0.24814814814814815 0 0.25 0 0.2916666666666667 0.0036458333333333334 0.3037037037037037 0.004166666666666667 0.33425925925925926 0.004166666666666667 0.35555555555555557 0.0020833333333333333 0.3592592592592593 0.0015625 0.3685185185185185 0.003125 0.37962962962962965 0 0.39166666666666666 0 0.4601851851851852 0.0015625 0.462037037037037 0 0.4648148148148148 0 0.49166666666666664 0.0015625 0.4935185185185185 0.0015625 0.49722222222222223 0 0.4981481481481482 0 0.5666666666666667 0.008333333333333333 0.5712962962962963 0.016666666666666666 0.5601851851851852 0.019270833333333334 0.549074074074074 0.0328125 0.5231481481481481 0.035416666666666666 0.5231481481481481 0.0390625 0.5166666666666667 0.041666666666666664 0.5166666666666667 0.058854166666666666 0.5009259259259259 0.08489583333333334 0.4935185185185185 0.09375 0.48703703703703705 0.1078125 0.4685185185185185 0.11666666666666667 0.4638888888888889 0.14166666666666666 0.43703703703703706 0.15833333333333333 0.4148148148148148 0.17291666666666666 0.4009259259259259 0.190625 0.37592592592592594 0.19479166666666667 0.36666666666666664 0.20989583333333334 0.34629629629629627 0.21458333333333332 0.33055555555555555 0.2359375 0.2935185185185185 0.2390625 0.28055555555555556 0.24895833333333334 0.2638888888888889 0.2557291666666667 0.24351851851851852 0.25677083333333334 0.23333333333333334 0.26145833333333335 0.22592592592592592 0.2671875 0.19814814814814816 0.2671875 0.1824074074074074 0.2598958333333333 0.15 0.2557291666666667 0.1388888888888889 0.25104166666666666 0.13240740740740742 0.23333333333333334 0.1259259259259259 0.2171875 0.1259259259259259 0.2078125 0.12962962962962962 0.20572916666666666 0.1259259259259259 0.20364583333333333 0.09814814814814815 0.19583333333333333 0.05555555555555555 0.19114583333333332 0.04351851851851852 0.18020833333333333 0.025925925925925925 0.16770833333333332 0.012037037037037037 0.15572916666666667 0.005555555555555556 0.14583333333333334 0.005555555555555556 0.1421875 0 0.0875 0 0.07395833333333333 0.002777777777777778 0.06822916666666666 0 0.0010416666666666667 0
1 0.734375 0.8518518518518519 0.7333333333333333 0.8555555555555555 0.7364583333333333 0.8574074074074074 0.7447916666666666 0.8574074074074074 0.7557291666666667 0.8638888888888889 0.8484375 0.8842592592592593 0.865625 0.8851851851851852 0.8708333333333333 0.8824074074074074 0.8932291666666666 0.8805555555555555 0.9182291666666667 0.8870370370370371 0.9390625 0.8870370370370371 0.946875 0.8842592592592593 0.9494791666666667 0.8796296296296297 0.9494791666666667 0.8731481481481481 0.9411458333333333 0.8574074074074074 0.9244791666666666 0.837037037037037 0.9140625 0.8324074074074074 0.8989583333333333 0.8148148148148148 0.8890625 0.8074074074074075 0.8796875 0.7944444444444444 0.8729166666666667 0.7916666666666666 0.85625 0.7777777777777778 0.8546875 0.774074074074074 0.8510416666666667 0.7731481481481481 0.8416666666666667 0.7555555555555555 0.8375 0.7555555555555555 0.8348958333333333 0.7601851851851852 0.8322916666666667 0.7601851851851852 0.8291666666666667 0.7666666666666667 0.8171875 0.7777777777777778 0.8072916666666666 0.7824074074074074 0.8041666666666667 0.7870370370370371 0.7947916666666667 0.7898148148148149 0.79375 0.7944444444444444 0.7838541666666666 0.8101851851851852 0.7708333333333334 0.8148148148148148 0.7630208333333334 0.825925925925926 0.7541666666666667 0.8305555555555556 0.7494791666666667 0.8416666666666667 0.7401041666666667 0.8444444444444444 0.734375 0.8518518518518519
1 0.9880208333333333 0.6527777777777778 0.9869791666666666 0.6537037037037037 0.9880208333333333 0.6527777777777778
1 0.9109375 0.700925925925926 0.9109375 0.7138888888888889 0.9208333333333333 0.7277777777777777 0.9322916666666666 0.737037037037037 0.9447916666666667 0.7574074074074074 0.9484375 0.7592592592592593 0.9583333333333334 0.7731481481481481 0.9609375 0.7731481481481481 0.9625 0.7777777777777778 0.9807291666666667 0.8009259259259259 0.9859375 0.8027777777777778 0.9901041666666667 0.8101851851851852 0.9953125 0.812037037037037 0.9958333333333333 0.8027777777777778 0.9895833333333334 0.7981481481481482 0.9807291666666667 0.7601851851851852 0.975 0.7462962962962963 0.96875 0.7055555555555556 0.9640625 0.7 0.9614583333333333 0.687037037037037 0.95625 0.6777777777777778 0.9557291666666666 0.6564814814814814 0.9609375 0.6527777777777778 0.9583333333333334 0.6546296296296297 0.9578125 0.649074074074074 0.9546875 0.6462962962962963 0.9453125 0.6435185185185185 0.9255208333333333 0.6777777777777778 0.9197916666666667 0.6824074074074075 0.9109375 0.700925925925926
1 0.9651041666666667 0.6370370370370371 0.9661458333333334 0.6398148148148148 0.9630208333333333 0.6462962962962963 0.9671875 0.6462962962962963 0.9682291666666667 0.6416666666666667 0.9713541666666666 0.6407407407407407 0.971875 0.6444444444444445 0.9770833333333333 0.6481481481481481 0.9942708333333333 0.649074074074074 0.9973958333333334 0.6435185185185185 0.9958333333333333 0.6370370370370371 0.9911458333333333 0.6351851851851852 0.9942708333333333 0.6259259259259259 0.9932291666666667 0.6296296296296297 0.9916666666666667 0.6277777777777778 0.9890625 0.6231481481481481 0.9895833333333334 0.6148148148148148 0.9875 0.6138888888888889 0.9744791666666667 0.6148148148148148 0.9739583333333334 0.6259259259259259 0.9776041666666667 0.6333333333333333 0.9723958333333333 0.6398148148148148 0.9677083333333333 0.6398148148148148 0.9666666666666667 0.6351851851851852 0.9651041666666667 0.6370370370370371
1 0.8869791666666667 0.5601851851851852 0.8869791666666667 0.5694444444444444 0.8973958333333333 0.5527777777777778 0.9010416666666666 0.5416666666666666 0.9005208333333333 0.5370370370370371 0.8901041666666667 0.55 0.8869791666666667 0.5601851851851852
1 0.9026041666666667 0.5277777777777778 0.9015625 0.5296296296296297 0.9041666666666667 0.5305555555555556 0.9041666666666667 0.5259259259259259 0.9026041666666667 0.5277777777777778
1 0.9473958333333333 0.36203703703703705 0.9598958333333333 0.3712962962962963 0.9635416666666666 0.38055555555555554 0.9640625 0.3907407407407407 0.9614583333333333 0.4046296296296296 0.9520833333333333 0.4148148148148148 0.9447916666666667 0.4305555555555556 0.9385416666666667 0.4388888888888889 0.9354166666666667 0.44722222222222224 0.9375 0.45740740740740743 0.9427083333333334 0.4601851851851852 0.9515625 0.4527777777777778 0.9598958333333333 0.4527777777777778 0.984375 0.4638888888888889 0.99375 0.47314814814814815 0.9994791666666667 0.47314814814814815 0.9994791666666667 0.44351851851851853 0.9958333333333333 0.43796296296296294 0.9963541666666667 0.4324074074074074 0.9994791666666667 0.42962962962962964 0.9994791666666667 0.3731481481481482 0.9932291666666667 0.3638888888888889 0.9875 0.3398148148148148 0.975 0.3416666666666667 0.9703125 0.34444444444444444 0.9609375 0.3574074074074074 0.9473958333333333 0.36203703703703705
1 0.2171875 0.5027777777777778 0.21770833333333334 0.5185185185185185 0.22760416666666666 0.5481481481481482 0.2515625 0.5888888888888889 0.2578125 0.5981481481481481 0.2598958333333333 0.5981481481481481 0.26510416666666664 0.6092592592592593 0.2755208333333333 0.6231481481481481 0.28489583333333335 0.6305555555555555 0.30052083333333335 0.6509259259259259 0.34322916666666664 0.6805555555555556 0.3484375 0.6888888888888889 0.37916666666666665 0.7101851851851851 0.3828125 0.7166666666666667 0.3953125 0.7277777777777777 0.4 0.7305555555555555 0.40520833333333334 0.7296296296296296 0.40729166666666666 0.6981481481481482 0.40625 0.6851851851851852 0.4083333333333333 0.6648148148148149 0.4119791666666667 0.6509259259259259 0.4119791666666667 0.6212962962962963 0.4041666666666667 0.6212962962962963 0.4 0.6148148148148148 0.4041666666666667 0.612037037037037 0.4083333333333333 0.6027777777777777 0.4109375 0.6027777777777777 0.40572916666666664 0.5981481481481481 0.40729166666666666 0.5805555555555556 0.4005208333333333 0.5564814814814815 0.403125 0.55 0.40208333333333335 0.5407407407407407 0.4046875 0.5324074074074074 0.4171875 0.5259259259259259 0.4088541666666667 0.5231481481481481 0.4036458333333333 0.5111111111111111 0.4046875 0.4935185185185185 0.40208333333333335 0.48703703703703705 0.4015625 0.4787037037037037 0.403125 0.4759259259259259 0.40208333333333335 0.46296296296296297 0.4036458333333333 0.45925925925925926 0.4036458333333333 0.44166666666666665 0.40520833333333334 0.4388888888888889 0.40572916666666664 0.42777777777777776 0.40520833333333334 0.4101851851851852 0.4005208333333333 0.4 0.3625 0.4074074074074074 0.3453125 0.41388888888888886 0.3416666666666667 0.41759259259259257 0.34427083333333336 0.43333333333333335 0.34739583333333335 0.4388888888888889 0.35052083333333334 0.45740740740740743 0.3536458333333333 0.4648148148148148 0.3546875 0.4759259259259259 0.3541666666666667 0.5305555555555556 0.3515625 0.5416666666666666 0.353125 0.5731481481481482 0.35 0.5944444444444444 0.3390625 0.5935185185185186 0.3375 0.5907407407407408 0.3390625 0.5777777777777777 0.3359375 0.5666666666666667 0.33125 0.5666666666666667 0.3296875 0.562962962962963 0.3302083333333333 0.5361111111111111 0.3338541666666667 0.5120370370370371 0.3307291666666667 0.5046296296296297 0.3328125 0.5009259259259259 0.3328125 0.4935185185185185 0.3307291666666667 0.4925925925925926 0.32864583333333336 0.4685185185185185 0.3234375 0.4564814814814815 0.3171875 0.44814814814814813 0.31145833333333334 0.4444444444444444 0.3026041666666667 0.44351851851851853 0.2994791666666667 0.4388888888888889 0.2942708333333333 0.43703703703703706 0.27291666666666664 0.4351851851851852 0.2604166666666667 0.4546296296296296 0.23645833333333333 0.48055555555555557 0.23229166666666667 0.4824074074074074 0.23125 0.48703703703703705 0.22604166666666667 0.4935185185185185 0.21927083333333333 0.4962962962962963 0.2171875 0.5027777777777778
1 0.40677083333333336 0.26666666666666666 0.40625 0.28425925925925927 0.4088541666666667 0.28888888888888886 0.41875 0.2916666666666667 0.425 0.28425925925925927 0.42604166666666665 0.2712962962962963 0.42291666666666666 0.262037037037037 0.4119791666666667 0.2601851851851852 0.40677083333333336 0.26666666666666666
3 0.14322916666666666 0 0 0 0 0.08518518518518518 0.0026041666666666665 0.08796296296296297 0.003125 0.09259259259259259 0.003125 0.09814814814814815 0 0.10092592592592593 0 0.15555555555555556 0.0015625 0.1574074074074074 0.0015625 0.17314814814814813 0 0.17407407407407408 0 0.30092592592592593 0.0015625 0.30462962962962964 0 0.31203703703703706 0 0.33240740740740743 0.0015625 0.33425925925925926 0.0015625 0.3398148148148148 0 0.3416666666666667 0 0.5712962962962963 0.003125 0.5712962962962963 0.004166666666666667 0.5777777777777777 0.00625 0.5777777777777777 0.0067708333333333336 0.5731481481481482 0.011979166666666667 0.5694444444444444 0.013020833333333334 0.562037037037037 0.016666666666666666 0.5574074074074075 0.01875 0.5453703703703704 0.03854166666666667 0.5166666666666667 0.06302083333333333 0.4981481481481482 0.07552083333333333 0.4962962962962963 0.09166666666666666 0.4888888888888889 0.09895833333333333 0.4824074074074074 0.10677083333333333 0.46944444444444444 0.1203125 0.4601851851851852 0.18125 0.39166666666666666 0.21041666666666667 0.3435185185185185 0.2140625 0.3314814814814815 0.2296875 0.3037037037037037 0.2552083333333333 0.2462962962962963 0.25625 0.23796296296296296 0.26197916666666665 0.22314814814814815 0.26197916666666665 0.2175925925925926 0.26614583333333336 0.20277777777777778 0.2671875 0.1824074074074074 0.26145833333333335 0.1527777777777778 0.2578125 0.14351851851851852 0.2484375 0.13055555555555556 0.23645833333333333 0.1259259259259259 0.21875 0.1259259259259259 0.2078125 0.13055555555555556 0.20572916666666666 0.125 0.20572916666666666 0.11018518518518519 0.2 0.06944444444444445 0.19270833333333334 0.044444444444444446 0.17083333333333334 0.013888888888888888 0.15677083333333333 0.005555555555555556 0.14583333333333334 0.005555555555555556 0.14322916666666666 0