4 0.07708333333333334 0.7388888888888889 0.0765625 0.7435185185185185 0.07864583333333333 0.7435185185185185 0.07708333333333334 0.7388888888888889
4 0.38125 0.6777777777777778 0.3807291666666667 0.6805555555555556 0.38333333333333336 0.6842592592592592 0.38958333333333334 0.6851851851851852 0.3927083333333333 0.6824074074074075 0.3921875 0.6777777777777778 0.39010416666666664 0.6759259259259259 0.38125 0.6777777777777778
4 0.2515625 0 0.19427083333333334 0.000925925925925926 0.18854166666666666 0.004629629629629629 0.1828125 0.018518518518518517 0.16354166666666667 0.027777777777777776 0.1515625 0.03981481481481482 0.15052083333333333 0.044444444444444446 0.14739583333333334 0.04351851851851852 0.14895833333333333 0.03888888888888889 0.14479166666666668 0.03518518518518519 0.146875 0.025 0.14479166666666668 0.023148148148148147 0.14270833333333333 0.012037037037037037 0.13958333333333334 0.008333333333333333 0.1421875 0.004629629629629629 0.13645833333333332 0 0 0 0 0.20092592592592592 0.008333333333333333 0.21944444444444444 0.0125 0.2351851851851852 0.0171875 0.2814814814814815 0.016666666666666666 0.30277777777777776 0.011979166666666667 0.3101851851851852 0.008854166666666666 0.33055555555555555 0.009895833333333333 0.34444444444444444 0.007291666666666667 0.36018518518518516 0.00625 0.3861111111111111 0.0015625 0.4046296296296296 0 0.40555555555555556 0 0.5731481481481482 0.0015625 0.5740740740740741 0.0036458333333333334 0.587037037037037 0.011979166666666667 0.6092592592592593 0.013020833333333334 0.6166666666666667 0.022395833333333334 0.6370370370370371 0.025520833333333333 0.6546296296296297 0.0296875 0.6620370370370371 0.025 0.6731481481481482 0.024479166666666666 0.6824074074074075 0.036458333333333336 0.6944444444444444 0.03229166666666667 0.6944444444444444 0.0296875 0.6990740740740741 0.042708333333333334 0.7055555555555556 0.034895833333333334 0.7138888888888889 0.03177083333333333 0.7148148148148148 0.029166666666666667 0.712037037037037 0.028125 0.7157407407407408 0.020833333333333332 0.7185185185185186 0.01875 0.7231481481481481 0.019270833333333334 0.7305555555555555 0.0171875 0.737037037037037 0.029166666666666667 0.7416666666666667 0.03177083333333333 0.7509259259259259 0.026041666666666668 0.7546296296296297 0.027083333333333334 0.7574074074074074 0.023958333333333335 0.7620370370370371 0.026041666666666668 0.7685185185185185 0.022916666666666665 0.7824074074074074 0.030729166666666665 0.787962962962963 0.03125 0.7916666666666666 0.035416666666666666 0.7962962962962963 0.044270833333333336 0.7962962962962963 0.04739583333333333 0.7916666666666666 0.04895833333333333 0.7962962962962963 0.046875 0.8037037037037037 0.0515625 0.8055555555555556 0.05260416666666667 0.8027777777777778 0.05520833333333333 0.8064814814814815 0.05364583333333333 0.812962962962963 0.0484375 0.8157407407407408 0.04791666666666667 0.8194444444444444 0.05 0.8240740740740741 0.05572916666666667 0.8240740740740741 0.06614583333333333 0.8342592592592593 0.07447916666666667 0.837037037037037 0.0765625 0.8416666666666667 0.08333333333333333 0.8416666666666667 0.08697916666666666 0.837037037037037 0.09166666666666666 0.837037037037037 0.09583333333333334 0.8277777777777777 0.09895833333333333 0.825925925925926 0.10104166666666667 0.8166666666666667 0.10104166666666667 0.8037037037037037 0.10572916666666667 0.8027777777777778 0.10625 0.7981481481481482 0.10989583333333333 0.7935185185185185 0.10729166666666666 0.787962962962963 0.11197916666666667 0.7824074074074074 0.11197916666666667 0.7777777777777778 0.109375 0.774074074074074 0.1125 0.7703703703703704 0.12239583333333333 0.7805555555555556 0.12864583333333332 0.7916666666666666 0.14479166666666668 0.8074074074074075 0.15416666666666667 0.812037037037037 0.16822916666666668 0.812037037037037 0.18125 0.8166666666666667 0.19947916666666668 0.8185185185185185 0.2140625 0.825925925925926 0.21979166666666666 0.825925925925926 0.2265625 0.8351851851851851 0.234375 0.8388888888888889 0.29791666666666666 0.8296296296296296 0.3109375 0.8185185185185185 0.3333333333333333 0.7898148148148149 0.34739583333333335 0.7842592592592592 0.3567708333333333 0.7712962962962963 0.36875 0.725 0.37083333333333335 0.7083333333333334 0.37447916666666664 0.6962962962962963 0.375 0.675 0.37864583333333335 0.6648148148148149 0.39375 0.6324074074074074 0.39947916666666666 0.6305555555555555 0.4005208333333333 0.6277777777777778 0.4041666666666667 0.6296296296296297 0.40572916666666664 0.6185185185185185 0.41041666666666665 0.6185185185185185 0.4140625 0.6138888888888889 0.41822916666666665 0.6148148148148148 0.41875 0.612037037037037 0.42083333333333334 0.612037037037037 0.4203125 0.6055555555555555 0.4317708333333333 0.5925925925925926 0.4348958333333333 0.575925925925926 0.4348958333333333 0.5694444444444444 0.4328125 0.5638888888888889 0.4390625 0.5601851851851852 0.43802083333333336 0.5537037037037037 0.44114583333333335 0.55 0.44114583333333335 0.5444444444444444 0.44583333333333336 0.5462962962962963 0.4473958333333333 0.537962962962963 0.46927083333333336 0.5120370370370371 0.4703125 0.5074074074074074 0.46875 0.5018518518518519 0.47239583333333335 0.4981481481481482 0.4713541666666667 0.4935185185185185 0.4744791666666667 0.4888888888888889 0.478125 0.49444444444444446 0.48125 0.5055555555555555 0.48802083333333335 0.5101851851851852 0.49166666666666664 0.5166666666666667 0.5 0.5231481481481481 0.5041666666666667 0.5231481481481481 0.5104166666666666 0.5296296296296297 0.5229166666666667 0.5324074074074074 0.534375 0.5324074074074074 0.5421875 0.5185185185185185 0.5484375 0.5185185185185185 0.5578125 0.5101851851851852 0.5677083333333334 0.5074074074074074 0.56875 0.4935185185185185 0.5666666666666667 0.48148148148148145 0.5671875 0.47314814814814815 0.5588541666666667 0.462037037037037 0.5619791666666667 0.4527777777777778 0.5598958333333334 0.44351851851851853 0.5604166666666667 0.4305555555555556 0.5552083333333333 0.41944444444444445 0.5520833333333334 0.4185185185185185 0.5416666666666666 0.40555555555555556 0.49947916666666664 0.40555555555555556 0.4875 0.38981481481481484 0.4875 0.37592592592592594 0.4895833333333333 0.3712962962962963 0.5072916666666667 0.3574074074074074 0.5229166666666667 0.3527777777777778 0.5276041666666667 0.34814814814814815 0.5302083333333333 0.337037037037037 0.5291666666666667 0.32685185185185184 0.53125 0.31851851851851853 0.53125 0.3055555555555556 0.5296875 0.29814814814814816 0.5161458333333333 0.2722222222222222 0.50625 0.23981481481481481 0.4984375 0.2324074074074074 0.4875 0.22777777777777777 0.478125 0.22777777777777777 0.45989583333333334 0.2351851851851852 0.45260416666666664 0.2351851851851852 0.43802083333333336 0.24259259259259258 0.4234375 0.21666666666666667 0.4109375 0.20092592592592592 0.40729166666666666 0.2 0.396875 0.18888888888888888 0.3880208333333333 0.175 0.3848958333333333 0.16111111111111112 0.384375 0.14351851851851852 0.3802083333333333 0.12777777777777777 0.375 0.11481481481481481 0.3619791666666667 0.09351851851851851 0.34791666666666665 0.08055555555555556 0.31979166666666664 0.06851851851851852 0.309375 0.05740740740740741 0.3067708333333333 0.05740740740740741 0.2989583333333333 0.046296296296296294 0.29322916666666665 0.04351851851851852 0.2786458333333333 0.023148148148148147 0.2760416666666667 0.023148148148148147 0.27395833333333336 0.018518518518518517 0.2515625 0
4 0.490625 0.9925925925925926 0.008333333333333333 0.001851851851851852
4 0.5244791666666667 0.962037037037037 0.5208333333333334 0.9666666666666667 0.51875 0.9805555555555555 0.5145833333333333 0.9777777777777777 0.5119791666666667 0.9824074074074074 0.5067708333333333 0.9824074074074074 0.50625 0.9861111111111112 0.49895833333333334 0.987037037037037 0.49583333333333335 0.9824074074074074 0.49375 0.9824074074074074 0.49375 0.9851851851851852 0.5 0.9888888888888889 0.5020833333333333 0.9935185185185185 0.5057291666666667 0.987037037037037 0.5067708333333333 0.9944444444444445 0.51875 0.9981481481481481 0.5244791666666667 0.9935185185185185 0.5317708333333333 0.9981481481481481 0.5416666666666666 0.9981481481481481 0.5473958333333333 0.9944444444444445 0.5546875 0.9981481481481481 0.5567708333333333 0.9944444444444445 0.5671875 0.9962962962962963 0.5697916666666667 0.9935185185185185 0.5651041666666666 0.9833333333333333 0.5609375 0.9805555555555555 0.5489583333333333 0.9805555555555555 0.5432291666666667 0.975925925925926 0.5390625 0.975925925925926 0.5364583333333334 0.9712962962962963 0.5296875 0.9731481481481481 0.5244791666666667 0.962037037037037
4 0.5151041666666667 0.9416666666666667 0.5145833333333333 0.9490740740740741 0.5166666666666667 0.9490740740740741 0.5223958333333333 0.9574074074074074 0.5255208333333333 0.9555555555555556 0.5255208333333333 0.9481481481481482 0.5223958333333333 0.937037037037037 0.5182291666666666 0.9416666666666667 0.5151041666666667 0.9416666666666667
4 0.41067708333333336 0.937962962962963 0.0015625 0.001851851851851852
4 0.3411458333333333 0.9842592592592593 0.3411458333333333 0.9888888888888889 0.3375 0.9935185185185185 0.3416666666666667 0.9898148148148148 0.34270833333333334 0.9944444444444445 0.3697916666666667 0.9944444444444445 0.37604166666666666 0.9916666666666667 0.3828125 0.9962962962962963 0.3890625 0.9935185185185185 0.39739583333333334 0.9944444444444445 0.4 0.9916666666666667 0.396875 0.9861111111111112 0.40208333333333335 0.9851851851851852 0.4041666666666667 0.9888888888888889 0.4078125 0.9842592592592593 0.41302083333333334 0.9842592592592593 0.41822916666666665 0.9916666666666667 0.41875 0.975925925925926 0.421875 0.9731481481481481 0.4203125 0.9675925925925926 0.42083333333333334 0.9527777777777777 0.41822916666666665 0.9462962962962963 0.41354166666666664 0.9481481481481482 0.40989583333333335 0.9435185185185185 0.40677083333333336 0.9435185185185185 0.40625 0.9388888888888889 0.403125 0.937037037037037 0.4 0.9416666666666667 0.3890625 0.9444444444444444 0.3796875 0.9574074074074074 0.37916666666666665 0.9601851851851851 0.38229166666666664 0.9629629629629629 0.3807291666666667 0.9675925925925926 0.38333333333333336 0.9703703703703703 0.3852432291666667 0.9805555555555555 0.3729166666666667 0.9824074074074074 0.3651041666666667 0.975925925925926 0.3578125 0.975925925925926 0.3515625 0.9824074074074074 0.35 0.987037037037037 0.3411458333333333 0.9842592592592593
4 0.4166666666666667 0.9305555555555556 0.415625 0.9351851851851852 0.41822916666666665 0.9398148148148148 0.41822916666666665 0.9305555555555556 0.4166666666666667 0.9305555555555556
4 0.41354166666666664 0.8851851851851852 0.41302083333333334 0.8870370370370371 0.41354166666666664 0.8851851851851852
4 0.35546875 0.7902777777777777 0.0005208333333333333 0.002777777777777778
4 0.41041666666666665 0.7833333333333333 0.41041666666666665 0.7870370370370371 0.4140625 0.7851851851851852 0.41041666666666665 0.7833333333333333
4 0.41119791666666666 0.7611111111111111 0.0005208333333333333 0.001851851851851852
4 0.47604166666666664 0.7055555555555556 0.4765625 0.712037037037037 0.496875 0.7027777777777777 0.503125 0.7027777777777777 0.5083333333333333 0.6962962962962963 0.5125 0.6851851851851852 0.5135416666666667 0.674074074074074 0.5192708333333333 0.6620370370370371 0.5192708333333333 0.6416666666666667 0.5135416666666667 0.6416666666666667 0.5010416666666667 0.6574074074074074 0.49583333333333335 0.6712962962962963 0.4791666666666667 0.7027777777777777 0.47604166666666664 0.7055555555555556
4 0.525 0.5824074074074074 0.5244791666666667 0.587037037037037 0.5286458333333334 0.5935185185185186 0.5348958333333333 0.5916666666666667 0.534375 0.587037037037037 0.5375 0.5824074074074074 0.5375 0.5731481481481482 0.5328125 0.5731481481481482 0.525 0.5824074074074074
4 0.5145833333333333 0.5638888888888889 0.5151041666666667 0.5685185185185185 0.5161458333333333 0.5666666666666667 0.5145833333333333 0.5638888888888889
4 0.5359375 0.5574074074074075 0.5348958333333333 0.5638888888888889 0.5364583333333334 0.5685185185185185 0.540625 0.5601851851851852 0.5359375 0.5574074074074075
4 0.16302083333333334 0.9842592592592593 0.15885416666666666 0.9935185185185185 0.1625 0.9962962962962963 0.20208333333333334 0.9916666666666667 0.209375 0.9916666666666667 0.2125 0.9944444444444445 0.24375 0.9944444444444445 0.2484375 0.9935185185185185 0.253125 0.9851851851851852 0.25364583333333335 0.987037037037037 0.2557291666666667 0.9768518518518519 0.2578125 0.9731481481481481 0.2604166666666667 0.9731481481481481 0.26145833333333335 0.9675925925925926 0.26875 0.975 0.27239583333333334 0.987037037037037 0.28072916666666664 0.9935185185185185 0.3078125 0.9935185185185185 0.3182291666666667 0.9851851851851852 0.3296875 0.9712962962962963 0.33125 0.962037037037037 0.3296875 0.9592592592592593 0.3307291666666667 0.937037037037037 0.33229166666666665 0.9361111111111111 0.3333333333333333 0.9388888888888889 0.33489583333333334 0.9546296296296296 0.3375 0.9592592592592593 0.34270833333333334 0.9601851851851851 0.353125 0.9462962962962963 0.3625 0.9435185185185185 0.3692708333333333 0.9324074074074075 0.3729166666666667 0.9342592592592592 0.3770833333333333 0.9277777777777778 0.3807291666666667 0.9277777777777778 0.3807291666666667 0.924074074074074 0.3854166666666667 0.9138888888888889 0.39114583333333336 0.9092592592592592 0.3880208333333333 0.8972222222222223 0.3880208333333333 0.8796296296296297 0.38645833333333335 0.8722222222222222 0.3880208333333333 0.8648148148148148 0.39114583333333336 0.862037037037037 0.39010416666666664 0.8472222222222222 0.39375 0.837037037037037 0.39375 0.8305555555555556 0.39739583333333334 0.825925925925926 0.4015625 0.8101851851851852 0.4 0.8018518518518518 0.4046875 0.8 0.4036458333333333 0.7898148148148149 0.40572916666666664 0.7824074074074074 0.4010416666666667 0.7777777777777778 0.4041666666666667 0.7731481481481481 0.4114583333333333 0.7805555555555556 0.41510416666666666 0.7796296296296297 0.4161458333333333 0.7777777777777778 0.4140625 0.7731481481481481 0.40729166666666666 0.7722222222222223 0.40729166666666666 0.7657407407407407 0.409375 0.7648148148148148 0.4119791666666667 0.7574074074074074 0.415625 0.7574074074074074 0.41770833333333335 0.7518518518518519 0.42083333333333334 0.7546296296296297 0.4244791666666667 0.7527777777777778 0.42864583333333334 0.7435185185185185 0.43697916666666664 0.7342592592592593 0.44114583333333335 0.7231481481481481 0.4421875 0.7148148148148148 0.4484375 0.7055555555555556 0.4552083333333333 0.7027777777777777 0.45989583333333334 0.7046296296296296 0.4630208333333333 0.6972222222222222 0.4796875 0.675 0.4828125 0.6611111111111111 0.49166666666666664 0.6462962962962963 0.5135416666666667 0.5888888888888889 0.5140625 0.5824074074074074 0.5072916666666667 0.5666666666666667 0.5067708333333333 0.5370370370370371 0.4901041666666667 0.5277777777777778 0.4822916666666667 0.5185185185185185 0.4739583333333333 0.5185185185185185 0.4625 0.5305555555555556 0.46041666666666664 0.5407407407407407 0.44947916666666665 0.562037037037037 0.4473958333333333 0.5842592592592593 0.44375 0.5925925925925926 0.4421875 0.6027777777777777 0.43333333333333335 0.6138888888888889 0.43020833333333336 0.6212962962962963 0.43072916666666666 0.6296296296296297 0.42916666666666664 0.6361111111111111 0.425 0.6351851851851852 0.4197916666666667 0.6435185185185185 0.41302083333333334 0.6462962962962963 0.41302083333333334 0.6555555555555556 0.415625 0.6611111111111111 0.41302083333333334 0.6620370370370371 0.40677083333333336 0.675 0.4114583333333333 0.6759259259259259 0.415625 0.6824074074074075 0.409375 0.6916666666666667 0.4 0.6916666666666667 0.4010416666666667 0.7018518518518518 0.3984375 0.7055555555555556 0.39791666666666664 0.712037037037037 0.3859375 0.7268518518518519 0.38697916666666665 0.7351851851851852 0.384375 0.7518518518518519 0.38697916666666665 0.7620370370370371 0.3848958333333333 0.7666666666666667 0.3828125 0.7638888888888888 0.38125 0.7685185185185185 0.3776041666666667 0.7694444444444445 0.37395833333333334 0.7796296296296297 0.37083333333333335 0.7805555555555556 0.36770833333333336 0.7944444444444444 0.36041666666666666 0.7962962962962963 0.35520833333333335 0.7935185185185185 0.3536458333333333 0.7981481481481482 0.3489583333333333 0.8009259259259259 0.3328125 0.8009259259259259 0.3260416666666667 0.812037037037037 0.32083333333333336 0.8148148148148148 0.3078125 0.8305555555555556 0.3067708333333333 0.8351851851851851 0.30052083333333335 0.837037037037037 0.29270833333333335 0.8444444444444444 0.2875 0.8416666666666667 0.2677083333333333 0.8444444444444444 0.265625 0.850925925925926 0.2557291666666667 0.8583333333333333 0.2557291666666667 0.8657407407407407 0.25364583333333335 0.8712962962962963 0.2552083333333333 0.8805555555555555 0.25416666666666665 0.8888888888888888 0.25677083333333334 0.8935185185185185 0.25729166666666664 0.9009259259259259 0.2526041666666667 0.9074074074074074 0.2526041666666667 0.9101851851851852 0.24010416666666667 0.9101851851851852 0.2375 0.8962962962962963 0.23385416666666667 0.887962962962963 0.22916666666666666 0.8842592592592593 0.22447916666666667 0.8851851851851852 0.21666666666666667 0.8981481481481481 0.21354166666666666 0.9092592592592592 0.20989583333333334 0.9101851851851852 0.20885416666666667 0.9175925925925926 0.18802083333333333 0.950925925925926 0.18177083333333333 0.9555555555555556 0.1796875 0.962037037037037 0.16302083333333334 0.9842592592592593
4 0.7291666666666666 0.31851851851851853 0.7265625 0.32407407407407407 0.7302083333333333 0.3212962962962963 0.7333333333333333 0.33055555555555555 0.7375 0.3296296296296296 0.7442708333333333 0.3212962962962963 0.7416666666666667 0.3101851851851852 0.7375 0.3074074074074074 0.7354166666666667 0.3101851851851852 0.7364583333333333 0.3138888888888889 0.7291666666666666 0.31851851851851853
4 0.7328125 0.28888888888888886 0.7333333333333333 0.30092592592592593 0.7375 0.30092592592592593 0.7369791666666666 0.2898148148148148 0.734375 0.28703703703703703 0.7328125 0.28888888888888886
4 0.5505208333333333 0.31574074074074077 0.5505208333333333 0.3212962962962963 0.5567708333333333 0.33240740740740743 0.5515625 0.34814814814814815 0.5385416666666667 0.3712962962962963 0.5375 0.38055555555555554 0.5322916666666667 0.3861111111111111 0.5317708333333333 0.39351851851851855 0.5364583333333334 0.39814814814814814 0.5578125 0.39814814814814814 0.5635416666666667 0.39537037037037037 0.5640625 0.4009259259259259 0.5567708333333333 0.4101851851851852 0.5609375 0.41203703703703703 0.565625 0.4222222222222222 0.5739583333333333 0.4842592592592593 0.5729166666666666 0.5092592592592593 0.5682291666666667 0.5185185185185185 0.546875 0.524074074074074 0.5427083333333333 0.5324074074074074 0.54375 0.5388888888888889 0.5541666666666667 0.5435185185185185 0.5619791666666667 0.5509259259259259 0.5661458333333333 0.562962962962963 0.5661458333333333 0.5981481481481481 0.5625 0.6037037037037037 0.5619791666666667 0.6157407407407407 0.5552083333333333 0.6361111111111111 0.5536458333333333 0.6462962962962963 0.5515625 0.649074074074074 0.5458333333333333 0.6796296296296296 0.55 0.6851851851851852 0.5520833333333334 0.7074074074074074 0.5625 0.7305555555555555 0.5619791666666667 0.7435185185185185 0.5588541666666667 0.7481481481481481 0.5526041666666667 0.7509259259259259 0.56875 0.812037037037037 0.5703125 0.837037037037037 0.5729166666666666 0.8398148148148148 0.5755208333333334 0.8574074074074074 0.5755208333333334 0.8796296296296297 0.5729166666666666 0.8925925925925926 0.5744791666666667 0.9037037037037037 0.5729166666666666 0.9407407407407408 0.5739583333333333 0.962037037037037 0.5708333333333333 0.9694444444444444 0.5723958333333333 0.9731481481481481 0.5697916666666667 0.975925925925926 0.56875 0.9833333333333333 0.571875 0.987037037037037 0.571875 0.9925925925925926 0.5796875 0.9962962962962963 0.60625 0.9962962962962963 0.6083333333333333 0.9935185185185185 0.6166666666666667 0.9935185185185185 0.61875 0.9962962962962963 0.7020833333333333 0.9935185185185185 0.7125 0.9981481481481481 0.8765625 0.9981481481481481 0.8828125 0.9935185185185185 0.88125 0.9777777777777777 0.8765625 0.9592592592592593 0.875 0.9416666666666667 0.8697916666666666 0.9259259259259259 0.8666666666666667 0.8870370370370371 0.8645833333333334 0.8814814814814815 0.8609375 0.8546296296296296 0.8604166666666667 0.8314814814814815 0.8666666666666667 0.8138888888888889 0.8692708333333333 0.7981481481481482 0.875 0.7935185185185185 0.8796875 0.7851851851851852 0.8869791666666667 0.7842592592592592 0.8989583333333333 0.7731481481481481 0.9010416666666666 0.7638888888888888 0.9114583333333334 0.7407407407407407 0.9135416666666667 0.7287037037037037 0.9182291666666667 0.7166666666666667 0.91875 0.7064814814814815 0.9223958333333333 0.6962962962962963 0.9255208333333333 0.6787037037037037 0.9302083333333333 0.6685185185185185 0.9328125 0.6555555555555556 0.9333333333333333 0.6435185185185185 0.9317708333333333 0.6361111111111111 0.9348958333333334 0.6185185185185185 0.9338541666666667 0.6083333333333333 0.9354166666666667 0.6055555555555555 0.9364583333333333 0.5888888888888889 0.9338541666666667 0.5796296296296296 0.9348958333333334 0.5601851851851852 0.9333333333333333 0.5518518518518518 0.9354166666666667 0.5462962962962963 0.9385416666666667 0.5101851851851852 0.94375 0.4962962962962963 0.9473958333333333 0.4777777777777778 0.9505208333333334 0.43148148148148147 0.9598958333333333 0.4009259259259259 0.9619791666666667 0.37592592592592594 0.9609375 0.34074074074074073 0.9630208333333333 0.3277777777777778 0.9666666666666667 0.3212962962962963 0.96875 0.31203703703703706 0.9703125 0.2962962962962963 0.96875 0.2740740740740741 0.9723958333333333 0.26851851851851855 0.971875 0.26296296296296295 0.9734375 0.25925925925925924 0.9755208333333333 0.19907407407407407 0.9802083333333333 0.17407407407407408 0.9807291666666667 0.1425925925925926 0.9833333333333333 0.13240740740740742 0.98125 0.12222222222222222 0.9854166666666667 0.10740740740740741 0.984375 0.09722222222222222 0.9864583333333333 0.09166666666666666 0.9791666666666666 0.025925925925925925 0.975 0.002777777777777778 0.9682291666666667 0 0.9552083333333333 0.005555555555555556 0.9541666666666667 0.002777777777777778 0.9447916666666667 0 0.9265625 0 0.9140625 0.005555555555555556 0.909375 0 0.8875 0 0.8723958333333334 0.005555555555555556 0.8640625 0 0.8291666666666667 0 0.8239583333333333 0.002777777777777778 0.7890625 0.004629629629629629 0.7864583333333334 0.010185185185185186 0.7822916666666667 0.005555555555555556 0.7848958333333333 0.010185185185185186 0.7817708333333333 0.013888888888888888 0.7817708333333333 0.03888888888888889 0.7916666666666666 0.05740740740740741 0.7859375 0.06481481481481481 0.76875 0.05555555555555555 0.7619791666666667 0.05740740740740741 0.75625 0.05092592592592592 0.7463541666666667 0.04814814814814815 0.7401041666666667 0.03981481481481482 0.7333333333333333 0.03888888888888889 0.71875 0.016666666666666666 0.7177083333333333 0.006481481481481481 0.7015625 0.004629629629629629 0.6973958333333333 0.017592592592592594 0.6942708333333333 0.021296296296296296 0.69375 0.03148148148148148 0.6885416666666667 0.041666666666666664 0.6895833333333333 0.046296296296296294 0.6828125 0.05555555555555555 0.675 0.07407407407407407 0.6520833333333333 0.11203703703703703 0.6484375 0.12962962962962962 0.6447916666666667 0.13240740740740742 0.6421875 0.14074074074074075 0.6375 0.14444444444444443 0.6260416666666667 0.16574074074074074 0.625 0.175 0.6223958333333334 0.17777777777777778 0.6197916666666666 0.1962962962962963 0.6151041666666667 0.19814814814814816 0.6151041666666667 0.2101851851851852 0.6135416666666667 0.21481481481481482 0.6078125 0.21666666666666667 0.6052083333333333 0.22407407407407406 0.6005208333333333 0.22314814814814815 0.5973958333333333 0.23055555555555557 0.5947916666666667 0.23055555555555557 0.5927083333333333 0.2351851851851852 0.5921875 0.25092592592592594 0.5880208333333333 0.25277777777777777 0.5854166666666667 0.25925925925925924 0.5776041666666667 0.2638888888888889 0.5729166666666666 0.2777777777777778 0.5557291666666667 0.30277777777777776 0.5505208333333333 0.31574074074074077
4 0.4239583333333333 0 0.425 0.07037037037037037 0.43072916666666666 0.08703703703703704 0.44479166666666664 0.11018518518518519 0.45260416666666664 0.14166666666666666 0.45677083333333335 0.14907407407407408 0.46458333333333335 0.1574074074074074 0.48020833333333335 0.1638888888888889 0.49166666666666664 0.17407407407407408 0.4942708333333333 0.17777777777777778 0.4953125 0.18703703703703703 0.5005208333333333 0.20092592592592592 0.5078125 0.21203703703703702 0.5182291666666666 0.2212962962962963 0.5260416666666666 0.20925925925925926 0.5291666666666667 0.19814814814814816 0.5369791666666667 0.19814814814814816 0.5348958333333333 0.21666666666666667 0.5380208333333333 0.22314814814814815 0.5322916666666667 0.2324074074074074 0.5286458333333334 0.2638888888888889 0.53125 0.2759259259259259 0.5375 0.28888888888888886 0.5395833333333333 0.3 0.5421875 0.30277777777777776 0.55 0.30277777777777776 0.5708333333333333 0.2712962962962963 0.5994791666666667 0.20185185185185187 0.6119791666666666 0.17685185185185184 0.6166666666666667 0.1712962962962963 0.6197916666666666 0.16018518518518518 0.6244791666666667 0.15462962962962962 0.6447916666666667 0.11388888888888889 0.6546875 0.09814814814814815 0.6583333333333333 0.08518518518518518 0.6791666666666667 0.04814814814814815 0.6838541666666667 0.026851851851851852 0.6869791666666667 0.021296296296296296 0.6890625 0.004629629629629629 0.6875 0 0.6322916666666667 0 0.6296875 0.002777777777777778 0.6145833333333334 0 0.5869791666666667 0.002777777777777778 0.5807291666666666 0.002777777777777778 0.5786458333333333 0 0.509375 0 0.5041666666666667 0.002777777777777778 0.49375 0.002777777777777778 0.49114583333333334 0 0.4239583333333333 0
1 0.41770833333333335 0.8601851851851852 0.4161458333333333 0.8805555555555555 0.41822916666666665 0.8842592592592593 0.42239583333333336 0.8824074074074074 0.4239583333333333 0.8777777777777778 0.4354166666666667 0.8666666666666667 0.4432291666666667 0.8805555555555555 0.44166666666666665 0.8851851851851852 0.43020833333333336 0.8981481481481481 0.42552083333333335 0.9101851851851852 0.4390625 0.9259259259259259 0.45208333333333334 0.9462962962962963 0.4546875 0.9462962962962963 0.4588541666666667 0.9527777777777777 0.46875 0.9601851851851851 0.4744791666666667 0.962037037037037 0.4890625 0.962037037037037 0.5239583333333333 0.9277777777777778 0.5229166666666667 0.8944444444444445 0.5197916666666667 0.8833333333333333 0.5166666666666667 0.8537037037037037 0.5177083333333333 0.8462962962962963 0.5244791666666667 0.8592592592592593 0.5270833333333333 0.8805555555555555 0.5296875 0.8870370370370371 0.5296875 0.8972222222222223 0.5359375 0.9166666666666666 0.540625 0.9148148148148149 0.5458333333333333 0.9046296296296297 0.55 0.8935185185185185 0.5526041666666667 0.8759259259259259 0.5515625 0.862037037037037 0.5385416666666667 0.8342592592592593 0.5375 0.825925925925926 0.534375 0.8185185185185185 0.5291666666666667 0.8101851851851852 0.5223958333333333 0.8046296296296296 0.5145833333333333 0.7916666666666666 0.5 0.7851851851851852 0.49114583333333334 0.7842592592592592 0.4786458333333333 0.7888888888888889 0.4625 0.7888888888888889 0.4453125 0.7935185185185185 0.43854166666666666 0.8037037037037037 0.4322916666666667 0.8203703703703704 0.4317708333333333 0.8305555555555556 0.42083333333333334 0.8481481481481481 0.41770833333333335 0.8601851851851852
3 0.5265625 0.9814814814814815 0.525 0.9907407407407407 0.5260416666666666 0.9981481481481481 0.6166666666666667 0.9981481481481481 0.6161458333333333 0.9935185185185185 0.6140625 0.9935185185185185 0.6057291666666667 0.9824074074074074 0.5911458333333334 0.975925925925926 0.5588541666666667 0.9777777777777777 0.5510416666666667 0.975 0.5489583333333333 0.9712962962962963 0.540625 0.9666666666666667 0.5317708333333333 0.9666666666666667 0.5265625 0.9814814814814815
3 0.37604166666666666 0.32592592592592595 0.37447916666666664 0.33055555555555555 0.3625 0.34444444444444444 0.3625 0.34814814814814815 0.36614583333333334 0.3490740740740741 0.36875 0.35555555555555557 0.36666666666666664 0.3851851851851852 0.36822916666666666 0.3907407407407407 0.371875 0.39351851851851855 0.3770833333333333 0.4046296296296296 0.38385416666666666 0.40555555555555556 0.38697916666666665 0.4101851851851852 0.39427083333333335 0.4074074074074074 0.3984375 0.4101851851851852 0.4 0.4185185185185185 0.403125 0.4185185185185185 0.40625 0.42314814814814816 0.41302083333333334 0.42314814814814816 0.421875 0.4305555555555556 0.428125 0.4305555555555556 0.44895833333333335 0.4185185185185185 0.4635416666666667 0.3962962962962963 0.4864583333333333 0.37777777777777777 0.4942708333333333 0.3685185185185185 0.5140625 0.35555555555555557 0.5260416666666666 0.35555555555555557 0.5296875 0.3527777777777778 0.53125 0.3435185185185185 0.5296875 0.3287037037037037 0.5328125 0.31851851851851853 0.5328125 0.31203703703703706 0.5302083333333333 0.2962962962962963 0.5177083333333333 0.27314814814814814 0.5046875 0.2351851851851852 0.4921875 0.22777777777777777 0.4744791666666667 0.22777777777777777 0.4432291666666667 0.23981481481481481 0.41875 0.26851851851851855 0.3848958333333333 0.31666666666666665 0.37604166666666666 0.32592592592592595
3 0.3651041666666667 0.9648148148148148 0.3625 0.9694444444444444 0.36354166666666665 0.9712962962962963 0.37395833333333334 0.9777777777777777 0.3859375 0.9777777777777777 0.4 0.9888888888888889 0.40520833333333334 0.9888888888888889 0.40677083333333336 0.9916666666666667 0.4140625 0.9888888888888889 0.41770833333333335 0.9935185185185185 0.4239583333333333 0.9935185185185185 0.425 0.9805555555555555 0.421875 0.9703703703703703 0.4197916666666667 0.9398148148148148 0.42239583333333336 0.9305555555555556 0.42239583333333336 0.9212962962962963 0.4244791666666667 0.9166666666666666 0.421875 0.9138888888888889 0.41354166666666664 0.9166666666666666 0.3651041666666667 0.9648148148148148
3 0.40208333333333335 0.8638888888888889 0.4036458333333333 0.9027777777777778 0.40729166666666666 0.9027777777777778 0.41041666666666665 0.9009259259259259 0.4140625 0.8935185185185185 0.4140625 0.8759259259259259 0.4166666666666667 0.8546296296296296 0.41458333333333336 0.850925925925926 0.40625 0.850925925925926 0.40208333333333335 0.8638888888888889
3 0.33229166666666665 0.9277777777777778 0.33177083333333335 0.9555555555555556 0.3375 0.9638888888888889 0.34375 0.9638888888888889 0.39375 0.9166666666666666 0.3885416666666667 0.8796296296296297 0.39010416666666664 0.862037037037037 0.3953125 0.8333333333333334 0.41822916666666665 0.7796296296296297 0.4161458333333333 0.7435185185185185 0.40677083333333336 0.7435185185185185 0.3875 0.7574074074074074 0.371875 0.7777777777777778 0.35989583333333336 0.812037037037037 0.35104166666666664 0.8138888888888889 0.34375 0.8212962962962963 0.33958333333333335 0.837037037037037 0.3375 0.9046296296296297 0.33229166666666665 0.9277777777777778
3 0.7755208333333333 0 0.7557291666666667 0.001851851851851852 0.7598958333333333 0.010185185185185186 0.7755208333333333 0.027777777777777776 0.7770833333333333 0.025 0.7755208333333333 0
3 0.721875 0 0.7208333333333333 0.010185185185185186 0.7229166666666667 0.018518518518518517 0.7333333333333333 0.03518518518518519 0.7567708333333333 0.05 0.7630208333333334 0.05 0.76875 0.04351851851851852 0.7692708333333333 0.03888888888888889 0.7671875 0.030555555555555555 0.7520833333333333 0.009259259259259259 0.7484375 0.000925925925925926 0.721875 0
3 0.4635416666666667 0.44814814814814813 0.4630208333333333 0.45555555555555555 0.46927083333333336 0.475 0.4739583333333333 0.48333333333333334 0.4817708333333333 0.5138888888888888 0.4901041666666667 0.5231481481481481 0.5015625 0.5305555555555556 0.5119791666666667 0.5351851851851852 0.5348958333333333 0.5351851851851852 0.5427083333333333 0.5212962962962963 0.5505208333333333 0.5212962962962963 0.5572916666666666 0.5148148148148148 0.5677083333333334 0.5138888888888888 0.571875 0.5027777777777778 0.56875 0.44814814814814813 0.5625 0.4212962962962963 0.5541666666666667 0.4101851851851852 0.5411458333333333 0.4009259259259259 0.5333333333333333 0.39814814814814814 0.5145833333333333 0.39814814814814814 0.5020833333333333 0.4046296296296296 0.4822916666666667 0.4074074074074074 0.4739583333333333 0.4166666666666667 0.4671875 0.44351851851851853 0.4635416666666667 0.44814814814814813
3 0.48072916666666665 0.07592592592592592 0.4791666666666667 0.08333333333333333 0.4765625 0.08518518518518518 0.4765625 0.10277777777777777 0.48020833333333335 0.10740740740740741 0.4822916666666667 0.11666666666666667 0.48541666666666666 0.11851851851851852 0.49375 0.13240740740740742 0.49375 0.175 0.4953125 0.18518518518518517 0.5005208333333333 0.2 0.5151041666666667 0.21851851851851853 0.5229166666666667 0.21666666666666667 0.5276041666666667 0.20277777777777778 0.5317708333333333 0.1962962962962963 0.5369791666666667 0.19907407407407407 0.5348958333333333 0.21666666666666667 0.5375 0.2212962962962963 0.5432291666666667 0.2212962962962963 0.5536458333333333 0.21203703703703702 0.5572916666666666 0.20092592592592592 0.5583333333333333 0.18518518518518517 0.5609375 0.1824074074074074 0.5625 0.17592592592592593 0.5635416666666667 0.1638888888888889 0.5625 0.1388888888888889 0.5588541666666667 0.13240740740740742 0.5546875 0.11388888888888889 0.55 0.10740740740740741 0.5447916666666667 0.11574074074074074 0.5427083333333333 0.12777777777777777 0.5411458333333333 0.11018518518518519 0.5328125 0.09814814814814815 0.525 0.08055555555555556 0.5072916666666667 0.06666666666666667 0.4875 0.06666666666666667 0.48072916666666665 0.07592592592592592
3 0.33229166666666665 0.4212962962962963 0.3302083333333333 0.44166666666666665 0.3265625 0.45185185185185184 0.32708333333333334 0.45925925925925926 0.3411458333333333 0.47962962962962963 0.3463541666666667 0.4981481481481482 0.3567708333333333 0.5120370370370371 0.371875 0.5166666666666667 0.38229166666666664 0.5259259259259259 0.38958333333333334 0.5277777777777778 0.3932291666666667 0.524074074074074 0.4114583333333333 0.4888888888888889 0.41822916666666665 0.4638888888888889 0.4203125 0.4444444444444444 0.42552083333333335 0.4305555555555556 0.44947916666666665 0.4185185185185185 0.4625 0.39814814814814814 0.4671875 0.3962962962962963 0.475 0.3851851851851852 0.484375 0.38055555555555554 0.48854166666666665 0.3731481481481482 0.49583333333333335 0.36666666666666664 0.5135416666666667 0.35555555555555557 0.525 0.35555555555555557 0.5296875 0.3527777777777778 0.5307291666666667 0.337037037037037 0.5291666666666667 0.3314814814814815 0.5322916666666667 0.31666666666666665 0.53125 0.30092592592592593 0.5171875 0.2712962962962963 0.5078125 0.24722222222222223 0.5067708333333333 0.23981481481481481 0.5010416666666667 0.2324074074074074 0.49114583333333334 0.22777777777777777 0.475 0.22777777777777777 0.44479166666666664 0.2388888888888889 0.4119791666666667 0.2777777777777778 0.39895833333333336 0.29814814814814816 0.37552083333333336 0.32592592592592595 0.37395833333333334 0.33055555555555555 0.3651041666666667 0.3388888888888889 0.3515625 0.36203703703703705 0.34791666666666665 0.375 0.3375 0.3990740740740741 0.33229166666666665 0.4212962962962963