4 0.39375 0.9527777777777777 0.39427083333333335 0.9629629629629629 0.3859375 0.9935185185185185 0.4088541666666667 0.9981481481481481 0.41354166666666664 0.9944444444444445 0.42604166666666665 0.9916666666666667 0.4265625 0.9851851851851852 0.425 0.9805555555555555 0.4197916666666667 0.9768518518518519 0.41770833333333335 0.9694444444444444 0.4114583333333333 0.9601851851851851 0.4010416666666667 0.950925925925926 0.39375 0.9527777777777777
4 0.003125 0.6462962962962963 0 0.6481481481481481 0 0.737037037037037 0.008854166666666666 0.7481481481481481 0 0.7546296296296297 0 0.7935185185185185 0.003125 0.7962962962962963 0.005208333333333333 0.8074074074074075 0.011458333333333333 0.8074074074074075 0.017708333333333333 0.812962962962963 0.01875 0.8212962962962963 0 0.8231481481481482 0 0.8638888888888889 0.0036458333333333334 0.8638888888888889 0.0036458333333333334 0.8712962962962963 0.0020833333333333333 0.8731481481481481 0.00625 0.8759259259259259 0.016666666666666666 0.8759259259259259 0.020572916666666666 0.8712962962962963 0.020833333333333332 0.8731481481481481 0.022395833333333334 0.8685185185185185 0.025 0.8694444444444445 0.0234375 0.8731481481481481 0.03125 0.8666666666666667 0.043229166666666666 0.8666666666666667 0.04583333333333333 0.8759259259259259 0.05 0.8787037037037037 0.051041666666666666 0.887962962962963 0.06875 0.9212962962962963 0.0734375 0.9212962962962963 0.07604166666666666 0.9259259259259259 0.08229166666666667 0.9277777777777778 0.08333333333333333 0.9342592592592592 0.0859375 0.937962962962963 0.08697916666666666 0.9481481481481482 0.09010416666666667 0.9555555555555556 0.09479166666666666 0.9601851851851851 0.125 0.950925925925926 0.13541666666666666 0.9546296296296296 0.14791666666666667 0.9638888888888889 0.16979166666666667 0.9935185185185185 0.19010416666666666 0.9962962962962963 0.23177083333333334 0.9935185185185185 0.2390625 0.9851851851851852 0.24895833333333334 0.9796296296296296 0.2520833333333333 0.9731481481481481 0.290625 0.9351851851851852 0.3104166666666667 0.9046296296296297 0.3140625 0.887962962962963 0.31979166666666664 0.8824074074074074 0.325 0.8694444444444445 0.33125 0.862037037037037 0.33125 0.837037037037037 0.3234375 0.812037037037037 0.3338541666666667 0.812037037037037 0.3375 0.8074074074074075 0.3375 0.8018518518518518 0.33958333333333335 0.8 0.3359375 0.7888888888888889 0.33229166666666665 0.7861111111111111 0.33125 0.7777777777777778 0.3223958333333333 0.7685185185185185 0.32395833333333335 0.7574074074074074 0.3151041666666667 0.7462962962962963 0.3078125 0.7435185185185185 0.3 0.7324074074074074 0.28854166666666664 0.7305555555555555 0.2864583333333333 0.725925925925926 0.28125 0.725 0.28020833333333334 0.7194444444444444 0.26979166666666665 0.7166666666666667 0.2630208333333333 0.7074074074074074 0.24375 0.7074074074074074 0.24375 0.7101851851851851 0.25052083333333336 0.7231481481481481 0.25729166666666664 0.7305555555555555 0.2630208333333333 0.7324074074074074 0.26927083333333335 0.7416666666666667 0.2755208333333333 0.7462962962962963 0.27708333333333335 0.7490740740740741 0.2760416666666667 0.7574074074074074 0.2682291666666667 0.7527777777777778 0.2578125 0.7398148148148148 0.25052083333333336 0.737037037037037 0.24270833333333333 0.725925925925926 0.2390625 0.725 0.23645833333333333 0.7194444444444444 0.22708333333333333 0.7148148148148148 0.22083333333333333 0.7074074074074074 0.20572916666666666 0.7027777777777777 0.2046875 0.6990740740740741 0.19739583333333333 0.6962962962962963 0.1859375 0.6851851851851852 0.15885416666666666 0.6712962962962963 0.12239583333333333 0.6685185185185185 0.11927083333333334 0.6638888888888889 0.109375 0.6592592592592592 0.0984375 0.6620370370370371 0.09427083333333333 0.6574074074074074 0.0671875 0.6555555555555556 0.065625 0.6527777777777778 0.05260416666666667 0.6527777777777778 0.033854166666666664 0.6481481481481481 0.003125 0.6462962962962963
4 0.0046875 0.2759259259259259 0.0046875 0.2796296296296296 0 0.2851851851851852 0 0.28888888888888886 0.005208333333333333 0.29814814814814816 0.003125 0.31574074074074077 0.0046875 0.32685185185185184 0 0.33055555555555555 0 0.5416666666666666 0.005729166666666666 0.5462962962962963 0.021354166666666667 0.5462962962962963 0.03854166666666667 0.5509259259259259 0.0921875 0.5574074074074075 0.096875 0.5601851851851852 0.11041666666666666 0.5601851851851852 0.13697916666666668 0.5685185185185185 0.1390625 0.5638888888888889 0.13697916666666668 0.5416666666666666 0.13229166666666667 0.5370370370370371 0.12604166666666666 0.5231481481481481 0.11979166666666667 0.5166666666666667 0.11197916666666667 0.5009259259259259 0.09427083333333333 0.47962962962962963 0.08697916666666666 0.462037037037037 0.07760416666666667 0.44907407407407407 0.07447916666666667 0.4388888888888889 0.06614583333333333 0.42685185185185187 0.05572916666666667 0.4027777777777778 0.050520833333333334 0.3972222222222222 0.0421875 0.3731481481481482 0.0375 0.36666666666666664 0.036458333333333336 0.36018518518518516 0.0296875 0.3472222222222222 0.022395833333333334 0.3212962962962963 0.016666666666666666 0.30925925925925923 0.0109375 0.2824074074074074 0.0078125 0.2759259259259259 0.0046875 0.2759259259259259
4 0.7651041666666667 0.0712962962962963 0.7645833333333333 0.08888888888888889 0.7682291666666666 0.10185185185185185 0.7703125 0.1259259259259259 0.7729166666666667 0.13425925925925927 0.7755208333333333 0.13518518518518519 0.7796875 0.12962962962962962 0.7817708333333333 0.11481481481481481 0.7895833333333333 0.11203703703703703 0.7932291666666667 0.10555555555555556 0.7932291666666667 0.09814814814814815 0.8041666666666667 0.0824074074074074 0.8067708333333333 0.07314814814814814 0.8072916666666666 0.062037037037037036 0.7973958333333333 0.041666666666666664 0.7942708333333334 0.041666666666666664 0.790625 0.032407407407407406 0.78125 0.018518518518518517 0.7744791666666667 0.014814814814814815 0.7703125 0.016666666666666666 0.76875 0.020370370370370372 0.7682291666666666 0.05092592592592592 0.7651041666666667 0.0712962962962963
4 0.76875 0.4101851851851852 0.76875 0.43796296296296294 0.7661458333333333 0.4722222222222222 0.7645833333333333 0.4759259259259259 0.7645833333333333 0.4842592592592593 0.76875 0.4888888888888889 0.7895833333333333 0.5046296296296297 0.7942708333333334 0.5046296296296297 0.8026041666666667 0.4981481481481482 0.8067708333333333 0.4981481481481482 0.8130208333333333 0.4888888888888889 0.821875 0.48703703703703705 0.8229166666666666 0.4824074074074074 0.8348958333333333 0.48518518518518516 0.8442708333333333 0.4962962962962963 0.846875 0.4962962962962963 0.8515625 0.5111111111111111 0.8515625 0.5175925925925926 0.8479166666666667 0.5277777777777778 0.8473958333333333 0.5435185185185185 0.8625 0.5462962962962963 0.8677083333333333 0.5416666666666666 0.8739583333333333 0.5416666666666666 0.8859375 0.5574074074074075 0.8989583333333333 0.5638888888888889 0.9119791666666667 0.5638888888888889 0.9140625 0.5666666666666667 0.9119791666666667 0.5851851851851851 0.9098958333333333 0.5907407407407408 0.90625 0.5944444444444444 0.90625 0.5981481481481481 0.9026041666666667 0.6055555555555555 0.89375 0.6138888888888889 0.8932291666666666 0.6194444444444445 0.8895833333333333 0.6231481481481481 0.8890625 0.6305555555555555 0.8916666666666667 0.6398148148148148 0.8911458333333333 0.6435185185185185 0.8869791666666667 0.6555555555555556 0.8833333333333333 0.6555555555555556 0.88125 0.6601851851851852 0.88125 0.675 0.8796875 0.6805555555555556 0.8760416666666667 0.6851851851851852 0.8734375 0.6962962962962963 0.8645833333333334 0.7129629629629629 0.8640625 0.7342592592592593 0.8557291666666667 0.7527777777777778 0.8515625 0.7555555555555555 0.8473958333333333 0.7675925925925926 0.8473958333333333 0.7731481481481481 0.8453125 0.7759259259259259 0.83125 0.7731481481481481 0.8182291666666667 0.7805555555555556 0.8005208333333333 0.8138888888888889 0.7984375 0.8212962962962963 0.7958333333333333 0.8231481481481482 0.7932291666666667 0.8305555555555556 0.7932291666666667 0.8361111111111111 0.7911458333333333 0.837037037037037 0.7916666666666666 0.8407407407407408 0.7885416666666667 0.8481481481481481 0.7875 0.8638888888888889 0.7895833333333333 0.8861111111111111 0.7880208333333333 0.9064814814814814 0.7885416666666667 0.9601851851851851 0.7911458333333333 0.9935185185185185 0.7958333333333333 0.9981481481481481 0.8203125 0.9981481481481481 0.8302083333333333 0.9935185185185185 0.884375 0.9944444444444445 0.9 0.9981481481481481 0.9557291666666666 0.9935185185185185 0.9755208333333333 0.9981481481481481 0.9885416666666667 0.9962962962962963 0.99375 0.9916666666666667 0.9963541666666667 0.9842592592592593 0.9994791666666667 0.9824074074074074 0.9994791666666667 0.8916666666666667 0.9932291666666667 0.8916666666666667 0.9921875 0.8888888888888888 0.99375 0.8805555555555555 0.9994791666666667 0.8731481481481481 0.9963541666666667 0.8712962962962963 0.9947916666666666 0.8648148148148148 0.990625 0.8592592592592593 0.9932291666666667 0.8555555555555555 0.9911458333333333 0.85 0.9994791666666667 0.8462962962962963 0.9994791666666667 0.8351851851851851 0.9958333333333333 0.8324074074074074 0.9994791666666667 0.8296296296296296 0.9994791666666667 0.7981481481481482 0.9963541666666667 0.7981481481481482 0.9932291666666667 0.7935185185185185 0.9921875 0.7861111111111111 0.9927083333333333 0.774074074074074 0.9994791666666667 0.7638888888888888 0.9994791666666667 0.7166666666666667 0.9958333333333333 0.7129629629629629 0.9994791666666667 0.7101851851851851 0.9994791666666667 0.6527777777777778 0.9947916666666666 0.649074074074074 0.9932291666666667 0.6407407407407407 0.9932291666666667 0.6185185185185185 0.9953125 0.6148148148148148 0.9947916666666666 0.6092592592592593 0.9994791666666667 0.6055555555555555 0.9973958333333334 0.6027777777777777 0.9973958333333334 0.5972222222222222 0.9994791666666667 0.5962962962962963 0.9994791666666667 0.5101851851851852 0.9979166666666667 0.5101851851851852 0.9942708333333333 0.5018518518518519 0.9942708333333333 0.4962962962962963 0.9994791666666667 0.4898148148148148 0.9994791666666667 0.46944444444444444 0.9979166666666667 0.46944444444444444 0.99375 0.45925925925925926 0.99375 0.45555555555555555 0.9994791666666667 0.44814814814814813 0.9994791666666667 0.3212962962962963 0.9963541666666667 0.3175925925925926 0.9973958333333334 0.31296296296296294 0.9994791666666667 0.31203703703703706 0.9994791666666667 0.2101851851851852 0.9958333333333333 0.20462962962962963 0.9963541666666667 0.1962962962962963 0.9994791666666667 0.1935185185185185 0.9994791666666667 0.1388888888888889 0.9958333333333333 0.1361111111111111 0.9942708333333333 0.125 0.9947916666666666 0.12222222222222222 0.9994791666666667 0.11944444444444445 0.9994791666666667 0.075 0.9973958333333334 0.07314814814814814 0.9958333333333333 0.06759259259259259 0.9973958333333334 0.06388888888888888 0.9932291666666667 0.053703703703703705 0.9963541666666667 0.04537037037037037 0.9994791666666667 0.04351851851851852 0.9994791666666667 0.007407407407407408 0.9916666666666667 0 0.971875 0 0.9510416666666667 0.005555555555555556 0.9395833333333333 0.027777777777777776 0.9354166666666667 0.041666666666666664 0.9203125 0.06296296296296296 0.9119791666666667 0.09351851851851851 0.9072916666666667 0.1 0.9020833333333333 0.10092592592592593 0.89375 0.11481481481481481 0.89375 0.11851851851851852 0.8895833333333333 0.12314814814814815 0.8864583333333333 0.13240740740740742 0.8833333333333333 0.15462962962962962 0.8755208333333333 0.1574074074074074 0.8651041666666667 0.16944444444444445 0.8286458333333333 0.24166666666666667 0.8255208333333334 0.24444444444444444 0.8166666666666667 0.26481481481481484 0.7828125 0.32314814814814813 0.7744791666666667 0.3435185185185185 0.7723958333333333 0.375 0.7708333333333334 0.37777777777777777 0.7723958333333333 0.387037037037037 0.76875 0.4101851851851852
4 0.7828125 0.008333333333333333 0.7822916666666667 0.012962962962962963 0.784375 0.016666666666666666 0.7942708333333334 0.023148148148148147 0.8010416666666667 0.03425925925925926 0.8140625 0.04351851851851852 0.8182291666666667 0.04351851851851852 0.8239583333333333 0.03518518518518519 0.8239583333333333 0.024074074074074074 0.8307291666666666 0.021296296296296296 0.8307291666666666 0.010185185185185186 0.8333333333333334 0.004629629629629629 0.8265625 0 0.7875 0 0.7828125 0.008333333333333333
1 0.88125 0.9305555555555556 0.8802083333333334 0.9472222222222222 0.8822916666666667 0.9537037037037037 0.8958333333333334 0.962037037037037 0.9234375 0.9601851851851851 0.9411458333333333 0.9527777777777777 0.9598958333333333 0.9351851851851852 0.9994791666666667 0.875 0.9994791666666667 0.850925925925926 0.9932291666666667 0.8416666666666667 0.9817708333333334 0.8416666666666667 0.9328125 0.8527777777777777 0.9 0.8555555555555555 0.8958333333333334 0.8629629629629629 0.8901041666666667 0.8851851851851852 0.8890625 0.9009259259259259 0.88125 0.9305555555555556
1 0.8890625 0.33240740740740743 0.8890625 0.3425925925925926 0.8989583333333333 0.3527777777777778 0.9104166666666667 0.3509259259259259 0.9135416666666667 0.3416666666666667 0.9130208333333333 0.33240740740740743 0.9078125 0.32592592592592595 0.8947916666666667 0.32592592592592595 0.8890625 0.33240740740740743
1 0.4510416666666667 0.9888888888888889 0.4453125 0.9898148148148148 0.45 0.9935185185185185 0.45260416666666664 0.9898148148148148 0.4510416666666667 0.9888888888888889
1 0.9486979166666667 0.924074074074074 0.0015625 0.001851851851851852
1 0.9515625 0.9185185185185185 0.9510416666666667 0.9222222222222223 0.9526041666666667 0.9231481481481482 0.9557291666666666 0.9212962962962963 0.95625 0.9166666666666666 0.9515625 0.9185185185185185
1 0.4041666666666667 0.9138888888888889 0.4041666666666667 0.9212962962962963 0.40677083333333336 0.9166666666666666 0.4125 0.9185185185185185 0.4119791666666667 0.9138888888888889 0.40729166666666666 0.9166666666666666 0.4041666666666667 0.9138888888888889
1 0.8869791666666667 0.9212962962962963 0.8854166666666666 0.9388888888888889 0.8880208333333334 0.9416666666666667 0.8859375 0.9462962962962963 0.8895833333333333 0.9490740740740741 0.8932291666666666 0.9462962962962963 0.9 0.9481481481481482 0.9015625 0.9462962962962963 0.9010416666666666 0.9425925925925925 0.9046875 0.9388888888888889 0.9125 0.9388888888888889 0.9203125 0.9324074074074075 0.9244791666666666 0.937037037037037 0.9302083333333333 0.937037037037037 0.9338541666666667 0.9305555555555556 0.9390625 0.937037037037037 0.9397567708333334 0.9305555555555556 0.9368057291666666 0.9305555555555556 0.9375 0.9259259259259259 0.9432291666666667 0.9259259259259259 0.9427083333333334 0.9351851851851852 0.94375 0.924074074074074 0.9473958333333333 0.9212962962962963 0.94375 0.9175925925925926 0.9421875 0.9101851851851852 0.9489583333333333 0.9046296296296297 0.9510416666666667 0.9101851851851852 0.95625 0.9120370370370371 0.9567708333333333 0.9027777777777778 0.9552083333333333 0.8981481481481481 0.9609375 0.8981481481481481 0.9640625 0.8898148148148148 0.9645833333333333 0.8981481481481481 0.9666666666666667 0.9009259259259259 0.971875 0.8981481481481481 0.9739583333333334 0.8935185185185185 0.9703125 0.8898148148148148 0.9692708333333333 0.8851851851851852 0.9752604166666666 0.8842592592592593 0.9760416666666667 0.8805555555555555 0.9776041666666667 0.8805555555555555 0.978125 0.8842592592592593 0.9828125 0.8824074074074074 0.9848958333333333 0.8796296296296297 0.9854166666666667 0.8731481481481481 0.99375 0.8759259259259259 0.9942708333333333 0.8712962962962963 0.9927083333333333 0.8685185185185185 0.9890625 0.875 0.9880208333333333 0.8666666666666667 0.984375 0.862037037037037 0.9807291666666667 0.862037037037037 0.9739583333333334 0.8712962962962963 0.971875 0.8685185185185185 0.9703125 0.8759259259259259 0.9640625 0.8805555555555555 0.9604166666666667 0.8777777777777778 0.9520833333333333 0.8777777777777778 0.95 0.8824074074074074 0.9520833333333333 0.8861111111111111 0.9494791666666667 0.8935185185185185 0.9375 0.8898148148148148 0.9354166666666667 0.8935185185185185 0.928125 0.8962962962962963 0.925 0.8944444444444445 0.921875 0.9 0.9203125 0.8962962962962963 0.9177083333333333 0.9 0.9182291666666667 0.9027777777777778 0.9151041666666667 0.9055555555555556 0.9130208333333333 0.9027777777777778 0.9067708333333333 0.9092592592592592 0.8963541666666667 0.9074074074074074 0.8901041666666667 0.9138888888888889 0.8869791666666667 0.9212962962962963
1 0.4203125 0.8731481481481481 0.4192708333333333 0.8796296296296297 0.421875 0.8953703703703704 0.45 0.9231481481481482 0.4557291666666667 0.9324074074074075 0.45729166666666665 0.9388888888888889 0.46145833333333336 0.9416666666666667 0.46041666666666664 0.9527777777777777 0.45625 0.950925925925926 0.44895833333333335 0.9574074074074074 0.4473958333333333 0.9518518518518518 0.4484375 0.9435185185185185 0.44375 0.9398148148148148 0.43802083333333336 0.9398148148148148 0.434375 0.9435185185185185 0.4359375 0.9481481481481482 0.4359375 0.9555555555555556 0.43333333333333335 0.962037037037037 0.4348958333333333 0.9638888888888889 0.4348958333333333 0.9694444444444444 0.4375 0.9731481481481481 0.45416666666666666 0.975925925925926 0.4552083333333333 0.9824074074074074 0.4515625 0.9824074074074074 0.45208333333333334 0.9851851851851852 0.459375 0.9796296296296296 0.46197916666666666 0.9824074074074074 0.46875 0.9824074074074074 0.478125 0.9712962962962963 0.4796875 0.975 0.484375 0.975 0.49322916666666666 0.9805555555555555 0.5135416666666667 0.9981481481481481 0.5458333333333333 0.9981481481481481 0.55625 0.9944444444444445 0.5890625 0.9981481481481481 0.6104166666666667 0.9935185185185185 0.6114583333333333 0.9694444444444444 0.6078125 0.9518518518518518 0.6072916666666667 0.9203703703703704 0.609375 0.9092592592592592 0.6083333333333333 0.9009259259259259 0.6182291666666667 0.8601851851851852 0.609375 0.8351851851851851 0.6057291666666667 0.8305555555555556 0.5947916666666667 0.8287037037037037 0.5921875 0.8212962962962963 0.5697916666666667 0.8212962962962963 0.565625 0.825925925925926 0.5645833333333333 0.8231481481481482 0.5651041666666666 0.8277777777777777 0.5604166666666667 0.8305555555555556 0.5609375 0.837037037037037 0.5541666666666667 0.8416666666666667 0.5482640624999999 0.8416666666666667 0.55 0.8324074074074074 0.546875 0.8324074074074074 0.5463541666666667 0.8351851851851851 0.54375 0.8324074074074074 0.5421875 0.8361111111111111 0.540625 0.8324074074074074 0.5375 0.8324074074074074 0.5364583333333334 0.8277777777777777 0.5317708333333333 0.8277777777777777 0.528125 0.8351851851851851 0.5125 0.837037037037037 0.4947916666666667 0.8351851851851851 0.49375 0.8305555555555556 0.49166666666666664 0.8296296296296296 0.4869791666666667 0.8351851851851851 0.46927083333333336 0.8351851851851851 0.4515625 0.8444444444444444 0.4473958333333333 0.850925925925926 0.425 0.8574074074074074 0.4234375 0.8666666666666667 0.4203125 0.8731481481481481
1 0.6864583333333333 0.9351851851851852 0.6885416666666667 0.9416666666666667 0.6864583333333333 0.950925925925926 0.6828125 0.9574074074074074 0.6875 0.9648148148148148 0.6947916666666667 0.9935185185185185 0.7083333333333334 0.9981481481481481 0.7859375 0.9981481481481481 0.7875 0.9851851851851852 0.7859375 0.9703703703703703 0.7864583333333334 0.9351851851851852 0.7848958333333333 0.924074074074074 0.7854166666666667 0.8916666666666667 0.7776041666666667 0.8462962962962963 0.7776041666666667 0.8333333333333334 0.7828125 0.825925925925926 0.7854166666666667 0.8166666666666667 0.7833333333333333 0.8194444444444444 0.7826822916666667 0.8166666666666667 0.7744791666666667 0.8166666666666667 0.7651041666666667 0.825925925925926 0.75625 0.8277777777777777 0.7479166666666667 0.8388888888888889 0.7390625 0.8435185185185186 0.734375 0.8583333333333333 0.7119791666666667 0.8851851851851852 0.7109375 0.8907407407407407 0.7078125 0.8935185185185185 0.70625 0.9027777777777778 0.69375 0.9138888888888889 0.6921875 0.925 0.6895833333333333 0.9259259259259259 0.6864583333333333 0.9351851851851852
1 0.36223958333333334 0.7814814814814814 0.0005208333333333333 0.001851851851851852
1 0.35234375 0.7814814814814814 0.0015625 0.001851851851851852
1 0.3578125 0.7620370370370371 0.3578125 0.7685185185185185 0.359375 0.7611111111111111 0.3625 0.7685185185185185 0.3619791666666667 0.7620370370370371 0.3578125 0.7620370370370371
1 0.6130208333333333 0.7601851851851852 0.6109375 0.7620370370370371 0.6125 0.7638888888888888 0.6130208333333333 0.7601851851851852
1 0.6322916666666667 0.7333333333333333 0.6317708333333333 0.7481481481481481 0.6354166666666666 0.7509259259259259 0.6375 0.7509259259259259 0.6385416666666667 0.7462962962962963 0.6442708333333333 0.7416666666666667 0.6598958333333333 0.7435185185185185 0.6625 0.737037037037037 0.6625 0.7324074074074074 0.6453125 0.7305555555555555 0.64375 0.7277777777777777 0.6322916666666667 0.7333333333333333
1 0.8265625 0.7564814814814815 0.8255208333333334 0.7638888888888888 0.8270833333333333 0.7666666666666667 0.8359375 0.7731481481481481 0.8447916666666667 0.7712962962962963 0.8494791666666667 0.7527777777777778 0.8583333333333333 0.7416666666666667 0.8625 0.7324074074074074 0.8625 0.7231481481481481 0.8557291666666667 0.7212962962962963 0.8484375 0.7277777777777777 0.8416666666666667 0.7388888888888889 0.8375 0.7398148148148148 0.8354166666666667 0.7444444444444445 0.83125 0.7462962962962963 0.8265625 0.7564814814814815
1 0.2703125 0.6944444444444444 0.2713541666666667 0.700925925925926 0.27447916666666666 0.7055555555555556 0.2796875 0.7055555555555556 0.28229166666666666 0.7101851851851851 0.29375 0.7138888888888889 0.3 0.725 0.3098958333333333 0.7305555555555555 0.31875 0.7416666666666667 0.3265625 0.7444444444444445 0.3416666666666667 0.7592592592592593 0.3489583333333333 0.7601851851851852 0.35 0.7574074074074074 0.34427083333333336 0.7462962962962963 0.3453125 0.7398148148148148 0.3380208333333333 0.7342592592592593 0.33489583333333334 0.725925925925926 0.3223958333333333 0.7092592592592593 0.31614583333333335 0.7092592592592593 0.31354166666666666 0.712037037037037 0.30625 0.6981481481481482 0.3 0.6981481481481482 0.29739583333333336 0.6944444444444444 0.2864583333333333 0.6916666666666667 0.27447916666666666 0.6916666666666667 0.2703125 0.6944444444444444
1 0.6328125 0.7981481481481482 0.6333333333333333 0.8074074074074075 0.6416666666666667 0.8212962962962963 0.6453125 0.8212962962962963 0.6546875 0.8138888888888889 0.6802083333333333 0.7805555555555556 0.6895833333333333 0.7648148148148148 0.696875 0.7592592592592593 0.7078125 0.7398148148148148 0.7229166666666667 0.725 0.7328125 0.7101851851851851 0.7354166666666667 0.7101851851851851 0.7395833333333334 0.7027777777777777 0.7416666666666667 0.7027777777777777 0.7432291666666667 0.6981481481481482 0.7604166666666666 0.6759259259259259 0.7635416666666667 0.6666666666666666 0.759375 0.6212962962962963 0.7552083333333334 0.6185185185185185 0.7421875 0.625 0.7197916666666667 0.6231481481481481 0.7182291666666667 0.6259259259259259 0.7098958333333333 0.6277777777777778 0.7026041666666667 0.6444444444444445 0.69375 0.6805555555555556 0.69375 0.700925925925926 0.6973958333333333 0.7092592592592593 0.7010416666666667 0.725925925925926 0.6994791666666667 0.7324074074074074 0.6838541666666667 0.7481481481481481 0.66875 0.7527777777777778 0.665625 0.762962962962963 0.6510416666666666 0.7796296296296297 0.6463541666666667 0.7805555555555556 0.6328125 0.7981481481481482
1 0.7927083333333333 0.5111111111111111 0.7927083333333333 0.5185185185185185 0.7958333333333333 0.5277777777777778 0.7994791666666666 0.5324074074074074 0.8020833333333334 0.5416666666666666 0.8171875 0.5694444444444444 0.8197916666666667 0.5777777777777777 0.8270833333333333 0.5805555555555556 0.8395833333333333 0.5740740740740741 0.8479166666666667 0.575925925925926 0.8546875 0.5851851851851851 0.8708333333333333 0.6175925925925926 0.8796875 0.6277777777777778 0.884375 0.6259259259259259 0.8890625 0.6101851851851852 0.8989583333333333 0.6027777777777777 0.9015625 0.5981481481481481 0.9020833333333333 0.5851851851851851 0.90625 0.5777777777777777 0.9208333333333333 0.5712962962962963 0.9223958333333333 0.5666666666666667 0.921875 0.562037037037037 0.909375 0.5648148148148148 0.8947916666666667 0.5638888888888889 0.8875 0.5592592592592592 0.8796875 0.5481481481481482 0.8697916666666666 0.5416666666666666 0.8515625 0.5435185185185185 0.85 0.5407407407407407 0.8505208333333333 0.5370370370370371 0.8572916666666667 0.5324074074074074 0.8505208333333333 0.5287037037037037 0.8479166666666667 0.5055555555555555 0.8421875 0.49444444444444446 0.8359375 0.4888888888888889 0.8197916666666667 0.4888888888888889 0.8135416666666667 0.4935185185185185 0.8078125 0.5027777777777778 0.7927083333333333 0.5111111111111111
1 0.9864583333333333 0.36574074074074076 0.9848958333333333 0.37592592592592594 0.9890625 0.40185185185185185 0.99375 0.41203703703703703 0.9994791666666667 0.41388888888888886 0.9994791666666667 0.3638888888888889 0.9864583333333333 0.36574074074074076