4 0.7489583333333333 0.49444444444444446 0.7479166666666667 0.5203703703703704 0.75 0.5361111111111111 0.7536458333333333 0.5444444444444444 0.7536458333333333 0.5546296296296296 0.7484375 0.575 0.7375 0.6027777777777777 0.7369791666666666 0.6092592592592593 0.7395833333333334 0.612037037037037 0.7619791666666667 0.6166666666666667 0.7927083333333333 0.6185185185185185 0.7932291666666667 0.5935185185185186 0.8239583333333333 0.5388888888888889 0.8354166666666667 0.5296296296296297 0.8380208333333333 0.5185185185185185 0.84375 0.5092592592592593 0.8557291666666667 0.475 0.8619791666666666 0.4685185185185185 0.8614583333333333 0.46574074074074073 0.8677083333333333 0.45555555555555555 0.8671875 0.45092592592592595 0.8723958333333334 0.4444444444444444 0.8765625 0.4203703703703704 0.878125 0.4185185185185185 0.8802083333333334 0.37777777777777777 0.8864583333333333 0.37222222222222223 0.8911458333333333 0.3731481481481482 0.8927083333333333 0.36666666666666664 0.903125 0.36666666666666664 0.9072916666666667 0.3685185185185185 0.9145833333333333 0.38425925925925924 0.9260416666666667 0.39351851851851855 0.93125 0.39351851851851855 0.9380208333333333 0.38425925925925924 0.9536458333333333 0.38425925925925924 0.9557291666666666 0.3731481481481482 0.9541666666666667 0.36018518518518516 0.9427083333333334 0.33796296296296297 0.9395833333333333 0.3351851851851852 0.9375 0.30462962962962964 0.9375 0.2972222222222222 0.9416666666666667 0.2796296296296296 0.9442708333333333 0.1925925925925926 0.9473958333333333 0.14351851851851852 0.9473958333333333 0.12314814814814815 0.9447916666666667 0.10833333333333334 0.9458333333333333 0.10555555555555556 0.9614583333333333 0.10092592592592593 0.9671875 0.09166666666666666 0.971875 0.075 0.9755208333333333 0.04722222222222222 0.9932291666666667 0.016666666666666666 0.99375 0.002777777777777778 0.9921875 0 0.9 0 0.9 0.014814814814814815 0.8973958333333333 0.021296296296296296 0.884375 0.027777777777777776 0.8697916666666666 0.041666666666666664 0.8614583333333333 0.062037037037037036 0.85 0.08055555555555556 0.8338541666666667 0.12314814814814815 0.8302083333333333 0.14351851851851852 0.8208333333333333 0.17777777777777778 0.8125 0.19814814814814816 0.8104166666666667 0.21666666666666667 0.8067708333333333 0.225 0.8036458333333333 0.25092592592592594 0.7942708333333334 0.2712962962962963 0.7916666666666666 0.29814814814814816 0.7796875 0.3509259259259259 0.7744791666666667 0.387037037037037 0.7645833333333333 0.4185185185185185 0.7619791666666667 0.43703703703703706 0.7515625 0.475
4 0.3645833333333333 0.262037037037037 0.3640625 0.28425925925925927 0.36614583333333334 0.29444444444444445 0.36875 0.35555555555555557 0.3729166666666667 0.3685185185185185 0.375 0.38333333333333336 0.37864583333333335 0.3925925925925926 0.38177083333333334 0.412962962962963 0.3848958333333333 0.4185185185185185 0.3963541666666667 0.5046296296296297 0.40729166666666666 0.5462962962962963 0.40677083333333336 0.5814814814814815 0.4140625 0.6203703703703703 0.4265625 0.6462962962962963 0.4390625 0.6620370370370371 0.45625 0.6648148148148149 0.4630208333333333 0.6601851851851852 0.46770833333333334 0.6666666666666666 0.46875 0.6731481481481482 0.48125 0.6981481481481482 0.496875 0.7101851851851851 0.5010416666666667 0.7194444444444444 0.5020833333333333 0.737037037037037 0.5109375 0.7648148148148148 0.5151041666666667 0.7888888888888889 0.51875 0.7981481481481482 0.5369791666666667 0.8055555555555556 0.5395833333333333 0.8166666666666667 0.5442708333333334 0.825925925925926 0.5635416666666667 0.825925925925926 0.5786458333333333 0.8212962962962963 0.5817708333333333 0.812037037037037 0.5817708333333333 0.7814814814814814 0.5833333333333334 0.7703703703703704 0.5875 0.7620370370370371 0.5927083333333333 0.7601851851851852 0.5989583333333334 0.7527777777777778 0.5989583333333334 0.7314814814814815 0.6005208333333333 0.7277777777777777 0.6036458333333333 0.7277777777777777 0.609375 0.7212962962962963 0.609375 0.712037037037037 0.6015625 0.6925925925925925 0.6057291666666667 0.674074074074074 0.6125 0.6574074074074074 0.6302083333333334 0.6546296296296297 0.6421875 0.6416666666666667 0.6453125 0.6342592592592593 0.6479166666666667 0.6212962962962963 0.6458333333333334 0.6074074074074074 0.6536458333333334 0.5981481481481481 0.66875 0.5574074074074075 0.6734375 0.55 0.68125 0.524074074074074 0.6916666666666667 0.5009259259259259 0.6947916666666667 0.4787037037037037 0.7052083333333333 0.43703703703703706 0.7119791666666667 0.3962962962962963 0.7130208333333333 0.37407407407407406 0.7166666666666667 0.34814814814814815 0.7171875 0.32314814814814813 0.7046875 0.24814814814814815 0.6994791666666667 0.22962962962962963 0.6947916666666667 0.19074074074074074 0.6947916666666667 0.14166666666666666 0.690625 0.12129629629629629 0.6807291666666667 0.0962962962962963 0.6671875 0.0712962962962963 0.6489583333333333 0.05555555555555555 0.6208333333333333 0.041666666666666664 0.609375 0.027777777777777776 0.603125 0.025 0.6 0.018518518518518517 0.6 0.002777777777777778 0.5973958333333333 0 0.5645833333333333 0 0.5609375 0.002777777777777778 0.5494791666666666 0.002777777777777778 0.5473958333333333 0 0.49375 0 0.4864583333333333 0.007407407407407408 0.4744791666666667 0.012037037037037037 0.46197916666666666 0.021296296296296296 0.4197916666666667 0.025925925925925925 0.3953125 0.041666666666666664 0.38958333333333334 0.05185185185185185 0.38125 0.07777777777777778 0.3807291666666667 0.08518518518518518 0.3765625 0.09444444444444444 0.37083333333333335 0.15092592592592594 0.36875 0.23055555555555557 0.36614583333333334 0.24074074074074073 0.36614583333333334 0.2574074074074074
4 0.4078125 0.9481481481481482 0.39427083333333335 0.9777777777777777 0.37604166666666666 0.9935185185185185 0.3765625 0.9962962962962963 0.4578125 0.9981481481481481 0.46927083333333336 0.9944444444444445 0.4734375 0.9981481481481481 0.4921875 0.9981481481481481 0.49895833333333334 0.9962962962962963 0.5119791666666667 0.975925925925926 0.5182291666666666 0.9731481481481481 0.534375 0.975925925925926 0.5479166666666667 0.9712962962962963 0.5567708333333333 0.9712962962962963 0.5614583333333333 0.9851851851851852 0.5708333333333333 0.9916666666666667 0.6052083333333333 0.9944444444444445 0.6104166666666667 0.9981481481481481 0.7203125 0.9981481481481481 0.7244791666666667 0.9935185185185185 0.7197916666666667 0.9814814814814815 0.7109375 0.9694444444444444 0.6854166666666667 0.950925925925926 0.6755208333333333 0.9481481481481482 0.675 0.9444444444444444 0.6708333333333333 0.9416666666666667 0.6598958333333333 0.9259259259259259 0.6484375 0.9027777777777778 0.6463541666666667 0.9027777777777778 0.640625 0.8944444444444445 0.6322916666666667 0.8731481481481481 0.6223958333333334 0.8601851851851852 0.6161458333333333 0.8555555555555555 0.5838541666666667 0.85 0.5760416666666667 0.850925925925926 0.5666666666666667 0.8638888888888889 0.5614583333333333 0.8666666666666667 0.5447916666666667 0.8398148148148148 0.534375 0.8324074074074074 0.5307291666666667 0.8240740740740741 0.525 0.8212962962962963 0.5197916666666667 0.8138888888888889 0.5151041666666667 0.8166666666666667 0.5145833333333333 0.8212962962962963 0.5088541666666667 0.8296296296296296 0.4942708333333333 0.8398148148148148 0.4869791666666667 0.850925925925926 0.4739583333333333 0.8796296296296297 0.4583333333333333 0.8888888888888888 0.45625 0.8925925925925926 0.4546875 0.9046296296296297 0.44895833333333335 0.9148148148148149 0.4453125 0.9166666666666666 0.4359375 0.937037037037037 0.4317708333333333 0.9416666666666667 0.41302083333333334 0.9416666666666667
4 0.0140625 0.32314814814814813 0.011458333333333333 0.33425925925925926 0.005208333333333333 0.3416666666666667 0 0.3416666666666667 0 0.687037037037037 0.0125 0.700925925925926 0.014583333333333334 0.725 0.019270833333333334 0.737037037037037 0.033854166666666664 0.75 0.034895833333333334 0.7546296296296297 0.03802083333333333 0.7546296296296297 0.0390625 0.7518518518518519 0.041666666666666664 0.7555555555555555 0.04479166666666667 0.7555555555555555 0.04479166666666667 0.7527777777777778 0.04739583333333333 0.7527777777777778 0.04791666666666667 0.7555555555555555 0.04895833333333333 0.7546296296296297 0.04739583333333333 0.7453703703703703 0.0515625 0.7416666666666667 0.052083333333333336 0.7351851851851852 0.05625 0.7324074074074074 0.06354166666666666 0.7342592592592593 0.06770833333333333 0.7509259259259259 0.06666666666666667 0.7546296296296297 0.06822916666666666 0.7685185185185185 0.07291666666666667 0.7796296296296297 0.07760416666666667 0.8046296296296296 0.08020833333333334 0.8074074074074075 0.08177083333333333 0.8138888888888889 0.08645833333333333 0.8185185185185185 0.09479166666666666 0.8185185185185185 0.09739583333333333 0.812037037037037 0.10052083333333334 0.7833333333333333 0.11041666666666666 0.7555555555555555 0.13177083333333334 0.6472222222222223 0.13697916666666668 0.6305555555555555 0.1375 0.6222222222222222 0.14322916666666666 0.6046296296296296 0.14791666666666667 0.5805555555555556 0.14895833333333333 0.5638888888888889 0.14322916666666666 0.549074074074074 0.14322916666666666 0.5361111111111111 0.1484375 0.5231481481481481 0.14947916666666666 0.5046296296296297 0.13802083333333334 0.475 0.1265625 0.45555555555555555 0.12239583333333333 0.44074074074074077 0.1203125 0.42685185185185187 0.1203125 0.4101851851851852 0.12291666666666666 0.3851851851851852 0.11979166666666667 0.37962962962962965 0.10729166666666666 0.375 0.096875 0.3638888888888889 0.07083333333333333 0.34814814814814815 0.042708333333333334 0.32592592592592595
3 0.45625 0.8935185185185185 0.4552083333333333 0.9046296296296297 0.4421875 0.9231481481481482 0.4348958333333333 0.937962962962963 0.4348958333333333 0.9416666666666667 0.4421875 0.9462962962962963 0.446875 0.9527777777777777 0.47239583333333335 0.9962962962962963 0.4947916666666667 0.9962962962962963 0.49947916666666664 0.9935185185185185 0.5072916666666667 0.9805555555555555 0.5145833333333333 0.9731481481481481 0.5458333333333333 0.9731481481481481 0.5552083333333333 0.9675925925925926 0.5583333333333333 0.9592592592592593 0.5598958333333334 0.9416666666666667 0.5557291666666667 0.9222222222222223 0.5557291666666667 0.887962962962963 0.5583333333333333 0.8777777777777778 0.5588541666666667 0.8638888888888889 0.55 0.8462962962962963 0.5359375 0.8324074074074074 0.5333333333333333 0.8324074074074074 0.5270833333333333 0.8240740740740741 0.5239583333333333 0.8175925925925925 0.5260416666666666 0.8138888888888889 0.5244791666666667 0.8101851851851852 0.51875 0.8101851851851852 0.5151041666666667 0.8138888888888889 0.5098958333333333 0.8277777777777777 0.496875 0.837037037037037 0.4869791666666667 0.850925925925926 0.4739583333333333 0.8796296296296297 0.4588541666666667 0.8888888888888888
3 0.5604166666666667 0.8814814814814815 0.5625 0.9398148148148148 0.5614583333333333 0.9546296296296296 0.5578125 0.9666666666666667 0.5578125 0.975925925925926 0.5635416666666667 0.9842592592592593 0.5822916666666667 0.9888888888888889 0.5869791666666667 0.9935185185185185 0.6052083333333333 0.9935185185185185 0.6114583333333333 0.9981481481481481 0.6328125 0.9944444444444445 0.6380208333333334 0.9962962962962963 0.6442708333333333 0.9935185185185185 0.6546875 0.9777777777777777 0.6630208333333333 0.9601851851851851 0.6739583333333333 0.9462962962962963 0.6578125 0.924074074074074 0.6505208333333333 0.9074074074074074 0.6421875 0.8981481481481481 0.6296875 0.8685185185185185 0.6161458333333333 0.8555555555555555 0.5942708333333333 0.850925925925926 0.5755208333333334 0.850925925925926 0.5729166666666666 0.8574074074074074 0.5625 0.8685185185185185
3 0.008854166666666666 0.675 0.008333333333333333 0.6833333333333333 0.0140625 0.7055555555555556 0.015104166666666667 0.7166666666666667 0.0171875 0.7194444444444444 0.019270833333333334 0.7351851851851852 0.024479166666666666 0.737037037037037 0.029166666666666667 0.7435185185185185 0.03697916666666667 0.7435185185185185 0.043229166666666666 0.7388888888888889 0.06197916666666667 0.7138888888888889 0.06614583333333333 0.7027777777777777 0.06875 0.6861111111111111 0.07604166666666666 0.6601851851851852 0.0765625 0.649074074074074 0.07291666666666667 0.6370370370370371 0.0671875 0.6305555555555555 0.05677083333333333 0.6259259259259259 0.04791666666666667 0.6277777777777778 0.025 0.6481481481481481 0.013020833333333334 0.6638888888888889
3 0.3625 0.412962962962963 0.3619791666666667 0.4361111111111111 0.3828125 0.4527777777777778 0.384375 0.44814814814814813 0.3828125 0.4324074074074074 0.3796875 0.41203703703703703 0.3734375 0.3888888888888889 0.36875 0.39166666666666666 0.3645833333333333 0.40185185185185185
3 0.9125 0.34444444444444444 0.9125 0.34814814814814815 0.90625 0.3611111111111111 0.90625 0.3675925925925926 0.9197916666666667 0.39166666666666666 0.925 0.3962962962962963 0.9322916666666666 0.3962962962962963 0.9364583333333333 0.3888888888888889 0.9369791666666667 0.37592592592592594 0.9296875 0.3509259259259259 0.9208333333333333 0.3398148148148148 0.9177083333333333 0.3388888888888889
3 0.5838541666666667 0.7388888888888889 0.5833333333333334 0.7638888888888888 0.5848958333333333 0.7712962962962963 0.59375 0.7666666666666667 0.5994791666666667 0.7592592592592593 0.6015625 0.7481481481481481 0.6 0.7305555555555555 0.5958333333333333 0.725925925925926 0.5880208333333333 0.7231481481481481 0.5854166666666667 0.7277777777777777
3 0.5557291666666667 0.6435185185185185 0.55625 0.6601851851851852 0.5630208333333333 0.6685185185185185 0.5828125 0.6759259259259259 0.5958333333333333 0.6888888888888889 0.6015625 0.6898148148148148 0.6036458333333333 0.6888888888888889 0.6125 0.6574074074074074 0.6229166666666667 0.6398148148148148 0.6234375 0.6296296296296297 0.6197916666666666 0.6185185185185185 0.6130208333333333 0.6064814814814815 0.609375 0.5888888888888889 0.6057291666666667 0.5805555555555556 0.5994791666666667 0.5712962962962963 0.59375 0.5712962962962963 0.5776041666666667 0.5898148148148148 0.5604166666666667 0.6194444444444445
3 0.9307291666666667 0.3416666666666667 0.93125 0.35833333333333334 0.9348958333333334 0.36944444444444446 0.9364583333333333 0.3814814814814815 0.9338541666666667 0.39444444444444443 0.9354166666666667 0.4027777777777778 0.9515625 0.42592592592592593 0.9578125 0.4305555555555556 0.9619791666666667 0.42962962962962964 0.9645833333333333 0.4185185185185185 0.9619791666666667 0.4027777777777778 0.9578125 0.3907407407407407 0.9578125 0.37592592592592594 0.9536458333333333 0.3527777777777778 0.9427083333333334 0.3388888888888889
3 0.59140625 0.7407407407407407 0.0005208333333333333 0.001851851851851852
3 0.4666666666666667 0.6462962962962963 0.4671875 0.6666666666666666 0.46979166666666666 0.6777777777777778 0.475 0.6851851851851852 0.47604166666666664 0.6916666666666667 0.48333333333333334 0.7027777777777777 0.4901041666666667 0.7055555555555556 0.49947916666666664 0.7166666666666667 0.5005208333333333 0.7416666666666667 0.5098958333333333 0.7648148148148148 0.5145833333333333 0.7916666666666666 0.51875 0.8 0.534375 0.8074074074074075 0.5416666666666666 0.8277777777777777 0.5458333333333333 0.8296296296296296 0.5755208333333334 0.8277777777777777 0.58125 0.8231481481481482 0.5833333333333334 0.8046296296296296 0.5833333333333334 0.7768518518518519 0.5869791666666667 0.7685185185185185 0.5864583333333333 0.7574074074074074 0.5838541666666667 0.7527777777777778 0.5838541666666667 0.7305555555555555 0.5875 0.7231481481481481 0.5984375 0.7324074074074074 0.6052083333333333 0.7305555555555555 0.6109375 0.7212962962962963 0.6104166666666667 0.7101851851851851 0.6026041666666667 0.6925925925925925 0.5942708333333333 0.6888888888888889 0.5817708333333333 0.6759259259259259 0.5588541666666667 0.6666666666666666 0.55625 0.662962962962963 0.5541666666666667 0.6527777777777778 0.5484375 0.6453703703703704 0.5291666666666667 0.6074074074074074 0.5208333333333334 0.5981481481481481 0.5161458333333333 0.587037037037037 0.5057291666666667 0.5731481481481482 0.49375 0.5879629629629629 0.49322916666666666 0.5925925925925926 0.4786458333333333 0.625 0.47239583333333335 0.6324074074074074 0.46979166666666666 0.6324074074074074
3 0.4765625 0.8712962962962963 0.4744791666666667 0.8759259259259259 0.475 0.8805555555555555 0.4984375 0.8777777777777778 0.5234375 0.8888888888888888 0.53125 0.899074074074074 0.5369791666666667 0.9194444444444444 0.5375 0.9296296296296296 0.5369791666666667 0.9416666666666667 0.534375 0.9481481481481482 0.5333333333333333 0.9601851851851851 0.5296875 0.9666666666666667 0.5145833333333333 0.9685185185185186 0.5119791666666667 0.9731481481481481 0.5135416666666667 0.9712962962962963 0.5369791666666667 0.975925925925926 0.5552083333333333 0.9685185185185186 0.5604166666666667 0.9490740740740741 0.5598958333333334 0.937037037037037 0.5557291666666667 0.9203703703703704 0.5557291666666667 0.8898148148148148 0.5609375 0.8666666666666667 0.546875 0.8398148148148148 0.5375 0.8342592592592593 0.5359375 0.8166666666666667 0.53125 0.8101851851851852 0.5286458333333334 0.8074074074074075 0.5177083333333333 0.8055555555555556 0.5145833333333333 0.8101851851851852 0.5119791666666667 0.8231481481481482 0.509375 0.8277777777777777 0.49375 0.8398148148148148
3 0.925 0.29814814814814816 0.9239583333333333 0.3101851851851852 0.9270833333333334 0.34074074074074073 0.9291666666666667 0.3435185185185185 0.9364583333333333 0.38055555555555554 0.9348958333333334 0.4 0.9520833333333333 0.42592592592592593 0.9609375 0.4305555555555556 0.9645833333333333 0.41944444444444445 0.9583333333333334 0.3907407407407407 0.95625 0.36018518518518516 0.9427083333333334 0.33425925925925926 0.9385416666666667 0.30092592592592593 0.9354166666666667 0.2962962962962963
2 0.9088541666666666 0.7212962962962963 0.9088541666666666 0.7518518518518519 0.93125 0.787962962962963 0.9385416666666667 0.8055555555555556 0.9421875 0.8240740740740741 0.9489583333333333 0.8296296296296296 0.953125 0.8277777777777777 0.9567708333333333 0.8203703703703704 0.9604166666666667 0.799074074074074 0.9697916666666667 0.7925925925925926 0.9770833333333333 0.7824074074074074 0.984375 0.7583333333333333 0.9875 0.7361111111111112 0.9890625 0.6916666666666667 0.9885416666666667 0.6768518518518518 0.9828125 0.6462962962962963 0.975 0.6361111111111111 0.9619791666666667 0.6398148148148148 0.9552083333333333 0.6472222222222223 0.9473958333333333 0.6703703703703704 0.9395833333333333 0.6805555555555556 0.9276041666666667 0.6805555555555556 0.9213541666666667 0.6759259259259259 0.9182291666666667 0.6666666666666666 0.9145833333333333 0.674074074074074 0.9114583333333334 0.6916666666666667
2 0.4390625 0.7175925925925926 0.43645833333333334 0.7324074074074074 0.4401041666666667 0.7444444444444445 0.44114583333333335 0.7583333333333333 0.45416666666666666 0.7851851851851852 0.4609375 0.8277777777777777 0.4765625 0.8638888888888889 0.4822916666666667 0.8592592592592593 0.49166666666666664 0.8416666666666667 0.509375 0.8240740740740741 0.5140625 0.8111111111111111 0.5145833333333333 0.7953703703703704 0.5098958333333333 0.7694444444444445 0.5036458333333333 0.7527777777777778 0.49895833333333334 0.7231481481481481 0.4942708333333333 0.7129629629629629 0.4828125 0.7037037037037037 0.4708333333333333 0.6824074074074075 0.4671875 0.6824074074074075
6 0.8151041666666666 0.7601851851851852 0.8140625 0.7712962962962963 0.8182291666666667 0.8055555555555556 0.8161458333333333 0.8351851851851851 0.821875 0.8546296296296296 0.8270833333333333 0.8611111111111112 0.8453125 0.8694444444444445 0.8557291666666667 0.8666666666666667 0.8604166666666667 0.8546296296296296 0.875 0.8453703703703703 0.8765625 0.8222222222222222 0.8708333333333333 0.8064814814814815 0.878125 0.7870370370370371 0.8854166666666666 0.7759259259259259 0.8890625 0.7592592592592593 0.8859375 0.7407407407407407 0.8859375 0.7240740740740741 0.8807291666666667 0.7083333333333334 0.8692708333333333 0.700925925925926 0.8546875 0.7027777777777777 0.8427083333333333 0.6861111111111111 0.834375 0.6824074074074075 0.8302083333333333 0.6916666666666667 0.828125 0.7166666666666667