4 0.0640625 0.9055555555555556 0.0640625 0.9101851851851852 0.07291666666666667 0.9101851851851852 0.07239583333333334 0.9055555555555556 0.0640625 0.9055555555555556
4 0.0921875 0.8944444444444445 0.0875 0.8972222222222223 0.09166666666666666 0.9009259259259259 0.09583333333333334 0.8962962962962963 0.09479166666666666 0.8944444444444445 0.09322916666666667 0.8981481481481481 0.0921875 0.8944444444444445
4 0.011458333333333333 0.8916666666666667 0.0078125 0.8935185185185185 0.0078125 0.8972222222222223 0.016666666666666666 0.8962962962962963 0.016666666666666666 0.8935185185185185 0.011458333333333333 0.8916666666666667
4 0.06822916666666666 0.8824074074074074 0.058333333333333334 0.8824074074074074 0.06041666666666667 0.8851851851851852 0.06041666666666667 0.8898148148148148 0.06770833333333333 0.8898148148148148 0.06822916666666666 0.8824074074074074
4 0.01171875 0.8699074074074075 0.0026041666666666665 0.002777777777777778
4 0.4901041666666667 0.07777777777777778 0.4901041666666667 0.10925925925925926 0.48802083333333335 0.12129629629629629 0.4875 0.1398148148148148 0.48489583333333336 0.15092592592592594 0.4859375 0.15555555555555556 0.4895833333333333 0.15462962962962962 0.4979166666666667 0.14351851851851852 0.503125 0.14351851851851852 0.5145833333333333 0.13055555555555556 0.5255208333333333 0.11018518518518519 0.5296875 0.0962962962962963 0.5286458333333334 0.08703703703703704 0.5265625 0.08703703703703704 0.5239583333333333 0.08055555555555556 0.5161458333333333 0.07314814814814814 0.49895833333333334 0.07314814814814814 0.4942708333333333 0.07777777777777778 0.4901041666666667 0.07777777777777778
4 0.0020833333333333333 0.002777777777777778 0 0.004629629629629629 0 0.016666666666666666 0.0015625 0.018518518518518517 0.0015625 0.02962962962962963 0 0.030555555555555555 0.0015625 0.037037037037037035 0.0015625 0.05925925925925926 0 0.062037037037037036 0.0015625 0.06944444444444445 0.0015625 0.08518518518518518 0 0.09166666666666666 0.0015625 0.09351851851851851 0.0020833333333333333 0.10185185185185185 0.0015625 0.17314814814814813 0 0.17777777777777778 0.0015625 0.18425925925925926 0 0.18888888888888888 0 0.1962962962962963 0.0015625 0.19814814814814816 0 0.21666666666666667 0.0015625 0.21851851851851853 0.0020833333333333333 0.22685185185185186 0.0020833333333333333 0.25092592592592594 0 0.25277777777777777 0 0.26666666666666666 0.0015625 0.2675925925925926 0.0015625 0.40185185185185185 0.003125 0.4166666666666667 0.003125 0.44722222222222224 0 0.45555555555555555 0 0.5388888888888889 0.0015625 0.5435185185185185 0.0015625 0.5574074074074075 0 0.5592592592592592 0 0.5981481481481481 0.0020833333333333333 0.6046296296296296 0.0020833333333333333 0.6657407407407407 0 0.6694444444444444 0 0.7731481481481481 0.0015625 0.7768518518518519 0.0015625 0.8231481481481482 0.0046875 0.8555555555555555 0.0125 0.8574074074074074 0.013541666666666667 0.8638888888888889 0.015625 0.8601851851851852 0.018229166666666668 0.8685185185185185 0.026041666666666668 0.8685185185185185 0.027083333333333334 0.8611111111111112 0.034895833333333334 0.8574074074074074 0.040625 0.8574074074074074 0.04479166666666667 0.862037037037037 0.05677083333333333 0.8601851851851852 0.06302083333333333 0.862037037037037 0.065625 0.8648148148148148 0.065625 0.8685185185185185 0.07135416666666666 0.8712962962962963 0.084375 0.8694444444444445 0.08854166666666667 0.8759259259259259 0.0875 0.8842592592592593 0.09166666666666666 0.8870370370370371 0.0984375 0.8851851851851852 0.10104166666666667 0.8888888888888888 0.10625 0.8870370370370371 0.109375 0.8962962962962963 0.11458333333333333 0.8962962962962963 0.11875 0.8898148148148148 0.12447916666666667 0.8888888888888888 0.14010416666666667 0.8962962962962963 0.14322916666666666 0.8916666666666667 0.14895833333333333 0.8935185185185185 0.14791666666666667 0.8833333333333333 0.15416666666666667 0.8796296296296297 0.15677083333333333 0.875 0.16145833333333334 0.875 0.16875 0.8805555555555555 0.171875 0.8731481481481481 0.17708333333333334 0.8712962962962963 0.19947916666666668 0.8712962962962963 0.20260416666666667 0.8685185185185185 0.209375 0.8685185185185185 0.21875 0.8574074074074074 0.22604166666666667 0.8555555555555555 0.2265625 0.850925925925926 0.2359375 0.8481481481481481 0.2390625 0.8416666666666667 0.2546875 0.8277777777777777 0.2609375 0.8138888888888889 0.26614583333333336 0.8101851851851852 0.26927083333333335 0.8009259259259259 0.29322916666666665 0.7935185185185185 0.29322916666666665 0.7824074074074074 0.296875 0.7759259259259259 0.30364583333333334 0.7694444444444445 0.3171875 0.7638888888888888 0.3182291666666667 0.7564814814814815 0.33229166666666665 0.737037037037037 0.3416666666666667 0.7185185185185186 0.3484375 0.700925925925926 0.3494791666666667 0.687037037037037 0.3489583333333333 0.6638888888888889 0.34375 0.6518518518518519 0.34270833333333334 0.6370370370370371 0.33958333333333335 0.6259259259259259 0.34270833333333334 0.6194444444444445 0.3619791666666667 0.6231481481481481 0.3848958333333333 0.6231481481481481 0.4005208333333333 0.6194444444444445 0.4328125 0.6231481481481481 0.45625 0.6212962962962963 0.46197916666666666 0.6185185185185185 0.4708333333333333 0.6074074074074074 0.4791666666666667 0.6027777777777777 0.4875 0.5898148148148148 0.4921875 0.587037037037037 0.49895833333333334 0.575925925925926 0.5005208333333333 0.5666666666666667 0.5052083333333334 0.5574074074074075 0.5140625 0.5481481481481482 0.5166666666666667 0.5481481481481482 0.5234375 0.5388888888888889 0.5296875 0.5212962962962963 0.5291666666666667 0.5009259259259259 0.5260416666666666 0.4981481481481482 0.5265625 0.4935185185185185 0.5244791666666667 0.4861111111111111 0.5369791666666667 0.4685185185185185 0.5411458333333333 0.45555555555555555 0.5369791666666667 0.4212962962962963 0.53125 0.412962962962963 0.5421875 0.3962962962962963 0.5447916666666667 0.38333333333333336 0.5479166666666667 0.37777777777777777 0.55 0.36666666666666664 0.55 0.3490740740740741 0.5630208333333333 0.34444444444444444 0.5786458333333333 0.3731481481481482 0.5822916666666667 0.3888888888888889 0.5859375 0.39166666666666666 0.5869791666666667 0.3962962962962963 0.5911458333333334 0.4009259259259259 0.6052083333333333 0.40555555555555556 0.609375 0.4101851851851852 0.609375 0.4185185185185185 0.6 0.4212962962962963 0.5984375 0.42592592592592593 0.5953125 0.42592592592592593 0.5942708333333333 0.4287037037037037 0.6 0.4388888888888889 0.6078125 0.46574074074074073 0.6182291666666667 0.4888888888888889 0.61875 0.4935185185185185 0.6307291666666667 0.4935185185185185 0.6328125 0.4962962962962963 0.6369791666666667 0.4888888888888889 0.6390625 0.4666666666666667 0.6526041666666667 0.4666666666666667 0.6625 0.45925925925925926 0.6640625 0.45555555555555555 0.665625 0.44814814814814813 0.665625 0.4305555555555556 0.6635416666666667 0.425 0.6625 0.4074074074074074 0.6598958333333333 0.4027777777777778 0.6614583333333334 0.38981481481481484 0.66875 0.387037037037037 0.6786458333333333 0.4 0.6885416666666667 0.387037037037037 0.6885416666666667 0.37962962962962965 0.6927083333333334 0.37592592592592594 0.6927083333333334 0.36666666666666664 0.6895833333333333 0.3638888888888889 0.6875 0.3574074074074074 0.6953125 0.35555555555555557 0.6958333333333333 0.3472222222222222 0.6994791666666667 0.3416666666666667 0.7 0.32685185185185184 0.7036458333333333 0.31203703703703706 0.7020833333333333 0.30277777777777776 0.7057291666666666 0.3 0.7130208333333333 0.2777777777777778 0.7135416666666666 0.22962962962962963 0.7104166666666667 0.2101851851851852 0.6869791666666667 0.18055555555555555 0.671875 0.1685185185185185 0.65625 0.14629629629629629 0.6489583333333333 0.12777777777777777 0.6375 0.1111111111111111 0.6348958333333333 0.10092592592592593 0.6260416666666667 0.08796296296296297 0.6015625 0.040740740740740744 0.5989583333333334 0.018518518518518517 0.5921875 0.002777777777777778 0.4744791666666667 0.002777777777777778 0.47239583333333335 0.010185185185185186 0.47239583333333335 0.020370370370370372 0.47552083333333334 0.046296296296296294 0.4796875 0.05462962962962963 0.4875 0.06666666666666667 0.49635416666666665 0.05925925925925926 0.5151041666666667 0.06018518518518518 0.528125 0.06666666666666667 0.5375 0.08055555555555556 0.5395833333333333 0.09259259259259259 0.5390625 0.10740740740740741 0.5213541666666667 0.14351851851851852 0.5057291666666667 0.16018518518518518 0.4890625 0.1712962962962963 0.4744791666666667 0.1935185185185185 0.4708333333333333 0.23055555555555557 0.46875 0.23703703703703705 0.4708333333333333 0.2777777777777778 0.46979166666666666 0.28055555555555556 0.46770833333333334 0.2777777777777778 0.453125 0.275 0.4125 0.2777777777777778 0.4125 0.28888888888888886 0.4010416666666667 0.32407407407407407 0.39375 0.3101851851851852 0.3927083333333333 0.2851851851851852 0.3802083333333333 0.2898148148148148 0.37552083333333336 0.2851851851851852 0.37447916666666664 0.08425925925925926 0.371875 0.009259259259259259 0.3697916666666667 0.002777777777777778 0.0020833333333333333 0.002777777777777778
4 0.6395833333333333 0.49166666666666664 0.6395833333333333 0.5185185185185185 0.6453125 0.55 0.6536458333333334 0.5666666666666667 0.6583333333333333 0.5824074074074074 0.6645833333333333 0.5935185185185186 0.6671875 0.5935185185185186 0.66875 0.5981481481481481 0.6776041666666667 0.6055555555555555 0.68125 0.6055555555555555 0.684375 0.6018518518518519 0.6859375 0.5981481481481481 0.6848958333333334 0.5944444444444444 0.6921875 0.5851851851851851 0.7265625 0.5666666666666667 0.7567708333333333 0.562037037037037 0.7895833333333333 0.562037037037037 0.7989583333333333 0.5574074074074075 0.8161458333333333 0.5555555555555556 0.8244791666666667 0.5648148148148148 0.8333333333333334 0.5796296296296296 0.8359375 0.5805555555555556 0.8421875 0.5916666666666667 0.8411458333333334 0.6342592592592593 0.8447916666666667 0.6592592592592592 0.8494791666666667 0.6638888888888889 0.8510416666666667 0.6731481481481482 0.8609375 0.6935185185185185 0.8640625 0.7064814814814815 0.8880208333333334 0.7601851851851852 0.9182291666666667 0.7981481481481482 0.9286458333333333 0.8055555555555556 0.93125 0.812037037037037 0.9416666666666667 0.8185185185185185 0.9447916666666667 0.8277777777777777 0.9578125 0.8351851851851851 0.9625 0.8416666666666667 0.9770833333333333 0.8435185185185186 0.9828125 0.85 0.99375 0.8527777777777777 0.9953125 0.8444444444444444 0.9994791666666667 0.8398148148148148 0.9994791666666667 0.7935185185185185 0.9973958333333334 0.7916666666666666 0.9984375 0.7759259259259259 0.9963541666666667 0.7666666666666667 0.9963541666666667 0.7611111111111111 0.9994791666666667 0.7574074074074074 0.9994791666666667 0.5731481481481482 0.9973958333333334 0.5703703703703704 0.9973958333333334 0.562962962962963 0.9994791666666667 0.5601851851851852 0.9994791666666667 0.5296296296296297 0.9973958333333334 0.525 0.9994791666666667 0.5231481481481481 0.9994791666666667 0.3074074074074074 0.9979166666666667 0.30648148148148147 0.9994791666666667 0.29444444444444445 0.9973958333333334 0.29259259259259257 0.9958333333333333 0.2814814814814815 0.9973958333333334 0.2638888888888889 0.9994791666666667 0.262037037037037 0.9973958333333334 0.25833333333333336 0.9973958333333334 0.24074074074074073 0.9994791666666667 0.2388888888888889 0.9994791666666667 0.23055555555555557 0.9973958333333334 0.22870370370370371 0.9973958333333334 0.18888888888888888 0.9994791666666667 0.18703703703703703 0.9994791666666667 0.11388888888888889 0.9979166666666667 0.11296296296296296 0.9973958333333334 0.10740740740740741 0.9994791666666667 0.10555555555555556 0.9994791666666667 0.0962962962962963 0.9979166666666667 0.09537037037037037 0.9953125 0.08425925925925926 0.9979166666666667 0.06851851851851852 0.9973958333333334 0.03611111111111111 0.9994791666666667 0.032407407407407406 0.9994791666666667 0.027777777777777776 0.9973958333333334 0.025 0.9973958333333334 0.01574074074074074 0.9994791666666667 0.007407407407407408 0.9947916666666666 0.002777777777777778 0.8484375 0.002777777777777778 0.8385416666666666 0.010185185185185186 0.7958333333333333 0.062037037037037036 0.7776041666666667 0.07592592592592592 0.7677083333333333 0.08888888888888889 0.7630208333333334 0.09166666666666666 0.75625 0.10277777777777777 0.7515625 0.12314814814814815 0.75 0.14629629629629629 0.7458333333333333 0.16111111111111112 0.7432291666666667 0.18888888888888888 0.7390625 0.2101851851851852 0.7348958333333333 0.275 0.728125 0.2972222222222222 0.721875 0.3101851851851852 0.721875 0.31666666666666665 0.7182291666666667 0.3277777777777778 0.71875 0.3388888888888889 0.7223958333333333 0.34629629629629627 0.734375 0.34629629629629627 0.7479166666666667 0.4101851851851852 0.7385416666666667 0.4185185185185185 0.7328125 0.41944444444444445 0.7234375 0.42962962962962964 0.7192708333333333 0.42777777777777776 0.7161458333333334 0.43425925925925923 0.7098958333333333 0.4351851851851852 0.7036458333333333 0.44537037037037036 0.6932291666666667 0.45555555555555555 0.6776041666666667 0.462037037037037 0.6708333333333333 0.462037037037037 0.6567708333333333 0.46944444444444444 0.6458333333333334 0.4777777777777778 0.6395833333333333 0.49166666666666664
1 0.503125 0.5898148148148148 0.5020833333333333 0.5944444444444444 0.5083333333333333 0.6046296296296296 0.5307291666666667 0.612037037037037 0.5473958333333333 0.6212962962962963 0.55625 0.6212962962962963 0.5619791666666667 0.6111111111111112 0.5645833333333333 0.5981481481481481 0.58125 0.5731481481481482 0.5890625 0.5666666666666667 0.5989583333333334 0.5435185185185185 0.6052083333333333 0.5546296296296296 0.609375 0.5527777777777778 0.6145833333333334 0.5601851851851852 0.6265625 0.5638888888888889 0.6348958333333333 0.5712962962962963 0.6427083333333333 0.5666666666666667 0.64375 0.5574074074074075 0.6354166666666666 0.5138888888888888 0.6328125 0.5101851851851852 0.6213541666666667 0.5101851851851852 0.6161458333333333 0.5027777777777778 0.6057291666666667 0.4648148148148148 0.5984375 0.44907407407407407 0.59375 0.44814814814814813 0.5609375 0.5027777777777778 0.5515625 0.5101851851851852 0.5375 0.5277777777777778 0.5119791666666667 0.5731481481481482 0.5078125 0.5768518518518518 0.503125 0.5898148148148148
3 0.6385416666666667 0.4925925925925926 0.6385416666666667 0.5203703703703704 0.64375 0.549074074074074 0.6489583333333333 0.5675925925925925 0.6630208333333333 0.5935185185185186 0.6755208333333333 0.6074074074074074 0.6848958333333334 0.6046296296296296 0.6885416666666667 0.5925925925925926 0.6932291666666667 0.5851851851851851 0.7057291666666666 0.5805555555555556 0.7244791666666667 0.5685185185185185 0.7510416666666667 0.5638888888888889 0.7921875 0.562037037037037 0.8125 0.5546296296296296 0.8171875 0.5555555555555556 0.81875 0.5601851851851852 0.8223958333333333 0.562037037037037 0.8348958333333333 0.5805555555555556 0.8416666666666667 0.587037037037037 0.8432291666666667 0.5842592592592593 0.8489583333333334 0.5398148148148149 0.8458333333333333 0.5120370370370371 0.8458333333333333 0.4962962962962963 0.8489583333333334 0.48518518518518516 0.85 0.4722222222222222 0.85625 0.44907407407407407 0.8692708333333333 0.4305555555555556 0.8885416666666667 0.425 0.8916666666666667 0.4222222222222222 0.8927083333333333 0.4166666666666667 0.8875 0.40555555555555556 0.8791666666666667 0.3962962962962963 0.8421875 0.38055555555555554 0.8244791666666667 0.38055555555555554 0.7932291666666667 0.3888888888888889 0.771875 0.4 0.7536458333333333 0.40555555555555556 0.7270833333333333 0.42314814814814816 0.7182291666666667 0.42592592592592593 0.7161458333333334 0.4305555555555556 0.7088541666666667 0.43425925925925923 0.6984375 0.45092592592592595 0.6802083333333333 0.4601851851851852 0.6682291666666667 0.462037037037037 0.6463541666666667 0.4759259259259259 0.6385416666666667 0.4925925925925926
3 0.33125 0.5101851851851852 0.3307291666666667 0.5166666666666667 0.3380208333333333 0.5138888888888888 0.33541666666666664 0.5101851851851852 0.33125 0.5101851851851852
3 0.3307291666666667 0.46944444444444444 0.3302083333333333 0.47314814814814815 0.3359375 0.47314814814814815 0.3359375 0.46944444444444444 0.3307291666666667 0.46944444444444444
3 0.3307291666666667 0.43148148148148147 0.0010416666666666667 0.001851851851851852
3 0.29375 0.4 0.29322916666666665 0.39814814814814814 0.29375 0.4
3 0.29583333333333334 0.3824074074074074 0.2911458333333333 0.39351851851851855 0.2921875 0.3962962962962963 0.2942708333333333 0.3962962962962963 0.29583333333333334 0.39166666666666666 0.2989583333333333 0.39351851851851855 0.29791666666666666 0.4 0.2942708333333333 0.4027777777777778 0.2953125 0.4101851851851852 0.29322916666666665 0.41388888888888886 0.29322916666666665 0.425 0.3 0.43703703703703706 0.3 0.44351851851851853 0.30625 0.45555555555555555 0.30625 0.45925925925925926 0.31145833333333334 0.462037037037037 0.321875 0.4601851851851852 0.32395833333333335 0.4324074074074074 0.3229166666666667 0.4203703703703704 0.325 0.4166666666666667 0.32447916666666665 0.4101851851851852 0.3223958333333333 0.4074074074074074 0.325 0.39814814814814814 0.33125 0.39814814814814814 0.3375 0.38981481481481484 0.34270833333333334 0.39351851851851855 0.3458333333333333 0.4 0.3458333333333333 0.4166666666666667 0.3494791666666667 0.42685185185185187 0.35 0.47962962962962963 0.35208333333333336 0.4842592592592593 0.3541666666666667 0.5324074074074074 0.35208333333333336 0.5592592592592592 0.353125 0.5694444444444444 0.3494791666666667 0.5814814814814815 0.3489583333333333 0.5935185185185186 0.3463541666666667 0.6 0.34427083333333336 0.6166666666666667 0.353125 0.6212962962962963 0.375 0.6259259259259259 0.38697916666666665 0.6259259259259259 0.3890625 0.6231481481481481 0.403125 0.6212962962962963 0.4473958333333333 0.6259259259259259 0.46145833333333336 0.6212962962962963 0.4786458333333333 0.6055555555555555 0.496875 0.5805555555555556 0.5 0.5675925925925925 0.5057291666666667 0.5555555555555556 0.5223958333333333 0.5416666666666666 0.5286458333333334 0.5277777777777778 0.5307291666666667 0.5212962962962963 0.5307291666666667 0.5009259259259259 0.5270833333333333 0.4861111111111111 0.5375 0.47129629629629627 0.5427083333333333 0.4527777777777778 0.5416666666666666 0.4351851851851852 0.5364583333333334 0.4074074074074074 0.5380208333333333 0.4027777777777778 0.5432291666666667 0.39814814814814814 0.5453125 0.387037037037037 0.55 0.37592592592592594 0.5510416666666667 0.36203703703703705 0.55 0.3435185185185185 0.5473958333333333 0.337037037037037 0.5427083333333333 0.33055555555555555 0.5385416666666667 0.33055555555555555 0.5369791666666667 0.3277777777777778 0.51875 0.3277777777777778 0.5177083333333333 0.3101851851851852 0.5130208333333334 0.3055555555555556 0.4890625 0.2962962962962963 0.4630208333333333 0.2759259259259259 0.43645833333333334 0.27314814814814814 0.4109375 0.2777777777777778 0.40729166666666666 0.2814814814814815 0.40729166666666666 0.2861111111111111 0.39375 0.2824074074074074 0.38333333333333336 0.28703703703703703 0.35572916666666665 0.31203703703703706 0.34375 0.32592592592592595 0.33229166666666665 0.3453703703703704 0.3223958333333333 0.3574074074074074 0.3072916666666667 0.3712962962962963 0.30520833333333336 0.37592592592592594 0.29583333333333334 0.3824074074074074
3 0.7520833333333333 0.11388888888888889 0.75 0.1388888888888889 0.7390625 0.20555555555555555 0.734375 0.27037037037037037 0.7177083333333333 0.3287037037037037 0.71875 0.3425925925925926 0.7229166666666667 0.34814814814814815 0.7307291666666667 0.3490740740740741 0.7375 0.34629629629629627 0.7463541666666667 0.3296296296296296 0.7557291666666667 0.30092592592592593 0.7572916666666667 0.287962962962963 0.7635416666666667 0.2759259259259259 0.7666666666666667 0.2759259259259259 0.7671875 0.2916666666666667 0.7713541666666667 0.30277777777777776 0.7770833333333333 0.3074074074074074 0.7833333333333333 0.3074074074074074 0.7921875 0.2962962962962963 0.7947916666666667 0.2898148148148148 0.8057291666666667 0.2777777777777778 0.8255208333333334 0.2388888888888889 0.8307291666666666 0.2351851851851852 0.8328125 0.21666666666666667 0.8333333333333334 0.17407407407407408 0.8359375 0.15555555555555556 0.8385416666666666 0.0787037037037037 0.84375 0.06018518518518518 0.8458333333333333 0.044444444444444446 0.8484375 0.041666666666666664 0.85 0.030555555555555555 0.8546875 0.016666666666666666 0.8552083333333333 0.007407407407407408 0.8489583333333334 0.002777777777777778 0.83125 0.018518518518518517 0.8296875 0.023148148148148147 0.8130208333333333 0.03981481481481482 0.7984375 0.05925925925925926 0.7770833333333333 0.07592592592592592 0.7609375 0.09351851851851851 0.7557291666666667 0.10092592592592593 0.7520833333333333 0.11388888888888889
3 0.4875 0.1287037037037037 0.48489583333333336 0.15092592592592594 0.4859375 0.1574074074074074 0.49166666666666664 0.15555555555555556 0.4942708333333333 0.15092592592592594 0.5052083333333334 0.14351851851851852 0.5161458333333333 0.1287037037037037 0.5223958333333333 0.11851851851851852 0.5291666666666667 0.10092592592592593 0.5291666666666667 0.08981481481481482 0.5239583333333333 0.08055555555555556 0.5125 0.07314814814814814 0.4947916666666667 0.07777777777777778 0.4875 0.1287037037037037
3 0.46875 0.23055555555555557 0.46875 0.27314814814814814 0.47708333333333336 0.28425925925925927 0.5151041666666667 0.30277777777777776 0.5234375 0.30277777777777776 0.5322916666666667 0.2962962962962963 0.546875 0.29814814814814816 0.5536458333333333 0.31203703703703706 0.5557291666666667 0.33425925925925926 0.5791666666666667 0.37777777777777777 0.5828125 0.3907407407407407 0.5895833333333333 0.4009259259259259 0.6046875 0.40555555555555556 0.6098958333333333 0.4111111111111111 0.6098958333333333 0.4166666666666667 0.6052083333333333 0.4212962962962963 0.5947916666666667 0.41944444444444445 0.5932291666666667 0.4212962962962963 0.59375 0.42777777777777776 0.5979166666666667 0.4351851851851852 0.6015625 0.45092592592592595 0.6036458333333333 0.4527777777777778 0.6078125 0.4685185185185185 0.6109375 0.4740740740740741 0.6151041666666667 0.49166666666666664 0.6197916666666666 0.5 0.6260416666666667 0.5027777777777778 0.6333333333333333 0.5009259259259259 0.6401041666666667 0.47129629629629627 0.6473958333333333 0.47129629629629627 0.65625 0.4666666666666667 0.6661458333333333 0.45740740740740743 0.6666666666666666 0.42777777777777776 0.6635416666666667 0.412962962962963 0.6630208333333333 0.3962962962962963 0.6651041666666667 0.39351851851851855 0.6776041666666667 0.40555555555555556 0.68125 0.40555555555555556 0.6869791666666667 0.4 0.6994791666666667 0.35555555555555557 0.7015625 0.33055555555555555 0.7046875 0.32314814814814813 0.7052083333333333 0.31296296296296294 0.7114583333333333 0.29814814814814816 0.7161458333333334 0.2601851851851852 0.7161458333333334 0.2324074074074074 0.7104166666666667 0.2074074074074074 0.6947916666666667 0.19166666666666668 0.6854166666666667 0.17777777777777778 0.6723958333333333 0.1685185185185185 0.6630208333333333 0.1574074074074074 0.6364583333333333 0.10092592592592593 0.6213541666666667 0.07962962962962963 0.6161458333333333 0.06666666666666667 0.6140625 0.06666666666666667 0.6125 0.06018518518518518 0.6057291666666667 0.05092592592592592 0.5901041666666667 0.05277777777777778 0.5869791666666667 0.05740740740740741 0.5869791666666667 0.06481481481481481 0.5848958333333333 0.06944444444444445 0.5645833333333333 0.06851851851851852 0.5604166666666667 0.06481481481481481 0.5583333333333333 0.06666666666666667 0.5588541666666667 0.0712962962962963 0.5494791666666666 0.0712962962962963 0.5458333333333333 0.075 0.5427083333333333 0.07314814814814814 0.540625 0.07592592592592592 0.5390625 0.08703703703703704 0.5395833333333333 0.10462962962962963 0.5354166666666667 0.11851851851851852 0.5203125 0.14351851851851852 0.5098958333333333 0.15555555555555556 0.48072916666666665 0.17777777777777778 0.4744791666666667 0.1925925925925926 0.46875 0.23055555555555557
3 0.6015625 0.03981481481481482 0.6 0.04351851851851852 0.6015625 0.04351851851851852 0.6015625 0.03981481481481482
3 0.5541666666666667 0.025925925925925925 0.5520833333333334 0.027777777777777776 0.5567708333333333 0.032407407407407406 0.5583333333333333 0.027777777777777776 0.5567708333333333 0.025 0.5541666666666667 0.025925925925925925
3 0.5036458333333333 0.049074074074074076 0.5041666666666667 0.05462962962962963 0.5177083333333333 0.05740740740740741 0.525 0.06388888888888888 0.5302083333333333 0.06388888888888888 0.5328125 0.06851851851851852 0.5380208333333333 0.06388888888888888 0.5427083333333333 0.06388888888888888 0.5458333333333333 0.05740740740740741 0.5484375 0.05740740740740741 0.546875 0.05185185185185185 0.5421875 0.05 0.5442708333333334 0.044444444444444446 0.5473958333333333 0.04351851851851852 0.55 0.04814814814814815 0.5536458333333333 0.04814814814814815 0.5552083333333333 0.041666666666666664 0.5458333333333333 0.037037037037037035 0.5432291666666667 0.025 0.5390625 0.027777777777777776 0.5364583333333334 0.023148148148148147 0.53125 0.023148148148148147 0.5296875 0.030555555555555555 0.525 0.027777777777777776 0.5213541666666667 0.032407407407407406 0.5234375 0.03518518518518519 0.51875 0.041666666666666664 0.5036458333333333 0.049074074074074076
3 0.5302083333333333 0.005555555555555556 0.5291666666666667 0.011111111111111112 0.53125 0.013888888888888888 0.5432291666666667 0.012037037037037037 0.5442708333333334 0.005555555555555556 0.5421875 0.008333333333333333 0.5408854166666667 0.004629629629629629 0.5380208333333333 0.004629629629629629 0.5364583333333334 0.009259259259259259 0.5348958333333333 0.005555555555555556 0.5359375 0.009259259259259259 0.5338541666666666 0.012962962962962963 0.5302083333333333 0.005555555555555556