4 0.45989583333333334 0.44907407407407407 0.45677083333333335 0.4527777777777778 0.4588541666666667 0.4638888888888889 0.4609375 0.4638888888888889 0.46927083333333336 0.4527777777777778 0.4734375 0.45555555555555555 0.4744791666666667 0.4527777777777778 0.4744791666666667 0.44814814814814813 0.4717015625 0.44814814814814813 0.4703125 0.45185185185185184 0.4689234375 0.44814814814814813 0.4630208333333333 0.45185185185185184 0.45989583333333334 0.44907407407407407
4 0.0010416666666666667 0.011111111111111112 0.0015625 0.019444444444444445 0 0.025 0.0015625 0.025925925925925925 0.0015625 0.030555555555555555 0 0.032407407407407406 0.0015625 0.037037037037037035 0.0020833333333333333 0.175 0.0015625 0.20555555555555555 0 0.2074074074074074 0.0015625 0.22407407407407406 0 0.2324074074074074 0.0020833333333333333 0.25462962962962965 0.0015625 0.26666666666666666 0 0.26851851851851855 0.0015625 0.275 0.0015625 0.29814814814814816 0 0.3 0.0015625 0.30833333333333335 0.0015625 0.3611111111111111 0 0.3638888888888889 0 0.3731481481481482 0.0015625 0.375 0.0015625 0.45092592592592595 0 0.4546296296296296 0.0015625 0.4759259259259259 0 0.4777777777777778 0 0.4888888888888889 0.0015625 0.4935185185185185 0.0015625 0.5194444444444445 0 0.5231481481481481 0 0.5370370370370371 0.0015625 0.5388888888888889 0.0015625 0.5555555555555556 0 0.5574074074074075 0 0.6055555555555555 0.0015625 0.6074074074074074 0.0020833333333333333 0.6185185185185185 0.0015625 0.7185185185185186 0 0.7194444444444444 0.0015625 0.7398148148148148 0 0.7546296296296297 0 0.7935185185185185 0.0015625 0.7972222222222223 0 0.8027777777777778 0 0.8101851851851852 0.0015625 0.812037037037037 0 0.8824074074074074 0.0015625 0.8842592592592593 0.0015625 0.9074074074074074 0 0.9138888888888889 0.0015625 0.9194444444444444 0.0015625 0.9685185185185186 0.003125 0.9777777777777777 0.0015625 0.987037037037037 0.005208333333333333 0.9944444444444445 0.019270833333333334 0.9916666666666667 0.07447916666666667 0.9944444444444445 0.15833333333333333 0.9935185185185185 0.18072916666666666 0.9592592592592593 0.184375 0.9481481481481482 0.2078125 0.9046296296296297 0.21770833333333334 0.8759259259259259 0.21875 0.8648148148148148 0.22291666666666668 0.8555555555555555 0.23958333333333334 0.7796296296296297 0.2557291666666667 0.7398148148148148 0.2630208333333333 0.6592592592592592 0.2609375 0.6148148148148148 0.2635416666666667 0.5611111111111111 0.26614583333333336 0.5481481481481482 0.26927083333333335 0.5064814814814815 0.2760416666666667 0.4740740740740741 0.27708333333333335 0.4462962962962963 0.28072916666666664 0.42314814814814816 0.2859375 0.42592592592592593 0.2984375 0.4462962962962963 0.3015625 0.44814814814814813 0.31875 0.4546296296296296 0.34270833333333334 0.4527777777777778 0.35572916666666665 0.45555555555555555 0.3796875 0.49444444444444446 0.3807291666666667 0.5009259259259259 0.38385416666666666 0.5018518518518519 0.4005208333333333 0.525 0.4046875 0.5388888888888889 0.4114583333333333 0.5472222222222223 0.4140625 0.5574074074074075 0.4354166666666667 0.5962962962962963 0.440625 0.6101851851851852 0.45625 0.6305555555555555 0.46822916666666664 0.6305555555555555 0.4744791666666667 0.6259259259259259 0.475 0.6203703703703703 0.48072916666666665 0.6101851851851852 0.48072916666666665 0.5981481481481481 0.47708333333333336 0.5925925925925926 0.4739583333333333 0.5814814814814815 0.4739583333333333 0.5546296296296296 0.46875 0.5416666666666666 0.46770833333333334 0.5324074074074074 0.4640625 0.5268518518518519 0.45729166666666665 0.5046296296296297 0.4552083333333333 0.5027777777777778 0.4546875 0.4962962962962963 0.44947916666666665 0.49074074074074076 0.45208333333333334 0.4842592592592593 0.4515625 0.4787037037037037 0.4546875 0.4759259259259259 0.4510416666666667 0.4740740740740741 0.44947916666666665 0.4685185185185185 0.4421875 0.4666666666666667 0.4375 0.45925925925925926 0.4354166666666667 0.45092592592592595 0.43125 0.44814814814814813 0.4322916666666667 0.4462962962962963 0.4479166666666667 0.44351851851851853 0.45416666666666666 0.4388888888888889 0.4640625 0.4388888888888889 0.46979166666666666 0.4324074074074074 0.4744791666666667 0.4324074074074074 0.48072916666666665 0.42592592592592593 0.4875 0.425 0.49114583333333334 0.41944444444444445 0.509375 0.4101851851851852 0.5182291666666666 0.4009259259259259 0.5223958333333333 0.4 0.5265625 0.39444444444444443 0.5302083333333333 0.39351851851851855 0.5333333333333333 0.3851851851851852 0.540625 0.38055555555555554 0.54375 0.3731481481481482 0.55 0.3685185185185185 0.5541666666666667 0.36018518518518516 0.5671875 0.34814814814814815 0.5776041666666667 0.33055555555555555 0.5791666666666667 0.3351851851851852 0.5765625 0.33796296296296297 0.5776041666666667 0.337037037037037 0.5791666666666667 0.34629629629629627 0.5822916666666667 0.3527777777777778 0.5963541666666666 0.35555555555555557 0.603125 0.35 0.60625 0.3416666666666667 0.6125 0.3388888888888889 0.6135416666666667 0.33425925925925926 0.6197916666666666 0.33240740740740743 0.6197916666666666 0.32685185185185184 0.6229166666666667 0.32407407407407407 0.6265625 0.32592592592592595 0.6322916666666667 0.3212962962962963 0.6473958333333333 0.32314814814814813 0.65 0.3194444444444444 0.6546875 0.31851851851851853 0.6572916666666667 0.3101851851851852 0.6645833333333333 0.31203703703703706 0.6682291666666667 0.3101851851851852 0.671875 0.30277777777777776 0.68125 0.3 0.6875 0.2898148148148148 0.6994791666666667 0.2777777777777778 0.7 0.26944444444444443 0.7166666666666667 0.21944444444444444 0.71875 0.2074074074074074 0.7182291666666667 0.19722222222222222 0.7203125 0.18055555555555555 0.71875 0.15555555555555556 0.7166666666666667 0.1398148148148148 0.7119791666666667 0.12685185185185185 0.7098958333333333 0.10092592592592593 0.70625 0.09537037037037037 0.70625 0.07777777777777778 0.7036458333333333 0.06481481481481481 0.7 0.05648148148148148 0.6994791666666667 0.04814814814814815 0.6848958333333334 0.007407407407407408 0.6817708333333333 0.002777777777777778 0.65 0.002777777777777778 0.6479166666666667 0.005555555555555556 0.6442708333333333 0.002777777777777778 0.15729166666666666 0.004629629629629629 0.011458333333333333 0.000925925925925926 0.003125 0.002777777777777778 0.0010416666666666667 0.011111111111111112
4 0.7479166666666667 0.8064814814814815 0.7479166666666667 0.825925925925926 0.7510416666666667 0.8231481481481482 0.7546875 0.8240740740740741 0.7578125 0.837037037037037 0.7671875 0.8388888888888889 0.7796875 0.8305555555555556 0.7765625 0.8222222222222222 0.7760416666666666 0.8138888888888889 0.7697916666666667 0.8074074074074075 0.7692708333333333 0.7981481481481482 0.7666666666666667 0.7888888888888889 0.7619791666666667 0.7833333333333333 0.7614583333333333 0.7759259259259259 0.7583333333333333 0.7759259259259259 0.7552083333333334 0.7851851851851852 0.7510416666666667 0.7888888888888889 0.7479166666666667 0.8064814814814815
4 0.6302083333333334 0.3638888888888889 0.6296875 0.387037037037037 0.6322916666666667 0.4166666666666667 0.6390625 0.42314814814814816 0.6510416666666666 0.4212962962962963 0.6546875 0.425 0.65 0.44814814814814813 0.6494791666666667 0.47685185185185186 0.6526041666666667 0.4888888888888889 0.6661458333333333 0.5074074074074074 0.6723958333333333 0.5324074074074074 0.6828125 0.5462962962962963 0.6927083333333334 0.5527777777777778 0.6973958333333333 0.5601851851851852 0.7015625 0.5731481481481482 0.70625 0.5796296296296296 0.7229166666666667 0.5888888888888889 0.7348958333333333 0.5888888888888889 0.7385416666666667 0.5861111111111111 0.7442708333333333 0.6055555555555555 0.734375 0.6148148148148148 0.7380208333333333 0.6388888888888888 0.7375 0.6481481481481481 0.73125 0.6416666666666667 0.7270833333333333 0.6416666666666667 0.7239583333333334 0.6370370370370371 0.7130208333333333 0.6398148148148148 0.6958333333333333 0.6601851851851852 0.6859375 0.6777777777777778 0.6802083333333333 0.6907407407407408 0.6807291666666667 0.7055555555555556 0.69375 0.7166666666666667 0.7057291666666666 0.7166666666666667 0.7239583333333334 0.7092592592592593 0.7411458333333333 0.6888888888888889 0.7427083333333333 0.6888888888888889 0.7432291666666667 0.6962962962962963 0.7489583333333333 0.6962962962962963 0.7510416666666667 0.6916666666666667 0.7557291666666667 0.700925925925926 0.7557291666666667 0.7092592592592593 0.7640625 0.7166666666666667 0.7671875 0.7166666666666667 0.7713541666666667 0.7324074074074074 0.775 0.7351851851851852 0.76875 0.7481481481481481 0.7661458333333333 0.7481481481481481 0.7734375 0.7638888888888888 0.7796875 0.7694444444444445 0.7828125 0.7925925925925926 0.7875 0.7962962962962963 0.7864583333333334 0.8037037037037037 0.7932291666666667 0.8148148148148148 0.7947916666666667 0.825925925925926 0.8015625 0.837037037037037 0.8317708333333333 0.8574074074074074 0.8505208333333333 0.8574074074074074 0.8760416666666667 0.8481481481481481 0.8869791666666667 0.8481481481481481 0.9125 0.8416666666666667 0.925 0.8324074074074074 0.9421875 0.8101851851851852 0.9651041666666667 0.7648148148148148 0.9682291666666667 0.7638888888888888 0.9817708333333334 0.7481481481481481 0.9901041666666667 0.7435185185185185 0.99375 0.7444444444444445 0.9953125 0.7407407407407407 0.9973958333333334 0.7277777777777777 0.9994791666666667 0.725925925925926 0.9994791666666667 0.6916666666666667 0.9973958333333334 0.6888888888888889 0.9973958333333334 0.6777777777777778 0.9994791666666667 0.6759259259259259 0.9994791666666667 0.6694444444444444 0.9973958333333334 0.6675925925925926 0.9973958333333334 0.662962962962963 0.9994791666666667 0.6620370370370371 0.9994791666666667 0.6481481481481481 0.9973958333333334 0.6462962962962963 0.9963541666666667 0.612037037037037 0.9963541666666667 0.6074074074074074 0.9994791666666667 0.600925925925926 0.9994791666666667 0.5935185185185186 0.9973958333333334 0.5925925925925926 0.9973958333333334 0.5638888888888889 0.9994791666666667 0.562037037037037 0.9994791666666667 0.5546296296296296 0.9979166666666667 0.5537037037037037 0.9994791666666667 0.5509259259259259 0.9994791666666667 0.5388888888888889 0.9973958333333334 0.5370370370370371 0.9973958333333334 0.5222222222222223 0.9994791666666667 0.5194444444444445 0.9994791666666667 0.5 0.9973958333333334 0.49722222222222223 0.9979166666666667 0.4861111111111111 0.9994791666666667 0.48518518518518516 0.9994791666666667 0.45740740740740743 0.9973958333333334 0.45555555555555555 0.9963541666666667 0.44537037037037036 0.9963541666666667 0.40185185185185185 0.9973958333333334 0.3925925925925926 0.9994791666666667 0.39166666666666666 0.9994791666666667 0.387037037037037 0.9963541666666667 0.37962962962962965 0.9973958333333334 0.3398148148148148 0.9994791666666667 0.337037037037037 0.9994791666666667 0.3277777777777778 0.9979166666666667 0.32685185185185184 0.9994791666666667 0.32314814814814813 0.9994791666666667 0.3101851851851852 0.9979166666666667 0.30925925925925923 0.9963541666666667 0.29907407407407405 0.9979166666666667 0.2898148148148148 0.9994791666666667 0.28888888888888886 0.9994791666666667 0.2351851851851852 0.9963541666666667 0.23333333333333334 0.9958333333333333 0.22685185185185186 0.9973958333333334 0.2212962962962963 0.9963541666666667 0.17777777777777778 0.9994791666666667 0.17314814814814813 0.9994791666666667 0.16203703703703703 0.9973958333333334 0.15648148148148147 0.9973958333333334 0.13333333333333333 0.9994791666666667 0.13055555555555556 0.9994791666666667 0.06944444444444445 0.9979166666666667 0.06851851851851852 0.9994791666666667 0.06481481481481481 0.9994791666666667 0.010185185185185186 0.9942708333333333 0.004629629629629629 0.7807291666666667 0.002777777777777778 0.7677083333333333 0.005555555555555556 0.7645833333333333 0.011111111111111112 0.7645833333333333 0.027777777777777776 0.7604166666666666 0.041666666666666664 0.7604166666666666 0.05740740740740741 0.7651041666666667 0.075 0.7635416666666667 0.08611111111111111 0.7848958333333333 0.13055555555555556 0.7947916666666667 0.1574074074074074 0.8005208333333333 0.16666666666666666 0.809375 0.175 0.815625 0.1925925925925926 0.8166666666666667 0.22592592592592592 0.8125 0.26481481481481484 0.775 0.26851851851851855 0.7567708333333333 0.2777777777777778 0.7453125 0.28888888888888886 0.7302083333333333 0.29814814814814816 0.7098958333333333 0.3055555555555556 0.6927083333333334 0.31666666666666665 0.6557291666666667 0.33240740740740743 0.6369791666666667 0.34814814814814815 0.6302083333333334 0.3638888888888889
1 0.375 0.6981481481481482 0.375 0.7101851851851851 0.3828125 0.7185185185185186 0.3984375 0.7166666666666667 0.4010416666666667 0.7101851851851851 0.4 0.7027777777777777 0.38645833333333335 0.6944444444444444 0.37916666666666665 0.6935185185185185 0.375 0.6981481481481482
1 0.5078125 0.43333333333333335 0.5078125 0.4546296296296296 0.5046875 0.4842592592592593 0.5 0.5 0.49583333333333335 0.5074074074074074 0.49583333333333335 0.5138888888888888 0.5 0.5259259259259259 0.5151041666666667 0.5546296296296296 0.5317708333333333 0.575925925925926 0.5666666666666667 0.6101851851851852 0.5739583333333333 0.6212962962962963 0.5723958333333333 0.6296296296296297 0.5916666666666667 0.6305555555555555 0.596875 0.6259259259259259 0.6135416666666667 0.6259259259259259 0.6255208333333333 0.6166666666666667 0.6322916666666667 0.6166666666666667 0.6411458333333333 0.6231481481481481 0.6666666666666666 0.6342592592592593 0.6729166666666667 0.6296296296296297 0.6744791666666666 0.6212962962962963 0.6692708333333334 0.600925925925926 0.6614583333333334 0.5925925925925926 0.6635416666666667 0.5888888888888889 0.6619791666666667 0.5842592592592593 0.6625 0.5787037037037037 0.6567708333333333 0.5787037037037037 0.6572916666666667 0.5712962962962963 0.6645833333333333 0.5666666666666667 0.6625 0.562037037037037 0.6625 0.5537037037037037 0.6671875 0.5462962962962963 0.6682291666666667 0.5324074074074074 0.6640625 0.5120370370370371 0.6598958333333333 0.5027777777777778 0.6578125 0.5027777777777778 0.6505208333333333 0.49074074074074076 0.6479166666666667 0.47962962962962963 0.6473958333333333 0.4583333333333333 0.6494791666666667 0.4462962962962963 0.6494791666666667 0.42962962962962964 0.6322916666666667 0.42777777777777776 0.6307291666666667 0.425 0.628125 0.412962962962963 0.6265625 0.37777777777777777 0.625 0.3731481481481482 0.5869791666666667 0.3712962962962963 0.5859375 0.37592592592592594 0.5822916666666667 0.37592592592592594 0.5869791666666667 0.37777777777777777 0.5885416666666666 0.39166666666666666 0.5848958333333333 0.39351851851851855 0.5854166666666667 0.3972222222222222 0.5822916666666667 0.4 0.5744791666666667 0.39814814814814814 0.5729166666666666 0.4101851851851852 0.5739583333333333 0.42777777777777776 0.5796875 0.44166666666666665 0.5796875 0.4462962962962963 0.5739583333333333 0.4546296296296296 0.5385416666666667 0.4546296296296296 0.5286458333333334 0.4305555555555556 0.5166666666666667 0.4166666666666667 0.5125 0.4166666666666667 0.5098958333333333 0.4212962962962963 0.5078125 0.43333333333333335
1 0.6380208333333334 0.337037037037037 0.6348958333333333 0.3435185185185185 0.6322916666666667 0.3435185185185185 0.6328125 0.34814814814814815 0.6411458333333333 0.337037037037037 0.6380208333333334 0.337037037037037
1 0.6953125 0.29444444444444445 0.6864583333333333 0.3055555555555556 0.6703125 0.31666666666666665 0.6703125 0.3194444444444444 0.6786458333333333 0.31851851851851853 0.6994791666666667 0.3074074074074074 0.7020833333333333 0.30277777777777776 0.7015625 0.29444444444444445 0.6953125 0.29444444444444445
1 0.6296875 0.6481481481481481 0.6291666666666667 0.6574074074074074 0.6317708333333333 0.6620370370370371 0.6432291666666666 0.6620370370370371 0.6494791666666667 0.6685185185185185 0.659375 0.6685185185185185 0.6619791666666667 0.6638888888888889 0.6552083333333333 0.6509259259259259 0.6453125 0.6481481481481481 0.6380208333333334 0.6416666666666667 0.6328125 0.6416666666666667 0.6296875 0.6481481481481481
1 0.6838541666666667 0.8953703703703704 0.6838541666666667 0.9046296296296297 0.6880208333333333 0.9092592592592592 0.6932291666666667 0.9055555555555556 0.6921875 0.8944444444444445 0.6838541666666667 0.8953703703703704
3 0.35104166666666664 0.4675925925925926 0.3494791666666667 0.4935185185185185 0.35208333333333336 0.5037037037037037 0.3651041666666667 0.5138888888888888 0.37552083333333336 0.5138888888888888 0.38958333333333334 0.5416666666666666 0.4109375 0.5509259259259259 0.4276041666666667 0.5888888888888889 0.4427083333333333 0.6166666666666667 0.45208333333333334 0.6296296296296297 0.4588541666666667 0.6342592592592593 0.465625 0.6342592592592593 0.4739583333333333 0.6296296296296297 0.4786458333333333 0.6222222222222222 0.48072916666666665 0.6185185185185185 0.4817708333333333 0.6055555555555555 0.48072916666666665 0.5851851851851851 0.47708333333333336 0.5712962962962963 0.4765625 0.5601851851851852 0.46927083333333336 0.5333333333333333 0.49166666666666664 0.5092592592592593 0.49947916666666664 0.49537037037037035 0.5052083333333334 0.4666666666666667 0.5078125 0.4212962962962963 0.50625 0.4166666666666667 0.5010416666666667 0.4166666666666667 0.48020833333333335 0.4305555555555556 0.4625 0.43703703703703706 0.446875 0.4527777777777778 0.43802083333333336 0.4527777777777778 0.434375 0.44814814814814813 0.375 0.45092592592592595 0.35833333333333334 0.45740740740740743 0.35104166666666664 0.4675925925925926
3 0.5203125 0.4027777777777778 0.5177083333333333 0.4074074074074074 0.51875 0.41388888888888886 0.5354166666666667 0.4388888888888889 0.5390625 0.4527777777777778 0.5661458333333333 0.4527777777777778 0.5744791666666667 0.4444444444444444 0.5708333333333333 0.42407407407407405 0.5692708333333333 0.4027777777777778 0.5614583333333333 0.36203703703703705 0.55625 0.36203703703703705 0.5333333333333333 0.39166666666666666 0.5203125 0.4027777777777778
3 0.7463541666666667 0.8138888888888889 0.7458333333333333 0.8305555555555556 0.7520833333333333 0.8416666666666667 0.7677083333333333 0.8435185185185186 0.78125 0.8305555555555556 0.7776041666666667 0.8203703703703704 0.7776041666666667 0.8148148148148148 0.7713541666666667 0.8037037037037037 0.7723958333333333 0.8 0.7692708333333333 0.7962962962962963 0.7661458333333333 0.7777777777777778 0.7625 0.7731481481481481 0.7567708333333333 0.7731481481481481 0.7536458333333333 0.7777777777777778 0.75 0.7888888888888889 0.7463541666666667 0.8138888888888889
3 0.7372395833333333 0.774537037037037 0.0005208333333333333 0.002777777777777778
3 0.6802083333333333 0.6861111111111111 0.6776041666666667 0.6935185185185185 0.6786458333333333 0.7055555555555556 0.68125 0.7101851851851851 0.6927083333333334 0.7185185185185186 0.7161458333333334 0.7166666666666667 0.7375 0.6972222222222222 0.7380208333333333 0.7055555555555556 0.7432291666666667 0.7157407407407408 0.7505208333333333 0.7407407407407407 0.7567708333333333 0.7481481481481481 0.7635416666666667 0.7509259259259259 0.7744791666666667 0.7685185185185185 0.775 0.775 0.7802083333333333 0.7861111111111111 0.7833333333333333 0.8101851851851852 0.7869791666666667 0.8138888888888889 0.7932291666666667 0.8138888888888889 0.7947916666666667 0.825925925925926 0.8026041666666667 0.8388888888888889 0.8119791666666667 0.8435185185185186 0.8244791666666667 0.8546296296296296 0.8307291666666666 0.8574074074074074 0.8510416666666667 0.8574074074074074 0.878125 0.8481481481481481 0.9083333333333333 0.8435185185185186 0.9171875 0.8388888888888889 0.9348958333333334 0.8212962962962963 0.9557291666666666 0.7851851851851852 0.9651041666666667 0.7648148148148148 0.984375 0.7444444444444445 0.99375 0.7398148148148148 0.9958333333333333 0.7351851851851852 0.9947916666666666 0.662962962962963 0.9973958333333334 0.6546296296296297 0.9973958333333334 0.6388888888888888 0.9942708333333333 0.6064814814814815 0.9973958333333334 0.5842592592592593 0.9942708333333333 0.5518518518518518 0.9963541666666667 0.5296296296296297 0.9958333333333333 0.49444444444444446 0.9973958333333334 0.4898148148148148 0.9958333333333333 0.48148148148148145 0.9973958333333334 0.4685185185185185 0.9963541666666667 0.4527777777777778 0.99375 0.45092592592592595 0.9859375 0.462037037037037 0.9760416666666667 0.4685185185185185 0.965625 0.4861111111111111 0.9385416666666667 0.5166666666666667 0.9161458333333333 0.5527777777777778 0.896875 0.5685185185185185 0.8890625 0.5731481481481482 0.8671875 0.575925925925926 0.8442708333333333 0.5740740740740741 0.8296875 0.5805555555555556 0.7869791666666667 0.5851851851851851 0.76875 0.5962962962962963 0.7447916666666666 0.6055555555555555 0.7322916666666667 0.6166666666666667 0.7390625 0.6462962962962963 0.7369791666666666 0.6537037037037037 0.734375 0.6462962962962963 0.7260416666666667 0.6351851851851852 0.7130208333333333 0.6370370370370371 0.6994791666666667 0.6527777777777778 0.6802083333333333 0.6861111111111111
3 0.3515625 0.4666666666666667 0.3494791666666667 0.4925925925925926 0.35208333333333336 0.5027777777777778 0.3625 0.5120370370370371 0.3765625 0.5138888888888888 0.37916666666666665 0.5166666666666667 0.38125 0.5259259259259259 0.3875 0.5388888888888889 0.39791666666666664 0.5462962962962963 0.4041666666666667 0.5462962962962963 0.41041666666666665 0.5509259259259259 0.42083333333333334 0.575925925925926 0.4427083333333333 0.6166666666666667 0.45208333333333334 0.6296296296296297 0.4583333333333333 0.6342592592592593 0.46770833333333334 0.6342592592592593 0.47708333333333336 0.6259259259259259 0.48072916666666665 0.6194444444444445 0.4817708333333333 0.612037037037037 0.48072916666666665 0.5851851851851851 0.47708333333333336 0.5703703703703704 0.4765625 0.5574074074074075 0.46927083333333336 0.5314814814814814 0.4901041666666667 0.5092592592592593 0.49947916666666664 0.4935185185185185 0.5052083333333334 0.4601851851851852 0.50625 0.4212962962962963 0.5052083333333334 0.4185185185185185 0.4973958333333333 0.41944444444444445 0.4859375 0.42777777777777776 0.4630208333333333 0.43703703703703706 0.44635416666666666 0.45555555555555555 0.43854166666666666 0.45555555555555555 0.4375 0.45092592592592595 0.43385416666666665 0.44814814814814813 0.375 0.45092592592592595 0.3578125 0.45740740740740743 0.3515625 0.4666666666666667
3 0.6296875 0.3638888888888889 0.6296875 0.3990740740740741 0.6317708333333333 0.4185185185185185 0.6359375 0.425 0.6541666666666667 0.425 0.6494791666666667 0.45092592592592595 0.6494791666666667 0.48055555555555557 0.65625 0.4962962962962963 0.6598958333333333 0.4981481481481482 0.6661458333333333 0.5074074074074074 0.6708333333333333 0.5296296296296297 0.68125 0.5462962962962963 0.69375 0.5546296296296296 0.7015625 0.575 0.7088541666666667 0.5842592592592593 0.7161458333333334 0.5888888888888889 0.7380208333333333 0.5888888888888889 0.7411458333333333 0.587037037037037 0.7453125 0.5731481481481482 0.7453125 0.5462962962962963 0.7546875 0.5305555555555556 0.784375 0.5148148148148148 0.80625 0.5055555555555555 0.8166666666666667 0.5046296296296297 0.8203125 0.5009259259259259 0.8255208333333334 0.5009259259259259 0.8625 0.4824074074074074 0.8973958333333333 0.48518518518518516 0.9078125 0.49166666666666664 0.9171875 0.4935185185185185 0.9364583333333333 0.5055555555555555 0.9421875 0.5055555555555555 0.9598958333333333 0.48518518518518516 0.96875 0.47129629629629627 0.971875 0.45925925925925926 0.971875 0.44814814814814813 0.96875 0.4398148148148148 0.9651041666666667 0.41203703703703703 0.9703125 0.3851851851851852 0.9703125 0.3472222222222222 0.975 0.33240740740740743 0.9807291666666667 0.32407407407407407 0.9817708333333334 0.3148148148148148 0.984375 0.3138888888888889 0.9854166666666667 0.30185185185185187 0.9875 0.2962962962962963 0.9875 0.27314814814814814 0.971875 0.27314814814814814 0.9541666666666667 0.26666666666666666 0.9286458333333333 0.26666666666666666 0.8760416666666667 0.27314814814814814 0.83125 0.27314814814814814 0.8005208333333333 0.26666666666666666 0.7791666666666667 0.26666666666666666 0.7583333333333333 0.2759259259259259 0.7291666666666666 0.29814814814814816 0.7119791666666667 0.30277777777777776 0.6963541666666667 0.3138888888888889 0.6526041666666667 0.33240740740740743 0.6395833333333333 0.3435185185185185 0.63125 0.3574074074074074 0.6296875 0.3638888888888889
3 0.6463541666666667 0.002777777777777778 0.6520833333333333 0.04537037037037037 0.6598958333333333 0.07592592592592592 0.6630208333333333 0.0962962962962963 0.6671875 0.10555555555555556 0.6703125 0.12685185185185185 0.6697916666666667 0.17314814814814813 0.65 0.21666666666666667 0.63125 0.23796296296296296 0.6255208333333333 0.27037037037037037 0.6161458333333333 0.2851851851851852 0.6052083333333333 0.2962962962962963 0.5921875 0.3194444444444444 0.5776041666666667 0.337037037037037 0.5817708333333333 0.3592592592592593 0.5869791666666667 0.3638888888888889 0.6078125 0.3685185185185185 0.6223958333333334 0.3685185185185185 0.6265625 0.36203703703703705 0.6286458333333333 0.34444444444444444 0.6328125 0.337037037037037 0.6614583333333334 0.3212962962962963 0.6692708333333334 0.31203703703703706 0.675 0.3101851851851852 0.6776041666666667 0.3055555555555556 0.6869791666666667 0.3 0.6942708333333333 0.28888888888888886 0.7 0.28425925925925927 0.7036458333333333 0.275 0.7072916666666667 0.2537037037037037 0.7114583333333333 0.24351851851851852 0.7145833333333333 0.22870370370370371 0.7177083333333333 0.22314814814814815 0.7203125 0.20925925925925926 0.7223958333333333 0.18888888888888888 0.721875 0.1712962962962963 0.7098958333333333 0.0824074074074074 0.6994791666666667 0.041666666666666664 0.6890625 0.017592592592592594 0.6859375 0.003703703703703704 0.6802083333333333 0 0.6484375 0 0.6463541666666667 0.002777777777777778