4 0.0375 0 0.2203125 0 0.2234375 0.002777777777777778 0.228125 0 0.24479166666666666 0 0.2515625 0.03796296296296296 0.25833333333333336 0.05185185185185185 0.2625 0.04722222222222222 0.26510416666666664 0.022222222222222223 0.2635416666666667 0.012037037037037037 0.2682291666666667 0 0.31197916666666664 0 0.32864583333333336 0.003703703703703704 0.34322916666666664 0 0.45208333333333334 0 0.459375 0.002777777777777778 0.5052083333333334 0 0.5567708333333333 0.05648148148148148 0.5598958333333334 0.0824074074074074 0.5666666666666667 0.10185185185185185 0.5703125 0.12222222222222222 0.5776041666666667 0.13796296296296295 0.58125 0.15833333333333333 0.59375 0.2759259259259259 0.5927083333333333 0.29814814814814816 0.58125 0.3472222222222222 0.5807291666666666 0.36666666666666664 0.6057291666666667 0.425 0.6286458333333333 0.5148148148148148 0.6265625 0.5231481481481481 0.6182291666666667 0.5287037037037037 0.590625 0.5268518518518519 0.5671875 0.5361111111111111 0.5567708333333333 0.5509259259259259 0.5463541666666667 0.5527777777777778 0.5364583333333334 0.5601851851851852 0.5286458333333334 0.5740740740740741 0.5260416666666666 0.5740740740740741 0.5010416666666667 0.6 0.4921875 0.6055555555555555 0.48802083333333335 0.6027777777777777 0.484375 0.6055555555555555 0.4828125 0.6194444444444445 0.48333333333333334 0.6435185185185185 0.4671875 0.687962962962963 0.45989583333333334 0.6944444444444444 0.446875 0.6851851851851852 0.434375 0.6805555555555556 0.42864583333333334 0.6666666666666666 0.4203125 0.6620370370370371 0.4114583333333333 0.649074074074074 0.40572916666666664 0.649074074074074 0.4015625 0.6453703703703704 0.3958333333333333 0.6361111111111111 0.39375 0.6351851851851852 0.3885416666666667 0.6435185185185185 0.38229166666666664 0.6444444444444445 0.378125 0.6388888888888888 0.3770833333333333 0.6222222222222222 0.37447916666666664 0.6185185185185185 0.35625 0.6157407407407407 0.3484375 0.6166666666666667 0.34375 0.6268518518518519 0.32760416666666664 0.649074074074074 0.31614583333333335 0.649074074074074 0.3109375 0.6546296296296297 0.3067708333333333 0.6527777777777778 0.30520833333333336 0.6555555555555556 0.2916666666666667 0.6555555555555556 0.28854166666666664 0.6574074074074074 0.290625 0.6611111111111111 0.2635416666666667 0.6611111111111111 0.2520833333333333 0.6666666666666666 0.24583333333333332 0.6851851851851852 0.23020833333333332 0.7129629629629629 0.228125 0.7305555555555555 0.21354166666666666 0.7472222222222222 0.20260416666666667 0.7648148148148148 0.2046875 0.7768518518518519 0.21145833333333333 0.7861111111111111 0.2109375 0.7898148148148149 0.20625 0.7888888888888889 0.20520833333333333 0.7935185185185185 0.21197916666666666 0.7953703703703704 0.21458333333333332 0.799074074074074 0.21875 0.8175925925925925 0.2125 0.8240740740740741 0.221875 0.8342592592592593 0.22135416666666666 0.8425925925925926 0.2234375 0.850925925925926 0.22916666666666666 0.8444444444444444 0.2265625 0.8416666666666667 0.22916666666666666 0.8388888888888889 0.2265625 0.8342592592592593 0.22864583333333333 0.8305555555555556 0.23645833333333333 0.8231481481481482 0.246875 0.8222222222222222 0.25 0.8175925925925925 0.24635416666666668 0.812962962962963 0.2453125 0.8046296296296296 0.25 0.8046296296296296 0.2552083333333333 0.7935185185185185 0.2598958333333333 0.7953703703703704 0.2625 0.7916666666666666 0.26510416666666664 0.7935185185185185 0.26197916666666665 0.7972222222222223 0.26979166666666665 0.8 0.2640625 0.8037037037037037 0.265625 0.8083333333333333 0.2791666666666667 0.8101851851851852 0.27708333333333335 0.8138888888888889 0.284375 0.8175925925925925 0.2864583333333333 0.8314814814814815 0.28125 0.8416666666666667 0.284375 0.8481481481481481 0.28020833333333334 0.8537037037037037 0.26927083333333335 0.8583333333333333 0.26927083333333335 0.8638888888888889 0.26197916666666665 0.8694444444444445 0.24791666666666667 0.8648148148148148 0.24791666666666667 0.8759259259259259 0.25677083333333334 0.8842592592592593 0.2671875 0.8870370370370371 0.27291666666666664 0.8842592592592593 0.271875 0.8796296296296297 0.27447916666666666 0.875 0.2828125 0.875 0.284375 0.8768518518518519 0.2828125 0.8796296296296297 0.28854166666666664 0.8861111111111111 0.2833333333333333 0.8898148148148148 0.2869791666666667 0.8953703703703704 0.3046875 0.8972222222222223 0.3151041666666667 0.8944444444444445 0.321875 0.8851851851851852 0.3385416666666667 0.8805555555555555 0.34010416666666665 0.8759259259259259 0.3458333333333333 0.8722222222222222 0.3671875 0.8722222222222222 0.3723958333333333 0.8759259259259259 0.3651041666666667 0.8796296296296297 0.3729166666666667 0.8898148148148148 0.3729166666666667 0.8953703703703704 0.3770833333333333 0.8935185185185185 0.38333333333333336 0.899074074074074 0.390625 0.8935185185185185 0.39114583333333336 0.8962962962962963 0.39947916666666666 0.8981481481481481 0.4005208333333333 0.9018518518518519 0.4114583333333333 0.8962962962962963 0.40989583333333335 0.9027777777777778 0.4109375 0.9055555555555556 0.41510416666666666 0.9037037037037037 0.4197916666666667 0.9064814814814814 0.4197916666666667 0.9138888888888889 0.4171875 0.9175925925925926 0.41875 0.9212962962962963 0.415625 0.9287037037037037 0.403125 0.9388888888888889 0.3932291666666667 0.9351851851851852 0.39427083333333335 0.9287037037037037 0.3927083333333333 0.9268518518518518 0.3859375 0.9268518518518518 0.38385416666666666 0.9351851851851852 0.3885416666666667 0.9425925925925925 0.3776041666666667 0.9490740740740741 0.3729166666666667 0.9481481481481482 0.3703125 0.9527777777777777 0.371875 0.9564814814814815 0.35 0.9629629629629629 0.3453125 0.9611111111111111 0.34270833333333334 0.9703703703703703 0.3380208333333333 0.9740740740740741 0.334375 0.9712962962962963 0.32708333333333334 0.9796296296296296 0.3265625 0.9833333333333333 0.31197916666666664 0.9935185185185185 0.253125 0.9962962962962963 0.23333333333333334 0.9777777777777777 0.22864583333333333 0.9888888888888889 0.2203125 0.987037037037037 0.2234375 0.987037037037037 0.225 0.9842592592592593 0.2234375 0.9824074074074074 0.20572916666666666 0.9824074074074074 0.209375 0.9944444444444445 0.19947916666666668 0.9990740740740741 0.19322916666666667 0.9907407407407407 0.1984375 0.9842592592592593 0.19739583333333333 0.9824074074074074 0.18697916666666667 0.9805555555555555 0.18229166666666666 0.9722222222222222 0.18020833333333333 0.975 0.18125 0.9805555555555555 0.17552083333333332 0.9842592592592593 0.1796875 0.9879629629629629 0.175 0.9944444444444445 0.17291666666666666 0.9935185185185185 0.16822916666666668 0.9879629629629629 0.16875 0.9712962962962963 0.1625 0.950925925925926 0.1234375 0.9092592592592592 0.10416666666666667 0.8805555555555555 0.09010416666666667 0.8361111111111111 0.0828125 0.7907407407407407 0.07395833333333333 0.7842592592592592 0.06770833333333333 0.7685185185185185 0.06770833333333333 0.7546296296296297 0.07447916666666667 0.7231481481481481 0.075 0.6759259259259259 0.06666666666666667 0.6259259259259259 0.06614583333333333 0.5537037037037037 0.0609375 0.5212962962962963 0.059375 0.4925925925925926 0.06666666666666667 0.3851851851851852 0.08020833333333334 0.33240740740740743 0.08125 0.30833333333333335 0.08854166666666667 0.2851851851851852 0.07239583333333334 0.26296296296296295 0.040625 0.2361111111111111 0.029166666666666667 0.2222222222222222 0.0140625 0.22314814814814815 0 0.21481481481481482 0 0.03981481481481482 0.0020833333333333333 0.03796296296296296 0.005729166666666666 0.021296296296296296 0.0036458333333333334 0.004629629629629629 0.009895833333333333 0.001851851851851852 0.0296875 0.003703703703703704 0.0375 0.000925925925925926
4 0.7322916666666667 0 0.7552083333333334 0 0.759375 0.002777777777777778 0.76875 0 0.796875 0 0.8005208333333333 0.002777777777777778 0.8109375 0 0.8484375 0 0.8526041666666667 0.003703703703703704 0.8692708333333333 0.005555555555555556 0.8729166666666667 0.009259259259259259 0.8869791666666667 0.005555555555555556 0.8989583333333333 0.012037037037037037 0.9010416666666666 0.03333333333333333 0.9052083333333333 0.028703703703703703 0.9057291666666667 0.010185185185185186 0.9078125 0.005555555555555556 0.9208333333333333 0 0.9322916666666666 0 0.9526041666666667 0.009259259259259259 0.95625 0.01574074074074074 0.9598958333333333 0.016666666666666666 0.965625 0.013888888888888888 0.9729166666666667 0.004629629629629629 0.9786458333333333 0.002777777777777778 0.9875 0.002777777777777778 0.9994791666666667 0.009259259259259259 0.9994791666666667 0.041666666666666664 0.9963541666666667 0.04351851851851852 0.9927083333333333 0.05277777777777778 0.9953125 0.07222222222222222 0.9942708333333333 0.10740740740740741 0.9947916666666666 0.11203703703703703 0.9994791666666667 0.11851851851851852 0.9994791666666667 0.20925925925925926 0.9973958333333334 0.2101851851851852 0.996875 0.21851851851851853 0.9807291666666667 0.2361111111111111 0.96875 0.2675925925925926 0.9385416666666667 0.31296296296296294 0.9291666666666667 0.32037037037037036 0.9182291666666667 0.3351851851851852 0.9067708333333333 0.3398148148148148 0.8921875 0.35555555555555557 0.8671875 0.36944444444444446 0.8723958333333334 0.3990740740740741 0.8791666666666667 0.42407407407407405 0.8854166666666666 0.4444444444444444 0.8953125 0.46296296296296297 0.8953125 0.4703703703703704 0.8932291666666666 0.47314814814814815 0.9010416666666666 0.48518518518518516 0.9020833333333333 0.49444444444444446 0.8973958333333333 0.5037037037037037 0.871875 0.5157407407407407 0.8583333333333333 0.5305555555555556 0.8416666666666667 0.5398148148148149 0.8333333333333334 0.5388888888888889 0.8265625 0.5342592592592592 0.8182291666666667 0.5157407407407407 0.8161458333333333 0.49444444444444446 0.8104166666666667 0.46574074074074073 0.8098958333333334 0.412962962962963 0.8072916666666666 0.3990740740740741 0.803125 0.39166666666666666 0.7880208333333333 0.3851851851851852 0.7791666666666667 0.37222222222222223 0.7744791666666667 0.3768518518518518 0.7447916666666666 0.3731481481481482 0.71875 0.3194444444444444 0.6880208333333333 0.287962962962963 0.690625 0.25462962962962965 0.6838541666666667 0.23703703703703705 0.6822916666666666 0.22685185185185186 0.6833333333333333 0.17407407407407408 0.6869791666666667 0.1361111111111111 0.6911458333333333 0.12129629629629629 0.6973958333333333 0.07777777777777778 0.7036458333333333 0.05277777777777778 0.7078125 0.004629629629629629 0.7098958333333333 0.001851851851851852 0.7322916666666667 0.000925925925925926
4 0.6416666666666667 0.7638888888888888 0.6484375 0.7685185185185185 0.70625 0.8768518518518519 0.7229166666666667 0.899074074074074 0.7338541666666667 0.9055555555555556 0.7416666666666667 0.924074074074074 0.7447916666666666 0.9259259259259259 0.7546875 0.9166666666666666 0.7692708333333333 0.9138888888888889 0.8104166666666667 0.9675925925925926 0.8364583333333333 0.9888888888888889 0.8390625 0.9944444444444445 0.83125 0.9990740740740741 0.7807291666666667 0.9990740740740741 0.7677083333333333 0.9953703703703703 0.7510416666666667 0.9962962962962963 0.7479166666666667 0.9990740740740741 0.7135416666666666 0.9990740740740741 0.7114583333333333 0.9962962962962963 0.6645833333333333 0.9990740740740741 0.6567708333333333 0.9944444444444445 0.6526041666666667 0.9833333333333333 0.6427083333333333 0.9712962962962963 0.6296875 0.9407407407407408 0.6088541666666667 0.912962962962963 0.6067708333333334 0.9027777777777778 0.5979166666666667 0.8861111111111111 0.5921875 0.8694444444444445 0.5854166666666667 0.8629629629629629 0.5682291666666667 0.8592592592592593 0.5604166666666667 0.85 0.5604166666666667 0.837037037037037 0.5651041666666666 0.825 0.565625 0.812962962962963 0.5911458333333334 0.7787037037037037 0.6161458333333333 0.7657407407407407 0.6411458333333333 0.7638888888888888
1 0.4953125 0.7129629629629629 0.5026041666666666 0.7175925925925926 0.5114583333333333 0.7287037037037037 0.5270833333333333 0.7583333333333333 0.53125 0.787962962962963 0.546875 0.8111111111111111 0.5557291666666667 0.8379629629629629 0.5567708333333333 0.8555555555555555 0.5651041666666666 0.8666666666666667 0.5614583333333333 0.8916666666666667 0.5604166666666667 0.9259259259259259 0.5578125 0.9342592592592592 0.5505208333333333 0.9138888888888889 0.55 0.8935185185185185 0.546875 0.8861111111111111 0.5328125 0.8759259259259259 0.5239583333333333 0.8629629629629629 0.5114583333333333 0.8527777777777777 0.5015625 0.8490740740740741 0.48333333333333334 0.85 0.4796875 0.8472222222222222 0.4796875 0.8379629629629629 0.48385416666666664 0.8231481481481482 0.4864583333333333 0.799074074074074 0.4791666666666667 0.7703703703703704 0.478125 0.7268518518518519 0.4859375 0.7212962962962963 0.4901041666666667 0.7129629629629629 0.4947916666666667 0.7129629629629629
3 0.825 0.30925925925925923 0.8479166666666667 0.33611111111111114 0.8635416666666667 0.3648148148148148 0.8697916666666666 0.3824074074074074 0.8838541666666667 0.44074074074074077 0.8947916666666667 0.46296296296296297 0.8921875 0.4759259259259259 0.9020833333333333 0.49166666666666664 0.9010416666666666 0.5009259259259259 0.896875 0.5046296296296297 0.871875 0.5157407407407407 0.8520833333333333 0.5361111111111111 0.8416666666666667 0.5407407407407407 0.8270833333333333 0.5361111111111111 0.81875 0.5194444444444445 0.8166666666666667 0.49537037037037035 0.8098958333333334 0.46574074074074073 0.8104166666666667 0.41388888888888886 0.8072916666666666 0.3972222222222222 0.8005208333333333 0.38425925925925924 0.7984375 0.37037037037037035 0.7984375 0.35833333333333334 0.8005208333333333 0.35185185185185186 0.7994791666666666 0.3472222222222222 0.803125 0.3314814814814815 0.8072916666666666 0.3296296296296296 0.8104166666666667 0.3175925925925926 0.815625 0.3101851851851852 0.8244791666666667 0.30925925925925923
3 0.6442708333333333 0.7648148148148148 0.6520833333333333 0.7759259259259259 0.7046875 0.875 0.7223958333333333 0.899074074074074 0.7338541666666667 0.9064814814814814 0.7390625 0.9212962962962963 0.7390625 0.9287037037037037 0.7291666666666666 0.9472222222222222 0.7239583333333334 0.9666666666666667 0.709375 0.9925925925925926 0.6927083333333334 0.9953703703703703 0.6635416666666667 0.9944444444444445 0.653125 0.9777777777777777 0.64375 0.9703703703703703 0.6307291666666667 0.9398148148148148 0.6130208333333333 0.9185185185185185 0.5916666666666667 0.8685185185185185 0.5817708333333333 0.8601851851851852 0.5645833333333333 0.8537037037037037 0.5609375 0.8490740740740741 0.5609375 0.837037037037037 0.5645833333333333 0.8175925925925925 0.56875 0.8092592592592592 0.5776041666666667 0.8009259259259259 0.5895833333333333 0.7787037037037037 0.5942708333333333 0.774074074074074 0.6177083333333333 0.7657407407407407 0.64375 0.7648148148148148
3 0.50625 0.8527777777777777 0.5244791666666667 0.8657407407407407 0.5328125 0.8787037037037037 0.5463541666666667 0.8888888888888888 0.55 0.9009259259259259 0.5489583333333333 0.9120370370370371 0.5552083333333333 0.9324074074074075 0.5541666666666667 0.9462962962962963 0.5505208333333333 0.9592592592592593 0.5442708333333334 0.9703703703703703 0.5385416666666667 0.9935185185185185 0.5333333333333333 0.9990740740740741 0.4973958333333333 0.9990740740740741 0.4828125 0.9953703703703703 0.43385416666666665 0.9990740740740741 0.42916666666666664 0.9925925925925926 0.41510416666666666 0.9564814814814815 0.415625 0.9490740740740741 0.42083333333333334 0.9416666666666667 0.4322916666666667 0.937037037037037 0.4484375 0.9166666666666666 0.45625 0.9120370370370371 0.46979166666666666 0.8787037037037037 0.48385416666666664 0.8555555555555555 0.49322916666666666 0.8518518518518519 0.5057291666666667 0.8527777777777777
3 0.4984375 0.850925925925926 0.5119791666666667 0.8546296296296296 0.525 0.8657407407407407 0.5328125 0.8777777777777778 0.546875 0.887962962962963 0.5505208333333333 0.899074074074074 0.5494791666666666 0.9111111111111111 0.5552083333333333 0.9305555555555556 0.5546875 0.9444444444444444 0.5515625 0.9574074074074074 0.5447916666666667 0.9703703703703703 0.5364583333333334 0.9962962962962963 0.5203125 0.9953703703703703 0.5140625 0.9722222222222222 0.5020833333333333 0.9527777777777777 0.4875 0.937037037037037 0.47291666666666665 0.9287037037037037 0.45729166666666665 0.9111111111111111 0.4625 0.8944444444444445 0.4786458333333333 0.862037037037037 0.48489583333333336 0.8546296296296296 0.4979166666666667 0.850925925925926
3 0.4015625 0.8666666666666667 0.4114583333333333 0.8703703703703703 0.41354166666666664 0.8666666666666667 0.4197916666666667 0.8657407407407407 0.428125 0.8740740740740741 0.42916666666666664 0.899074074074074 0.4265625 0.9185185185185185 0.41458333333333336 0.9388888888888889 0.3932291666666667 0.9453703703703704 0.3828125 0.9555555555555556 0.3536458333333333 0.9685185185185186 0.3140625 0.9944444444444445 0.28802083333333334 0.9962962962962963 0.28489583333333335 0.9990740740740741 0.253125 0.9990740740740741 0.24322916666666666 0.9907407407407407 0.234375 0.975925925925926 0.2296875 0.9546296296296296 0.23020833333333332 0.9287037037037037 0.2375 0.8981481481481481 0.24479166666666666 0.8833333333333333 0.26458333333333334 0.8916666666666667 0.2921875 0.8962962962962963 0.3125 0.8925925925925926 0.3484375 0.8694444444444445 0.36614583333333334 0.8648148148148148 0.4010416666666667 0.8666666666666667
3 0.475 0.4722222222222222 0.4791666666666667 0.47685185185185186 0.4822916666666667 0.4861111111111111 0.4822916666666667 0.5259259259259259 0.484375 0.5351851851851852 0.48802083333333335 0.5388888888888889 0.4828125 0.6240740740740741 0.48385416666666664 0.6481481481481481 0.4666666666666667 0.6935185185185185 0.45989583333333334 0.6972222222222222 0.4515625 0.6925925925925925 0.4510416666666667 0.687962962962963 0.4354166666666667 0.6842592592592592 0.4317708333333333 0.6796296296296296 0.42864583333333334 0.6666666666666666 0.4203125 0.6620370370370371 0.4125 0.649074074074074 0.403125 0.6472222222222223 0.3958333333333333 0.6333333333333333 0.39375 0.6324074074074074 0.3859375 0.6462962962962963 0.3802083333333333 0.6435185185185185 0.378125 0.6370370370370371 0.37552083333333336 0.6083333333333333 0.37552083333333336 0.5879629629629629 0.38333333333333336 0.5407407407407407 0.3875 0.5388888888888889 0.39739583333333334 0.5564814814814815 0.40520833333333334 0.5777777777777777 0.40572916666666664 0.5861111111111111 0.39947916666666666 0.6018518518518519 0.4005208333333333 0.6083333333333333 0.40572916666666664 0.5916666666666667 0.4083333333333333 0.5888888888888889 0.4114583333333333 0.5740740740740741 0.41041666666666665 0.5601851851851852 0.4036458333333333 0.5324074074074074 0.4036458333333333 0.5259259259259259 0.4078125 0.5185185185185185 0.4265625 0.5 0.43020833333333336 0.49444444444444446 0.4317708333333333 0.48703703703703705 0.43854166666666666 0.4777777777777778 0.4557291666666667 0.47129629629629627 0.4744791666666667 0.4722222222222222
3 0.4734375 0.4 0.48020833333333335 0.40555555555555556 0.4890625 0.4185185185185185 0.5 0.44722222222222224 0.5088541666666667 0.462037037037037 0.5119791666666667 0.47129629629629627 0.5119791666666667 0.48148148148148145 0.49947916666666664 0.5055555555555555 0.4864583333333333 0.5555555555555556 0.48333333333333334 0.625 0.4859375 0.6342592592592593 0.49114583333333334 0.6370370370370371 0.49114583333333334 0.6435185185185185 0.478125 0.6638888888888889 0.4671875 0.6944444444444444 0.4635416666666667 0.6981481481481482 0.4578125 0.6981481481481482 0.4484375 0.6888888888888889 0.4354166666666667 0.6842592592592592 0.4322916666666667 0.6805555555555556 0.42916666666666664 0.6675925925925926 0.4197916666666667 0.6611111111111111 0.4140625 0.65 0.403125 0.6472222222222223 0.3963541666666667 0.6342592592592593 0.39375 0.6333333333333333 0.38697916666666665 0.6462962962962963 0.3807291666666667 0.6444444444444445 0.3776041666666667 0.6333333333333333 0.375 0.5925925925925926 0.3796875 0.5583333333333333 0.38333333333333336 0.5416666666666666 0.3859375 0.5388888888888889 0.39166666666666666 0.5453703703703704 0.403125 0.5675925925925925 0.40625 0.5805555555555556 0.40572916666666664 0.5879629629629629 0.4083333333333333 0.5879629629629629 0.4109375 0.5740740740740741 0.41041666666666665 0.562037037037037 0.4036458333333333 0.5333333333333333 0.4036458333333333 0.5259259259259259 0.40729166666666666 0.5185185185185185 0.4296875 0.49444444444444446 0.4354166666666667 0.46574074074074073 0.45677083333333335 0.4212962962962963 0.4703125 0.4009259259259259 0.47291666666666665 0.4009259259259259