4 0.6723958333333333 0.29907407407407405 0.7265625 0.3101851851851852 0.7666666666666667 0.3101851851851852 0.8005208333333333 0.32592592592592595 0.8171875 0.3287037037037037 0.8703125 0.34814814814814815 0.89375 0.3592592592592593 0.9078125 0.36944444444444446 0.9880208333333333 0.4064814814814815 0.9994791666666667 0.41574074074074074 0.9994791666666667 0.5907407407407408 0.9979166666666667 0.5916666666666667 0.9994791666666667 0.5962962962962963 0.9963541666666667 0.6018518518518519 0.9973958333333334 0.6157407407407407 0.9994791666666667 0.6166666666666667 0.9994791666666667 0.6305555555555555 0.996875 0.6342592592592593 0.9973958333333334 0.662962962962963 0.9994791666666667 0.6666666666666666 0.9963541666666667 0.6712962962962963 0.996875 0.7018518518518518 0.9994791666666667 0.7055555555555556 0.9963541666666667 0.7268518518518519 0.9973958333333334 0.8064814814814815 0.9947916666666666 0.8759259259259259 0.9963541666666667 0.8981481481481481 0.9947916666666666 0.9157407407407407 0.9880208333333333 0.9185185185185185 0.9901041666666667 0.9231481481481482 0.9947916666666666 0.924074074074074 0.9994791666666667 0.9324074074074075 0.9973958333333334 0.9351851851851852 0.996875 0.9453703703703704 0.9994791666666667 0.9518518518518518 0.996875 0.9555555555555556 0.996875 0.9694444444444444 0.99375 0.9768518518518519 0.9947916666666666 0.9888888888888889 0.9765625 0.9888888888888889 0.9697916666666667 0.9944444444444445 0.9234375 0.9944444444444445 0.9239583333333333 0.9907407407407407 0.9223958333333333 0.9888888888888889 0.91875 0.9925925925925926 0.9088541666666666 0.9944444444444445 0.9078125 0.9916666666666667 0.9036458333333334 0.9935185185185185 0.8979166666666667 0.9851851851851852 0.8713541666666667 0.9944444444444445 0.8375 0.9935185185185185 0.7578125 0.887962962962963 0.7479166666666667 0.8712962962962963 0.746875 0.8648148148148148 0.7411458333333333 0.862037037037037 0.7380208333333333 0.85 0.7213541666666666 0.8185185185185185 0.7213541666666666 0.8138888888888889 0.7286458333333333 0.8046296296296296 0.7244791666666667 0.8 0.721875 0.7898148148148149 0.7265625 0.7824074074074074 0.7364583333333333 0.7814814814814814 0.7375 0.7787037037037037 0.7348958333333333 0.775 0.7369791666666666 0.7731481481481481 0.7385416666666667 0.775 0.7375 0.7805555555555556 0.740625 0.7870370370370371 0.7421875 0.7861111111111111 0.7411458333333333 0.7611111111111111 0.7427083333333333 0.7490740740740741 0.75625 0.7333333333333333 0.7682291666666666 0.7138888888888889 0.7739583333333333 0.6944444444444444 0.7765625 0.6925925925925925 0.7760416666666666 0.6898148148148148 0.76875 0.6962962962962963 0.7630208333333334 0.6907407407407408 0.7473958333333334 0.6907407407407408 0.7458333333333333 0.6888888888888889 0.7473958333333334 0.6787037037037037 0.7541666666666667 0.675 0.7473958333333334 0.6703703703703704 0.74375 0.662962962962963 0.7354166666666667 0.6611111111111111 0.7322916666666667 0.6537037037037037 0.684375 0.6351851851851852 0.6739583333333333 0.6351851851851852 0.6682291666666667 0.6416666666666667 0.6588541666666666 0.6425925925925926 0.6541666666666667 0.6537037037037037 0.6473958333333333 0.637962962962963 0.6328125 0.5916666666666667 0.6270833333333333 0.5583333333333333 0.6192708333333333 0.5407407407407407 0.6109375 0.5324074074074074 0.6005208333333333 0.5351851851851852 0.584375 0.5342592592592592 0.5734375 0.5277777777777778 0.5666666666666667 0.5185185185185185 0.5645833333333333 0.47962962962962963 0.5677083333333334 0.44722222222222224 0.5713541666666667 0.4324074074074074 0.5802083333333333 0.41388888888888886 0.5869791666666667 0.37592592592592594 0.5984375 0.3314814814814815 0.6135416666666667 0.31574074074074077 0.6302083333333334 0.3055555555555556 0.6546875 0.29907407407407405 0.671875 0.29907407407407405
4 0.4354166666666667 0.001851851851851852 0.5098958333333333 0.002777777777777778 0.5291666666666667 0.009259259259259259 0.5375 0.009259259259259259 0.5416666666666666 0.004629629629629629 0.5880208333333333 0.002777777777777778 0.5916666666666667 0.014814814814814815 0.5927083333333333 0.032407407407407406 0.5901041666666667 0.04259259259259259 0.5921875 0.046296296296296294 0.5932291666666667 0.05648148148148148 0.6052083333333333 0.0712962962962963 0.6333333333333333 0.09074074074074075 0.6369791666666667 0.08796296296296297 0.6369791666666667 0.08148148148148149 0.6296875 0.0712962962962963 0.6296875 0.06296296296296296 0.6265625 0.06018518518518518 0.6223958333333334 0.037037037037037035 0.6145833333333334 0.013888888888888888 0.615625 0.004629629629629629 0.6848958333333334 0.004629629629629629 0.6869791666666667 0.010185185185185186 0.6864583333333333 0.027777777777777776 0.6895833333333333 0.040740740740740744 0.6927083333333334 0.08425925925925926 0.6885416666666667 0.12222222222222222 0.68125 0.13333333333333333 0.6833333333333333 0.15555555555555556 0.678125 0.1814814814814815 0.6708333333333333 0.18888888888888888 0.6541666666666667 0.19814814814814816 0.6328125 0.19814814814814816 0.6177083333333333 0.19166666666666668 0.5776041666666667 0.16296296296296298 0.5510416666666667 0.15185185185185185 0.5333333333333333 0.14074074074074075 0.5052083333333334 0.13240740740740742 0.5010416666666667 0.1287037037037037 0.5005208333333333 0.1361111111111111 0.5036458333333333 0.14351851851851852 0.5520833333333334 0.2175925925925926 0.5661458333333333 0.2518518518518518 0.5765625 0.34444444444444444 0.575 0.39814814814814814 0.5572916666666666 0.47685185185185186 0.5333333333333333 0.5064814814814815 0.515625 0.5351851851851852 0.5114583333333333 0.5370370370370371 0.4979166666666667 0.5675925925925925 0.4864583333333333 0.5768518518518518 0.4739583333333333 0.5824074074074074 0.44947916666666665 0.6037037037037037 0.4109375 0.6268518518518519 0.4046875 0.6268518518518519 0.3963541666666667 0.6175925925925926 0.3609375 0.5583333333333333 0.3015625 0.4388888888888889 0.296875 0.42592592592592593 0.271875 0.3824074074074074 0.24791666666666667 0.3592592592592593 0.2375 0.3592592592592593 0.22395833333333334 0.37222222222222223 0.21354166666666666 0.3962962962962963 0.2125 0.41944444444444445 0.21614583333333334 0.45 0.228125 0.5 0.23958333333333334 0.5675925925925925 0.240625 0.5981481481481481 0.24375 0.6212962962962963 0.2421875 0.6898148148148148 0.23854166666666668 0.7074074074074074 0.2390625 0.7138888888888889 0.23333333333333334 0.7268518518518519 0.23072916666666668 0.7407407407407407 0.2140625 0.7759259259259259 0.20364583333333333 0.7907407407407407 0.19479166666666667 0.7907407407407407 0.18229166666666666 0.7851851851851852 0.1765625 0.7805555555555556 0.171875 0.7722222222222223 0.16927083333333334 0.6824074074074075 0.1625 0.6342592592592593 0.15625 0.6055555555555555 0.15572916666666667 0.5944444444444444 0.14947916666666666 0.575 0.146875 0.5546296296296296 0.10208333333333333 0.4148148148148148 0.10625 0.3962962962962963 0.12708333333333333 0.35555555555555557 0.13385416666666666 0.3333333333333333 0.14791666666666667 0.26944444444444443 0.15052083333333333 0.25092592592592594 0.15052083333333333 0.2351851851851852 0.14635416666666667 0.22870370370370371 0.1421875 0.22962962962962963 0.1390625 0.23425925925925925 0.13333333333333333 0.26481481481481484 0.128125 0.2759259259259259 0.12239583333333333 0.30648148148148147 0.10208333333333333 0.35462962962962963 0.09166666666666666 0.3675925925925926 0.08541666666666667 0.35833333333333334 0.06979166666666667 0.2972222222222222 0.06302083333333333 0.2611111111111111 0.05416666666666667 0.2 0.04114583333333333 0.07222222222222222 0.027604166666666666 0.006481481481481481 0.04635416666666667 0.002777777777777778 0.2520833333333333 0.004629629629629629 0.4348958333333333 0.001851851851851852
1 0.33645833333333336 0.8222222222222222 0.3494791666666667 0.8268518518518518 0.35104166666666664 0.8314814814814815 0.35052083333333334 0.8407407407407408 0.33958333333333335 0.8518518518518519 0.32083333333333336 0.8629629629629629 0.3020833333333333 0.8592592592592593 0.29270833333333335 0.8527777777777777 0.2875 0.8425925925925926 0.28802083333333334 0.8342592592592593 0.315625 0.8222222222222222 0.3359375 0.8222222222222222
1 0.24114583333333334 0.6518518518518519 0.24375 0.6574074074074074 0.24114583333333334 0.7037037037037037 0.23125 0.7425925925925926 0.21770833333333334 0.775 0.20885416666666667 0.7925925925925926 0.20364583333333333 0.7972222222222223 0.1890625 0.7935185185185185 0.18385416666666668 0.7898148148148149 0.18020833333333333 0.7824074074074074 0.19010416666666666 0.7611111111111111 0.2 0.7527777777777778 0.20572916666666666 0.7435185185185185 0.21197916666666666 0.7138888888888889 0.2328125 0.6712962962962963 0.23802083333333332 0.6648148148148149 0.24114583333333334 0.6527777777777778
1 0.5541666666666667 0.7638888888888888 0.5578125 0.7722222222222223 0.5588541666666667 0.7888888888888889 0.5619791666666667 0.7962962962962963 0.5848958333333333 0.8009259259259259 0.5989583333333334 0.7916666666666666 0.5994791666666667 0.8037037037037037 0.5953125 0.8055555555555556 0.5942708333333333 0.8101851851851852 0.5885416666666666 0.8166666666666667 0.5916666666666667 0.8194444444444444 0.5989583333333334 0.8194444444444444 0.6098958333333333 0.8101851851851852 0.6161458333333333 0.8111111111111111 0.621875 0.8046296296296296 0.6260416666666667 0.8055555555555556 0.6354166666666666 0.7925925925925926 0.6364583333333333 0.7824074074074074 0.6401041666666667 0.7814814814814814 0.64375 0.7861111111111111 0.6505208333333333 0.787962962962963 0.6744791666666666 0.8148148148148148 0.6885416666666667 0.8203703703703704 0.6953125 0.8277777777777777 0.6973958333333333 0.8314814814814815 0.6953125 0.8657407407407407 0.6901041666666666 0.8861111111111111 0.6942708333333333 0.9555555555555556 0.6921875 0.9694444444444444 0.6932291666666667 0.987037037037037 0.6901041666666666 0.9944444444444445 0.6713541666666667 0.9935185185185185 0.66875 0.9888888888888889 0.6682291666666667 0.9805555555555555 0.6645833333333333 0.975925925925926 0.6614583333333334 0.9768518518518519 0.6604166666666667 0.9694444444444444 0.6546875 0.9611111111111111 0.6348958333333333 0.9592592592592593 0.6265625 0.962037037037037 0.6171875 0.9546296296296296 0.6119791666666666 0.9546296296296296 0.6098958333333333 0.9611111111111111 0.6078125 0.9611111111111111 0.6036458333333333 0.9555555555555556 0.590625 0.9537037037037037 0.5765625 0.9472222222222222 0.5661458333333333 0.9472222222222222 0.5609375 0.9527777777777777 0.5536458333333333 0.9537037037037037 0.5510416666666667 0.9472222222222222 0.5484375 0.9268518518518518 0.5385416666666667 0.9046296296296297 0.5359375 0.8935185185185185 0.5197916666666667 0.8796296296296297 0.5166666666666667 0.8629629629629629 0.5182291666666666 0.8592592592592593 0.5119791666666667 0.8555555555555555 0.5114583333333333 0.8407407407407408 0.4973958333333333 0.8185185185185185 0.49895833333333334 0.8138888888888889 0.4973958333333333 0.8046296296296296 0.4984375 0.7935185185185185 0.5260416666666666 0.7768518518518519 0.5432291666666667 0.7722222222222223 0.5536458333333333 0.7638888888888888
0 0.5395833333333333 0.7092592592592593 0.546875 0.7166666666666667 0.54375 0.7305555555555555 0.5453125 0.7342592592592593 0.5427083333333333 0.7398148148148148 0.5359375 0.7379629629629629 0.5276041666666667 0.7435185185185185 0.5296875 0.7481481481481481 0.5270833333333333 0.7509259259259259 0.5328125 0.7564814814814815 0.54375 0.7555555555555555 0.5484375 0.7657407407407407 0.5536458333333333 0.7694444444444445 0.5583333333333333 0.7685185185185185 0.5598958333333334 0.7768518518518519 0.5645833333333333 0.775 0.5583333333333333 0.7861111111111111 0.5609375 0.7898148148148149 0.5640625 0.7888888888888889 0.5630208333333333 0.7925925925925926 0.5677083333333334 0.7972222222222223 0.5739583333333333 0.7944444444444444 0.5880208333333333 0.7962962962962963 0.5973958333333333 0.7898148148148149 0.6057291666666667 0.7907407407407407 0.6177083333333333 0.7805555555555556 0.61875 0.775 0.6338541666666667 0.7731481481481481 0.6354166666666666 0.7685185185185185 0.6380208333333334 0.7685185185185185 0.6473958333333333 0.7759259259259259 0.6609375 0.7972222222222223 0.678125 0.812037037037037 0.6828125 0.8111111111111111 0.6958333333333333 0.8175925925925925 0.7130208333333333 0.8490740740740741 0.7223958333333333 0.8592592592592593 0.7302083333333333 0.8759259259259259 0.7328125 0.8870370370370371 0.7505208333333333 0.9222222222222223 0.7942708333333334 0.9824074074074074 0.8005208333333333 0.987037037037037 0.8005208333333333 0.9907407407407407 0.796875 0.9935185185185185 0.7588541666666667 0.9953703703703703 0.6348958333333333 0.9944444444444445 0.6286458333333333 0.9916666666666667 0.6072916666666667 0.9953703703703703 0.228125 0.9953703703703703 0.19947916666666668 0.9944444444444445 0.19635416666666666 0.9898148148148148 0.18177083333333333 0.9898148148148148 0.17604166666666668 0.9935185185185185 0.16458333333333333 0.9907407407407407 0.16302083333333334 0.9935185185185185 0.15104166666666666 0.9944444444444445 0.1171875 0.9944444444444445 0.1015625 0.9907407407407407 0.10208333333333333 0.9842592592592593 0.11614583333333334 0.9703703703703703 0.12239583333333333 0.9675925925925926 0.15729166666666666 0.9277777777777778 0.18177083333333333 0.9046296296296297 0.21666666666666667 0.8777777777777778 0.33541666666666664 0.7703703703703704 0.3453125 0.7666666666666667 0.35520833333333335 0.7546296296296297 0.37604166666666666 0.7407407407407407 0.3984375 0.7268518518518519 0.41354166666666664 0.7222222222222222 0.42604166666666665 0.725 0.4354166666666667 0.7361111111111112 0.4390625 0.7333333333333333 0.44947916666666665 0.7333333333333333 0.45729166666666665 0.7194444444444444 0.4640625 0.7185185185185186 0.46979166666666666 0.7129629629629629 0.4791666666666667 0.7175925925925926 0.48333333333333334 0.7148148148148148 0.49114583333333334 0.7185185185185186 0.49895833333333334 0.7166666666666667 0.5057291666666667 0.7277777777777777 0.5229166666666667 0.7333333333333333 0.5328125 0.7222222222222222 0.5390625 0.7101851851851851
3 0.6645833333333333 0.29814814814814816 0.68125 0.29907407407407405 0.7270833333333333 0.3101851851851852 0.7651041666666667 0.3101851851851852 0.7953125 0.32407407407407407 0.8192708333333333 0.3296296296296296 0.8708333333333333 0.3490740740740741 0.9953125 0.41388888888888886 0.9994791666666667 0.42407407407407405 0.9994791666666667 0.4425925925925926 0.9973958333333334 0.4444444444444444 0.9963541666666667 0.4527777777777778 0.9973958333333334 0.49907407407407406 0.9994791666666667 0.5 0.9973958333333334 0.5046296296296297 0.9963541666666667 0.5194444444444445 0.996875 0.5666666666666667 0.9994791666666667 0.5722222222222222 0.9973958333333334 0.5768518518518518 0.9994791666666667 0.5851851851851851 0.9973958333333334 0.587037037037037 0.996875 0.5944444444444444 0.9942708333333333 0.5972222222222222 0.9760416666666667 0.5935185185185186 0.9213541666666667 0.6055555555555555 0.8692708333333333 0.6296296296296297 0.8510416666666667 0.6342592592592593 0.8395833333333333 0.6407407407407407 0.8177083333333334 0.6601851851851852 0.7984375 0.6685185185185185 0.7802083333333333 0.6805555555555556 0.7703125 0.6907407407407408 0.7546875 0.687037037037037 0.753125 0.6833333333333333 0.7546875 0.6722222222222223 0.7489583333333333 0.6675925925925926 0.7494791666666667 0.6648148148148149 0.7427083333333333 0.6564814814814814 0.709375 0.6462962962962963 0.6859375 0.6351851851851852 0.6776041666666667 0.6333333333333333 0.6645833333333333 0.6361111111111111 0.6578125 0.6425925925925926 0.6541666666666667 0.6518518518518519 0.634375 0.5962962962962963 0.6270833333333333 0.5574074074074075 0.6166666666666667 0.5370370370370371 0.6098958333333333 0.5314814814814814 0.6 0.5351851851851852 0.584375 0.5324074074074074 0.5708333333333333 0.5268518518518519 0.5682291666666667 0.5222222222222223 0.5651041666666666 0.5074074074074074 0.5645833333333333 0.47129629629629627 0.5703125 0.4351851851851852 0.58125 0.4101851851851852 0.5864583333333333 0.375 0.5994791666666667 0.33055555555555555 0.615625 0.3138888888888889 0.6276041666666666 0.30648148148148147 0.6520833333333333 0.29907407407407405 0.6640625 0.29907407407407405
3 0.9994791666666667 0.6064814814814815 0.9994791666666667 0.6731481481481482 0.9973958333333334 0.6759259259259259 0.9973958333333334 0.7064814814814815 0.9994791666666667 0.7083333333333334 0.9973958333333334 0.7157407407407408 0.9973958333333334 0.7453703703703703 0.9994791666666667 0.7472222222222222 0.9994791666666667 0.7518518518518519 0.9973958333333334 0.7537037037037037 0.996875 0.7814814814814814 0.9973958333333334 0.8018518518518518 0.9994791666666667 0.8046296296296296 0.9973958333333334 0.8092592592592592 0.9994791666666667 0.812037037037037 0.9994791666666667 0.8425925925925926 0.9973958333333334 0.8444444444444444 0.996875 0.8527777777777777 0.9973958333333334 0.9157407407407407 0.9958333333333333 0.9194444444444444 0.9244791666666666 0.9111111111111111 0.8947916666666667 0.8944444444444445 0.8859375 0.8824074074074074 0.8817708333333333 0.8675925925925926 0.8817708333333333 0.8453703703703703 0.8880208333333334 0.8314814814814815 0.8885416666666667 0.8277777777777777 0.8864583333333333 0.825925925925926 0.8385416666666666 0.8305555555555556 0.815625 0.8222222222222222 0.7807291666666667 0.8277777777777777 0.765625 0.8212962962962963 0.75625 0.812037037037037 0.746875 0.7925925925925926 0.740625 0.7685185185185185 0.740625 0.7527777777777778 0.7421875 0.7472222222222222 0.7645833333333333 0.7194444444444444 0.7786458333333334 0.6888888888888889 0.7989583333333333 0.674074074074074 0.8244791666666667 0.6611111111111111 0.8473958333333333 0.6416666666666667 0.9151041666666667 0.612037037037037 0.9666666666666667 0.5990740740740741 0.9916666666666667 0.6 0.9953125 0.600925925925926 0.9989583333333333 0.6064814814814815
3 0.4822916666666667 0 0.5119791666666667 0 0.5151041666666667 0.002777777777777778 0.5890625 0 0.5932291666666667 0.013888888888888888 0.59375 0.053703703703703705 0.5953125 0.058333333333333334 0.6171875 0.0787037037037037 0.628125 0.08333333333333333 0.6390625 0.09259259259259259 0.6473958333333333 0.10277777777777777 0.6541666666666667 0.10277777777777777 0.6588541666666666 0.10833333333333334 0.6598958333333333 0.11388888888888889 0.671875 0.11851851851851852 0.6802083333333333 0.13333333333333333 0.6833333333333333 0.15 0.6828125 0.16574074074074074 0.6786458333333333 0.18425925925925926 0.66875 0.19444444444444445 0.6427083333333333 0.20277777777777778 0.61875 0.19444444444444445 0.575 0.16296296296296298 0.5260416666666666 0.1388888888888889 0.5020833333333333 0.13240740740740742 0.49114583333333334 0.11481481481481481 0.4875 0.10462962962962963 0.4703125 0.021296296296296296 0.46927083333333336 0.004629629629629629 0.4822916666666667 0.000925925925925926
3 0.43854166666666666 0.002777777777777778 0.4630208333333333 0.002777777777777778 0.46770833333333334 0.006481481481481481 0.46927083333333336 0.026851851851851852 0.4744791666666667 0.03796296296296296 0.4765625 0.05740740740740741 0.4828125 0.08333333333333333 0.48333333333333334 0.09537037037037037 0.4901041666666667 0.11851851851851852 0.5046875 0.14722222222222223 0.5520833333333334 0.21851851851851853 0.5651041666666666 0.25 0.5760416666666667 0.3490740740740741 0.5729166666666666 0.40555555555555556 0.5567708333333333 0.47314814814814815 0.5473958333333333 0.4888888888888889 0.5166666666666667 0.524074074074074 0.5078125 0.5388888888888889 0.49947916666666664 0.5638888888888889 0.4953125 0.5694444444444444 0.475 0.5805555555555556 0.45 0.6027777777777777 0.4239583333333333 0.6194444444444445 0.40625 0.625 0.3921875 0.6092592592592593 0.353125 0.5444444444444444 0.2984375 0.42777777777777776 0.2734375 0.38333333333333336 0.24791666666666667 0.35833333333333334 0.2390625 0.35833333333333334 0.23333333333333334 0.36203703703703705 0.2234375 0.3731481481481482 0.21614583333333334 0.38796296296296295 0.2125 0.40185185185185185 0.2125 0.4185185185185185 0.21614583333333334 0.45 0.22916666666666666 0.5046296296296297 0.23385416666666667 0.5425925925925926 0.23958333333333334 0.5666666666666667 0.240625 0.5990740740740741 0.24375 0.6212962962962963 0.2421875 0.6944444444444444 0.2390625 0.7138888888888889 0.22604166666666667 0.7518518518518519 0.20885416666666667 0.7833333333333333 0.19947916666666668 0.7898148148148149 0.18125 0.7833333333333333 0.17239583333333333 0.7722222222222223 0.1703125 0.6907407407407408 0.16614583333333333 0.6537037037037037 0.15625 0.6046296296296296 0.15572916666666667 0.5925925925925926 0.14947916666666666 0.5731481481481482 0.14739583333333334 0.5537037037037037 0.1421875 0.5425925925925926 0.10260416666666666 0.41388888888888886 0.1078125 0.3925925925925926 0.12604166666666666 0.35555555555555557 0.13385416666666666 0.33425925925925926 0.1484375 0.26851851851851855 0.15104166666666666 0.24722222222222223 0.15052083333333333 0.23333333333333334 0.14791666666666667 0.22870370370370371 0.14375 0.22777777777777777 0.13802083333333334 0.23425925925925925 0.13541666666666666 0.24166666666666667 0.13125 0.2712962962962963 0.12760416666666666 0.2759259259259259 0.1265625 0.28425925925925927 0.12239583333333333 0.28888888888888886 0.11927083333333334 0.31296296296296294 0.10208333333333333 0.35462962962962963 0.09322916666666667 0.3648148148148148 0.090625 0.3648148148148148 0.08697916666666666 0.3592592592592593 0.0796875 0.337037037037037 0.06510416666666667 0.27037037037037037 0.0546875 0.19814814814814816 0.042708333333333334 0.06666666666666667 0.03125 0.011111111111111112 0.0390625 0.005555555555555556 0.05364583333333333 0.003703703703703704 0.225 0.003703703703703704 0.2515625 0.008333333333333333 0.2609375 0.003703703703703704 0.43802083333333336 0.002777777777777778
3 0.5354166666666667 0 0.5901041666666667 0 0.5932291666666667 0.004629629629629629 0.59375 0.012037037037037037 0.59375 0.037037037037037035 0.5916666666666667 0.05277777777777778 0.5927083333333333 0.06111111111111111 0.5880208333333333 0.06018518518518518 0.5833333333333334 0.06759259259259259 0.5848958333333333 0.07037037037037037 0.5916666666666667 0.07037037037037037 0.5848958333333333 0.07777777777777778 0.5901041666666667 0.08518518518518518 0.5994791666666667 0.08981481481481482 0.609375 0.07777777777777778 0.6052083333333333 0.07407407407407407 0.609375 0.07407407407407407 0.6098958333333333 0.07777777777777778 0.6135416666666667 0.08055555555555556 0.6125 0.08518518518518518 0.6151041666666667 0.09259259259259259 0.6125 0.09351851851851851 0.6125 0.0962962962962963 0.6229166666666667 0.09444444444444444 0.63125 0.10185185185185185 0.6317708333333333 0.10648148148148148 0.6401041666666667 0.11296296296296296 0.6375 0.11944444444444445 0.6385416666666667 0.12314814814814815 0.6359375 0.1259259259259259 0.6395833333333333 0.12962962962962962 0.6442708333333333 0.12962962962962962 0.65 0.12407407407407407 0.6578125 0.1287037037037037 0.6609375 0.12314814814814815 0.6541666666666667 0.1111111111111111 0.6479166666666667 0.10740740740740741 0.6291666666666667 0.0824074074074074 0.625 0.06851851851851852 0.6203125 0.03796296296296296 0.6104166666666667 0.011111111111111112 0.609375 0.003703703703703704 0.5963541666666666 0 0.6786458333333333 0 0.6875 0.002777777777777778 0.6911458333333333 0 0.7239583333333334 0 0.7322916666666667 0.002777777777777778 0.75625 0 0.7588541666666667 0.010185185185185186 0.7572916666666667 0.03796296296296296 0.753125 0.05462962962962963 0.7453125 0.06759259259259259 0.7322916666666667 0.075 0.7229166666666667 0.07222222222222222 0.7109375 0.06111111111111111 0.7010416666666667 0.041666666666666664 0.6921875 0.01574074074074074 0.6901041666666666 0.021296296296296296 0.6901041666666666 0.037037037037037035 0.6932291666666667 0.06388888888888888 0.6942708333333333 0.1 0.6890625 0.12777777777777777 0.6807291666666667 0.13240740740740742 0.678125 0.14074074074074075 0.6755208333333333 0.1287037037037037 0.6625 0.12222222222222222 0.6614583333333334 0.13148148148148148 0.6583333333333333 0.1361111111111111 0.6619791666666667 0.1398148148148148 0.659375 0.14166666666666666 0.6572916666666667 0.14166666666666666 0.6557291666666667 0.1361111111111111 0.6484375 0.13518518518518519 0.6432291666666666 0.12962962962962962 0.6401041666666667 0.1361111111111111 0.6416666666666667 0.1398148148148148 0.6385416666666667 0.14166666666666666 0.6375 0.14629629629629629 0.64375 0.15092592592592594 0.6494791666666667 0.15 0.6505208333333333 0.15833333333333333 0.6578125 0.16111111111111112 0.6505208333333333 0.1648148148148148 0.646875 0.16111111111111112 0.6463541666666667 0.15648148148148147 0.6416666666666667 0.15462962962962962 0.6390625 0.1574074074074074 0.6411458333333333 0.16296296296296298 0.640625 0.1675925925925926 0.6328125 0.1675925925925926 0.6348958333333333 0.1648148148148148 0.6338541666666667 0.16203703703703703 0.625 0.16296296296296298 0.6234375 0.17592592592592593 0.6307291666666667 0.1787037037037037 0.6307291666666667 0.18333333333333332 0.6369791666666667 0.18518518518518517 0.6421875 0.19166666666666668 0.6380208333333334 0.19722222222222222 0.6333333333333333 0.19722222222222222 0.625 0.1925925925925926 0.6229166666666667 0.18703703703703703 0.6182291666666667 0.18888888888888888 0.6125 0.18611111111111112 0.58125 0.16111111111111112 0.5541666666666667 0.15092592592592594 0.5276041666666667 0.1361111111111111 0.5255208333333333 0.13240740740740742 0.5010416666666667 0.12685185185185185 0.4942708333333333 0.11574074074074074 0.49114583333333334 0.10925925925925926 0.490625 0.1 0.5020833333333333 0.09907407407407408 0.5041666666666667 0.09444444444444444 0.515625 0.10277777777777777 0.521875 0.09814814814814815 0.521875 0.09444444444444444 0.5078125 0.09166666666666666 0.5083333333333333 0.08796296296296297 0.5192708333333333 0.08425925925925926 0.5078125 0.07037037037037037 0.5125 0.06388888888888888 0.5130208333333334 0.05925925925925926 0.5041666666666667 0.04814814814814815 0.5052083333333334 0.044444444444444446 0.5161458333333333 0.044444444444444446 0.5177083333333333 0.040740740740740744 0.5166666666666667 0.03425925925925926 0.5151041666666667 0.03148148148148148 0.5119791666666667 0.040740740740740744 0.5078125 0.03611111111111111 0.5078125 0.03148148148148148 0.5046875 0.02962962962962963 0.5041666666666667 0.022222222222222223 0.5015625 0.018518518518518517 0.4979166666666667 0.021296296296296296 0.4953125 0.018518518518518517 0.4875 0.017592592592592594 0.4828125 0.020370370370370372 0.47708333333333336 0.017592592592592594 0.4739583333333333 0.022222222222222223 0.47239583333333335 0.004629629629629629 0.5229166666666667 0.004629629629629629 0.5354166666666667 0.000925925925925926