4 0.8677083333333333 0.03518518518518519 0.8817708333333333 0.041666666666666664 0.8916666666666667 0.05 0.9442708333333333 0.11388888888888889 0.9625 0.16296296296296298 0.9942708333333333 0.28055555555555556 0.9963541666666667 0.2935185185185185 0.9958333333333333 0.3111111111111111 0.9895833333333334 0.3351851851851852 0.9994791666666667 0.35 0.9994791666666667 0.425 0.9953125 0.4287037037037037 0.9947916666666666 0.43796296296296294 0.9958333333333333 0.44722222222222224 0.9994791666666667 0.45092592592592595 0.9994791666666667 0.5074074074074074 0.9963541666666667 0.5111111111111111 0.996875 0.5166666666666667 0.9994791666666667 0.5185185185185185 0.9994791666666667 0.7046296296296296 0.9963541666666667 0.7074074074074074 0.9947916666666666 0.7166666666666667 0.9973958333333334 0.7287037037037037 0.9994791666666667 0.7296296296296296 0.9994791666666667 0.7398148148148148 0.9979166666666667 0.7407407407407407 0.996875 0.7509259259259259 0.9994791666666667 0.7537037037037037 0.9994791666666667 0.7583333333333333 0.9953125 0.7648148148148148 0.9994791666666667 0.7712962962962963 0.9994791666666667 0.7870370370370371 0.9890625 0.7981481481481482 0.9817708333333334 0.8009259259259259 0.928125 0.8027777777777778 0.909375 0.7944444444444444 0.8890625 0.7787037037037037 0.8760416666666667 0.7777777777777778 0.8703125 0.7805555555555556 0.85625 0.7953703703703704 0.8489583333333334 0.8083333333333333 0.8390625 0.812037037037037 0.834375 0.8194444444444444 0.8328125 0.8314814814814815 0.8348958333333333 0.8379629629629629 0.8348958333333333 0.85 0.83125 0.8555555555555555 0.8348958333333333 0.8685185185185185 0.834375 0.8759259259259259 0.8375 0.8925925925925926 0.8364583333333333 0.8981481481481481 0.8171875 0.8962962962962963 0.7666666666666667 0.8722222222222222 0.7447916666666666 0.8555555555555555 0.7375 0.8388888888888889 0.7317708333333334 0.850925925925926 0.7192708333333333 0.862037037037037 0.709375 0.8666666666666667 0.6994791666666667 0.8648148148148148 0.6932291666666667 0.8675925925925926 0.6869791666666667 0.8962962962962963 0.6822916666666666 0.9037037037037037 0.6760416666666667 0.9064814814814814 0.66875 0.9046296296296297 0.6614583333333334 0.8898148148148148 0.6541666666666667 0.8703703703703703 0.6541666666666667 0.8527777777777777 0.6625 0.8212962962962963 0.6682291666666667 0.8074074074074075 0.6765625 0.7916666666666666 0.6895833333333333 0.7787037037037037 0.6875 0.7694444444444445 0.6885416666666667 0.762962962962963 0.6973958333333333 0.7481481481481481 0.7098958333333333 0.7361111111111112 0.7145833333333333 0.7240740740740741 0.7140625 0.712037037037037 0.7197916666666667 0.6898148148148148 0.7203125 0.6759259259259259 0.7234375 0.6611111111111111 0.728125 0.6537037037037037 0.73125 0.6398148148148148 0.7338541666666667 0.6166666666666667 0.7369791666666666 0.5388888888888889 0.7395833333333334 0.5277777777777778 0.7401041666666667 0.5120370370370371 0.74375 0.4981481481481482 0.7651041666666667 0.4537037037037037 0.7989583333333333 0.3972222222222222 0.7989583333333333 0.39351851851851855 0.7901041666666667 0.3768518518518518 0.7859375 0.3388888888888889 0.7822916666666667 0.33055555555555555 0.7760416666666666 0.32407407407407407 0.7755208333333333 0.3101851851851852 0.7786458333333334 0.3074074074074074 0.7765625 0.2824074074074074 0.7786458333333334 0.27870370370370373 0.7791666666666667 0.25833333333333336 0.7817708333333333 0.25092592592592594 0.778125 0.19907407407407407 0.7796875 0.12777777777777777 0.7828125 0.11203703703703703 0.7984375 0.0824074074074074 0.8213541666666667 0.05462962962962963 0.8411458333333334 0.03981481481481482 0.8671875 0.03518518518518519
4 0.8890625 0.7805555555555556 0.9244791666666666 0.8027777777777778 0.9692708333333333 0.8009259259259259 0.9942708333333333 0.8018518518518518 0.9994791666666667 0.8046296296296296 0.9994791666666667 0.9 0.9864583333333333 0.9046296296296297 0.94375 0.9 0.9416666666666667 0.9037037037037037 0.9385416666666667 0.925 0.9322916666666666 0.9351851851851852 0.8989583333333333 0.9537037037037037 0.8901041666666667 0.9537037037037037 0.8833333333333333 0.95 0.8729166666666667 0.937962962962963 0.8635416666666667 0.9333333333333333 0.8614583333333333 0.9268518518518518 0.8557291666666667 0.9203703703703704 0.8484375 0.9018518518518519 0.8385416666666666 0.8888888888888888 0.8338541666666667 0.8601851851851852 0.8338541666666667 0.8527777777777777 0.8385416666666666 0.8379629629629629 0.8489583333333334 0.837037037037037 0.8515625 0.8416666666666667 0.8515625 0.8481481481481481 0.85625 0.850925925925926 0.8588541666666667 0.8564814814814815 0.8697916666666666 0.8564814814814815 0.875 0.8490740740740741 0.8744791666666667 0.8314814814814815 0.8703125 0.8231481481481482 0.8630208333333333 0.8203703703703704 0.85625 0.8064814814814815 0.8598958333333333 0.7953703703703704 0.871875 0.7814814814814814 0.8885416666666667 0.7805555555555556
4 0.32083333333333336 0.13425925925925927 0.346875 0.1527777777777778 0.36041666666666666 0.16666666666666666 0.37864583333333335 0.20185185185185187 0.38229166666666664 0.21666666666666667 0.38385416666666666 0.2351851851851852 0.3796875 0.2722222222222222 0.37447916666666664 0.28055555555555556 0.35885416666666664 0.2898148148148148 0.35208333333333336 0.32037037037037036 0.3416666666666667 0.3435185185185185 0.33541666666666664 0.3675925925925926 0.32864583333333336 0.38333333333333336 0.32864583333333336 0.40185185185185185 0.3463541666666667 0.4546296296296296 0.3515625 0.5101851851851852 0.3645833333333333 0.5314814814814814 0.37604166666666666 0.5435185185185185 0.38333333333333336 0.5574074074074075 0.38645833333333335 0.5740740740740741 0.4041666666666667 0.6027777777777777 0.4114583333333333 0.6092592592592593 0.4322916666666667 0.6074074074074074 0.43645833333333334 0.612037037037037 0.43072916666666666 0.6203703703703703 0.4421875 0.6231481481481481 0.4348958333333333 0.6277777777777778 0.4317708333333333 0.6333333333333333 0.4328125 0.6416666666666667 0.43020833333333336 0.65 0.4348958333333333 0.6620370370370371 0.43854166666666666 0.6805555555555556 0.43697916666666664 0.7074074074074074 0.4354166666666667 0.7138888888888889 0.43072916666666666 0.7157407407407408 0.41875 0.7055555555555556 0.4078125 0.700925925925926 0.35572916666666665 0.700925925925926 0.3489583333333333 0.7064814814814815 0.34375 0.7166666666666667 0.328125 0.7138888888888889 0.3229166666666667 0.7231481481481481 0.3229166666666667 0.7268518518518519 0.31614583333333335 0.7305555555555555 0.3098958333333333 0.7444444444444445 0.3072916666666667 0.7685185185185185 0.303125 0.7731481481481481 0.29270833333333335 0.7972222222222223 0.2734375 0.8518518518518519 0.26614583333333336 0.8833333333333333 0.2609375 0.8935185185185185 0.2598958333333333 0.9120370370370371 0.25677083333333334 0.9222222222222223 0.2557291666666667 0.937962962962963 0.25729166666666664 0.9425925925925925 0.2546875 0.9657407407407408 0.246875 0.9944444444444445 0.24114583333333334 0.9990740740740741 0.20364583333333333 0.9990740740740741 0.19010416666666666 0.9953703703703703 0.17760416666666667 0.9962962962962963 0.17552083333333332 0.9990740740740741 0.0953125 0.9990740740740741 0.09375 0.9944444444444445 0.09375 0.9712962962962963 0.103125 0.9009259259259259 0.10364583333333334 0.8759259259259259 0.11041666666666666 0.7935185185185185 0.12291666666666666 0.7148148148148148 0.12552083333333333 0.6611111111111111 0.12447916666666667 0.6518518518518519 0.128125 0.6268518518518519 0.13854166666666667 0.5851851851851851 0.13802083333333334 0.5611111111111111 0.128125 0.537962962962963 0.12708333333333333 0.5259259259259259 0.14114583333333333 0.48055555555555557 0.15260416666666668 0.42407407407407405 0.165625 0.3962962962962963 0.17083333333333334 0.37962962962962965 0.19322916666666667 0.3388888888888889 0.215625 0.3111111111111111 0.2375 0.29074074074074074 0.24739583333333334 0.28703703703703703 0.25364583333333335 0.27870370370370373 0.2526041666666667 0.26851851851851855 0.24791666666666667 0.26296296296296295 0.24635416666666668 0.2537037037037037 0.24583333333333332 0.22407407407407406 0.23229166666666667 0.18611111111111112 0.2328125 0.17592592592592593 0.23802083333333332 0.17222222222222222 0.265625 0.1675925925925926 0.2786458333333333 0.16203703703703703 0.2864583333333333 0.15648148148148147 0.303125 0.13703703703703704 0.3203125 0.13425925925925927
4 0.5401041666666667 0.08518518518518518 0.5546875 0.10092592592592593 0.5708333333333333 0.10185185185185185 0.5755208333333334 0.10925925925925926 0.5916666666666667 0.12129629629629629 0.6223958333333334 0.1648148148148148 0.6296875 0.18703703703703703 0.6380208333333334 0.2324074074074074 0.6401041666666667 0.2861111111111111 0.659375 0.30277777777777776 0.6682291666666667 0.32222222222222224 0.6791666666666667 0.337037037037037 0.6911458333333333 0.3453703703703704 0.6901041666666666 0.35185185185185186 0.6973958333333333 0.36666666666666664 0.6989583333333333 0.3814814814814815 0.7041666666666667 0.39537037037037037 0.725 0.475 0.7302083333333333 0.5111111111111111 0.7302083333333333 0.5305555555555556 0.7270833333333333 0.5453703703703704 0.7286458333333333 0.5925925925925926 0.7145833333333333 0.6546296296296297 0.715625 0.6712962962962963 0.70625 0.6990740740740741 0.70625 0.7083333333333334 0.6989583333333333 0.7203703703703703 0.696875 0.7314814814814815 0.684375 0.7546296296296297 0.6802083333333333 0.7722222222222223 0.6729166666666667 0.7824074074074074 0.6645833333333333 0.8037037037037037 0.6609375 0.8083333333333333 0.6588541666666666 0.8064814814814815 0.6598958333333333 0.8009259259259259 0.6578125 0.7972222222222223 0.6552083333333333 0.8009259259259259 0.640625 0.8074074074074075 0.6234375 0.8083333333333333 0.5973958333333333 0.7944444444444444 0.5875 0.7814814814814814 0.5802083333333333 0.7805555555555556 0.553125 0.7648148148148148 0.5442708333333334 0.7638888888888888 0.5328125 0.7537037037037037 0.5041666666666667 0.7435185185185185 0.44583333333333336 0.7407407407407407 0.44114583333333335 0.7268518518518519 0.44166666666666665 0.6888888888888889 0.4484375 0.6666666666666666 0.4484375 0.6324074074074074 0.4635416666666667 0.6074074074074074 0.46979166666666666 0.5814814814814815 0.465625 0.5537037037037037 0.465625 0.5416666666666666 0.4671875 0.5231481481481481 0.47239583333333335 0.4981481481481482 0.4744791666666667 0.4527777777777778 0.49895833333333334 0.41759259259259257 0.5161458333333333 0.3592592592592593 0.5109375 0.33611111111111114 0.5151041666666667 0.3138888888888889 0.5098958333333333 0.2972222222222222 0.49947916666666664 0.28055555555555556 0.4942708333333333 0.25555555555555554 0.4875 0.24074074074074073 0.48489583333333336 0.22685185185185186 0.48489583333333336 0.21296296296296297 0.5020833333333333 0.1537037037037037 0.5296875 0.09814814814814815 0.5302083333333333 0.08888888888888889 0.534375 0.08425925925925926 0.5395833333333333 0.08518518518518518
3 0.7270833333333333 0.7712962962962963 0.7322916666666667 0.775 0.7348958333333333 0.7833333333333333 0.7348958333333333 0.8425925925925926 0.73125 0.8537037037037037 0.7145833333333333 0.8666666666666667 0.6947916666666667 0.8685185185185185 0.6911458333333333 0.8777777777777778 0.6875 0.899074074074074 0.6822916666666666 0.9064814814814814 0.671875 0.9120370370370371 0.6682291666666667 0.9101851851851852 0.6552083333333333 0.8824074074074074 0.6520833333333333 0.8675925925925926 0.6536458333333334 0.8490740740740741 0.6578125 0.8324074074074074 0.6755208333333333 0.7916666666666666 0.6875 0.7824074074074074 0.703125 0.7824074074074074 0.7265625 0.7722222222222223
3 0.46875 0.6111111111111112 0.48489583333333336 0.6231481481481481 0.4947916666666667 0.6388888888888888 0.4953125 0.6731481481481482 0.4875 0.6861111111111111 0.4625 0.7055555555555556 0.4427083333333333 0.7314814814814815 0.4401041666666667 0.7231481481481481 0.44114583333333335 0.6916666666666667 0.4453125 0.6722222222222223 0.44635416666666666 0.6370370370370371 0.4479166666666667 0.6305555555555555 0.4557291666666667 0.6175925925925926 0.46822916666666664 0.6111111111111112
3 0.8932291666666666 0.7833333333333333 0.9208333333333333 0.8027777777777778 0.9359375 0.8074074074074075 0.9401041666666666 0.8277777777777777 0.9447916666666667 0.837037037037037 0.9458333333333333 0.8444444444444444 0.9427083333333334 0.8537037037037037 0.9447916666666667 0.8592592592592593 0.9442708333333333 0.8925925925925926 0.9348958333333334 0.925 0.93125 0.9314814814814815 0.9036458333333334 0.9555555555555556 0.8958333333333334 0.9583333333333334 0.8859375 0.9574074074074074 0.86875 0.9490740740740741 0.8588541666666667 0.9388888888888889 0.8364583333333333 0.8796296296296297 0.8333333333333334 0.8592592592592593 0.8354166666666667 0.8388888888888889 0.8385416666666666 0.8314814814814815 0.8489583333333334 0.8203703703703704 0.8557291666666667 0.8240740740740741 0.8489583333333334 0.8305555555555556 0.8526041666666667 0.8490740740740741 0.8567708333333334 0.850925925925926 0.859375 0.8583333333333333 0.8697916666666666 0.8564814814814815 0.875 0.8453703703703703 0.8760416666666667 0.8314814814814815 0.865625 0.8222222222222222 0.8567708333333334 0.8083333333333333 0.8583333333333333 0.799074074074074 0.865625 0.787962962962963 0.8739583333333333 0.7814814814814814 0.8927083333333333 0.7833333333333333
3 0.44947916666666665 0.5990740740740741 0.45260416666666664 0.6018518518518519 0.453125 0.6074074074074074 0.44635416666666666 0.6231481481481481 0.44427083333333334 0.6453703703703704 0.4427083333333333 0.65 0.43645833333333334 0.6518518518518519 0.4041666666666667 0.6416666666666667 0.3921875 0.6407407407407407 0.3765625 0.6444444444444445 0.375 0.6416666666666667 0.37604166666666666 0.6231481481481481 0.3802083333333333 0.6148148148148148 0.3932291666666667 0.600925925925926 0.4005208333333333 0.5990740740740741 0.40989583333333335 0.6064814814814815 0.4140625 0.6064814814814815 0.43645833333333334 0.5981481481481481 0.44895833333333335 0.5990740740740741
3 0.39427083333333335 0.637962962962963 0.4125 0.6416666666666667 0.4328125 0.6537037037037037 0.4395833333333333 0.6796296296296296 0.4395833333333333 0.7101851851851851 0.43645833333333334 0.7212962962962963 0.43385416666666665 0.7240740740740741 0.4114583333333333 0.7037037037037037 0.39375 0.6990740740740741 0.39114583333333336 0.6796296296296296 0.38125 0.6685185185185185 0.3796875 0.6611111111111111 0.3734375 0.6509259259259259 0.3765625 0.6398148148148148 0.3802083333333333 0.6425925925925926 0.38333333333333336 0.6388888888888888 0.39375 0.637962962962963
3 0.5208333333333334 0.6777777777777778 0.54375 0.6814814814814815 0.5447916666666667 0.6842592592592592 0.54375 0.7 0.5411458333333333 0.7064814814814815 0.5390625 0.7407407407407407 0.534375 0.7518518518518519 0.5255208333333333 0.7518518518518519 0.50625 0.7444444444444445 0.44375 0.7444444444444445 0.44166666666666665 0.7416666666666667 0.44166666666666665 0.7305555555555555 0.44583333333333336 0.7287037037037037 0.4625 0.7046296296296296 0.5005208333333333 0.6805555555555556 0.5203125 0.6777777777777778
3 0.49322916666666666 0.6888888888888889 0.4901041666666667 0.6953703703703704 0.5005208333333333 0.7 0.5020833333333333 0.7064814814814815 0.5015625 0.7166666666666667 0.5057291666666667 0.7342592592592593 0.5052083333333334 0.7435185185185185 0.4984375 0.7462962962962963 0.44427083333333334 0.7453703703703703 0.44114583333333335 0.7416666666666667 0.4427083333333333 0.7333333333333333 0.4390625 0.7305555555555555 0.4453125 0.7268518518518519 0.45729166666666665 0.7055555555555556 0.49270833333333336 0.6888888888888889
3 0.3828125 0.7046296296296296 0.39010416666666664 0.7092592592592593 0.390625 0.7175925925925926 0.38645833333333335 0.7407407407407407 0.3807291666666667 0.7462962962962963 0.36302083333333335 0.7444444444444445 0.34739583333333335 0.7194444444444444 0.3463541666666667 0.7092592592592593 0.3541666666666667 0.7018518518518518 0.36770833333333336 0.700925925925926 0.38229166666666664 0.7046296296296296