4 0.6479166666666667 0.7666666666666667 0.6463541666666667 0.7759259259259259 0.6515625 0.7842592592592592 0.6682291666666667 0.7851851851851852 0.6677083333333333 0.7759259259259259 0.6619791666666667 0.7638888888888888 0.6520833333333333 0.7620370370370371 0.6479166666666667 0.7666666666666667
4 0.6734375 0.7601851851851852 0.6760416666666667 0.775 0.6854166666666667 0.7916666666666666 0.6885416666666667 0.8027777777777778 0.6916666666666667 0.8055555555555556 0.6854166666666667 0.8101851851851852 0.6776041666666667 0.8092592592592592 0.675 0.8055555555555556 0.6708333333333333 0.8074074074074075 0.66875 0.8157407407407408 0.6697916666666667 0.8435185185185186 0.6765625 0.8546296296296296 0.6807291666666667 0.8574074074074074 0.6875 0.875 0.6932291666666667 0.8824074074074074 0.7098958333333333 0.8898148148148148 0.728125 0.8851851851851852 0.734375 0.8898148148148148 0.7510416666666667 0.9138888888888889 0.76875 0.9259259259259259 0.7739583333333333 0.9351851851851852 0.7890625 0.9962962962962963 0.8890625 0.9962962962962963 0.8895833333333333 0.9935185185185185 0.8786458333333333 0.975925925925926 0.8708333333333333 0.9574074074074074 0.8546875 0.899074074074074 0.8479166666666667 0.8888888888888888 0.8369791666666667 0.8851851851851852 0.8286458333333333 0.8601851851851852 0.7786458333333334 0.7888888888888889 0.7760416666666666 0.7888888888888889 0.7421875 0.7574074074074074 0.7270833333333333 0.7509259259259259 0.6890625 0.7509259259259259 0.6776041666666667 0.7555555555555555 0.6734375 0.7601851851851852
4 0.7223958333333333 0.005555555555555556 0.7223958333333333 0.011111111111111112 0.7244791666666667 0.014814814814814815 0.7234375 0.041666666666666664 0.721875 0.04722222222222222 0.7223958333333333 0.06018518518518518 0.7375 0.075 0.7484375 0.07962962962962963 0.7515625 0.0712962962962963 0.753125 0.05 0.7453125 0.03333333333333333 0.7473958333333334 0 0.725 0 0.7223958333333333 0.005555555555555556
4 0.0375 0.9685185185185186 0.035416666666666666 0.9694444444444444 0.036458333333333336 0.9712962962962963 0.0375 0.9685185185185186
4 0.2859375 0.8328703703703704 0.0010416666666666667 0.004629629629629629
4 0.27890625 0.8236111111111111 0.0015625 0.000925925925925926
4 0.20572916666666666 0.8194444444444444 0.20572916666666666 0.8296296296296296 0.20989583333333334 0.8296296296296296 0.21197916666666666 0.8231481481481482 0.2171875 0.8240740740740741 0.21822916666666667 0.8212962962962963 0.21770833333333334 0.8194444444444444 0.21458333333333332 0.8231481481481482 0.21458333333333332 0.8194444444444444 0.21302083333333333 0.8185185185185185 0.21197916666666666 0.8222222222222222 0.209375 0.8231481481481482 0.20572916666666666 0.8194444444444444
4 0.28802083333333334 0.8175925925925925 0.2875 0.8203703703703704 0.28958333333333336 0.8212962962962963 0.28958333333333336 0.8240740740740741 0.2875 0.825925925925926 0.2890625 0.8277777777777777 0.29322916666666665 0.8138888888888889 0.28802083333333334 0.8175925925925925
4 0.011458333333333333 0.010185185185185186 0.0125 0.022222222222222223 0.018229166666666668 0.03888888888888889 0.0203125 0.05648148148148148 0.024479166666666666 0.0712962962962963 0.024479166666666666 0.07777777777777778 0.016145833333333335 0.08703703703703704 0.015104166666666667 0.09814814814814815 0.017708333333333333 0.10555555555555556 0.040625 0.1361111111111111 0.04479166666666667 0.14814814814814814 0.05677083333333333 0.15555555555555556 0.06770833333333333 0.1712962962962963 0.075 0.1935185185185185 0.07552083333333333 0.20185185185185187 0.07864583333333333 0.20833333333333334 0.0828125 0.22685185185185186 0.0859375 0.2324074074074074 0.08489583333333334 0.2388888888888889 0.075 0.25555555555555554 0.06197916666666667 0.2916666666666667 0.04375 0.32407407407407407 0.03802083333333333 0.33796296296296297 0.029166666666666667 0.36666666666666664 0.025520833333333333 0.3731481481481482 0.0234375 0.38425925925925924 0.013020833333333334 0.4083333333333333 0.008333333333333333 0.4324074074074074 0.008333333333333333 0.45092592592592595 0.010416666666666666 0.4648148148148148 0.008854166666666666 0.4777777777777778 0.010416666666666666 0.5203703703703704 0.007291666666666667 0.5407407407407407 0.0067708333333333336 0.5842592592592593 0.0125 0.6083333333333333 0.0125 0.6166666666666667 0.016145833333333335 0.6277777777777778 0.019791666666666666 0.6546296296296297 0.019270833333333334 0.7379629629629629 0.025 0.7685185185185185 0.0296875 0.7777777777777778 0.03125 0.7888888888888889 0.036458333333333336 0.8009259259259259 0.03802083333333333 0.8203703703703704 0.044270833333333336 0.85 0.049479166666666664 0.8648148148148148 0.04895833333333333 0.8722222222222222 0.04479166666666667 0.8759259259259259 0.0421875 0.8824074074074074 0.033854166666666664 0.8851851851851852 0.028645833333333332 0.8824074074074074 0.025 0.8851851851851852 0.021354166666666667 0.8935185185185185 0.021354166666666667 0.9101851851851852 0.023958333333333335 0.9166666666666666 0.022916666666666665 0.9333333333333333 0.025 0.9398148148148148 0.025 0.9490740740740741 0.0296875 0.9527777777777777 0.028125 0.9564814814814815 0.029166666666666667 0.9657407407407408 0.0265625 0.9694444444444444 0.025520833333333333 0.9768518518518519 0.028645833333333332 0.9935185185185185 0.035416666666666666 0.9898148148148148 0.03958333333333333 0.9916666666666667 0.040364583333333336 0.987037037037037 0.043229166666666666 0.987037037037037 0.04375 0.9935185185185185 0.046614583333333334 0.9888888888888889 0.0467015625 0.9935185185185185 0.049479166666666664 0.9888888888888889 0.04965260416666666 0.9935185185185185 0.05234375 0.9888888888888889 0.05260416666666667 0.9935185185185185 0.05520833333333333 0.9888888888888889 0.0578125 0.9935185185185185 0.06354166666666666 0.9935185185185185 0.06770833333333333 0.9888888888888889 0.07083333333333333 0.9916666666666667 0.078125 0.9898148148148148 0.08072916666666667 0.9935185185185185 0.1203125 0.9944444444444445 0.1328125 0.9916666666666667 0.1453125 0.9962962962962963 0.22395833333333334 0.9962962962962963 0.23072916666666668 0.9935185185185185 0.23697916666666666 0.9981481481481481 0.26458333333333334 0.9944444444444445 0.29375 0.9944444444444445 0.3 0.9981481481481481 0.3302083333333333 0.9944444444444445 0.34375 0.9981481481481481 0.3671875 0.9981481481481481 0.37604166666666666 0.9944444444444445 0.390625 0.9944444444444445 0.3953125 0.9981481481481481 0.4432291666666667 0.9981481481481481 0.4515625 0.9944444444444445 0.45729166666666665 0.9962962962962963 0.46041666666666664 0.9935185185185185 0.4583333333333333 0.9805555555555555 0.4625 0.975 0.47239583333333335 0.975 0.4744791666666667 0.9712962962962963 0.4744791666666667 0.9574074074074074 0.45989583333333334 0.9351851851851852 0.4510416666666667 0.9305555555555556 0.4432291666666667 0.9212962962962963 0.4322916666666667 0.9166666666666666 0.4088541666666667 0.9009259259259259 0.403125 0.8944444444444445 0.3953125 0.8916666666666667 0.3802083333333333 0.8805555555555555 0.3536458333333333 0.8796296296296297 0.34427083333333336 0.8777777777777778 0.3333333333333333 0.8712962962962963 0.3046875 0.8685185185185185 0.29322916666666665 0.8638888888888889 0.2713541666666667 0.8638888888888889 0.26927083333333335 0.8666666666666667 0.25677083333333334 0.8685185185185185 0.2520833333333333 0.862037037037037 0.24947916666666667 0.8527777777777777 0.23958333333333334 0.8435185185185186 0.2421875 0.8416666666666667 0.24114583333333334 0.8398148148148148 0.23072916666666668 0.8388888888888889 0.22916666666666666 0.8351851851851851 0.21041666666666667 0.8351851851851851 0.20572916666666666 0.8305555555555556 0.1953125 0.8277777777777777 0.19010416666666666 0.8194444444444444 0.19010416666666666 0.812037037037037 0.1875 0.8083333333333333 0.19166666666666668 0.7935185185185185 0.2078125 0.7796296296296297 0.21458333333333332 0.7666666666666667 0.21770833333333334 0.7666666666666667 0.21979166666666666 0.7601851851851852 0.22864583333333333 0.7574074074074074 0.23229166666666667 0.7527777777777778 0.2359375 0.7527777777777778 0.240625 0.7574074074074074 0.25052083333333336 0.7555555555555555 0.26979166666666665 0.7601851851851852 0.275 0.7648148148148148 0.28541666666666665 0.7666666666666667 0.28854166666666664 0.7712962962962963 0.31302083333333336 0.7777777777777778 0.3177083333333333 0.7842592592592592 0.3302083333333333 0.7851851851851852 0.340625 0.7648148148148148 0.340625 0.7592592592592593 0.35572916666666665 0.7601851851851852 0.3625 0.7527777777777778 0.3671875 0.737037037037037 0.3723958333333333 0.7018518518518518 0.3848958333333333 0.6981481481481482 0.3875 0.6944444444444444 0.4 0.6888888888888889 0.4041666666666667 0.6824074074074075 0.40625 0.6703703703703704 0.4119791666666667 0.6638888888888889 0.41302083333333334 0.6574074074074074 0.42291666666666666 0.6398148148148148 0.421875 0.6185185185185185 0.41875 0.6129629629629629 0.41822916666666665 0.6046296296296296 0.4161458333333333 0.6027777777777777 0.4109375 0.5824074074074074 0.4078125 0.5796296296296296 0.4046875 0.5657407407407408 0.40729166666666666 0.5527777777777778 0.41041666666666665 0.55 0.41354166666666664 0.5333333333333333 0.4166666666666667 0.5277777777777778 0.42291666666666666 0.5027777777777778 0.425 0.48703703703703705 0.425 0.4685185185185185 0.41822916666666665 0.43148148148148147 0.4166666666666667 0.4074074074074074 0.41458333333333336 0.4 0.40989583333333335 0.3527777777777778 0.4036458333333333 0.32037037037037036 0.403125 0.3055555555555556 0.39947916666666666 0.2916666666666667 0.37916666666666665 0.2601851851851852 0.3765625 0.25925925925925924 0.3572916666666667 0.22592592592592592 0.3416666666666667 0.1935185185185185 0.3307291666666667 0.17685185185185184 0.32447916666666665 0.16203703703703703 0.31145833333333334 0.14351851851851852 0.2838541666666667 0.1259259259259259 0.240625 0.12777777777777777 0.22604166666666667 0.13240740740740742 0.2140625 0.12777777777777777 0.209375 0.12129629629629629 0.20572916666666666 0.12129629629629629 0.20260416666666667 0.1175925925925926 0.2 0.10648148148148148 0.2 0.027777777777777776 0.19791666666666666 0.005555555555555556 0.19583333333333333 0 0.013020833333333334 0 0.011458333333333333 0.010185185185185186
4 0.5411458333333333 0.14166666666666666 0.5416666666666666 0.19537037037037036 0.55 0.2351851851851852 0.55 0.25 0.5442708333333334 0.2759259259259259 0.5432291666666667 0.3055555555555556 0.5432291666666667 0.487962962962963 0.546875 0.49444444444444446 0.55625 0.4888888888888889 0.5755208333333334 0.4666666666666667 0.5932291666666667 0.45092592592592595 0.6078125 0.4324074074074074 0.6333333333333333 0.4074074074074074 0.6520833333333333 0.38055555555555554 0.6619791666666667 0.3731481481481482 0.6630208333333333 0.36944444444444446 0.6786458333333333 0.3537037037037037 0.6869791666666667 0.29814814814814816 0.6875 0.26666666666666666 0.7348958333333333 0.26666666666666666 0.7489583333333333 0.25092592592592594 0.7578125 0.23055555555555557 0.7578125 0.22592592592592592 0.7557291666666667 0.2222222222222222 0.7578125 0.21851851851851853 0.7541666666666667 0.21203703703703702 0.7520833333333333 0.21203703703703702 0.7473958333333334 0.20092592592592592 0.7359375 0.19722222222222222 0.7375 0.17777777777777778 0.7484375 0.17777777777777778 0.7546875 0.1685185185185185 0.75625 0.12129629629629629 0.7546875 0.11388888888888889 0.7489583333333333 0.10555555555555556 0.7359375 0.10555555555555556 0.7265625 0.11018518518518519 0.7140625 0.09814814814814815 0.7119791666666667 0.05555555555555555 0.7140625 0.05277777777777778 0.7177083333333333 0.025925925925925925 0.7171875 0.016666666666666666 0.7130208333333333 0 0.6802083333333333 0 0.6729166666666667 0.002777777777777778 0.6614583333333334 0.002777777777777778 0.65625 0 0.5625 0 0.5411458333333333 0.14166666666666666
3 0.6484375 0.7666666666666667 0.6473958333333333 0.7777777777777778 0.6494791666666667 0.7824074074074074 0.6671875 0.7824074074074074 0.6614583333333334 0.7648148148148148 0.6583333333333333 0.7620370370370371 0.6541666666666667 0.7620370370370371 0.6484375 0.7666666666666667
3 0.6739583333333333 0.7601851851851852 0.6765625 0.7759259259259259 0.6921875 0.8064814814814815 0.6885416666666667 0.8101851851851852 0.6776041666666667 0.8101851851851852 0.675 0.8074074074074075 0.6708333333333333 0.8101851851851852 0.6692708333333334 0.8166666666666667 0.6692708333333334 0.8388888888888889 0.6723958333333333 0.8481481481481481 0.6828125 0.8592592592592593 0.6880208333333333 0.8759259259259259 0.6921875 0.8805555555555555 0.7088541666666667 0.8888888888888888 0.7208333333333333 0.8870370370370371 0.7270833333333333 0.8805555555555555 0.7390625 0.8944444444444445 0.7479166666666667 0.9101851851851852 0.7583333333333333 0.9185185185185185 0.7671875 0.9212962962962963 0.775 0.9388888888888889 0.7791666666666667 0.9435185185185185 0.7984375 0.9296296296296296 0.8125 0.9046296296296297 0.8270833333333333 0.8870370370370371 0.8302083333333333 0.8870370370370371 0.8333333333333334 0.8805555555555555 0.8307291666666666 0.8648148148148148 0.7911458333333333 0.8055555555555556 0.7786458333333334 0.7898148148148149 0.7708333333333334 0.7851851851851852 0.7479166666666667 0.7620370370370371 0.7317708333333334 0.7527777777777778 0.7125 0.75 0.6921875 0.7509259259259259 0.6791666666666667 0.7555555555555555 0.6739583333333333 0.7601851851851852
3 0.7177083333333333 0.1175925925925926 0.71875 0.14166666666666666 0.7260416666666667 0.1574074074074074 0.7265625 0.1638888888888889 0.7307291666666667 0.17407407407407408 0.7369791666666666 0.17962962962962964 0.7479166666666667 0.17962962962962964 0.7546875 0.1712962962962963 0.75625 0.16018518518518518 0.75625 0.11481481481481481 0.7520833333333333 0.10740740740740741 0.74375 0.10277777777777777 0.721875 0.11018518518518519 0.7177083333333333 0.1175925925925926
3 0.28125 0.6601851851851852 0.28020833333333334 0.6842592592592592 0.28177083333333336 0.7157407407407408 0.2859375 0.725925925925926 0.29270833333333335 0.725925925925926 0.296875 0.7185185185185186 0.2984375 0.7083333333333334 0.30052083333333335 0.7074074074074074 0.3078125 0.7185185185185186 0.31614583333333335 0.7231481481481481 0.31927083333333334 0.7305555555555555 0.32708333333333334 0.7388888888888889 0.3338541666666667 0.7546296296296297 0.340625 0.7574074074074074 0.3463541666666667 0.7638888888888888 0.3578125 0.7620370370370371 0.36614583333333334 0.7462962962962963 0.3723958333333333 0.712037037037037 0.3671875 0.6546296296296297 0.36770833333333336 0.6259259259259259 0.3645833333333333 0.6231481481481481 0.359375 0.5981481481481481 0.35520833333333335 0.5916666666666667 0.3515625 0.5916666666666667 0.3484375 0.5833333333333334 0.34375 0.5824074074074074 0.33645833333333336 0.587037037037037 0.32916666666666666 0.5935185185185186 0.32864583333333336 0.6 0.3151041666666667 0.6055555555555555 0.30625 0.6138888888888889 0.30625 0.6185185185185185 0.3140625 0.6425925925925926 0.3140625 0.6574074074074074 0.3098958333333333 0.6620370370370371 0.29791666666666666 0.6305555555555555 0.2890625 0.6231481481481481 0.2838541666666667 0.6416666666666667 0.28125 0.6601851851851852
3 0.6807291666666667 0.21666666666666667 0.6807291666666667 0.2388888888888889 0.6833333333333333 0.2601851851851852 0.7161458333333334 0.26851851851851855 0.7369791666666666 0.26666666666666666 0.7494791666666667 0.2518518518518518 0.7651041666666667 0.22592592592592592 0.7614583333333333 0.21388888888888888 0.7442708333333333 0.19814814814814816 0.7125 0.20092592592592592 0.6927083333333334 0.21388888888888888 0.6807291666666667 0.21666666666666667
3 0.28125 0.6601851851851852 0.28020833333333334 0.6851851851851852 0.28177083333333336 0.7138888888888889 0.2859375 0.725925925925926 0.29322916666666665 0.725 0.296875 0.7185185185185186 0.2984375 0.7083333333333334 0.30052083333333335 0.7064814814814815 0.30625 0.7166666666666667 0.3182291666666667 0.725925925925926 0.32083333333333336 0.7324074074074074 0.32864583333333336 0.7416666666666667 0.33229166666666665 0.7527777777777778 0.34739583333333335 0.7638888888888888 0.35833333333333334 0.7620370370370371 0.36614583333333334 0.7462962962962963 0.371875 0.7148148148148148 0.3723958333333333 0.7027777777777777 0.36875 0.6768518518518518 0.3671875 0.6425925925925926 0.375 0.6064814814814815 0.3807291666666667 0.5981481481481481 0.3802083333333333 0.5694444444444444 0.3614583333333333 0.5351851851851852 0.35572916666666665 0.5305555555555556 0.34479166666666666 0.5324074074074074 0.3333333333333333 0.5527777777777778 0.3302083333333333 0.5638888888888889 0.3203125 0.5833333333333334 0.3171875 0.6027777777777777 0.30625 0.6148148148148148 0.3067708333333333 0.6222222222222222 0.3109375 0.6305555555555555 0.3140625 0.6435185185185185 0.3140625 0.6555555555555556 0.3104166666666667 0.6620370370370371 0.3098958333333333 0.6574074074074074 0.3020833333333333 0.6435185185185185 0.2984375 0.6296296296296297 0.29322916666666665 0.6231481481481481 0.2890625 0.6231481481481481 0.2838541666666667 0.6416666666666667 0.28125 0.6601851851851852
3 0.23125 0.9768518518518519 0.23072916666666668 0.9916666666666667 0.23333333333333334 0.9981481481481481 0.26875 0.9981481481481481 0.27447916666666666 0.9944444444444445 0.29270833333333335 0.9944444444444445 0.296875 0.9981481481481481 0.4578125 0.9981481481481481 0.4625 0.9935185185185185 0.45989583333333334 0.9842592592592593 0.4609375 0.9787037037037037 0.4744791666666667 0.9777777777777777 0.4765625 0.9731481481481481 0.4765625 0.9638888888888889 0.4734375 0.950925925925926 0.4625 0.937037037037037 0.4359375 0.9148148148148149 0.41302083333333334 0.9027777777777778 0.3854166666666667 0.8805555555555555 0.37916666666666665 0.8777777777777778 0.3536458333333333 0.8777777777777778 0.33645833333333336 0.8712962962962963 0.3109375 0.8685185185185185 0.29635416666666664 0.8638888888888889 0.275 0.8638888888888889 0.2598958333333333 0.8712962962962963 0.24427083333333333 0.8712962962962963 0.24114583333333334 0.8759259259259259 0.23697916666666666 0.8916666666666667 0.23541666666666666 0.9472222222222222 0.23125 0.9768518518518519