4 0.42083333333333334 0 0.5640625 0 0.5677083333333334 0.002777777777777778 0.5786458333333333 0 0.6401041666666667 0 0.6489583333333333 0.002777777777777778 0.6598958333333333 0 0.7322916666666667 0 0.7411458333333333 0.002777777777777778 0.7432291666666667 0 0.7520833333333333 0 0.7734375 0.003703703703703704 0.8088541666666667 0.003703703703703704 0.821875 0 0.8671875 0 0.8729166666666667 0.003703703703703704 0.88125 0 0.9390625 0 0.9401041666666666 0.002777777777777778 0.9489583333333333 0.003703703703703704 0.9723958333333333 0 0.9953125 0.003703703703703704 0.996875 0.005555555555555556 0.9973958333333334 0.017592592592592594 0.9994791666666667 0.019444444444444445 0.9994791666666667 0.03148148148148148 0.9979166666666667 0.032407407407407406 0.9994791666666667 0.03333333333333333 0.9994791666666667 0.04814814814814815 0.9916666666666667 0.05648148148148148 0.9942708333333333 0.0712962962962963 0.9973958333333334 0.08055555555555556 0.9994791666666667 0.08148148148148149 0.9973958333333334 0.08333333333333333 0.9953125 0.12222222222222222 0.9916666666666667 0.13703703703703704 0.990625 0.1527777777777778 0.984375 0.1648148148148148 0.9739583333333334 0.19907407407407407 0.9296875 0.2722222222222222 0.884375 0.32685185185185184 0.8723958333333334 0.3314814814814815 0.8427083333333333 0.32222222222222224 0.8255208333333334 0.3212962962962963 0.8057291666666667 0.3138888888888889 0.7755208333333333 0.31666666666666665 0.7046875 0.35185185185185186 0.6203125 0.4046296296296296 0.6125 0.4083333333333333 0.5880208333333333 0.4111111111111111 0.5604166666666667 0.4046296296296296 0.5385416666666667 0.3925925925925926 0.4875 0.38796296296296295 0.48072916666666665 0.3731481481481482 0.47552083333333334 0.3472222222222222 0.475 0.32592592592592595 0.4791666666666667 0.3 0.478125 0.29259259259259257 0.48125 0.2861111111111111 0.4796875 0.2833333333333333 0.4713541666666667 0.2814814814814815 0.4666666666666667 0.29259259259259257 0.45729166666666665 0.2962962962962963 0.4505208333333333 0.2953703703703704 0.44375 0.3037037037037037 0.4354166666666667 0.29907407407407405 0.43645833333333334 0.2962962962962963 0.4421875 0.2953703703703704 0.44583333333333336 0.2898148148148148 0.44479166666666664 0.287962962962963 0.42864583333333334 0.287962962962963 0.4276041666666667 0.2898148148148148 0.4296875 0.2935185185185185 0.41354166666666664 0.2953703703703704 0.4078125 0.29907407407407405 0.40520833333333334 0.30648148148148147 0.3932291666666667 0.30925925925925923 0.36302083333333335 0.337037037037037 0.353125 0.3416666666666667 0.3380208333333333 0.3416666666666667 0.3307291666666667 0.337037037037037 0.29739583333333336 0.2962962962962963 0.28072916666666664 0.262037037037037 0.27291666666666664 0.23425925925925925 0.27395833333333336 0.18333333333333332 0.2786458333333333 0.1537037037037037 0.2911458333333333 0.12314814814814815 0.31145833333333334 0.09722222222222222 0.3567708333333333 0.08055555555555556 0.3880208333333333 0.06296296296296296 0.40520833333333334 0.04814814814814815 0.41875 0.04259259259259259 0.42135416666666664 0.03611111111111111 0.4192708333333333 0.006481481481481481 0.42083333333333334 0.000925925925925926
1 0.17604166666666668 0.09722222222222222 0.18020833333333333 0.09907407407407408 0.17552083333333332 0.10925925925925926 0.15572916666666667 0.12962962962962962 0.13697916666666668 0.14074074074074075 0.1328125 0.1398148148148148 0.14479166666666668 0.10185185185185185 0.15677083333333333 0.0962962962962963 0.17552083333333332 0.09722222222222222
1 0.8666666666666667 0.5611111111111111 0.871875 0.5648148148148148 0.8729166666666667 0.575 0.8697916666666666 0.5805555555555556 0.8651041666666667 0.5824074074074074 0.8583333333333333 0.5814814814814815 0.8546875 0.5712962962962963 0.8578125 0.5657407407407408 0.8661458333333333 0.5611111111111111
1 0.059375 0.7925925925925926 0.017708333333333333 0.027777777777777776
1 0.24583333333333332 0.10185185185185185 0.2546875 0.09166666666666666 0.25885416666666666 0.09074074074074075 0.2625 0.09537037037037037 0.265625 0.10833333333333334 0.2625 0.1175925925925926 0.253125 0.1175925925925926 0.24479166666666666 0.10925925925925926 0.24583333333333332 0.10277777777777777
1 0.9932291666666667 0.49537037037037035 0.9994791666666667 0.49907407407407406 0.9994791666666667 0.5277777777777778 0.9916666666666667 0.5342592592592592 0.9875 0.5333333333333333 0.9833333333333333 0.5268518518518519 0.9817708333333334 0.5111111111111111 0.9854166666666667 0.49907407407407406 0.9927083333333333 0.49537037037037035
1 0.2375 0.11388888888888889 0.24583333333333332 0.12314814814814815 0.26979166666666665 0.1648148148148148 0.2703125 0.19537037037037036 0.26875 0.20277777777777778 0.2552083333333333 0.20092592592592592 0.240625 0.18888888888888888 0.23020833333333332 0.17407407407407408 0.22864583333333333 0.15833333333333333 0.23020833333333332 0.1398148148148148 0.22552083333333334 0.12962962962962962 0.225 0.11944444444444445 0.2265625 0.11481481481481481 0.23697916666666666 0.11388888888888889
1 0.8755208333333333 0.9287037037037037 0.8786458333333333 0.9351851851851852 0.878125 0.9425925925925925 0.8703125 0.9527777777777777 0.8640625 0.9481481481481482 0.8619791666666666 0.9416666666666667 0.8625 0.9361111111111111 0.8671875 0.9277777777777778 0.875 0.9287037037037037
1 0.7786458333333334 0.47685185185185186 0.790625 0.47962962962962963 0.7994791666666666 0.487962962962963 0.7973958333333333 0.5120370370370371 0.7901041666666667 0.5277777777777778 0.7796875 0.5259259259259259 0.7723958333333333 0.5185185185185185 0.7666666666666667 0.5074074074074074 0.7666666666666667 0.487962962962963 0.76875 0.48333333333333334 0.778125 0.47685185185185186
1 0.8536458333333333 0.5388888888888889 0.85625 0.5425925925925926 0.85625 0.5518518518518518 0.85 0.5601851851851852 0.8427083333333333 0.5574074074074075 0.8411458333333334 0.5453703703703704 0.8453125 0.5388888888888889 0.853125 0.5388888888888889
0 0 0.16944444444444445 0.0067708333333333336 0.17777777777777778 0.008854166666666666 0.18703703703703703 0.008333333333333333 0.1935185185185185 0 0.1962962962962963 0 0.17037037037037037
0 0.13802083333333334 0.10648148148148148 0.140625 0.10740740740740741 0.14114583333333333 0.11203703703703703 0.1359375 0.13148148148148148 0.1203125 0.1638888888888889 0.09010416666666667 0.2175925925925926 0.0828125 0.225 0.078125 0.22037037037037038 0.08020833333333334 0.21666666666666667 0.08177083333333333 0.19907407407407407 0.08645833333333333 0.18611111111111112 0.08645833333333333 0.17777777777777778 0.10104166666666667 0.1425925925925926 0.1125 0.12314814814814815 0.12239583333333333 0.11296296296296296 0.1375 0.10648148148148148
0 0.10625 0.7722222222222223 0.12135416666666667 0.7814814814814814 0.14322916666666666 0.8111111111111111 0.1515625 0.8324074074074074 0.16145833333333334 0.8712962962962963 0.1765625 0.9 0.19166666666666668 0.937962962962963 0.20260416666666667 0.9546296296296296 0.21510416666666668 0.9675925925925926 0.2546875 0.9898148148148148 0.2630208333333333 0.9990740740740741 0.22864583333333333 0.9990740740740741 0.22395833333333334 0.9962962962962963 0.2171875 0.9990740740740741 0.184375 0.9990740740740741 0.1828125 0.9962962962962963 0.1671875 0.9962962962962963 0.16458333333333333 0.9990740740740741 0.0734375 0.9990740740740741 0.0703125 0.9944444444444445 0.06302083333333333 0.9527777777777777 0.059375 0.9425925925925925 0.04895833333333333 0.8870370370370371 0.03229166666666667 0.8166666666666667 0.030729166666666665 0.8018518518518518 0.03229166666666667 0.7962962962962963 0.046875 0.7925925925925926 0.05625 0.7814814814814814 0.0671875 0.7805555555555556 0.0859375 0.7731481481481481 0.10572916666666667 0.7722222222222223
0 0.8385416666666666 0.10277777777777777 0.840625 0.10462962962962963 0.8369791666666667 0.10833333333333334 0.8385416666666666 0.11851851851851852 0.8453125 0.11388888888888889 0.8489583333333334 0.11481481481481481 0.8510416666666667 0.12037037037037036 0.8588541666666667 0.12222222222222222 0.8661458333333333 0.1175925925925926 0.8703125 0.11851851851851852 0.8729166666666667 0.12685185185185185 0.8661458333333333 0.12129629629629629 0.8640625 0.125 0.8520833333333333 0.1287037037037037 0.8479166666666667 0.1388888888888889 0.853125 0.14722222222222223 0.8463541666666666 0.15 0.85 0.15925925925925927 0.8453125 0.16111111111111112 0.8494791666666667 0.16203703703703703 0.8510416666666667 0.1675925925925926 0.8484375 0.17314814814814813 0.8447916666666667 0.17037037037037037 0.8421875 0.17962962962962964 0.8380208333333333 0.17777777777777778 0.8354166666666667 0.1824074074074074 0.8369791666666667 0.18703703703703703 0.8489583333333334 0.18425925925925926 0.8552083333333333 0.18888888888888888 0.859375 0.18333333333333332 0.8651041666666667 0.18333333333333332 0.8723958333333334 0.17592592592592593 0.8869791666666667 0.17407407407407408 0.8916666666666667 0.18518518518518517 0.8885416666666667 0.18703703703703703 0.8864583333333333 0.18425925925925926 0.8822916666666667 0.18888888888888888 0.884375 0.1925925925925926 0.8796875 0.19074074074074074 0.8755208333333333 0.19537037037037036 0.8796875 0.20185185185185187 0.8828125 0.19907407407407407 0.8869791666666667 0.20185185185185187 0.884375 0.2064814814814815 0.8911458333333333 0.21296296296296297 0.8854166666666666 0.21296296296296297 0.8932291666666666 0.2212962962962963 0.8911458333333333 0.22777777777777777 0.8859375 0.23055555555555557 0.890625 0.24166666666666667 0.8859375 0.24537037037037038 0.8864583333333333 0.2518518518518518 0.8770833333333333 0.2601851851851852 0.8807291666666667 0.26481481481481484 0.878125 0.26944444444444443 0.871875 0.2722222222222222 0.8729166666666667 0.2675925925925926 0.865625 0.26666666666666666 0.8640625 0.27037037037037037 0.8609375 0.27037037037037037 0.8526041666666667 0.2601851851851852 0.8484375 0.262037037037037 0.8494791666666667 0.25833333333333336 0.8432291666666667 0.25092592592592594 0.8458333333333333 0.24074074074074073 0.8432291666666667 0.23333333333333334 0.8453125 0.23055555555555557 0.859375 0.23148148148148148 0.8598958333333333 0.22777777777777777 0.8557291666666667 0.22037037037037038 0.8473958333333333 0.2212962962962963 0.8458333333333333 0.22407407407407406 0.8416666666666667 0.2212962962962963 0.8369791666666667 0.23055555555555557 0.8395833333333333 0.2462962962962963 0.8338541666666667 0.2490740740740741 0.83125 0.2537037037037037 0.8276041666666667 0.24722222222222223 0.828125 0.24351851851851852 0.8223958333333333 0.24444444444444444 0.8177083333333334 0.23981481481481481 0.8109375 0.2388888888888889 0.8072916666666666 0.24444444444444444 0.8104166666666667 0.25 0.8125 0.24722222222222223 0.8208333333333333 0.24722222222222223 0.8208333333333333 0.25092592592592594 0.8276041666666667 0.2611111111111111 0.83125 0.2564814814814815 0.8427083333333333 0.2611111111111111 0.8489583333333334 0.2675925925925926 0.8489583333333334 0.2851851851851852 0.8463541666666666 0.2796296296296296 0.8302083333333333 0.27870370370370373 0.83125 0.27037037037037037 0.8348958333333333 0.2740740740740741 0.8380208333333333 0.27037037037037037 0.8458333333333333 0.27037037037037037 0.846875 0.26851851851851855 0.8432291666666667 0.2638888888888889 0.8348958333333333 0.2638888888888889 0.8348958333333333 0.26851851851851855 0.8270833333333333 0.2638888888888889 0.8239583333333333 0.26851851851851855 0.8244791666666667 0.2722222222222222 0.8203125 0.2796296296296296 0.8213541666666667 0.2833333333333333 0.8197916666666667 0.2861111111111111 0.828125 0.2898148148148148 0.8270833333333333 0.29259259259259257 0.8171875 0.2935185185185185 0.8182291666666667 0.2898148148148148 0.8125 0.28425925925925927 0.8067708333333333 0.2898148148148148 0.8026041666666667 0.287962962962963 0.8072916666666666 0.2972222222222222 0.7989583333333333 0.29814814814814816 0.7958333333333333 0.2953703703703704 0.7921875 0.29814814814814816 0.7869791666666667 0.2916666666666667 0.7791666666666667 0.2962962962962963 0.7755208333333333 0.29444444444444445 0.7692708333333333 0.3074074074074074 0.7614583333333333 0.3074074074074074 0.7588541666666667 0.3111111111111111 0.7546875 0.30925925925925923 0.7541666666666667 0.3138888888888889 0.7479166666666667 0.3175925925925926 0.7411458333333333 0.3138888888888889 0.7338541666666667 0.31574074074074077 0.7276041666666667 0.3212962962962963 0.7229166666666667 0.31851851851851853 0.721875 0.32037037037037036 0.725 0.32407407407407407 0.7208333333333333 0.3287037037037037 0.7135416666666666 0.3277777777777778 0.7177083333333333 0.32314814814814813 0.7119791666666667 0.32037037037037036 0.7197916666666667 0.3148148148148148 0.7171875 0.30925925925925923 0.7057291666666666 0.30833333333333335 0.7026041666666667 0.31203703703703706 0.7005208333333334 0.30833333333333335 0.696875 0.3111111111111111 0.6859375 0.30833333333333335 0.6833333333333333 0.3138888888888889 0.6833333333333333 0.31851851851851853 0.6859375 0.32037037037037036 0.6838541666666667 0.32222222222222224 0.6848958333333334 0.32685185185185184 0.6963541666666667 0.32407407407407407 0.6890625 0.3314814814814815 0.6744791666666666 0.31851851851851853 0.6744791666666666 0.2824074074074074 0.6859375 0.28425925925925927 0.6880208333333333 0.2814814814814815 0.6958333333333333 0.2814814814814815 0.696875 0.2833333333333333 0.6947916666666667 0.2861111111111111 0.696875 0.29074074074074074 0.6942708333333333 0.2935185185185185 0.7 0.2962962962962963 0.70625 0.29074074074074074 0.7104166666666667 0.2935185185185185 0.7130208333333333 0.2861111111111111 0.7208333333333333 0.2861111111111111 0.7229166666666667 0.2814814814814815 0.7307291666666667 0.28055555555555556 0.73125 0.2759259259259259 0.7255208333333333 0.275 0.7145833333333333 0.2601851851851852 0.7104166666666667 0.2638888888888889 0.7067708333333333 0.2722222222222222 0.703125 0.2740740740740741 0.6848958333333334 0.27314814814814814 0.68125 0.26851851851851855 0.6921875 0.262037037037037 0.690625 0.2574074074074074 0.6822916666666666 0.25092592592592594 0.671875 0.25277777777777777 0.66875 0.24722222222222223 0.678125 0.24259259259259258 0.6833333333333333 0.2490740740740741 0.6901041666666666 0.24444444444444444 0.703125 0.24722222222222223 0.709375 0.23981481481481481 0.7140625 0.24351851851851852 0.7203125 0.2388888888888889 0.7307291666666667 0.2388888888888889 0.7307291666666667 0.23425925925925925 0.7401041666666667 0.23055555555555557 0.7359375 0.22777777777777777 0.7369791666666666 0.22592592592592592 0.7401041666666667 0.22962962962962963 0.7447916666666666 0.22962962962962963 0.7484375 0.2351851851851852 0.753125 0.22962962962962963 0.7614583333333333 0.22777777777777777 0.7614583333333333 0.22314814814814815 0.7802083333333333 0.2324074074074074 0.7796875 0.23796296296296296 0.7848958333333333 0.24722222222222223 0.7927083333333333 0.23981481481481481 0.7979166666666667 0.24166666666666667 0.7932291666666667 0.22962962962962963 0.7932291666666667 0.22685185185185186 0.7979166666666667 0.22685185185185186 0.7953125 0.2212962962962963 0.7973958333333333 0.21296296296296297 0.7932291666666667 0.20925925925925926 0.7880208333333333 0.2101851851851852 0.7713541666666667 0.1925925925925926 0.7838541666666666 0.1935185185185185 0.7864583333333334 0.20462962962962963 0.7989583333333333 0.20092592592592592 0.8 0.1962962962962963 0.7979166666666667 0.19166666666666668 0.8 0.18888888888888888 0.8020833333333334 0.175 0.8010416666666667 0.1648148148148148 0.8041666666666667 0.16111111111111112 0.8010416666666667 0.14722222222222223 0.8046875 0.1425925925925926 0.8171875 0.14629629629629629 0.8197916666666667 0.14351851851851852 0.83125 0.14444444444444443 0.8348958333333333 0.14166666666666666 0.834375 0.13703703703703704 0.8411458333333334 0.12962962962962962 0.8401041666666667 0.12037037037037036 0.8307291666666666 0.12037037037037036 0.8270833333333333 0.125 0.8239583333333333 0.11944444444444445 0.8260416666666667 0.11574074074074074 0.8234375 0.10462962962962963 0.8296875 0.10648148148148148 0.8348958333333333 0.10185185185185185 0.8380208333333333 0.10277777777777777
3 0.11041666666666666 0.774074074074074 0.12447916666666667 0.7851851851851852 0.14479166666666668 0.8148148148148148 0.15104166666666666 0.8314814814814815 0.15989583333333332 0.8685185185185185 0.17604166666666668 0.899074074074074 0.18020833333333333 0.912962962962963 0.19322916666666667 0.9416666666666667 0.215625 0.9685185185185186 0.24791666666666667 0.9861111111111112 0.2604166666666667 0.9944444444444445 0.2625 0.9990740740740741 0.18541666666666667 0.9990740740740741 0.1828125 0.9953703703703703 0.1671875 0.9962962962962963 0.165625 0.9990740740740741 0.07395833333333333 0.9990740740740741 0.0703125 0.9944444444444445 0.04895833333333333 0.8870370370370371 0.0328125 0.8185185185185185 0.03125 0.799074074074074 0.03229166666666667 0.7962962962962963 0.04791666666666667 0.7925925925925926 0.057291666666666664 0.7814814814814814 0.0671875 0.7814814814814814 0.08958333333333333 0.7722222222222223 0.10989583333333333 0.774074074074074
3 0.4197916666666667 0 0.5645833333333333 0 0.5677083333333334 0.002777777777777778 0.5770833333333333 0 0.6453125 0 0.6489583333333333 0.002777777777777778 0.6614583333333334 0 0.7697916666666667 0 0.7739583333333333 0.003703703703703704 0.7875 0.004629629629629629 0.8057291666666667 0.004629629629629629 0.8182291666666667 0 0.8692708333333333 0 0.8729166666666667 0.003703703703703704 0.8822916666666667 0 0.9348958333333334 0 0.940625 0.003703703703703704 0.9666666666666667 0.002777777777777778 0.9697916666666667 0 0.9744791666666667 0.002777777777777778 0.9776041666666667 0 0.9828125 0.003703703703703704 0.9947916666666666 0.004629629629629629 0.9921875 0.009259259259259259 0.9963541666666667 0.017592592592592594 0.9994791666666667 0.018518518518518517 0.9994791666666667 0.022222222222222223 0.996875 0.025 0.9994791666666667 0.028703703703703703 0.9973958333333334 0.032407407407407406 0.9973958333333334 0.03611111111111111 0.9994791666666667 0.037037037037037035 0.9994791666666667 0.05 0.9932291666666667 0.05740740740740741 0.9916666666666667 0.06666666666666667 0.9973958333333334 0.07777777777777778 0.9994791666666667 0.07777777777777778 0.9979166666666667 0.07962962962962963 0.9994791666666667 0.08703703703703704 0.9979166666666667 0.08796296296296297 0.9953125 0.11944444444444445 0.9911458333333333 0.1361111111111111 0.990625 0.14722222222222223 0.9828125 0.16574074074074074 0.9817708333333334 0.17407407407407408 0.9765625 0.18333333333333332 0.9744791666666667 0.1935185185185185 0.9651041666666667 0.21296296296296297 0.925 0.27870370370370373 0.8833333333333333 0.325 0.8765625 0.33055555555555555 0.865625 0.33055555555555555 0.8427083333333333 0.32222222222222224 0.8244791666666667 0.32222222222222224 0.8015625 0.31574074074074077 0.7713541666666667 0.3194444444444444 0.6911458333333333 0.3592592592592593 0.6229166666666667 0.4027777777777778 0.5979166666666667 0.40925925925925927 0.5807291666666666 0.40925925925925927 0.5572916666666666 0.40185185185185185 0.5333333333333333 0.3888888888888889 0.4864583333333333 0.387037037037037 0.47760416666666666 0.3592592592592593 0.475 0.3351851851851852 0.47708333333333336 0.3101851851851852 0.4828125 0.2861111111111111 0.48125 0.27685185185185185 0.4734375 0.2638888888888889 0.46979166666666666 0.2657407407407407 0.4661458333333333 0.27870370370370373 0.45989583333333334 0.28888888888888886 0.45260416666666664 0.28888888888888886 0.44947916666666665 0.2796296296296296 0.44635416666666666 0.28425925925925927 0.4421875 0.2833333333333333 0.43385416666666665 0.287962962962963 0.42239583333333336 0.30092592592592593 0.41822916666666665 0.30925925925925923 0.39947916666666666 0.30833333333333335 0.36041666666666666 0.33796296296296297 0.33958333333333335 0.3416666666666667 0.33125 0.337037037037037 0.3026041666666667 0.30277777777777776 0.28072916666666664 0.2601851851851852 0.2734375 0.2351851851851852 0.27447916666666666 0.18333333333333332 0.278125 0.1574074074074074 0.2911458333333333 0.12407407407407407 0.3026041666666667 0.10648148148148148 0.3145833333333333 0.09537037037037037 0.36041666666666666 0.0787037037037037 0.38697916666666665 0.06388888888888888 0.40989583333333335 0.04537037037037037 0.41875 0.04259259259259259 0.42135416666666664 0.037037037037037035 0.41875 0.006481481481481481 0.4197916666666667 0.000925925925925926