4 0.0015625 0.002777777777777778 0 0.004629629629629629 0 0.016666666666666666 0.0015625 0.018518518518518517 0.0015625 0.027777777777777776 0 0.02962962962962963 0 0.046296296296296294 0.0015625 0.04814814814814815 0 0.0712962962962963 0.0015625 0.07222222222222222 0.0020833333333333333 0.10092592592592593 0 0.14444444444444443 0.0015625 0.14629629629629629 0.003125 0.2 0.0015625 0.2175925925925926 0 0.21851851851851853 0.0015625 0.2212962962962963 0.0015625 0.25092592592592594 0 0.25277777777777777 0 0.26481481481481484 0.0015625 0.26666666666666666 0.0020833333333333333 0.2796296296296296 0.0020833333333333333 0.4444444444444444 0 0.45092592592592595 0.0015625 0.45555555555555555 0.0015625 0.4824074074074074 0.003125 0.4898148148148148 0.0010416666666666667 0.5037037037037037 0.003125 0.5185185185185185 0.0015625 0.5444444444444444 0.003125 0.6944444444444444 0.0015625 0.6972222222222222 0.0020833333333333333 0.8 0 0.8138888888888889 0.003125 0.8324074074074074 0.0015625 0.8777777777777778 0.003125 0.9166666666666666 0.0010416666666666667 0.9212962962962963 0.0015625 0.9324074074074075 0.003125 0.9351851851851852 0.0015625 0.9842592592592593 0.003125 0.987037037037037 0.0020833333333333333 0.9898148148148148 0.0046875 0.9935185185185185 0.12604166666666666 0.9916666666666667 0.17395833333333333 0.9944444444444445 0.2859375 0.9944444444444445 0.3026041666666667 0.9935185185185185 0.3098958333333333 0.9888888888888889 0.315625 0.975 0.325 0.9638888888888889 0.33125 0.950925925925926 0.3380208333333333 0.9462962962962963 0.34270833333333334 0.937037037037037 0.35104166666666664 0.9046296296296297 0.3572916666666667 0.8870370370370371 0.3640625 0.8759259259259259 0.3640625 0.8694444444444445 0.36875 0.8555555555555555 0.3697916666666667 0.8444444444444444 0.3734375 0.8351851851851851 0.3765625 0.8185185185185185 0.3807291666666667 0.8101851851851852 0.38125 0.8 0.384375 0.7935185185185185 0.3885416666666667 0.7620370370370371 0.39114583333333336 0.7574074074074074 0.3921875 0.7472222222222222 0.39947916666666666 0.7231481481481481 0.4 0.7157407407407408 0.40572916666666664 0.700925925925926 0.4119791666666667 0.6518518518518519 0.41822916666666665 0.6259259259259259 0.42291666666666666 0.5935185185185186 0.42552083333333335 0.5601851851851852 0.4322916666666667 0.5296296296296297 0.4328125 0.5037037037037037 0.434375 0.4981481481481482 0.43333333333333335 0.4842592592592593 0.4348958333333333 0.48055555555555557 0.4375 0.45092592592592595 0.46041666666666664 0.4777777777777778 0.4671875 0.5046296296296297 0.4739583333333333 0.5185185185185185 0.47708333333333336 0.5305555555555556 0.4859375 0.5435185185185185 0.4895833333333333 0.5555555555555556 0.49895833333333334 0.5666666666666667 0.5078125 0.5842592592592593 0.5182291666666666 0.5935185185185186 0.5255208333333333 0.612037037037037 0.5291666666666667 0.6148148148148148 0.5317708333333333 0.625 0.5359375 0.6277777777777778 0.5432291666666667 0.6398148148148148 0.5447916666666667 0.6481481481481481 0.5505208333333333 0.6555555555555556 0.5557291666666667 0.6685185185185185 0.5604166666666667 0.6916666666666667 0.5703125 0.7092592592592593 0.5911458333333334 0.7240740740740741 0.61875 0.7555555555555555 0.6463541666666667 0.7685185185185185 0.6572916666666667 0.7685185185185185 0.6671875 0.7592592592592593 0.6838541666666667 0.7620370370370371 0.6895833333333333 0.7666666666666667 0.7067708333333333 0.7666666666666667 0.7104166666666667 0.7620370370370371 0.7177083333333333 0.725925925925926 0.71875 0.7037037037037037 0.721875 0.6981481481481482 0.7239583333333334 0.6851851851851852 0.725 0.6472222222222223 0.7286458333333333 0.6296296296296297 0.728125 0.6129629629629629 0.7296875 0.5990740740740741 0.7557291666666667 0.5259259259259259 0.75625 0.487962962962963 0.7619791666666667 0.4638888888888889 0.7625 0.44907407407407407 0.7609375 0.43148148148148147 0.7614583333333333 0.3851851851851852 0.75625 0.34814814814814815 0.7510416666666667 0.33055555555555555 0.7432291666666667 0.32037037037037036 0.7432291666666667 0.31666666666666665 0.7401041666666667 0.3138888888888889 0.7395833333333334 0.30833333333333335 0.7375 0.3074074074074074 0.7348958333333333 0.3 0.7348958333333333 0.2861111111111111 0.7395833333333334 0.25277777777777777 0.7375 0.2222222222222222 0.7375 0.18055555555555555 0.7348958333333333 0.1638888888888889 0.7307291666666667 0.15462962962962962 0.7286458333333333 0.1388888888888889 0.7255208333333333 0.13333333333333333 0.7234375 0.11851851851851852 0.7208333333333333 0.11481481481481481 0.7171875 0.09814814814814815 0.7119791666666667 0.08611111111111111 0.7130208333333333 0.018518518518518517 0.7104166666666667 0.004629629629629629 0.40572916666666664 0.002777777777777778 0.38958333333333334 0.006481481481481481 0.3776041666666667 0.002777777777777778 0.24895833333333334 0.002777777777777778 0.22916666666666666 0.005555555555555556 0.0015625 0.002777777777777778
4 0.7697916666666667 0.08703703703703704 0.76875 0.08888888888888889 0.7697916666666667 0.08703703703703704
4 0.7265625 0.11203703703703703 0.7270833333333333 0.12129629629629629 0.7390625 0.16944444444444445 0.7411458333333333 0.2074074074074074 0.74375 0.21944444444444444 0.7432291666666667 0.23055555555555557 0.7463541666666667 0.23703703703703705 0.74375 0.2388888888888889 0.7541666666666667 0.2574074074074074 0.7583333333333333 0.2574074074074074 0.7609375 0.262037037037037 0.7630208333333334 0.26666666666666666 0.7614583333333333 0.2759259259259259 0.7645833333333333 0.2796296296296296 0.7671875 0.275 0.7674479166666667 0.2796296296296296 0.7729166666666667 0.2814814814814815 0.7765625 0.28888888888888886 0.7770833333333333 0.2962962962962963 0.7802083333333333 0.29814814814814816 0.78125 0.30462962962962964 0.7864583333333334 0.3101851851851852 0.7854166666666667 0.3138888888888889 0.7880208333333333 0.3194444444444444 0.7864583333333334 0.32314814814814813 0.7744791666666667 0.32407407407407407 0.76875 0.3296296296296296 0.7645833333333333 0.3277777777777778 0.7598958333333333 0.33055555555555555 0.7625 0.33055555555555555 0.7598958333333333 0.34074074074074073 0.7619791666666667 0.3537037037037037 0.790625 0.36018518518518516 0.7947916666666667 0.3638888888888889 0.8171875 0.36944444444444446 0.8296875 0.37592592592592594 0.8328125 0.3824074074074074 0.8572916666666667 0.41203703703703703 0.8682291666666667 0.4388888888888889 0.8791666666666667 0.4583333333333333 0.8817708333333333 0.4666666666666667 0.8848958333333333 0.46944444444444444 0.8869791666666667 0.4861111111111111 0.8927083333333333 0.5055555555555555 0.8932291666666666 0.5185185185185185 0.8854166666666666 0.5601851851851852 0.8817708333333333 0.5694444444444444 0.878125 0.5972222222222222 0.8760416666666667 0.6018518518518519 0.875 0.625 0.8765625 0.6324074074074074 0.8848958333333333 0.6444444444444445 0.8901041666666667 0.6574074074074074 0.9098958333333333 0.6638888888888889 0.9135416666666667 0.675 0.91875 0.6777777777777778 0.9203125 0.6925925925925925 0.921875 0.6944444444444444 0.9203125 0.6972222222222222 0.91875 0.7898148148148149 0.9125 0.812962962962963 0.9109375 0.8685185185185185 0.9041666666666667 0.875 0.8947916666666667 0.8731481481481481 0.85625 0.8796296296296297 0.8421875 0.8712962962962963 0.7958333333333333 0.8546296296296296 0.775 0.8416666666666667 0.7552083333333334 0.8398148148148148 0.7375 0.8435185185185186 0.7286458333333333 0.850925925925926 0.7171875 0.8527777777777777 0.6942708333333333 0.8648148148148148 0.6828125 0.8731481481481481 0.66875 0.8888888888888888 0.6630208333333333 0.8916666666666667 0.6572916666666667 0.9 0.65625 0.9138888888888889 0.6244791666666667 0.9629629629629629 0.6182291666666667 0.9805555555555555 0.6182291666666667 0.9935185185185185 0.6640625 0.9935185185185185 0.6708333333333333 0.9805555555555555 0.6744791666666666 0.9796296296296296 0.6786458333333333 0.9731481481481481 0.6927083333333334 0.9685185185185186 0.7114583333333333 0.9712962962962963 0.7229166666666667 0.9796296296296296 0.7265625 0.9935185185185185 0.7395833333333334 0.9962962962962963 0.790625 0.9935185185185185 0.9864583333333333 0.9962962962962963 0.9963541666666667 0.9935185185185185 0.9963541666666667 0.9898148148148148 0.9994791666666667 0.987037037037037 0.9994791666666667 0.9592592592592593 0.9973958333333334 0.9583333333333334 0.9973958333333334 0.9388888888888889 0.9994791666666667 0.937037037037037 0.9994791666666667 0.9185185185185185 0.9973958333333334 0.9138888888888889 0.9994791666666667 0.9101851851851852 0.9994791666666667 0.9055555555555556 0.9973958333333334 0.9018518518518519 0.9973958333333334 0.8972222222222223 0.9994791666666667 0.8962962962962963 0.9994791666666667 0.8666666666666667 0.9979166666666667 0.8657407407407407 0.9994791666666667 0.862037037037037 0.9973958333333334 0.8601851851851852 0.9973958333333334 0.8564814814814815 0.9994791666666667 0.8555555555555555 0.9994791666666667 0.7435185185185185 0.9973958333333334 0.7407407407407407 0.9994791666666667 0.737037037037037 0.9973958333333334 0.7351851851851852 0.9973958333333334 0.7305555555555555 0.9994791666666667 0.7277777777777777 0.9973958333333334 0.725 0.9973958333333334 0.7138888888888889 0.9994791666666667 0.712037037037037 0.9994791666666667 0.6277777777777778 0.9973958333333334 0.6268518518518519 0.9958333333333333 0.6175925925925926 0.9958333333333333 0.6083333333333333 0.9994791666666667 0.6055555555555555 0.9994791666666667 0.36018518518518516 0.9979166666666667 0.3592592592592593 0.9994791666666667 0.3435185185185185 0.9973958333333334 0.34074074074074073 0.9963541666666667 0.3314814814814815 0.9973958333333334 0.3 0.9994791666666667 0.29814814814814816 0.9994791666666667 0.2898148148148148 0.996875 0.2861111111111111 0.9979166666666667 0.2759259259259259 0.9958333333333333 0.2675925925925926 0.9973958333333334 0.23703703703703705 0.9963541666666667 0.23425925925925925 0.9994791666666667 0.22777777777777777 0.9994791666666667 0.21851851851851853 0.9973958333333334 0.2175925925925926 0.9963541666666667 0.2074074074074074 0.9963541666666667 0.16111111111111112 0.9973958333333334 0.14351851851851852 0.9994791666666667 0.14166666666666666 0.9994791666666667 0.13518518518518519 0.9979166666666667 0.13425925925925927 0.9963541666666667 0.1259259259259259 0.9973958333333334 0.10740740740740741 0.9994791666666667 0.10555555555555556 0.9994791666666667 0.10092592592592593 0.9963541666666667 0.09814814814814815 0.9973958333333334 0.08703703703703704 0.9994791666666667 0.0824074074074074 0.9973958333333334 0.08055555555555556 0.9973958333333334 0.010185185185185186 0.9953125 0.005555555555555556 0.9890625 0.002777777777777778 0.9723958333333333 0.002777777777777778 0.9692708333333333 0.006481481481481481 0.9666666666666667 0.020370370370370372 0.95625 0.05277777777777778 0.94375 0.12962962962962962 0.9338541666666667 0.16944444444444445 0.9291666666666667 0.20925925925925926 0.9270833333333334 0.21574074074074073 0.9239583333333333 0.2638888888888889 0.921875 0.26666666666666666 0.8942708333333333 0.23148148148148148 0.8864583333333333 0.21481481481481482 0.8739583333333333 0.2 0.8729166666666667 0.19444444444444445 0.8682291666666667 0.18703703703703703 0.8645833333333334 0.18518518518518517 0.859375 0.17314814814814813 0.846875 0.15555555555555556 0.8447916666666667 0.15555555555555556 0.8411458333333334 0.14814814814814814 0.8385416666666666 0.14814814814814814 0.8354166666666667 0.14166666666666666 0.8317708333333333 0.14166666666666666 0.8276041666666667 0.13518518518518519 0.8020833333333334 0.1259259259259259 0.8 0.11851851851851852 0.7958333333333333 0.11944444444444445 0.7932291666666667 0.11388888888888889 0.7890625 0.11851851851851852 0.7875 0.11666666666666667 0.7859375 0.11203703703703703 0.7875 0.10092592592592593 0.7817708333333333 0.1 0.7791666666666667 0.08518518518518518 0.7791666666666667 0.08796296296296297 0.7739583333333333 0.0824074074074074 0.7708333333333334 0.08425925925925926 0.7760416666666666 0.08796296296296297 0.775 0.09166666666666666 0.7770833333333333 0.09444444444444444 0.76875 0.10740740740740741 0.7578125 0.10555555555555556 0.7505208333333333 0.09351851851851851 0.7453125 0.1 0.7421875 0.11018518518518519 0.7265625 0.11203703703703703
1 0.4630208333333333 0.9435185185185185 0.4625 0.950925925925926 0.46979166666666666 0.9574074074074074 0.4765625 0.9574074074074074 0.48072916666666665 0.950925925925926 0.48072916666666665 0.9435185185185185 0.475 0.9388888888888889 0.46822916666666664 0.9388888888888889 0.4630208333333333 0.9435185185185185
1 0.5661458333333333 0.8324074074074074 0.5671875 0.837037037037037 0.5692708333333333 0.8351851851851851 0.5677083333333334 0.8305555555555556 0.5661458333333333 0.8324074074074074
1 0.49166666666666664 0.7055555555555556 0.49322916666666666 0.7305555555555555 0.5072916666666667 0.7305555555555555 0.5119791666666667 0.7231481481481481 0.5151041666666667 0.7231481481481481 0.5223958333333333 0.7333333333333333 0.5203125 0.737037037037037 0.5229166666666667 0.7398148148148148 0.5239583333333333 0.7509259259259259 0.5223958333333333 0.7574074074074074 0.5171875 0.7666666666666667 0.5151041666666667 0.7666666666666667 0.5109375 0.7768518518518519 0.5119791666666667 0.7981481481481482 0.5151041666666667 0.8009259259259259 0.5307291666666667 0.8009259259259259 0.5505208333333333 0.812037037037037 0.5796875 0.8185185185185185 0.5848958333333333 0.8231481481481482 0.6057291666666667 0.8296296296296296 0.6223958333333334 0.8148148148148148 0.6463541666666667 0.8009259259259259 0.6609375 0.7962962962962963 0.6682291666666667 0.7888888888888889 0.6765625 0.7694444444444445 0.6734375 0.7648148148148148 0.6677083333333333 0.7638888888888888 0.6552083333333333 0.7731481481481481 0.6484375 0.7731481481481481 0.61875 0.7592592592592593 0.5921875 0.7277777777777777 0.5692708333333333 0.712037037037037 0.5619791666666667 0.700925925925926 0.5572916666666666 0.6981481481481482 0.5302083333333333 0.6962962962962963 0.5208333333333334 0.700925925925926 0.5151041666666667 0.6944444444444444 0.5161458333333333 0.6916666666666667 0.5125 0.6916666666666667 0.5098958333333333 0.6805555555555556 0.5041666666666667 0.675 0.5072916666666667 0.6685185185185185 0.5125 0.6712962962962963 0.5109375 0.6685185185185185 0.5104166666666666 0.6574074074074074 0.5052083333333334 0.6527777777777778 0.5057291666666667 0.649074074074074 0.5020833333333333 0.6388888888888888 0.5005208333333333 0.6416666666666667 0.5010416666666667 0.6527777777777778 0.496875 0.6657407407407407 0.496875 0.675 0.49375 0.6851851851851852 0.4942708333333333 0.6925925925925925 0.49166666666666664 0.7055555555555556
1 0.5114583333333333 0.6111111111111112 0.5119791666666667 0.6166666666666667 0.5130208333333334 0.612037037037037 0.5151041666666667 0.612037037037037 0.5119791666666667 0.6101851851851852 0.5151041666666667 0.6055555555555555 0.5114583333333333 0.6111111111111112
1 0.5296875 0.9425925925925925 0.5291666666666667 0.9555555555555556 0.5317708333333333 0.962037037037037 0.5395833333333333 0.962037037037037 0.5421875 0.9592592592592593 0.5421875 0.9435185185185185 0.5348958333333333 0.9398148148148148 0.5296875 0.9425925925925925
3 0.61875 0.9768518518518519 0.6161458333333333 0.9935185185185185 0.6213541666666667 0.9962962962962963 0.6671875 0.9944444444444445 0.66875 0.9935185185185185 0.66875 0.987037037037037 0.6776041666666667 0.975925925925926 0.6921875 0.9712962962962963 0.7098958333333333 0.9731481481481481 0.7203125 0.9777777777777777 0.7239583333333334 0.9833333333333333 0.7265625 0.9935185185185185 0.7328125 0.9962962962962963 0.8442708333333333 0.9944444444444445 0.846875 0.9935185185185185 0.8484375 0.9675925925925926 0.8510416666666667 0.9527777777777777 0.8614583333333333 0.937037037037037 0.8703125 0.9324074074074075 0.896875 0.9305555555555556 0.9 0.9277777777777778 0.9046875 0.9101851851851852 0.9067708333333333 0.8824074074074074 0.9041666666666667 0.8759259259259259 0.8807291666666667 0.8759259259259259 0.8651041666666667 0.8796296296296297 0.8505208333333333 0.8777777777777778 0.8369791666666667 0.8685185185185185 0.8078125 0.8592592592592593 0.7723958333333333 0.8398148148148148 0.75625 0.8388888888888889 0.7375 0.8435185185185186 0.7265625 0.850925925925926 0.7140625 0.8527777777777777 0.6765625 0.8777777777777778 0.6645833333333333 0.8888888888888888 0.6567708333333333 0.899074074074074 0.6552083333333333 0.9138888888888889 0.6473958333333333 0.9277777777777778 0.6390625 0.937037037037037 0.628125 0.9574074074074074 0.6260416666666667 0.9574074074074074 0.61875 0.9768518518518519
3 0.7697916666666667 0.09537037037037037 0.76875 0.09814814814814815 0.7723958333333333 0.10277777777777777 0.7755208333333333 0.10462962962962963 0.7760416666666666 0.09907407407407408 0.7791666666666667 0.10462962962962963 0.7796875 0.10277777777777777 0.7744791666666667 0.09814814814814815 0.7729166666666667 0.09351851851851851 0.7697916666666667 0.09537037037037037
3 0.725 0.10740740740740741 0.7234375 0.11296296296296296 0.7255208333333333 0.12314814814814815 0.7375 0.1685185185185185 0.7401041666666667 0.2212962962962963 0.7432291666666667 0.24722222222222223 0.7427083333333333 0.25925925925925924 0.7375 0.2814814814814815 0.7375 0.2935185185185185 0.7494791666666667 0.3148148148148148 0.7614583333333333 0.35462962962962963 0.7640625 0.3574074074074074 0.8119791666666667 0.3685185185185185 0.8302083333333333 0.37777777777777777 0.859375 0.41574074074074074 0.8760416666666667 0.4583333333333333 0.8807291666666667 0.4601851851851852 0.88125 0.45185185185185184 0.8869791666666667 0.4324074074074074 0.8880208333333334 0.4203703703703704 0.8947916666666667 0.3990740740740741 0.8973958333333333 0.39814814814814814 0.9005208333333333 0.38981481481481484 0.9072916666666667 0.3824074074074074 0.925 0.36944444444444446 0.9328125 0.33055555555555555 0.9354166666666667 0.3277777777777778 0.9395833333333333 0.31203703703703706 0.9427083333333334 0.3074074074074074 0.9427083333333334 0.29814814814814816 0.9260416666666667 0.2759259259259259 0.9182291666666667 0.2601851851851852 0.8895833333333333 0.21851851851851853 0.8723958333333334 0.18703703703703703 0.86875 0.18425925925925926 0.8411458333333334 0.14166666666666666 0.8322916666666667 0.13425925925925927 0.8286458333333333 0.12777777777777777 0.8203125 0.125 0.815625 0.11944444444444445 0.8088541666666667 0.11851851851851852 0.8072916666666666 0.11481481481481481 0.7979166666666667 0.11388888888888889 0.7890625 0.10462962962962963 0.7854166666666667 0.10925925925925926 0.7880208333333333 0.11203703703703703 0.7875 0.11666666666666667 0.7802083333333333 0.11666666666666667 0.7791666666666667 0.11388888888888889 0.7635416666666667 0.10740740740740741 0.7567708333333333 0.1 0.75 0.08703703703703704 0.7432291666666667 0.08703703703703704 0.7411458333333333 0.1 0.7359375 0.10092592592592593 0.73125 0.10740740740740741 0.725 0.10740740740740741
3 0.7765625 0.08425925925925926 0.775 0.08518518518518518 0.7786458333333334 0.08518518518518518 0.7765625 0.08425925925925926
3 0.7255208333333333 0.10740740740740741 0.7239583333333334 0.11388888888888889 0.7260416666666667 0.125 0.7375 0.1685185185185185 0.7401041666666667 0.2212962962962963 0.7432291666666667 0.24444444444444444 0.7427083333333333 0.25925925925925924 0.7385416666666667 0.2759259259259259 0.7375 0.2916666666666667 0.75 0.3148148148148148 0.7625 0.35555555555555557 0.7927083333333333 0.36203703703703705 0.8026041666666667 0.36666666666666664 0.81875 0.3685185185185185 0.8255208333333334 0.3731481481481482 0.8244791666666667 0.3685185185185185 0.8307291666666666 0.3527777777777778 0.8307291666666666 0.34074074074074073 0.8348958333333333 0.3388888888888889 0.8447916666666667 0.3212962962962963 0.8489583333333334 0.3212962962962963 0.8484375 0.3074074074074074 0.8515625 0.3 0.8557291666666667 0.2962962962962963 0.8520833333333333 0.29444444444444445 0.8520833333333333 0.2916666666666667 0.8682291666666667 0.2824074074074074 0.8682291666666667 0.2796296296296296 0.8625 0.2712962962962963 0.8635416666666667 0.26851851851851855 0.8666666666666667 0.26851851851851855 0.859375 0.26851851851851855 0.8572916666666667 0.26481481481481484 0.8588541666666667 0.2574074074074074 0.8635416666666667 0.25555555555555554 0.8703125 0.2462962962962963 0.8755208333333333 0.24351851851851852 0.8802083333333334 0.24444444444444444 0.8822916666666667 0.24814814814814815 0.8802083333333334 0.25462962962962965 0.8828125 0.2601851851851852 0.8864583333333333 0.25277777777777777 0.8895833333333333 0.25092592592592594 0.9 0.25462962962962965 0.9083333333333333 0.25277777777777777 0.9036458333333334 0.23981481481481481 0.8947916666666667 0.22870370370370371 0.8744791666666667 0.18981481481481483 0.85 0.15555555555555556 0.8348958333333333 0.12314814814814815 0.821875 0.10740740740740741 0.8072916666666666 0.09814814814814815 0.8052083333333333 0.09444444444444444 0.7958333333333333 0.09166666666666666 0.7875 0.0824074074074074 0.759375 0.075 0.7557291666666667 0.07592592592592592 0.7520833333333333 0.08518518518518518 0.7432291666666667 0.08703703703703704 0.7421875 0.09814814814814815 0.7380208333333333 0.10555555555555556 0.7255208333333333 0.10740740740740741