4 0.8010416666666667 0.3824074074074074 0.8005208333333333 0.4212962962962963 0.7932291666666667 0.4425925925925926 0.790625 0.48055555555555557 0.7744791666666667 0.5074074074074074 0.7729166666666667 0.5138888888888888 0.7744791666666667 0.537962962962963 0.7807291666666667 0.5435185185185185 0.7927083333333333 0.5462962962962963 0.8125 0.5574074074074075 0.8229166666666666 0.5601851851851852 0.8526041666666667 0.5601851851851852 0.8619791666666666 0.5555555555555556 0.8677083333333333 0.5481481481481482 0.8739583333333333 0.5296296296296297 0.8755208333333333 0.5185185185185185 0.884375 0.5027777777777778 0.8963541666666667 0.47129629629629627 0.9036458333333334 0.45740740740740743 0.9177083333333333 0.44351851851851853 0.9182291666666667 0.4361111111111111 0.9223958333333333 0.42592592592592593 0.9244791666666666 0.412962962962963 0.9276041666666667 0.40185185185185185 0.9296875 0.4 0.9354166666666667 0.36944444444444446 0.9526041666666667 0.3296296296296296 0.9578125 0.32314814814814813 0.9614583333333333 0.32314814814814813 0.9723958333333333 0.3148148148148148 0.9817708333333334 0.3148148148148148 0.9848958333333333 0.31666666666666665 0.9875 0.32407407407407407 0.9927083333333333 0.32314814814814813 0.9958333333333333 0.3277777777777778 0.9994791666666667 0.3277777777777778 0.9973958333333334 0.32037037037037036 0.9994791666666667 0.31851851851851853 0.9994791666666667 0.2388888888888889 0.9958333333333333 0.2361111111111111 0.996875 0.23148148148148148 0.9994791666666667 0.23055555555555557 0.9994791666666667 0.002777777777777778 0.9958333333333333 0 0.9708333333333333 0 0.9666666666666667 0.008333333333333333 0.9572916666666667 0.018518518518518517 0.9458333333333333 0.03888888888888889 0.9375 0.05648148148148148 0.9359375 0.06666666666666667 0.9260416666666667 0.09351851851851851 0.9223958333333333 0.1175925925925926 0.909375 0.1398148148148148 0.9046875 0.1527777777777778 0.9 0.1574074074074074 0.8916666666666667 0.17592592592592593 0.86875 0.21388888888888888 0.8557291666666667 0.24444444444444444 0.8489583333333334 0.26851851851851855 0.825 0.31851851851851853 0.8166666666666667 0.34629629629629627
4 0.4328125 0.9324074074074075 0.42291666666666666 0.9490740740740741 0.40677083333333336 0.9601851851851851 0.39010416666666664 0.9824074074074074 0.375 0.9888888888888889 0.36822916666666666 0.987037037037037 0.359375 0.9935185185185185 0.359375 0.9962962962962963 0.36302083333333335 0.9916666666666667 0.3625 0.9962962962962963 0.375 0.9981481481481481 0.37864583333333335 0.9962962962962963 0.3807291666666667 0.987037037037037 0.38333333333333336 0.987037037037037 0.3828125 0.9944444444444445 0.3953125 0.9981481481481481 0.42239583333333336 0.9981481481481481 0.4359375 0.9944444444444445 0.46197916666666666 0.9944444444444445 0.47239583333333335 0.9981481481481481 0.484375 0.9981481481481481 0.4921875 0.9944444444444445 0.5026041666666666 0.9944444444444445 0.5114583333333333 0.9981481481481481 0.5421875 0.9981481481481481 0.5677083333333334 0.9935185185185185 0.5703125 0.9851851851851852 0.5661458333333333 0.9666666666666667 0.55625 0.9546296296296296 0.5536458333333333 0.9481481481481482 0.5458333333333333 0.9435185185185185 0.5427083333333333 0.9314814814814815 0.5432291666666667 0.9222222222222223 0.55 0.9101851851851852 0.5515625 0.8944444444444445 0.5609375 0.875 0.565625 0.8574074074074074 0.5635416666666667 0.850925925925926 0.55 0.85 0.5348958333333333 0.8666666666666667 0.5265625 0.8712962962962963 0.5145833333333333 0.8731481481481481 0.503125 0.8851851851851852 0.4822916666666667 0.8981481481481481 0.4661458333333333 0.9138888888888889
4 0.6442708333333333 0.8 0.6432291666666666 0.8092592592592592 0.6447916666666667 0.8157407407407408 0.6515625 0.8277777777777777 0.6598958333333333 0.8351851851851851 0.6723958333333333 0.8518518518518519 0.6802083333333333 0.875 0.6786458333333333 0.8851851851851852 0.6671875 0.9009259259259259 0.6604166666666667 0.9148148148148149 0.6583333333333333 0.9259259259259259 0.6572916666666667 0.9435185185185185 0.6598958333333333 0.950925925925926 0.6625 0.9740740740740741 0.6708333333333333 0.9962962962962963 0.7755208333333333 0.9981481481481481 0.7802083333333333 0.9935185185185185 0.7765625 0.962037037037037 0.7692708333333333 0.9351851851851852 0.7682291666666666 0.9194444444444444 0.7630208333333334 0.9 0.7619791666666667 0.8777777777777778 0.7578125 0.8638888888888889 0.7322916666666667 0.8342592592592593 0.7213541666666666 0.812962962962963 0.7041666666666667 0.7962962962962963 0.6942708333333333 0.7935185185185185 0.65625 0.7935185185185185 0.65 0.7944444444444444
4 0.6546875 0.9685185185185186 0.6526041666666667 0.9694444444444444 0.6541666666666667 0.9712962962962963
4 0.6505208333333333 0.9259259259259259 0.6494791666666667 0.9277777777777778 0.6541666666666667 0.9277777777777778 0.6541666666666667 0.925
4 0.6 0.9833333333333333 0.6005208333333333 0.9888888888888889 0.5984375 0.9935185185185185 0.6182291666666667 0.9944444444444445 0.6203125 0.9898148148148148 0.6203125 0.9824074074074074 0.6234375 0.9842592592592593 0.625 0.9907407407407407 0.6286458333333333 0.9944444444444445 0.6375 0.9962962962962963 0.648046875 0.9935185185185185 0.65 0.9898148148148148 0.65078125 0.9935185185185185 0.653515625 0.9935185185185185 0.6536458333333334 0.9888888888888889 0.65625 0.9935185185185185 0.6572916666666667 0.9888888888888889 0.6442708333333333 0.9805555555555555 0.6458333333333334 0.9666666666666667 0.6494791666666667 0.962037037037037 0.6546875 0.962037037037037 0.6557291666666667 0.9546296296296296 0.6520833333333333 0.9453703703703704 0.6536458333333334 0.9416666666666667 0.6489583333333333 0.9416666666666667 0.6510416666666666 0.937037037037037 0.6494791666666667 0.937037037037037 0.6473958333333333 0.9444444444444444 0.6453125 0.9444444444444444 0.6442708333333333 0.937037037037037 0.6421875 0.9342592592592592 0.6453125 0.9277777777777778 0.6432291666666666 0.925 0.6421875 0.9296296296296296 0.6401041666666667 0.9259259259259259 0.6395833333333333 0.9277777777777778 0.6421875 0.9305555555555556 0.6369791666666667 0.9388888888888889 0.6348958333333333 0.9481481481481482 0.6151041666666667 0.9472222222222222 0.6130208333333333 0.9555555555555556 0.6161458333333333 0.9601851851851851 0.6135416666666667 0.9638888888888889 0.609375 0.962037037037037 0.609375 0.9666666666666667 0.6046875 0.9666666666666667 0.6057291666666667 0.9731481481481481 0.6036458333333333 0.9796296296296296
4 0.6958333333333333 0.9231481481481482 0.6953125 0.9212962962962963 0.6953125 0.9324074074074075
4 0.6494791666666667 0.9074074074074074 0.6484375 0.9101851851851852 0.6453125 0.9101851851851852 0.6546875 0.9185185185185185 0.6557291666666667 0.9101851851851852 0.6541666666666667 0.9074074074074074
4 0.46927083333333336 0.9 0.46875 0.9074074074074074 0.4703125 0.899074074074074
4 0.6421875 0.8944444444444445 0.6416666666666667 0.8962962962962963 0.64375 0.8962962962962963 0.64375 0.8916666666666667
4 0.6401041666666667 0.8777777777777778 0.6395833333333333 0.8805555555555555 0.6411458333333333 0.8796296296296297
4 0.6317708333333333 0.8648148148148148 0.63125 0.8685185185185185 0.6359375 0.8731481481481481 0.6401041666666667 0.8731481481481481 0.6427083333333333 0.8694444444444445 0.6520833333333333 0.8731481481481481 0.6557291666666667 0.8796296296296297 0.6510416666666666 0.8814814814814815 0.6526041666666667 0.8870370370370371 0.6598958333333333 0.8851851851851852 0.6640625 0.8935185185185185 0.6682291666666667 0.8898148148148148 0.6661458333333333 0.8861111111111111 0.66875 0.8824074074074074 0.665625 0.8796296296296297 0.66875 0.8731481481481481 0.6682291666666667 0.8685185185185185 0.6489583333333333 0.8666666666666667 0.6473958333333333 0.8694444444444445 0.6447916666666667 0.8648148148148148 0.6442708333333333 0.8694444444444445 0.6416666666666667 0.8694444444444445 0.6416666666666667 0.8648148148148148 0.6354166666666666 0.8638888888888889 0.6333333333333333 0.8694444444444445
4 0.4828125 0.8055555555555556 0.4822916666666667 0.8101851851851852 0.4875 0.8138888888888889 0.4875 0.8231481481481482 0.49114583333333334 0.8185185185185185 0.49166666666666664 0.8101851851851852 0.49375 0.8074074074074075 0.49322916666666666 0.8009259259259259 0.4859375 0.8009259259259259
4 0.4546875 0.7981481481481482 0.45260416666666664 0.8027777777777778 0.4557291666666667 0.8055555555555556 0.45729166666666665 0.8185185185185185 0.4609375 0.8194444444444444 0.4609375 0.8027777777777778
4 0.4828125 0.7805555555555556 0.4822916666666667 0.7824074074074074 0.4859375 0.7824074074074074
4 0.46822916666666664 0.7805555555555556 0.4671875 0.7824074074074074 0.46979166666666666 0.7842592592592592 0.4739583333333333 0.7824074074074074 0.4734375 0.7777777777777778
4 0.4479166666666667 0.7638888888888888 0.446875 0.7759259259259259 0.44947916666666665 0.7796296296296297 0.4552083333333333 0.7759259259259259 0.45625 0.7777777777777778 0.4583333333333333 0.7731481481481481 0.4583333333333333 0.7666666666666667 0.4510416666666667 0.7601851851851852
4 0.4830729166666667 0.7379629629629629 0.0005208333333333333 0.001851851851851852
4 0.46979166666666666 0.7277777777777777 0.4671875 0.7305555555555555 0.46979166666666666 0.7351851851851852 0.4786458333333333 0.7351851851851852 0.478125 0.725925925925926
4 0.45625 0.725 0.4546875 0.725925925925926 0.45729166666666665 0.7277777777777777
4 0.49166666666666664 0.6731481481481482 0.49114583333333334 0.6759259259259259 0.5010416666666667 0.675 0.49583333333333335 0.6712962962962963
4 0.5005208333333333 0.6481481481481481 0.4984375 0.6574074074074074 0.5015625 0.6527777777777778 0.5 0.6509259259259259 0.5015625 0.649074074074074
4 0.49947916666666664 0.6277777777777778 0.4973958333333333 0.6277777777777778 0.4973958333333333 0.6351851851851852 0.5005208333333333 0.6388888888888888 0.4979166666666667 0.6435185185185185 0.5 0.6435185185185185 0.5020833333333333 0.6370370370370371 0.5020833333333333 0.6324074074074074
4 0.5979166666666667 0.7898148148148149 0.5984375 0.8064814814814815 0.6 0.8101851851851852 0.5989583333333334 0.8212962962962963 0.6005208333333333 0.825 0.596875 0.8453703703703703 0.59375 0.8537037037037037 0.59375 0.862037037037037 0.5973958333333333 0.8657407407407407 0.5947916666666667 0.8712962962962963 0.59375 0.9388888888888889 0.5942708333333333 0.9527777777777777 0.5989583333333334 0.9592592592592593 0.6010416666666667 0.9546296296296296 0.609375 0.95 0.6098958333333333 0.9527777777777777 0.6104166666666667 0.9416666666666667 0.6125 0.937037037037037 0.6166666666666667 0.937962962962963 0.6182291666666667 0.9435185185185185 0.628125 0.9435185185185185 0.6307291666666667 0.937037037037037 0.6359375 0.9388888888888889 0.6276041666666666 0.9314814814814815 0.628125 0.9277777777777778 0.6244791666666667 0.9231481481481482 0.625 0.9194444444444444 0.6359375 0.9120370370370371 0.6296875 0.9009259259259259 0.6333333333333333 0.8935185185185185 0.628125 0.8861111111111111 0.628125 0.8824074074074074 0.6296875 0.8842592592592593 0.63125 0.8796296296296297 0.621875 0.8768518518518519 0.6197916666666666 0.8648148148148148 0.6208333333333333 0.8601851851851852 0.6260416666666667 0.862037037037037 0.6255208333333333 0.8555555555555555 0.6307291666666667 0.8555555555555555 0.6283854166666667 0.8416666666666667 0.6317708333333333 0.8416666666666667 0.6322916666666667 0.8305555555555556 0.6421875 0.8416666666666667 0.6447916666666667 0.8416666666666667 0.6479166666666667 0.837037037037037 0.6479166666666667 0.8296296296296296 0.6375 0.8231481481481482 0.6354166666666666 0.8175925925925925 0.6359375 0.812037037037037 0.6432291666666666 0.7925925925925926 0.6677083333333333 0.7870370370370371 0.69375 0.7870370370370371 0.6947916666666667 0.7824074074074074 0.709375 0.7898148148148149 0.7125 0.8009259259259259 0.721875 0.8101851851851852 0.7333333333333333 0.8314814814814815 0.7598958333333333 0.862037037037037 0.7697916666666667 0.9259259259259259 0.7807291666666667 0.9259259259259259 0.7833333333333333 0.925 0.7833333333333333 0.9212962962962963 0.7911458333333333 0.924074074074074 0.790625 0.9314814814814815 0.7875 0.9361111111111111 0.7869791666666667 0.9462962962962963 0.7807291666666667 0.9574074074074074 0.78125 0.9796296296296296 0.7864583333333334 0.9935185185185185 0.7953125 0.9962962962962963 0.83125 0.9935185185185185 0.8333333333333334 0.9898148148148148 0.8328125 0.9833333333333333 0.8348958333333333 0.9805555555555555 0.8416666666666667 0.9916666666666667 0.8463541666666666 0.9888888888888889 0.8479166666666667 0.9916666666666667 0.8598958333333333 0.9935185185185185 0.8880208333333334 0.9944444444444445 0.8984375 0.9916666666666667 0.9203125 0.9981481481481481 0.94375 0.9935185185185185 0.95625 0.9981481481481481 0.9994791666666667 0.9935185185185185 0.9994791666666667 0.9527777777777777 0.996875 0.9518518518518518 0.9942708333333333 0.9462962962962963 0.9942708333333333 0.9425925925925925 0.9994791666666667 0.9324074074074075 0.9994791666666667 0.9074074074074074 0.9963541666666667 0.9037037037037037 0.9963541666666667 0.899074074074074 0.9994791666666667 0.8962962962962963 0.9994791666666667 0.8759259259259259 0.996875 0.8722222222222222 0.9994791666666667 0.8712962962962963 0.9994791666666667 0.8388888888888889 0.9895833333333334 0.8351851851851851 0.9822916666666667 0.8212962962962963 0.9776041666666667 0.8018518518518518 0.9791666666666666 0.7962962962962963 0.9786458333333333 0.7898148148148149 0.9708333333333333 0.7805555555555556 0.9671875 0.7685185185185185 0.9604166666666667 0.7592592592592593 0.9619791666666667 0.7509259259259259 0.9588541666666667 0.7435185185185185 0.9557291666666666 0.7425925925925926 0.9557291666666666 0.7342592592592593 0.95 0.7203703703703703 0.9536458333333333 0.7101851851851851 0.9546875 0.6898148148148148 0.9578125 0.6833333333333333 0.9598958333333333 0.6851851851851852 0.9578125 0.6805555555555556 0.9609375 0.6731481481481482 0.9625 0.6564814814814814 0.9666666666666667 0.6425925925925926 0.9697916666666667 0.6388888888888888 0.9765625 0.6509259259259259 0.984375 0.6546296296296297 0.9916666666666667 0.6546296296296297 0.9963541666666667 0.6481481481481481 0.9994791666666667 0.6481481481481481 0.9994791666666667 0.5231481481481481 0.9869791666666666 0.524074074074074 0.9661458333333334 0.5388888888888889 0.9411458333333333 0.5435185185185185 0.9359375 0.5481481481481482 0.8802083333333334 0.5555555555555556 0.8494791666666667 0.5666666666666667 0.825 0.5666666666666667 0.7958333333333333 0.5555555555555556 0.7947916666666667 0.5527777777777778 0.784375 0.5481481481481482 0.7682291666666666 0.5444444444444444 0.7432291666666667 0.5527777777777778 0.7239583333333334 0.5731481481481482 0.7104166666666667 0.5805555555555556 0.6875 0.5824074074074074 0.6677083333333333 0.5888888888888889 0.6604166666666667 0.5805555555555556 0.6515625 0.5805555555555556 0.6432291666666666 0.587037037037037 0.6286458333333333 0.5898148148148148 0.6229166666666667 0.5981481481481481 0.6208333333333333 0.612037037037037 0.61875 0.6157407407407407 0.6203125 0.6398148148148148 0.6182291666666667 0.6518518518518519 0.6208333333333333 0.662962962962963 0.6192708333333333 0.6722222222222223 0.6213541666666667 0.675 0.61875 0.6777777777777778 0.61875 0.7064814814814815 0.6208333333333333 0.7212962962962963 0.6203125 0.7472222222222222 0.6114583333333333 0.7638888888888888 0.6010416666666667 0.7675925925925926 0.6 0.7851851851851852
4 0.06875 0.9472222222222222 0.06875 0.9629629629629629 0.06666666666666667 0.975925925925926 0.06666666666666667 0.9935185185185185 0.06875 0.9981481481481481 0.1546875 0.9981481481481481 0.175 0.9944444444444445 0.21354166666666666 0.9962962962962963 0.21979166666666666 0.9935185185185185 0.2375 0.9944444444444445 0.24270833333333333 0.9981481481481481 0.3046875 0.9981481481481481 0.3182291666666667 0.9944444444444445 0.35260416666666666 0.9944444444444445 0.3645833333333333 0.9824074074074074 0.38697916666666665 0.9805555555555555 0.3953125 0.9731481481481481 0.4010416666666667 0.9638888888888889 0.4036458333333333 0.9638888888888889 0.40677083333333336 0.9574074074074074 0.41770833333333335 0.9527777777777777 0.425 0.9435185185185185 0.4276041666666667 0.9324074074074075 0.4401041666666667 0.925 0.44479166666666664 0.9166666666666666 0.45625 0.9166666666666666 0.46041666666666664 0.9101851851851852 0.4640625 0.9101851851851852 0.4661458333333333 0.8870370370370371 0.46770833333333334 0.8870370370370371 0.46927083333333336 0.8768518518518519 0.4739583333333333 0.8685185185185185 0.4661458333333333 0.8601851851851852 0.465625 0.850925925925926 0.4625 0.8472222222222222 0.4609375 0.8388888888888889 0.4505208333333333 0.825925925925926 0.45 0.8194444444444444 0.44635416666666666 0.8138888888888889 0.4473958333333333 0.8027777777777778 0.4401041666666667 0.799074074074074 0.43854166666666666 0.7861111111111111 0.4401041666666667 0.7777777777777778 0.43697916666666664 0.7685185185185185 0.43697916666666664 0.7462962962962963 0.4348958333333333 0.7435185185185185 0.4296875 0.7194444444444444 0.4270833333333333 0.7157407407407408 0.42864583333333334 0.712037037037037 0.40729166666666666 0.7055555555555556 0.4041666666666667 0.6916666666666667 0.39791666666666664 0.6805555555555556 0.39375 0.6351851851851852 0.390625 0.6296296296296297 0.37864583333333335 0.6277777777777778 0.37083333333333335 0.6212962962962963 0.36875 0.6138888888888889 0.3625 0.6055555555555555 0.36041666666666666 0.5944444444444444 0.3578125 0.5916666666666667 0.3578125 0.5712962962962963 0.35572916666666665 0.5527777777777778 0.3515625 0.5527777777777778 0.35 0.55 0.3375 0.5092592592592593 0.33697916666666666 0.4842592592592593 0.3265625 0.46944444444444444 0.3151041666666667 0.46296296296296297 0.31145833333333334 0.44166666666666665 0.2791666666666667 0.4388888888888889 0.25729166666666664 0.4324074074074074 0.25052083333333336 0.42777777777777776 0.22760416666666666 0.425 0.2046875 0.41388888888888886 0.16822916666666668 0.40925925925925927 0.16197916666666667 0.41388888888888886 0.15729166666666666 0.42592592592592593 0.15572916666666667 0.43703703703703706 0.14322916666666666 0.4824074074074074 0.1421875 0.49444444444444446 0.13645833333333332 0.5148148148148148 0.13072916666666667 0.5277777777777778 0.12916666666666668 0.5546296296296296 0.12135416666666667 0.5777777777777777 0.11458333333333333 0.6101851851851852 0.11145833333333334 0.6342592592592593 0.10729166666666666 0.6453703703703704 0.1 0.6916666666666667 0.1 0.7138888888888889 0.09375 0.7333333333333333 0.09166666666666666 0.7509259259259259 0.0890625 0.7546296296296297 0.08645833333333333 0.7953703703703704 0.08333333333333333 0.8055555555555556 0.0796875 0.8481481481481481 0.075 0.8759259259259259 0.0734375 0.9203703703703704
4 0.4015625 0.5777777777777777 0.4 0.5777777777777777 0.4 0.5824074074074074 0.4036458333333333 0.5805555555555556
4 0.28125 0.1287037037037037 0.28125 0.28425925925925927 0.2833333333333333 0.30925925925925923 0.2859375 0.3194444444444444 0.2869791666666667 0.34074074074074073 0.29322916666666665 0.38055555555555554 0.30052083333333335 0.4027777777777778 0.3098958333333333 0.41944444444444445 0.31354166666666666 0.4351851851851852 0.3182291666666667 0.44166666666666665 0.3182291666666667 0.44722222222222224 0.33697916666666666 0.4787037037037037 0.3421875 0.49166666666666664 0.3463541666666667 0.5120370370370371 0.3572916666666667 0.5481481481481482 0.3625 0.5509259259259259 0.3692708333333333 0.55 0.375 0.5574074074074075 0.3796875 0.5574074074074075 0.39114583333333336 0.5666666666666667 0.39375 0.5731481481481482 0.39895833333333336 0.5712962962962963 0.4015625 0.575925925925926 0.4041666666666667 0.575925925925926 0.40572916666666664 0.6074074074074074 0.403125 0.6074074074074074 0.39895833333333336 0.6148148148148148 0.39791666666666664 0.6611111111111111 0.40677083333333336 0.6935185185185185 0.4125 0.700925925925926 0.459375 0.7074074074074074 0.46875 0.7166666666666667 0.4744791666666667 0.7166666666666667 0.48072916666666665 0.7101851851851851 0.4796875 0.6981481481481482 0.4765625 0.6953703703703704 0.48072916666666665 0.6898148148148148 0.48072916666666665 0.6768518518518518 0.49375 0.6546296296296297 0.49375 0.6444444444444445 0.4895833333333333 0.6342592592592593 0.48802083333333335 0.6175925925925926 0.4890625 0.6148148148148148 0.49947916666666664 0.6166666666666667 0.5390625 0.612037037037037 0.540625 0.6185185185185185 0.5375 0.6268518518518519 0.5375 0.6370370370370371 0.5322916666666667 0.6564814814814814 0.5359375 0.6777777777777778 0.5322916666666667 0.6851851851851852 0.5255208333333333 0.6824074074074075 0.5239583333333333 0.6888888888888889 0.5161458333333333 0.6916666666666667 0.5151041666666667 0.6981481481481482 0.5171875 0.700925925925926 0.5260416666666666 0.700925925925926 0.534375 0.6944444444444444 0.5354166666666667 0.687037037037037 0.5395833333333333 0.6898148148148148 0.540625 0.7203703703703703 0.5390625 0.725925925925926 0.5385416666666667 0.7537037037037037 0.5395833333333333 0.7620370370370371 0.5458333333333333 0.7712962962962963 0.55 0.7712962962962963 0.5588541666666667 0.7824074074074074 0.5671875 0.7824074074074074 0.5708333333333333 0.7601851851851852 0.5760416666666667 0.7527777777777778 0.5791666666666667 0.7620370370370371 0.5786458333333333 0.7722222222222223 0.5807291666666666 0.7814814814814814 0.5869791666666667 0.7870370370370371 0.5921875 0.7870370370370371 0.5953125 0.7796296296296297 0.5994791666666667 0.7583333333333333 0.6010416666666667 0.7555555555555555 0.6078125 0.7574074074074074 0.6125 0.7546296296296297 0.6171875 0.7416666666666667 0.6177083333333333 0.7324074074074074 0.6151041666666667 0.7166666666666667 0.6166666666666667 0.6712962962962963 0.6140625 0.6518518518518519 0.6140625 0.6240740740740741 0.61875 0.5898148148148148 0.625 0.5777777777777777 0.64375 0.5796296296296296 0.6625 0.562037037037037 0.6640625 0.549074074074074 0.66875 0.5324074074074074 0.6697916666666667 0.5111111111111111 0.6744791666666666 0.487962962962963 0.6895833333333333 0.4444444444444444 0.7057291666666666 0.4148148148148148 0.7125 0.39814814814814814 0.7166666666666667 0.37962962962962965 0.71875 0.35648148148148145 0.7223958333333333 0.34629629629629627 0.7229166666666667 0.3333333333333333 0.7286458333333333 0.2962962962962963 0.7286458333333333 0.275 0.7265625 0.26296296296296295 0.7296875 0.22592592592592592 0.7286458333333333 0.18888888888888888 0.7229166666666667 0.1527777777777778 0.7203125 0.14722222222222223 0.7182291666666667 0.13240740740740742 0.7088541666666667 0.09537037037037037 0.7072916666666667 0.075 0.7015625 0.05 0.6994791666666667 0.002777777777777778 0.6953125 0 0.6385416666666667 0 0.634375 0.002777777777777778 0.59375 0 0.3265625 0 0.31197916666666664 0.022222222222222223 0.3109375 0.027777777777777776 0.2953125 0.06018518518518518 0.2875 0.08703703703703704
4 0.0020833333333333333 0.23981481481481481 0 0.24166666666666667 0 0.30277777777777776 0.003125 0.3074074074074074 0.003125 0.3138888888888889 0 0.31851851851851853 0 0.3509259259259259 0.0015625 0.35185185185185186 0 0.35555555555555557 0 0.3712962962962963 0.0140625 0.37592592592592594 0.022395833333333334 0.3888888888888889 0.041666666666666664 0.3888888888888889 0.04375 0.3962962962962963 0.04375 0.4101851851851852 0.0515625 0.4361111111111111 0.05625 0.4444444444444444 0.0734375 0.4675925925925926 0.07708333333333334 0.4759259259259259 0.10208333333333333 0.5 0.109375 0.5027777777777778 0.11875 0.5138888888888888 0.125 0.5185185185185185 0.13020833333333334 0.5185185185185185 0.13333333333333333 0.5120370370370371 0.15052083333333333 0.4398148148148148 0.15833333333333333 0.412962962962963 0.1625 0.40555555555555556 0.19947916666666668 0.40925925925925927 0.2046875 0.4074074074074074 0.2046875 0.4009259259259259 0.19895833333333332 0.38425925925925924 0.1921875 0.3731481481481482 0.1859375 0.3527777777777778 0.17083333333333334 0.3277777777777778 0.16770833333333332 0.31666666666666665 0.153125 0.2916666666666667 0.13697916666666668 0.2759259259259259 0.10729166666666666 0.2712962962962963 0.08229166666666667 0.2777777777777778 0.07708333333333334 0.26666666666666666 0.07291666666666667 0.24814814814814815 0.06770833333333333 0.2388888888888889 0.059895833333333336 0.2324074074074074 0.04739583333333333 0.23055555555555557 0.04114583333333333 0.22592592592592592 0.027083333333333334 0.22592592592592592 0.011458333333333333 0.23703703703703705
1 0.8619791666666666 0.8240740740740741 0.8614583333333333 0.8305555555555556 0.8635416666666667 0.8407407407407408 0.8708333333333333 0.862037037037037 0.8755208333333333 0.8666666666666667 0.8802083333333334 0.8666666666666667 0.8864583333333333 0.8555555555555555 0.8859375 0.8444444444444444 0.8770833333333333 0.8222222222222222 0.875 0.812037037037037 0.8703125 0.812037037037037
1 0.5526041666666667 0.8962962962962963 0.5520833333333334 0.9046296296296297 0.5536458333333333 0.9074074074074074 0.5609375 0.9074074074074074 0.5729166666666666 0.8981481481481481 0.5854166666666667 0.8777777777777778 0.5921875 0.8527777777777777 0.5916666666666667 0.8435185185185186 0.5869791666666667 0.8388888888888889 0.5786458333333333 0.8388888888888889 0.5734375 0.8435185185185186
1 0.48072916666666665 0.8759259259259259 0.48020833333333335 0.8962962962962963 0.484375 0.8962962962962963 0.4973958333333333 0.8851851851851852 0.49895833333333334 0.8425925925925926 0.5010416666666667 0.8277777777777777 0.5 0.8212962962962963 0.4942708333333333 0.8231481481481482 0.4901041666666667 0.8305555555555556
1 0.48072916666666665 0.8787037037037037 0.48072916666666665 0.8962962962962963 0.49375 0.8888888888888888 0.4979166666666667 0.8824074074074074 0.49895833333333334 0.8537037037037037 0.5015625 0.8351851851851851 0.4984375 0.8194444444444444 0.4947916666666667 0.8231481481481482 0.48854166666666665 0.837037037037037
1 0.5161458333333333 0.7851851851851852 0.5151041666666667 0.7888888888888889 0.5203125 0.8092592592592592 0.5223958333333333 0.812037037037037 0.5255208333333333 0.8351851851851851 0.5328125 0.8583333333333333 0.5359375 0.862037037037037 0.540625 0.8601851851851852 0.5510416666666667 0.8462962962962963 0.5666666666666667 0.8481481481481481 0.56875 0.850925925925926 0.5666666666666667 0.862037037037037 0.5526041666666667 0.8962962962962963 0.5536458333333333 0.9074074074074074 0.5651041666666666 0.9055555555555556 0.5734375 0.8981481481481481 0.5854166666666667 0.8777777777777778 0.5921875 0.8555555555555555 0.5927083333333333 0.8398148148148148 0.5947916666666667 0.8342592592592593 0.5958333333333333 0.8166666666666667 0.5916666666666667 0.7962962962962963 0.5796875 0.7888888888888889 0.5734375 0.7796296296296297 0.5744791666666667 0.7759259259259259 0.5645833333333333 0.7916666666666666 0.5583333333333333 0.7916666666666666 0.5541666666666667 0.7851851851851852 0.5510416666666667 0.7842592592592592 0.5489583333333333 0.7777777777777778 0.5411458333333333 0.7712962962962963 0.5364583333333334 0.7601851851851852 0.5208333333333334 0.774074074074074
3 0.39166666666666666 0.9833333333333333 0.39114583333333336 0.9907407407407407 0.39375 0.9962962962962963 0.40208333333333335 0.9981481481481481 0.42291666666666666 0.9981481481481481 0.43802083333333336 0.9944444444444445 0.4609375 0.9944444444444445 0.4666666666666667 0.9981481481481481 0.4859375 0.9981481481481481 0.4979166666666667 0.9944444444444445 0.5046875 0.9981481481481481 0.5411458333333333 0.9981481481481481 0.5614583333333333 0.9962962962962963 0.5661458333333333 0.9935185185185185 0.5708333333333333 0.9842592592592593 0.5682291666666667 0.9694444444444444 0.5546875 0.950925925925926 0.5453125 0.9435185185185185 0.5427083333333333 0.9333333333333333 0.54375 0.9194444444444444 0.55 0.9074074074074074 0.5515625 0.8962962962962963 0.5572916666666666 0.8805555555555555 0.5625 0.8712962962962963 0.565625 0.8555555555555555 0.5635416666666667 0.850925925925926 0.5489583333333333 0.850925925925926 0.5354166666666667 0.8666666666666667 0.528125 0.8712962962962963 0.5151041666666667 0.8731481481481481 0.5083333333333333 0.8777777777777778 0.503125 0.8851851851851852 0.48072916666666665 0.899074074074074 0.4666666666666667 0.9138888888888889 0.4390625 0.9277777777777778 0.4328125 0.9324074074074075 0.42135416666666664 0.950925925925926 0.40572916666666664 0.962037037037037
3 0.3984375 0.6092592592592593 0.39791666666666664 0.6611111111111111 0.40625 0.6962962962962963 0.4088541666666667 0.700925925925926 0.4276041666666667 0.7027777777777777 0.4515625 0.7101851851851851 0.4588541666666667 0.7148148148148148 0.4630208333333333 0.7231481481481481 0.47239583333333335 0.7231481481481481 0.48125 0.7157407407407408 0.48541666666666666 0.6888888888888889 0.48385416666666664 0.674074074074074 0.49375 0.6592592592592592 0.4942708333333333 0.6435185185185185 0.4864583333333333 0.6148148148148148 0.4588541666666667 0.5731481481481482 0.44947916666666665 0.5555555555555556 0.4395833333333333 0.5509259259259259 0.43020833333333336 0.562037037037037 0.4276041666666667 0.5731481481481482 0.43333333333333335 0.5935185185185186 0.4296875 0.5981481481481481 0.42291666666666666 0.5851851851851851 0.4171875 0.5851851851851851 0.4140625 0.5898148148148148 0.41354166666666664 0.5981481481481481 0.42083333333333334 0.6138888888888889 0.41822916666666665 0.6185185185185185 0.40572916666666664 0.6055555555555555 0.4 0.6055555555555555
3 0.41354166666666664 0.5212962962962963 0.4140625 0.5342592592592592 0.4239583333333333 0.55 0.42916666666666664 0.55 0.4322916666666667 0.5435185185185185 0.4328125 0.5370370370370371 0.4296875 0.5277777777777778 0.4192708333333333 0.5212962962962963
3 0.3703125 0.524074074074074 0.3697916666666667 0.5388888888888889 0.3729166666666667 0.5555555555555556 0.3859375 0.5648148148148148 0.3953125 0.5796296296296296 0.4010416666666667 0.5851851851851851 0.4046875 0.5851851851851851 0.4161458333333333 0.5712962962962963 0.4161458333333333 0.5527777777777778 0.4125 0.5462962962962963 0.4119791666666667 0.5388888888888889 0.4088541666666667 0.5351851851851852 0.40625 0.525 0.40625 0.5148148148148148 0.4088541666666667 0.5009259259259259 0.40520833333333334 0.4935185185185185 0.3932291666666667 0.4898148148148148 0.38177083333333334 0.4962962962962963 0.375 0.5074074074074074
2 0.4317708333333333 0.7083333333333334 0.4322916666666667 0.7222222222222222 0.43802083333333336 0.7425925925925926 0.4479166666666667 0.7657407407407407 0.446875 0.7861111111111111 0.4484375 0.8 0.46510416666666665 0.8425925925925926 0.4703125 0.8685185185185185 0.46927083333333336 0.8842592592592593 0.47291666666666665 0.8898148148148148 0.4739583333333333 0.8981481481481481 0.47708333333333336 0.899074074074074 0.478125 0.8842592592592593 0.48333333333333334 0.8638888888888889 0.4817708333333333 0.8583333333333333 0.4875 0.8333333333333334 0.4979166666666667 0.8111111111111111 0.5020833333333333 0.7842592592592592 0.5083333333333333 0.775 0.4947916666666667 0.7537037037037037 0.4869791666666667 0.7342592592592593 0.478125 0.725 0.46770833333333334 0.7277777777777777 0.45677083333333335 0.7203703703703703 0.4515625 0.7129629629629629
2 0.4864583333333333 0.7018518518518518 0.4869791666666667 0.7074074074074074 0.4828125 0.7194444444444444 0.4973958333333333 0.7314814814814815 0.5119791666666667 0.7611111111111111 0.5125 0.7509259259259259 0.5239583333333333 0.7129629629629629 0.5046875 0.7138888888888889 0.49895833333333334 0.7064814814814815 0.4984375 0.6935185185185185 0.48854166666666665 0.6953703703703704
2 0.5005208333333333 0.6259259259259259 0.49895833333333334 0.6435185185185185 0.503125 0.6555555555555556 0.5010416666666667 0.6583333333333333 0.5 0.675 0.5052083333333334 0.6787037037037037 0.5104166666666666 0.6722222222222223 0.5151041666666667 0.6712962962962963 0.5161458333333333 0.6648148148148149 0.5192708333333333 0.6657407407407407 0.5223958333333333 0.6518518518518519 0.5265625 0.6518518518518519 0.5276041666666667 0.6259259259259259
3 0.64375 0.8 0.64375 0.812037037037037 0.6520833333333333 0.8277777777777777 0.6729166666666667 0.8527777777777777 0.6807291666666667 0.8759259259259259 0.6786458333333333 0.8851851851851852 0.6682291666666667 0.899074074074074 0.6625 0.9120370370370371 0.6598958333333333 0.9259259259259259 0.6625 0.9712962962962963 0.671875 0.9962962962962963 0.7723958333333333 0.9981481481481481 0.7776041666666667 0.9935185185185185 0.7760416666666666 0.9638888888888889 0.7713541666666667 0.95 0.7708333333333334 0.937037037037037 0.7630208333333334 0.9 0.7619791666666667 0.8759259259259259 0.7536458333333333 0.8574074074074074 0.7322916666666667 0.8342592592592593 0.71875 0.8101851851851852 0.7052083333333333 0.7962962962962963 0.6963541666666667 0.7935185185185185 0.6541666666666667 0.7935185185185185
3 0.5052083333333334 0.6981481481481482 0.5046875 0.7064814814814815 0.5072916666666667 0.7092592592592593 0.5208333333333334 0.7092592592592593 0.5302083333333333 0.7027777777777777 0.5359375 0.6861111111111111 0.5375 0.6898148148148148 0.5395833333333333 0.7138888888888889 0.5375 0.7453703703703703 0.5395833333333333 0.7648148148148148 0.5442708333333334 0.7712962962962963 0.55 0.7731481481481481 0.5567708333333333 0.7851851851851852 0.5677083333333334 0.7851851851851852 0.5723958333333333 0.7694444444444445 0.5755208333333334 0.7666666666666667 0.5776041666666667 0.7824074074074074 0.5822916666666667 0.7888888888888889 0.5947916666666667 0.7870370370370371 0.6 0.7583333333333333 0.6125 0.7574074074074074 0.6161458333333333 0.7527777777777778 0.6177083333333333 0.7462962962962963 0.6161458333333333 0.7092592592592593 0.6171875 0.6574074074074074 0.6151041666666667 0.6194444444444445 0.6203125 0.5833333333333334 0.634375 0.55 0.6348958333333333 0.5416666666666666 0.6302083333333334 0.524074074074074 0.6208333333333333 0.5166666666666667 0.6104166666666667 0.4935185185185185 0.6020833333333333 0.48055555555555557 0.59375 0.4824074074074074 0.5822916666666667 0.4935185185185185 0.5604166666666667 0.537962962962963 0.5536458333333333 0.5842592592592593 0.546875 0.6055555555555555 0.5375 0.6268518518518519 0.5369791666666667 0.6361111111111111 0.53125 0.6564814814814814 0.53125 0.6666666666666666 0.525 0.6712962962962963 0.5244791666666667 0.675 0.5197916666666667 0.6777777777777778 0.5151041666666667 0.6888888888888889 0.5098958333333333 0.6916666666666667
6 0.8505208333333333 0.762962962962963 0.8536458333333333 0.8018518518518518 0.8489583333333334 0.825925925925926 0.8489583333333334 0.8398148148148148 0.8520833333333333 0.850925925925926 0.85625 0.8601851851851852 0.8651041666666667 0.8694444444444445 0.8739583333333333 0.8740740740740741 0.8859375 0.8722222222222222 0.9 0.85 0.9125 0.8453703703703703 0.9151041666666667 0.8175925925925925 0.909375 0.8009259259259259 0.9151041666666667 0.787962962962963 0.9270833333333334 0.7712962962962963 0.93125 0.7583333333333333 0.9328125 0.7481481481481481 0.9322916666666666 0.6972222222222222 0.9265625 0.687037037037037 0.9171875 0.6796296296296296 0.9109375 0.6768518518518518 0.8994791666666667 0.6805555555555556 0.8875 0.6611111111111111 0.8796875 0.6574074074074074 0.8739583333333333 0.6675925925925926 0.8697916666666666 0.6962962962962963 0.8536458333333333 0.7379629629629629
2 0.95625 0.7157407407407408 0.9572916666666667 0.7379629629629629 0.9796875 0.7898148148148149 0.9838541666666667 0.8212962962962963 0.9875 0.8287037037037037 0.9958333333333333 0.8324074074074074 0.9994791666666667 0.8277777777777777 0.9994791666666667 0.6518518518518519 0.9916666666666667 0.6574074074074074 0.9802083333333333 0.6574074074074074 0.9666666666666667 0.6444444444444445 0.9598958333333333 0.6805555555555556