4 0.7958333333333333 0.6944444444444444 0.7958333333333333 0.7055555555555556 0.8026041666666667 0.725925925925926 0.8067708333333333 0.7324074074074074 0.8140625 0.737037037037037 0.8182291666666667 0.7444444444444445 0.8260416666666667 0.7712962962962963 0.8333333333333334 0.7870370370370371 0.8598958333333333 0.8305555555555556 0.8682291666666667 0.8712962962962963 0.8682291666666667 0.9 0.8729166666666667 0.9027777777777778 0.8921875 0.9027777777777778 0.9 0.9120370370370371 0.9072916666666667 0.9138888888888889 0.9083333333333333 0.9185185185185185 0.9125 0.9231481481481482 0.9130208333333333 0.9296296296296296 0.9166666666666666 0.9388888888888889 0.91875 0.9398148148148148 0.9260416666666667 0.9638888888888889 0.9276041666666667 0.9888888888888889 0.9307291666666667 0.9981481481481481 0.9520833333333333 0.9944444444444445 0.96875 0.9981481481481481 0.9885416666666667 0.9981481481481481 0.9932291666666667 0.9962962962962963 0.9994791666666667 0.9888888888888889 0.9994791666666667 0.9731481481481481 0.9973958333333334 0.9722222222222222 0.9979166666666667 0.9666666666666667 0.9994791666666667 0.9666666666666667 0.9963541666666667 0.9629629629629629 0.9963541666666667 0.9564814814814815 0.9994791666666667 0.9527777777777777 0.9973958333333334 0.9490740740740741 0.9994791666666667 0.9462962962962963 0.9994791666666667 0.9185185185185185 0.9973958333333334 0.9166666666666666 0.9994791666666667 0.9138888888888889 0.9994791666666667 0.8944444444444445 0.9963541666666667 0.887962962962963 0.9994791666666667 0.8842592592592593 0.9994791666666667 0.7962962962962963 0.996875 0.7953703703703704 0.9953125 0.7907407407407407 0.9973958333333334 0.7851851851851852 0.9953125 0.7518518518518519 0.9958333333333333 0.7333333333333333 0.9994791666666667 0.7305555555555555 0.9963541666666667 0.7240740740740741 0.9973958333333334 0.7194444444444444 0.9994791666666667 0.7185185185185186 0.9994791666666667 0.6981481481481482 0.9973958333333334 0.6962962962962963 0.9994791666666667 0.6935185185185185 0.9994791666666667 0.675 0.9973958333333334 0.674074074074074 0.9942708333333333 0.6638888888888889 0.9947916666666666 0.649074074074074 0.9994791666666667 0.6416666666666667 0.9994791666666667 0.5148148148148148 0.9921875 0.5101851851851852 0.95 0.5148148148148148 0.9270833333333334 0.5277777777777778 0.9125 0.5435185185185185 0.8973958333333333 0.5685185185185185 0.8713541666666667 0.5805555555555556 0.8640625 0.5944444444444444 0.8630208333333333 0.6 0.8598958333333333 0.6027777777777777 0.8484375 0.625 0.8338541666666667 0.6324074074074074 0.8229166666666666 0.6509259259259259 0.8130208333333333 0.6601851851851852 0.8052083333333333 0.6796296296296296 0.8026041666666667 0.6777777777777778 0.8036458333333333 0.6824074074074075 0.8005208333333333 0.6898148148148148 0.7958333333333333 0.6944444444444444
4 0.4744791666666667 0.9888888888888889 0.47239583333333335 0.9981481481481481 0.5192708333333333 0.9981481481481481 0.525 0.9944444444444445 0.5302083333333333 0.9944444444444445 0.5348958333333333 0.9981481481481481 0.61875 0.9981481481481481 0.6223958333333334 0.9935185185185185 0.61875 0.9685185185185186 0.6083333333333333 0.962037037037037 0.5984375 0.962037037037037 0.5973958333333333 0.9555555555555556 0.59375 0.95 0.5921875 0.9388888888888889 0.5885416666666666 0.9351851851851852 0.5770833333333333 0.9342592592592592 0.5677083333333334 0.9388888888888889 0.5609375 0.9388888888888889 0.5541666666666667 0.9305555555555556 0.55 0.9296296296296296 0.5390625 0.9305555555555556 0.5276041666666667 0.9388888888888889 0.521875 0.9462962962962963 0.49166666666666664 0.9694444444444444 0.4744791666666667 0.9888888888888889
4 0.7927083333333333 0.9833333333333333 0.7895833333333333 0.9935185185185185 0.790625 0.9981481481481481 0.9255208333333333 0.9962962962962963 0.9239583333333333 0.9712962962962963 0.9119791666666667 0.9305555555555556 0.90625 0.9222222222222223 0.9046875 0.9157407407407407 0.8921875 0.9027777777777778 0.8765625 0.9027777777777778 0.8630208333333333 0.9120370370370371 0.8442708333333333 0.9138888888888889 0.8385416666666666 0.9185185185185185 0.8338541666666667 0.9277777777777778 0.8322916666666667 0.9472222222222222 0.8333333333333334 0.9564814814814815 0.83125 0.962037037037037 0.8260416666666667 0.9592592592592593 0.8208333333333333 0.9638888888888889 0.8161458333333333 0.962037037037037 0.8098958333333334 0.9666666666666667 0.8036458333333333 0.9666666666666667 0.7958333333333333 0.975925925925926 0.7927083333333333 0.9833333333333333
4 0.340625 0.4787037037037037 0.33958333333333335 0.4981481481481482 0.34322916666666664 0.5083333333333333 0.3489583333333333 0.5101851851851852 0.3536458333333333 0.5074074074074074 0.3729166666666667 0.45925925925925926 0.3776041666666667 0.44166666666666665 0.3859375 0.42592592592592593 0.38697916666666665 0.4074074074074074 0.3828125 0.4074074074074074 0.37604166666666666 0.41388888888888886 0.3567708333333333 0.4388888888888889 0.35052083333333334 0.44907407407407407 0.340625 0.4787037037037037
4 0.28177083333333336 0.42685185185185187 0.28177083333333336 0.45555555555555555 0.278125 0.4759259259259259 0.278125 0.4888888888888889 0.2786458333333333 0.49166666666666664 0.28177083333333336 0.49166666666666664 0.2869791666666667 0.487962962962963 0.28854166666666664 0.49444444444444446 0.2869791666666667 0.5101851851851852 0.28854166666666664 0.5231481481481481 0.2989583333333333 0.5231481481481481 0.30520833333333336 0.5101851851851852 0.30625 0.5027777777777778 0.3125 0.48703703703703705 0.3125 0.4824074074074074 0.3223958333333333 0.4601851851851852 0.3255208333333333 0.44722222222222224 0.3333333333333333 0.4287037037037037 0.35 0.4027777777777778 0.36875 0.387037037037037 0.3921875 0.3592592592592593 0.3932291666666667 0.3537037037037037 0.4 0.3416666666666667 0.4 0.337037037037037 0.4114583333333333 0.30092592592592593 0.41302083333333334 0.28888888888888886 0.4166666666666667 0.2851851851851852 0.4203125 0.26481481481481484 0.42864583333333334 0.2462962962962963 0.43697916666666664 0.2462962962962963 0.45 0.2388888888888889 0.45729166666666665 0.22407407407407406 0.4671875 0.21388888888888888 0.46927083333333336 0.20277777777777778 0.47708333333333336 0.18981481481481483 0.4875 0.18888888888888888 0.49322916666666666 0.18425925925925926 0.5010416666666667 0.16944444444444445 0.5041666666666667 0.1685185185185185 0.5104166666666666 0.1574074074074074 0.5166666666666667 0.1388888888888889 0.5213541666666667 0.11666666666666667 0.5239583333333333 0.11203703703703703 0.5255208333333333 0.09814814814814815 0.53125 0.0962962962962963 0.5447916666666667 0.10462962962962963 0.55625 0.10462962962962963 0.5557291666666667 0.11203703703703703 0.5515625 0.11944444444444445 0.55 0.13240740740740742 0.5458333333333333 0.14629629629629629 0.5442708333333334 0.1935185185185185 0.5369791666666667 0.25277777777777777 0.5260416666666666 0.2759259259259259 0.5203125 0.2824074074074074 0.5182291666666666 0.2916666666666667 0.5046875 0.31666666666666665 0.5 0.33055555555555555 0.5005208333333333 0.3527777777777778 0.5036458333333333 0.3592592592592593 0.503125 0.3648148148148148 0.50625 0.3731481481481482 0.5072916666666667 0.3824074074074074 0.5125 0.39444444444444443 0.5171875 0.39814814814814814 0.521875 0.4083333333333333 0.528125 0.41203703703703703 0.5380208333333333 0.42407407407407405 0.5390625 0.4388888888888889 0.5416666666666666 0.44074074074074077 0.5432291666666667 0.44814814814814813 0.5489583333333333 0.45740740740740743 0.5520833333333334 0.47314814814814815 0.5588541666666667 0.48703703703703705 0.5640625 0.4935185185185185 0.5734375 0.4981481481481482 0.5890625 0.5259259259259259 0.6046875 0.5416666666666666 0.6098958333333333 0.55 0.6166666666666667 0.5527777777777778 0.625 0.5638888888888889 0.6416666666666667 0.5712962962962963 0.6640625 0.5916666666666667 0.6927083333333334 0.5935185185185186 0.7067708333333333 0.575925925925926 0.7098958333333333 0.575925925925926 0.7192708333333333 0.5648148148148148 0.74375 0.5555555555555556 0.7552083333333334 0.5574074074074075 0.7567708333333333 0.5638888888888889 0.7614583333333333 0.5694444444444444 0.7598958333333333 0.5731481481481482 0.7520833333333333 0.5777777777777777 0.74375 0.5935185185185186 0.7333333333333333 0.625 0.7359375 0.6296296296296297 0.7333333333333333 0.6305555555555555 0.7255208333333333 0.6444444444444445 0.7239583333333334 0.6555555555555556 0.7166666666666667 0.6574074074074074 0.7161458333333334 0.6638888888888889 0.7109375 0.6759259259259259 0.7036458333333333 0.6759259259259259 0.6953125 0.6851851851851852 0.6885416666666667 0.7129629629629629 0.6921875 0.725925925925926 0.7046875 0.7435185185185185 0.734375 0.7324074074074074 0.7473958333333334 0.7324074074074074 0.7567708333333333 0.725925925925926 0.7677083333333333 0.7231481481481481 0.7744791666666667 0.7166666666666667 0.7770833333333333 0.7064814814814815 0.7864583333333334 0.6962962962962963 0.7916666666666666 0.6842592592592592 0.7932291666666667 0.6638888888888889 0.7953125 0.6583333333333333 0.8 0.6574074074074074 0.8109375 0.6444444444444445 0.8119791666666667 0.6231481481481481 0.8104166666666667 0.6194444444444445 0.8286458333333333 0.5777777777777777 0.8322916666666667 0.5805555555555556 0.840625 0.5805555555555556 0.846875 0.575925925925926 0.8526041666666667 0.575925925925926 0.8625 0.5805555555555556 0.8692708333333333 0.5740740740740741 0.8921875 0.5666666666666667 0.8963541666666667 0.562037037037037 0.9052083333333333 0.5435185185185185 0.9114583333333334 0.5388888888888889 0.9270833333333334 0.5166666666666667 0.9333333333333333 0.5009259259259259 0.9651041666666667 0.45 0.9791666666666666 0.4212962962962963 0.9828125 0.39814814814814814 0.9828125 0.38796296296296295 0.9942708333333333 0.36666666666666664 0.9963541666666667 0.3490740740740741 0.9973958333333334 0.34444444444444444 0.9994791666666667 0.3435185185185185 0.9994791666666667 0.337037037037037 0.9958333333333333 0.33425925925925926 0.9958333333333333 0.3287037037037037 0.9994791666666667 0.3212962962962963 0.9994791666666667 0.3 0.9963541666666667 0.29259259259259257 0.9973958333333334 0.2851851851851852 0.9958333333333333 0.2740740740740741 0.9973958333333334 0.26851851851851855 0.9953125 0.2638888888888889 0.9953125 0.2462962962962963 0.9973958333333334 0.24351851851851852 0.9963541666666667 0.2064814814814815 0.9994791666666667 0.19814814814814816 0.9994791666666667 0.17314814814814813 0.9973958333333334 0.1712962962962963 0.9973958333333334 0.1648148148148148 0.9994791666666667 0.1638888888888889 0.9994791666666667 0.1527777777777778 0.9973958333333334 0.15185185185185185 0.9958333333333333 0.10555555555555556 0.9921875 0.09814814814814815 0.9963541666666667 0.08703703703703704 0.9942708333333333 0.06574074074074074 0.9994791666666667 0.05555555555555555 0.9994791666666667 0.004629629629629629 0.9916666666666667 0 0.9729166666666667 0.004629629629629629 0.9604166666666667 0.002777777777777778 0.9583333333333334 0 0.89375 0 0.8911458333333333 0.002777777777777778 0.8880208333333334 0 0.8510416666666667 0 0.8489583333333334 0.002777777777777778 0.8375 0 0.8088541666666667 0 0.8046875 0.005555555555555556 0.7958333333333333 0.005555555555555556 0.79375 0.010185185185185186 0.7890625 0.012037037037037037 0.7854166666666667 0.004629629629629629 0.7828125 0.004629629629629629 0.7796875 0 0.7614583333333333 0.004629629629629629 0.7578125 0.002777777777777778 0.7510416666666667 0.010185185185185186 0.7447916666666666 0.009259259259259259 0.7390625 0.002777777777777778 0.728125 0 0.7125 0.002777777777777778 0.690625 0.002777777777777778 0.6869791666666667 0 0.6692708333333334 0.002777777777777778 0.6453125 0.002777777777777778 0.6432291666666666 0 0.5901041666666667 0 0.5864583333333333 0.002777777777777778 0.5807291666666666 0.002777777777777778 0.5786458333333333 0 0.53125 0 0.5125 0.005555555555555556 0.5010416666666667 0 0.45625 0.002777777777777778 0.4510416666666667 0.010185185185185186 0.4473958333333333 0.025 0.43385416666666665 0.04537037037037037 0.39947916666666666 0.11944444444444445 0.39114583333333336 0.12777777777777777 0.3828125 0.13055555555555556 0.37395833333333334 0.14351851851851852 0.3734375 0.15092592592592594 0.3692708333333333 0.16296296296296298 0.36875 0.175 0.371875 0.18425925925925926 0.3572916666666667 0.22407407407407406 0.3572916666666667 0.24351851851851852 0.35989583333333336 0.25 0.35572916666666665 0.2537037037037037 0.3546875 0.262037037037037 0.3494791666666667 0.26944444444444443 0.34791666666666665 0.2777777777777778 0.3416666666666667 0.28888888888888886 0.3234375 0.3101851851851852 0.3020833333333333 0.34444444444444444 0.2838541666666667 0.4027777777777778 0.28177083333333336 0.42685185185185187
3 0.7442708333333333 0.5851851851851851 0.7380208333333333 0.6092592592592593 0.7473958333333334 0.6231481481481481 0.7505208333333333 0.6416666666666667 0.7572916666666667 0.6462962962962963 0.7635416666666667 0.6416666666666667 0.7651041666666667 0.6481481481481481 0.7692708333333333 0.6435185185185185 0.7729166666666667 0.6435185185185185 0.7744791666666667 0.6370370370370371 0.7927083333333333 0.6351851851851852 0.7942708333333334 0.6388888888888888 0.79375 0.6583333333333333 0.7953125 0.6601851851851852 0.8026041666666667 0.6546296296296297 0.8109375 0.6416666666666667 0.8130208333333333 0.6212962962962963 0.80625 0.612037037037037 0.7989583333333333 0.5935185185185186 0.8041666666666667 0.587037037037037 0.8026041666666667 0.587037037037037 0.8020833333333334 0.5824074074074074 0.8057291666666667 0.5796296296296296 0.8072916666666666 0.5740740740740741 0.8036458333333333 0.5666666666666667 0.7942708333333334 0.5638888888888889 0.7880208333333333 0.5731481481481482 0.7854166666666667 0.5685185185185185 0.759375 0.5694444444444444 0.7510416666666667 0.5740740740740741 0.7442708333333333 0.5851851851851851
3 0.8333333333333334 0.9314814814814815 0.8359375 0.9555555555555556 0.8322916666666667 0.9629629629629629 0.8317708333333333 0.9787037037037037 0.8348958333333333 0.9981481481481481 0.9255208333333333 0.9962962962962963 0.925 0.9731481481481481 0.9171875 0.9444444444444444 0.9052083333333333 0.9148148148148149 0.8963541666666667 0.9055555555555556 0.8921875 0.9027777777777778 0.8786458333333333 0.9027777777777778 0.8635416666666667 0.9120370370370371 0.8453125 0.9138888888888889 0.8375 0.9194444444444444 0.8338541666666667 0.9259259259259259 0.8333333333333334 0.9314814814814815
3 0.8666666666666667 0.8592592592592593 0.8677083333333333 0.8814814814814815 0.8651041666666667 0.8935185185185185 0.8661458333333333 0.9046296296296297 0.8734375 0.9055555555555556 0.8802083333333334 0.9009259259259259 0.8885416666666667 0.9009259259259259 0.8973958333333333 0.9055555555555556 0.9072916666666667 0.9166666666666666 0.9078125 0.9009259259259259 0.9041666666666667 0.8805555555555555 0.9005208333333333 0.8703703703703703 0.8979166666666667 0.850925925925926 0.8755208333333333 0.850925925925926 0.8666666666666667 0.8592592592592593
3 0.6875 0.7018518518518518 0.6875 0.7212962962962963 0.69375 0.737037037037037 0.7015625 0.7462962962962963 0.7109375 0.7462962962962963 0.73125 0.7351851851851852 0.7479166666666667 0.7351851851851852 0.7583333333333333 0.7277777777777777 0.7708333333333334 0.725 0.7911458333333333 0.6888888888888889 0.7932291666666667 0.6805555555555556 0.7942708333333334 0.6620370370370371 0.8015625 0.6509259259259259 0.80625 0.6481481481481481 0.8109375 0.6388888888888888 0.8119791666666667 0.6212962962962963 0.8052083333333333 0.6111111111111112 0.8015625 0.6092592592592593 0.7989583333333333 0.5953703703703703 0.7895833333333333 0.5851851851851851 0.7869791666666667 0.5731481481481482 0.7822916666666667 0.5685185185185185 0.7619791666666667 0.5694444444444444 0.7515625 0.5740740740740741 0.7442708333333333 0.587037037037037 0.7421875 0.5981481481481481 0.7328125 0.6194444444444445 0.7291666666666666 0.6342592592592593 0.7244791666666667 0.6388888888888888 0.7145833333333333 0.6398148148148148 0.7088541666666667 0.6462962962962963 0.7 0.6722222222222223 0.6942708333333333 0.6777777777777778 0.690625 0.6962962962962963 0.6875 0.7018518518518518
3 0.6869791666666667 0.7055555555555556 0.6869791666666667 0.7185185185185186 0.6890625 0.7268518518518519 0.6947916666666667 0.7388888888888889 0.7052083333333333 0.7481481481481481 0.7119791666666667 0.7462962962962963 0.725 0.737037037037037 0.7484375 0.7351851851851852 0.759375 0.7277777777777777 0.7708333333333334 0.725 0.7791666666666667 0.712037037037037 0.7927083333333333 0.6824074074074075 0.7932291666666667 0.6388888888888888 0.7828125 0.6416666666666667 0.7682291666666666 0.6555555555555556 0.7583333333333333 0.6555555555555556 0.7510416666666667 0.6453703703703704 0.7453125 0.6194444444444445 0.7411458333333333 0.612037037037037 0.7375 0.612037037037037 0.7328125 0.6194444444444445 0.728125 0.6351851851851852 0.725 0.6388888888888888 0.7145833333333333 0.6388888888888888 0.7078125 0.6481481481481481 0.7 0.6712962962962963 0.6942708333333333 0.6768518518518518 0.6869791666666667 0.7055555555555556
3 0.33958333333333335 0.4759259259259259 0.3390625 0.49722222222222223 0.340625 0.5046296296296297 0.34479166666666666 0.5120370370370371 0.35052083333333334 0.5120370370370371 0.35520833333333335 0.5064814814814815 0.3848958333333333 0.42962962962962964 0.38697916666666665 0.4212962962962963 0.38697916666666665 0.4027777777777778 0.3807291666666667 0.40555555555555556 0.3609375 0.42777777777777776 0.3453125 0.45555555555555555 0.33958333333333335 0.4759259259259259
3 0.28229166666666666 0.4101851851851852 0.28125 0.45925925925925926 0.2760416666666667 0.49444444444444446 0.2796875 0.4962962962962963 0.2864583333333333 0.4888888888888889 0.2864583333333333 0.5222222222222223 0.28854166666666664 0.5259259259259259 0.29583333333333334 0.5259259259259259 0.2994791666666667 0.5231481481481481 0.30520833333333336 0.5120370370370371 0.3182291666666667 0.46944444444444444 0.3234375 0.462037037037037 0.33177083333333335 0.4361111111111111 0.3411458333333333 0.41944444444444445 0.3494791666666667 0.40555555555555556 0.35833333333333334 0.4 0.39114583333333336 0.3638888888888889 0.3958333333333333 0.3490740740740741 0.39895833333333336 0.34629629629629627 0.40625 0.3148148148148148 0.41822916666666665 0.2777777777777778 0.4203125 0.26481481481481484 0.42864583333333334 0.24351851851851852 0.42916666666666664 0.2351851851851852 0.4244791666666667 0.21944444444444444 0.41822916666666665 0.2074074074074074 0.4 0.19444444444444445 0.3848958333333333 0.19166666666666668 0.37604166666666666 0.18518518518518517 0.37083333333333335 0.18518518518518517 0.3671875 0.19814814814814816 0.35572916666666665 0.22314814814814815 0.35052083333333334 0.24722222222222223 0.35104166666666664 0.2638888888888889 0.34791666666666665 0.275 0.340625 0.29074074074074074 0.3203125 0.3148148148148148 0.2994791666666667 0.3509259259259259 0.2890625 0.3814814814814815 0.28229166666666666 0.4101851851851852
3 0.7890625 0.9879629629629629 0.7875 0.9981481481481481 0.8296875 0.9981481481481481 0.83125 0.9935185185185185 0.83125 0.962037037037037 0.8276041666666667 0.9574074074074074 0.8192708333333333 0.9574074074074074 0.8177083333333334 0.9601851851851851 0.8010416666666667 0.9648148148148148 0.7958333333333333 0.9712962962962963 0.7890625 0.9879629629629629
3 0.4734375 0.9907407407407407 0.47291666666666665 0.9981481481481481 0.6182291666666667 0.9981481481481481 0.6208333333333333 0.9953703703703703 0.6223958333333334 0.9851851851851852 0.6192708333333333 0.9694444444444444 0.6151041666666667 0.9648148148148148 0.5973958333333333 0.9648148148148148 0.5932291666666667 0.9444444444444444 0.5880208333333333 0.9351851851851852 0.5744791666666667 0.9351851851851852 0.5635416666666667 0.9407407407407408 0.5557291666666667 0.9305555555555556 0.5427083333333333 0.9296296296296296 0.5385416666666667 0.9305555555555556 0.5192708333333333 0.9462962962962963 0.5166666666666667 0.950925925925926 0.5140625 0.950925925925926 0.5114583333333333 0.9555555555555556 0.49114583333333334 0.9694444444444444 0.4734375 0.9907407407407407
3 0.33958333333333335 0.4759259259259259 0.3390625 0.49722222222222223 0.340625 0.5046296296296297 0.3453125 0.5120370370370371 0.35052083333333334 0.5120370370370371 0.35520833333333335 0.5064814814814815 0.36302083333333335 0.4824074074074074 0.3729166666666667 0.462037037037037 0.37604166666666666 0.44907407407407407 0.3854166666666667 0.42777777777777776 0.38697916666666665 0.4212962962962963 0.38697916666666665 0.4027777777777778 0.37552083333333336 0.4101851851851852 0.3671875 0.42314814814814816 0.3578125 0.4324074074074074 0.34479166666666666 0.4583333333333333 0.33958333333333335 0.4759259259259259
3 0.28177083333333336 0.41388888888888886 0.28125 0.45925925925925926 0.2760416666666667 0.4935185185185185 0.28020833333333334 0.49444444444444446 0.2864583333333333 0.4888888888888889 0.28802083333333334 0.49444444444444446 0.2864583333333333 0.5064814814814815 0.2869791666666667 0.5212962962962963 0.28854166666666664 0.5259259259259259 0.296875 0.5259259259259259 0.30520833333333336 0.5120370370370371 0.31354166666666666 0.48333333333333334 0.31875 0.4685185185185185 0.3223958333333333 0.4638888888888889 0.33177083333333335 0.4351851851851852 0.35 0.40555555555555556 0.3734375 0.38425925925925924 0.39114583333333336 0.362962962962963 0.39375 0.3574074074074074 0.39375 0.34444444444444444 0.3885416666666667 0.33240740740740743 0.3828125 0.32592592592592595 0.38229166666666664 0.31851851851851853 0.3776041666666667 0.3138888888888889 0.3723958333333333 0.29259259259259257 0.371875 0.28055555555555556 0.3671875 0.27314814814814814 0.3640625 0.27314814814814814 0.36302083333333335 0.26851851851851855 0.3515625 0.26666666666666666 0.34322916666666664 0.2851851851851852 0.3203125 0.3148148148148148 0.3 0.34814814814814815 0.2869791666666667 0.3888888888888889 0.28177083333333336 0.41388888888888886