4 0.7359375 0 0.8354166666666667 0 0.8380208333333333 0.010185185185185186 0.8375 0.032407407407407406 0.8447916666666667 0.11203703703703703 0.8458333333333333 0.10833333333333334 0.8541666666666666 0.10925925925925926 0.8864583333333333 0.12037037037037036 0.9151041666666667 0.14166666666666666 0.9197916666666667 0.15 0.91875 0.15648148148148147 0.9010416666666666 0.16666666666666666 0.8942708333333333 0.17407407407407408 0.8895833333333333 0.17407407407407408 0.8765625 0.15648148148148147 0.8598958333333333 0.1527777777777778 0.8489583333333334 0.14444444444444443 0.8463541666666666 0.14722222222222223 0.8427083333333333 0.1638888888888889 0.8390625 0.20185185185185187 0.834375 0.22314814814814815 0.834375 0.2361111111111111 0.84375 0.23148148148148148 0.8515625 0.21388888888888888 0.8557291666666667 0.20925925925925926 0.8578125 0.19814814814814816 0.8630208333333333 0.19814814814814816 0.8666666666666667 0.20555555555555555 0.8661458333333333 0.20925925925925926 0.8765625 0.22314814814814815 0.8765625 0.2518518518518518 0.8734375 0.2611111111111111 0.8494791666666667 0.2712962962962963 0.8421875 0.2851851851851852 0.8338541666666667 0.2916666666666667 0.828125 0.32314814814814813 0.8041666666666667 0.3574074074074074 0.8036458333333333 0.362962962962963 0.7994791666666666 0.3648148148148148 0.7973958333333333 0.37592592592592594 0.796875 0.4166666666666667 0.7932291666666667 0.4287037037037037 0.7302083333333333 0.4648148148148148 0.7098958333333333 0.4703703703703704 0.6739583333333333 0.49444444444444446 0.6609375 0.4981481481481482 0.6416666666666667 0.4546296296296296 0.640625 0.44166666666666665 0.6479166666666667 0.42314814814814816 0.6515625 0.4027777777777778 0.6635416666666667 0.3768518518518518 0.6677083333333333 0.36018518518518516 0.6776041666666667 0.3425925925925926 0.6807291666666667 0.3296296296296296 0.6859375 0.3194444444444444 0.6885416666666667 0.30833333333333335 0.6895833333333333 0.28888888888888886 0.6958333333333333 0.262037037037037 0.7088541666666667 0.22777777777777777 0.7098958333333333 0.21203703703703702 0.6989583333333333 0.19907407407407407 0.7010416666666667 0.1925925925925926 0.7078125 0.18425925925925926 0.7067708333333333 0.1388888888888889 0.7151041666666667 0.12037037037037036 0.7208333333333333 0.09444444444444444 0.7333333333333333 0.06018518518518518 0.734375 0.041666666666666664 0.7328125 0.022222222222222223 0.7359375 0.000925925925925926
4 0.28854166666666664 0 0.559375 0 0.5744791666666667 0.012962962962962963 0.5963541666666666 0.04351851851851852 0.6182291666666667 0.08888888888888889 0.6427083333333333 0.16111111111111112 0.6494791666666667 0.19907407407407407 0.6526041666666667 0.23333333333333334 0.6645833333333333 0.2796296296296296 0.6635416666666667 0.28888888888888886 0.6432291666666666 0.3194444444444444 0.6395833333333333 0.3314814814814815 0.6510416666666666 0.3490740740740741 0.6557291666666667 0.3731481481481482 0.6520833333333333 0.38055555555555554 0.6473958333333333 0.4009259259259259 0.6359375 0.4111111111111111 0.6317708333333333 0.4351851851851852 0.628125 0.4462962962962963 0.621875 0.4564814814814815 0.6192708333333333 0.475 0.6177083333333333 0.5351851851851852 0.603125 0.5703703703703704 0.5942708333333333 0.5981481481481481 0.58125 0.612037037037037 0.5645833333333333 0.6055555555555555 0.5567708333333333 0.5842592592592593 0.55625 0.5675925925925925 0.5609375 0.5638888888888889 0.5729166666666666 0.5703703703703704 0.590625 0.5722222222222222 0.5916666666666667 0.5675925925925925 0.5869791666666667 0.5666666666666667 0.5890625 0.5648148148148148 0.5916666666666667 0.5675925925925925 0.5932291666666667 0.5638888888888889 0.5927083333333333 0.5601851851851852 0.5953125 0.5555555555555556 0.5947916666666667 0.5416666666666666 0.5895833333333333 0.5314814814814814 0.5854166666666667 0.5287037037037037 0.5765625 0.5342592592592592 0.5682291666666667 0.5351851851851852 0.5541666666666667 0.5092592592592593 0.546875 0.5111111111111111 0.5427083333333333 0.5231481481481481 0.5421875 0.5416666666666666 0.5463541666666667 0.5601851851851852 0.528125 0.5675925925925925 0.5098958333333333 0.5916666666666667 0.48333333333333334 0.5935185185185186 0.4786458333333333 0.5888888888888889 0.47708333333333336 0.5666666666666667 0.4713541666666667 0.5574074074074075 0.46041666666666664 0.55 0.4505208333333333 0.5509259259259259 0.4421875 0.5407407407407407 0.43333333333333335 0.5361111111111111 0.4276041666666667 0.5388888888888889 0.4234375 0.55 0.42239583333333336 0.5638888888888889 0.4265625 0.5740740740740741 0.425 0.5768518518518518 0.4109375 0.5805555555555556 0.4041666666666667 0.5888888888888889 0.4 0.5861111111111111 0.3875 0.575925925925926 0.3807291666666667 0.5611111111111111 0.37552083333333336 0.5388888888888889 0.3692708333333333 0.5222222222222223 0.36666666666666664 0.49444444444444446 0.36302083333333335 0.4787037037037037 0.3380208333333333 0.4361111111111111 0.3307291666666667 0.44351851851851853 0.3307291666666667 0.4564814814814815 0.33229166666666665 0.4601851851851852 0.3307291666666667 0.4675925925925926 0.33229166666666665 0.4703703703703704 0.3265625 0.4787037037037037 0.32447916666666665 0.48703703703703705 0.32083333333333336 0.49166666666666664 0.30885416666666665 0.49722222222222223 0.30833333333333335 0.5055555555555555 0.3 0.5166666666666667 0.2984375 0.512962962962963 0.29583333333333334 0.5138888888888888 0.2953125 0.5231481481481481 0.29270833333333335 0.5259259259259259 0.296875 0.5314814814814814 0.3 0.5287037037037037 0.3 0.5324074074074074 0.29635416666666664 0.5361111111111111 0.3 0.537962962962963 0.303125 0.5444444444444444 0.30364583333333334 0.5527777777777778 0.3015625 0.5564814814814815 0.2791666666666667 0.5638888888888889 0.2609375 0.5611111111111111 0.24479166666666666 0.5462962962962963 0.23854166666666668 0.5351851851851852 0.23697916666666666 0.5203703703703704 0.23854166666666668 0.49537037037037035 0.24791666666666667 0.4787037037037037 0.2557291666666667 0.47314814814814815 0.25833333333333336 0.45925925925925926 0.26614583333333336 0.44537037037037036 0.26614583333333336 0.4351851851851852 0.2765625 0.41574074074074074 0.27447916666666666 0.36666666666666664 0.2630208333333333 0.3277777777777778 0.25885416666666666 0.2962962962962963 0.25833333333333336 0.2490740740740741 0.2609375 0.2064814814814815 0.2796875 0.12685185185185185 0.2942708333333333 0.09444444444444444 0.31302083333333336 0.07037037037037037 0.3046875 0.03981481481481482 0.28802083333333334 0.005555555555555556 0.28854166666666664 0.000925925925925926
4 0.7802083333333333 0.8333333333333334 0.8109375 0.8518518518518519 0.8213541666666667 0.8694444444444445 0.8286458333333333 0.912962962962963 0.8296875 0.9314814814814815 0.8380208333333333 0.975925925925926 0.8359375 0.9990740740740741 0.7671875 0.9990740740740741 0.7505208333333333 0.937962962962963 0.7354166666666667 0.9074074074074074 0.7276041666666667 0.8796296296296297 0.728125 0.8731481481481481 0.7307291666666667 0.8685185185185185 0.7484375 0.8481481481481481 0.7645833333333333 0.8351851851851851 0.7703125 0.8324074074074074 0.7796875 0.8333333333333334
4 0.778125 0.8333333333333334 0.8078125 0.85 0.8135416666666667 0.8555555555555555 0.8208333333333333 0.8694444444444445 0.828125 0.9120370370370371 0.8296875 0.9333333333333333 0.8375 0.9740740740740741 0.8369791666666667 0.9944444444444445 0.8354166666666667 0.9990740740740741 0.7671875 0.9990740740740741 0.7515625 0.9398148148148148 0.7354166666666667 0.9064814814814814 0.7286458333333333 0.8851851851851852 0.728125 0.8759259259259259 0.7307291666666667 0.8694444444444445 0.753125 0.8444444444444444 0.76875 0.8333333333333334 0.7776041666666667 0.8333333333333334
1 0.5625 0.6194444444444445 0.5645833333333333 0.6268518518518519 0.5645833333333333 0.6398148148148148 0.5677083333333334 0.6509259259259259 0.5708333333333333 0.7101851851851851 0.5744791666666667 0.7148148148148148 0.5848958333333333 0.687037037037037 0.5875 0.6861111111111111 0.5984375 0.6990740740740741 0.603125 0.7101851851851851 0.5994791666666667 0.7333333333333333 0.6 0.7537037037037037 0.6026041666666667 0.7675925925925926 0.6020833333333333 0.7787037037037037 0.5921875 0.7925925925925926 0.584375 0.799074074074074 0.5796875 0.7898148148148149 0.578125 0.7768518518518519 0.5744791666666667 0.7712962962962963 0.5729166666666666 0.7768518518518519 0.5723958333333333 0.8 0.5536458333333333 0.7925925925925926 0.5416666666666666 0.7824074074074074 0.5385416666666667 0.7712962962962963 0.5223958333333333 0.7435185185185185 0.5177083333333333 0.7212962962962963 0.5182291666666666 0.7064814814814815 0.5291666666666667 0.6842592592592592 0.5421875 0.6842592592592592 0.5427083333333333 0.6444444444444445 0.5458333333333333 0.6277777777777778 0.5557291666666667 0.6194444444444445 0.5619791666666667 0.6194444444444445
3 0.88125 0.1175925925925926 0.8916666666666667 0.12222222222222222 0.9057291666666667 0.13518518518518519 0.9151041666666667 0.1398148148148148 0.9197916666666667 0.14537037037037037 0.9213541666666667 0.15185185185185185 0.9213541666666667 0.15648148148148147 0.91875 0.16111111111111112 0.9104166666666667 0.16296296296296298 0.890625 0.17685185185185184 0.878125 0.15925925925925927 0.865625 0.15 0.8645833333333334 0.14629629629629629 0.8651041666666667 0.13148148148148148 0.86875 0.12222222222222222 0.8723958333333334 0.11666666666666667 0.8807291666666667 0.1175925925925926
3 0.45416666666666666 0.8787037037037037 0.4703125 0.887962962962963 0.49322916666666666 0.9175925925925926 0.49375 0.9268518518518518 0.48802083333333335 0.9518518518518518 0.484375 0.9916666666666667 0.48072916666666665 0.9990740740740741 0.38125 0.9972222222222222 0.38333333333333336 0.9472222222222222 0.38697916666666665 0.9287037037037037 0.3921875 0.9175925925925926 0.4109375 0.899074074074074 0.4244791666666667 0.8898148148148148 0.4453125 0.8796296296296297 0.45364583333333336 0.8787037037037037
3 0.7885416666666667 0.8379629629629629 0.8104166666666667 0.8518518518518519 0.8208333333333333 0.8694444444444445 0.828125 0.912962962962963 0.8286458333333333 0.9287037037037037 0.8140625 0.9361111111111111 0.7989583333333333 0.950925925925926 0.7802083333333333 0.9944444444444445 0.7729166666666667 0.9962962962962963 0.7671875 0.9944444444444445 0.7630208333333334 0.9833333333333333 0.7515625 0.9388888888888889 0.7302083333333333 0.8907407407407407 0.728125 0.875 0.7484375 0.8490740740740741 0.765625 0.8351851851851851 0.7755208333333333 0.8324074074074074 0.7880208333333333 0.8379629629629629
3 0.2838541666666667 0.4203703703703704 0.29375 0.43148148148148147 0.29322916666666665 0.4361111111111111 0.29739583333333336 0.44537037037037036 0.2994791666666667 0.4703703703703704 0.29375 0.49722222222222223 0.2916666666666667 0.5324074074074074 0.29375 0.5370370370370371 0.3020833333333333 0.5416666666666666 0.30416666666666664 0.5462962962962963 0.30416666666666664 0.5537037037037037 0.29739583333333336 0.5601851851851852 0.2875 0.5611111111111111 0.2791666666666667 0.5694444444444444 0.27239583333333334 0.5703703703703704 0.26510416666666664 0.5685185185185185 0.25885416666666666 0.562962962962963 0.2375 0.5361111111111111 0.23645833333333333 0.5027777777777778 0.2375 0.49537037037037035 0.2598958333333333 0.45 0.26197916666666665 0.4398148148148148 0.26875 0.42592592592592593 0.2791666666666667 0.41944444444444445 0.2833333333333333 0.4203703703703704
3 0.8666666666666667 0.1814814814814815 0.8682291666666667 0.19166666666666668 0.8677083333333333 0.2101851851851852 0.8802083333333334 0.22592592592592592 0.878125 0.2574074074074074 0.8729166666666667 0.26666666666666666 0.8557291666666667 0.2722222222222222 0.8484375 0.27037037037037037 0.8484375 0.2518518518518518 0.8442708333333333 0.23055555555555557 0.8536458333333333 0.2074074074074074 0.8578125 0.18611111111111112 0.8625 0.17962962962962964 0.8661458333333333 0.1814814814814815
3 0.6161458333333333 0.37962962962962965 0.6270833333333333 0.3907407407407407 0.6333333333333333 0.4148148148148148 0.6333333333333333 0.425 0.6296875 0.44074074074074077 0.6239583333333333 0.45185185185185184 0.6208333333333333 0.4638888888888889 0.61875 0.5351851851851852 0.5958333333333333 0.5990740740740741 0.58125 0.6148148148148148 0.56875 0.612037037037037 0.5598958333333334 0.6027777777777777 0.5536458333333333 0.5722222222222222 0.5567708333333333 0.5611111111111111 0.5734375 0.5685185185185185 0.5854166666666667 0.5685185185185185 0.5921875 0.5638888888888889 0.5911458333333334 0.5601851851851852 0.59375 0.5537037037037037 0.59375 0.5453703703703704 0.5927083333333333 0.5388888888888889 0.5880208333333333 0.5305555555555556 0.5723958333333333 0.537962962962963 0.5682291666666667 0.5370370370370371 0.5598958333333334 0.525 0.5557291666666667 0.512962962962963 0.5557291666666667 0.5074074074074074 0.5598958333333334 0.4888888888888889 0.565625 0.48333333333333334 0.5671875 0.462037037037037 0.5708333333333333 0.45 0.5916666666666667 0.412962962962963 0.5947916666666667 0.4148148148148148 0.5947916666666667 0.4222222222222222 0.5838541666666667 0.49722222222222223 0.5848958333333333 0.49907407407407406 0.5895833333333333 0.49444444444444446 0.5921875 0.487962962962963 0.596875 0.4527777777777778 0.6109375 0.387037037037037 0.615625 0.38055555555555554