4 0.3125 0.9888888888888889 0.3125 0.9916666666666667 0.325 0.9898148148148148 0.3125 0.9888888888888889
4 0.46640625 0.8939814814814815 0.0005208333333333333 0.000925925925925926
4 0.4390625 0.8592592592592593 0.4375 0.8592592592592593 0.4390625 0.8592592592592593
4 0.3333333333333333 0.9453703703703704 0.3421875 0.9601851851851851 0.33958333333333335 0.9666666666666667 0.340625 0.9777777777777777 0.3380208333333333 0.9842592592592593 0.32864583333333336 0.987037037037037 0.32864583333333336 0.9898148148148148 0.33229166666666665 0.9916666666666667 0.44895833333333335 0.9916666666666667 0.4671875 0.9944444444444445 0.4828125 0.9916666666666667 0.4973958333333333 0.9935185185185185 0.5036458333333333 0.987037037037037 0.503125 0.9805555555555555 0.4947916666666667 0.9638888888888889 0.49322916666666666 0.9555555555555556 0.4901041666666667 0.9537037037037037 0.48802083333333335 0.937037037037037 0.48072916666666665 0.9185185185185185 0.478125 0.9185185185185185 0.46770833333333334 0.899074074074074 0.4630208333333333 0.9009259259259259 0.45989583333333334 0.8962962962962963 0.45989583333333334 0.8916666666666667 0.45364583333333336 0.8870370370370371 0.45208333333333334 0.8805555555555555 0.4484375 0.8824074074074074 0.4484375 0.8731481481481481 0.4427083333333333 0.862037037037037 0.43854166666666666 0.862037037037037 0.43645833333333334 0.8666666666666667 0.43072916666666666 0.862037037037037 0.4234375 0.8638888888888889 0.42239583333333336 0.862037037037037 0.425 0.8555555555555555 0.425 0.85 0.42239583333333336 0.8555555555555555 0.41822916666666665 0.8555555555555555 0.4197916666666667 0.8481481481481481 0.41875 0.8416666666666667 0.4114583333333333 0.8324074074074074 0.4078125 0.8324074074074074 0.4041666666666667 0.8231481481481482 0.4010416666666667 0.825925925925926 0.3854166666666667 0.825925925925926 0.384375 0.8231481481481482 0.3807291666666667 0.8231481481481482 0.3796875 0.8194444444444444 0.3729166666666667 0.8305555555555556 0.3619791666666667 0.8351851851851851 0.3651041666666667 0.8444444444444444 0.3807291666666667 0.8481481481481481 0.3828125 0.8518518518518519 0.37447916666666664 0.8601851851851852 0.3578125 0.862037037037037 0.3546875 0.8648148148148148 0.35833333333333334 0.8731481481481481 0.37135416666666665 0.8759259259259259 0.3723958333333333 0.8842592592592593 0.3671875 0.8851851851851852 0.36666666666666664 0.8981481481481481 0.3640625 0.8981481481481481 0.36302083333333335 0.8916666666666667 0.35208333333333336 0.8981481481481481 0.3494791666666667 0.8916666666666667 0.34427083333333336 0.8888888888888888 0.34739583333333335 0.8962962962962963 0.34375 0.899074074074074 0.3416666666666667 0.9101851851851852 0.3375 0.9138888888888889 0.3375 0.9166666666666666 0.34739583333333335 0.9287037037037037 0.33958333333333335 0.9351851851851852 0.33697916666666666 0.9425925925925925 0.3333333333333333 0.9453703703703704
4 0.0020833333333333333 0.009259259259259259 0.0015625 0.05925925925925926 0 0.06018518518518518 0 0.06944444444444445 0.0020833333333333333 0.07407407407407407 0.0015625 0.12962962962962962 0 0.13518518518518519 0.0015625 0.13703703703703704 0.0020833333333333333 0.16666666666666666 0.0015625 0.2101851851851852 0 0.21203703703703702 0.0020833333333333333 0.23703703703703705 0.0020833333333333333 0.3907407407407407 0 0.4 0.0015625 0.4064814814814815 0 0.4305555555555556 0.0015625 0.43425925925925923 0.003125 0.47314814814814815 0.0015625 0.4759259259259259 0.0015625 0.5518518518518518 0 0.5555555555555556 0.0015625 0.5592592592592592 0.0020833333333333333 0.5712962962962963 0.0015625 0.6685185185185185 0 0.6712962962962963 0 0.6796296296296296 0.0015625 0.6824074074074075 0.0015625 0.7231481481481481 0 0.725 0 0.7388888888888889 0.0015625 0.7398148148148148 0.0015625 0.7509259259259259 0 0.7527777777777778 0.0015625 0.7648148148148148 0.0015625 0.7805555555555556 0 0.7824074074074074 0 0.8138888888888889 0.0015625 0.8166666666666667 0 0.8592592592592593 0.0015625 0.8601851851851852 0.0015625 0.8777777777777778 0 0.8805555555555555 0.0015625 0.8824074074074074 0.0020833333333333333 0.8935185185185185 0.0015625 0.9185185185185185 0 0.9212962962962963 0 0.9898148148148148 0.0036458333333333334 0.9935185185185185 0.23854166666666668 0.9935185185185185 0.2604166666666667 0.9962962962962963 0.26875 0.9888888888888889 0.2765625 0.987037037037037 0.28125 0.9805555555555555 0.2828125 0.9685185185185186 0.28802083333333334 0.9666666666666667 0.2890625 0.962037037037037 0.29322916666666665 0.9638888888888889 0.29322916666666665 0.9555555555555556 0.296875 0.9527777777777777 0.3020833333333333 0.9416666666666667 0.30885416666666665 0.9361111111111111 0.3177083333333333 0.9185185185185185 0.31614583333333335 0.9111111111111111 0.3171875 0.9027777777777778 0.3140625 0.8907407407407407 0.31614583333333335 0.8824074074074074 0.3177083333333333 0.8583333333333333 0.3223958333333333 0.8527777777777777 0.3260416666666667 0.8416666666666667 0.33125 0.8416666666666667 0.33645833333333336 0.8462962962962963 0.33958333333333335 0.8388888888888889 0.34375 0.8388888888888889 0.3458333333333333 0.8351851851851851 0.34427083333333336 0.8305555555555556 0.3494791666666667 0.825925925925926 0.3494791666666667 0.8175925925925925 0.35520833333333335 0.8138888888888889 0.35625 0.8027777777777778 0.3645833333333333 0.7981481481481482 0.3651041666666667 0.7888888888888889 0.3671875 0.7851851851851852 0.3645833333333333 0.7787037037037037 0.36770833333333336 0.7712962962962963 0.3651041666666667 0.7620370370370371 0.36770833333333336 0.7574074074074074 0.36822916666666666 0.7425925925925926 0.371875 0.7305555555555555 0.37552083333333336 0.7074074074074074 0.3854166666666667 0.6916666666666667 0.39010416666666664 0.6796296296296296 0.3921875 0.6240740740740741 0.3958333333333333 0.6157407407407407 0.40208333333333335 0.612037037037037 0.4317708333333333 0.6138888888888889 0.44479166666666664 0.6185185185185185 0.4953125 0.6185185185185185 0.5171875 0.6212962962962963 0.5395833333333333 0.6185185185185185 0.5557291666666667 0.6055555555555555 0.5640625 0.5907407407407408 0.5682291666666667 0.587037037037037 0.5854166666666667 0.5546296296296296 0.5895833333333333 0.5416666666666666 0.6041666666666666 0.5120370370370371 0.6078125 0.4981481481481482 0.6171875 0.475 0.6197916666666666 0.46296296296296297 0.6369791666666667 0.42314814814814816 0.6390625 0.4305555555555556 0.6432291666666666 0.43425925925925923 0.65 0.4388888888888889 0.65625 0.4388888888888889 0.665625 0.4351851851851852 0.671875 0.42777777777777776 0.6822916666666666 0.42592592592592593 0.6838541666666667 0.4203703703703704 0.6885416666666667 0.4166666666666667 0.6890625 0.41203703703703703 0.696875 0.41203703703703703 0.696875 0.4074074074074074 0.6932291666666667 0.40555555555555556 0.6921875 0.4009259259259259 0.6989583333333333 0.3888888888888889 0.7015625 0.37962962962962965 0.7005208333333334 0.375 0.7020833333333333 0.36944444444444446 0.7072916666666667 0.36203703703703705 0.7057291666666666 0.35833333333333334 0.7125 0.3574074074074074 0.7130208333333333 0.36203703703703705 0.7171875 0.36018518518518516 0.7182291666666667 0.3509259259259259 0.7104166666666667 0.34814814814814815 0.7104166666666667 0.3453703703703704 0.71875 0.3351851851851852 0.7239583333333334 0.33425925925925926 0.7260416666666667 0.32592592592592595 0.7307291666666667 0.3212962962962963 0.734375 0.3055555555555556 0.7333333333333333 0.2972222222222222 0.7375 0.25462962962962965 0.7348958333333333 0.2388888888888889 0.7307291666666667 0.22962962962962963 0.7307291666666667 0.22407407407407406 0.7270833333333333 0.21944444444444444 0.7197916666666667 0.20092592592592592 0.70625 0.18981481481481483 0.6947916666666667 0.19166666666666668 0.6838541666666667 0.18888888888888888 0.6807291666666667 0.18518518518518517 0.6677083333333333 0.18518518518518517 0.6578125 0.18981481481481483 0.6541666666666667 0.1962962962962963 0.6520833333333333 0.1962962962962963 0.6364583333333333 0.18055555555555555 0.6302083333333334 0.17962962962962964 0.6270833333333333 0.17407407407407408 0.6140625 0.1712962962962963 0.6125 0.1685185185185185 0.6015625 0.1685185185185185 0.5973958333333333 0.1712962962962963 0.5947916666666667 0.17777777777777778 0.5932291666666667 0.14444444444444443 0.5911458333333334 0.13703703703703704 0.5588541666666667 0.08981481481481482 0.5557291666666667 0.08425925925925926 0.5536458333333333 0.07314814814814814 0.5494791666666666 0.06666666666666667 0.540625 0.062037037037037036 0.5244791666666667 0.062037037037037036 0.5104166666666666 0.06851851851851852 0.49322916666666666 0.046296296296296294 0.48385416666666664 0.03888888888888889 0.4732640625 0.037037037037037035 0.4734375 0.03148148148148148 0.4765625 0.027777777777777776 0.48072916666666665 0.027777777777777776 0.48489583333333336 0.021296296296296296 0.48072916666666665 0.014814814814814815 0.48072916666666665 0.007407407407407408 0.4739583333333333 0.009259259259259259 0.47291666666666665 0.004629629629629629 0.4630208333333333 0.002777777777777778 0.45625 0.007407407407407408 0.4510416666666667 0.002777777777777778 0.0234375 0.000925925925925926 0.004166666666666667 0.002777777777777778 0.0020833333333333333 0.009259259259259259
4 0.5776041666666667 0.9796296296296296 0.5791666666666667 0.9805555555555555 0.5776041666666667 0.9796296296296296
4 0.5565104166666667 0.9800925925925926 0.0015625 0.000925925925925926
4 0.5838541666666667 0.975925925925926 0.5833333333333334 0.9805555555555555 0.5932291666666667 0.9805555555555555 0.5916666666666667 0.9777777777777777 0.5838541666666667 0.975925925925926
4 0.5484375 0.9777777777777777 0.5473958333333333 0.9805555555555555 0.55 0.9824074074074074 0.55 0.975925925925926 0.5484375 0.9777777777777777
4 0.478125 0.8305555555555556 0.48072916666666665 0.8407407407407408 0.475 0.8444444444444444 0.47239583333333335 0.850925925925926 0.4734375 0.8666666666666667 0.4796875 0.8685185185185185 0.48072916666666665 0.8796296296296297 0.4869791666666667 0.8851851851851852 0.48333333333333334 0.8916666666666667 0.4859375 0.8962962962962963 0.4859375 0.9027777777777778 0.49375 0.9148148148148149 0.49375 0.9203703703703704 0.496875 0.9259259259259259 0.49947916666666664 0.9388888888888889 0.5046875 0.9462962962962963 0.5067708333333333 0.9592592592592593 0.5109375 0.9638888888888889 0.5140625 0.9694444444444444 0.5145833333333333 0.975925925925926 0.51875 0.9805555555555555 0.5385416666666667 0.9805555555555555 0.53984375 0.9643518518518519 0.5421875 0.9601851851851851 0.5479166666666667 0.9601851851851851 0.55 0.9629629629629629 0.5494791666666666 0.9666666666666667 0.5510416666666667 0.962037037037037 0.5625 0.9601851851851851 0.5765625 0.9712962962962963 0.5807291666666666 0.9666666666666667 0.5869791666666667 0.9666666666666667 0.5916666666666667 0.9712962962962963 0.5947916666666667 0.9685185185185186 0.5979166666666667 0.975 0.596875 0.9805555555555555 0.6010416666666667 0.9805555555555555 0.603125 0.9842592592592593 0.6 0.9935185185185185 0.6026291666666667 0.9935185185185185 0.6041666666666666 0.9888888888888889 0.6052578125 0.9935185185185185 0.6552083333333333 0.9935185185185185 0.6598958333333333 0.9962962962962963 0.7666666666666667 0.9962962962962963 0.7890625 0.9935185185185185 0.9135416666666667 0.9962962962962963 0.9958333333333333 0.9935185185185185 0.9994791666666667 0.9888888888888889 0.9994791666666667 0.9212962962962963 0.9973958333333334 0.9175925925925926 0.9973958333333334 0.9101851851851852 0.9994791666666667 0.9074074074074074 0.9994791666666667 0.8194444444444444 0.9979166666666667 0.8185185185185185 0.9979166666666667 0.812962962962963 0.9994791666666667 0.812037037037037 0.9994791666666667 0.6351851851851852 0.9973958333333334 0.6342592592592593 0.9958333333333333 0.6268518518518519 0.9958333333333333 0.6074074074074074 0.9994791666666667 0.6046296296296296 0.9994791666666667 0.5148148148148148 0.9979166666666667 0.5148148148148148 0.9927083333333333 0.5027777777777778 0.984375 0.4981481481481482 0.9765625 0.5166666666666667 0.9645833333333333 0.5351851851851852 0.95 0.5509259259259259 0.946875 0.562037037037037 0.9322916666666666 0.5851851851851851 0.9208333333333333 0.5851851851851851 0.9130208333333333 0.5805555555555556 0.8932291666666666 0.575925925925926 0.8723958333333334 0.5648148148148148 0.8619791666666666 0.5638888888888889 0.8447916666666667 0.5555555555555556 0.8166666666666667 0.5555555555555556 0.7953125 0.562037037037037 0.7755208333333333 0.5805555555555556 0.7729166666666667 0.587037037037037 0.7546875 0.6055555555555555 0.7489583333333333 0.6148148148148148 0.7270833333333333 0.6527777777777778 0.7244791666666667 0.6731481481481482 0.7088541666666667 0.7074074074074074 0.7020833333333333 0.7055555555555556 0.6947916666666667 0.7148148148148148 0.6932291666666667 0.712037037037037 0.6927083333333334 0.7185185185185186 0.6677083333333333 0.7185185185185186 0.6572916666666667 0.712037037037037 0.6489583333333333 0.712037037037037 0.640625 0.7185185185185186 0.6114583333333333 0.7212962962962963 0.603125 0.725925925925926 0.5947916666666667 0.725925925925926 0.5859375 0.7324074074074074 0.5723958333333333 0.7351851851851852 0.5645833333333333 0.75 0.5609375 0.7731481481481481 0.5552083333333333 0.7777777777777778 0.5505208333333333 0.7777777777777778 0.5479166666666667 0.7870370370370371 0.5416666666666666 0.7851851851851852 0.5364583333333334 0.7916666666666666 0.5067708333333333 0.8055555555555556 0.5052083333333334 0.8101851851851852 0.48489583333333336 0.8194444444444444 0.478125 0.8305555555555556
4 0.7861979166666667 0.1814814814814815 0.0005208333333333333 0.001851851851851852
4 0.7572916666666667 0.17407407407407408 0.7567708333333333 0.17777777777777778 0.7630208333333334 0.18425925925925926 0.7666666666666667 0.18425925925925926 0.76875 0.17777777777777778 0.7723958333333333 0.17777777777777778 0.775 0.17407407407407408 0.7697916666666667 0.17314814814814813 0.76875 0.16666666666666666 0.7609375 0.1685185185185185 0.7572916666666667 0.17407407407407408
4 0.7380208333333333 0.1638888888888889 0.7375 0.16018518518518518 0.7375 0.16666666666666666 0.7380208333333333 0.1638888888888889
4 0.7536458333333333 0.15555555555555556 0.75 0.1574074074074074 0.75 0.16018518518518518 0.7572916666666667 0.1648148148148148 0.7619791666666667 0.16203703703703703 0.7635416666666667 0.1574074074074074 0.7536458333333333 0.15555555555555556
4 0.76328125 0.15046296296296297 0.0036458333333333334 0.000925925925925926
4 0.8265625 0.15 0.8234375 0.1527777777777778 0.8369791666666667 0.15092592592592594 0.8369791666666667 0.14814814814814814 0.8265625 0.15
4 0.8973958333333333 0.16203703703703703 0.8973958333333333 0.17314814814814813 0.9 0.18796296296296297 0.9067708333333333 0.20092592592592592 0.9140625 0.20925925925925926 0.9125 0.21851851851851853 0.9067708333333333 0.22777777777777777 0.8994791666666667 0.24722222222222223 0.8994791666666667 0.2638888888888889 0.9026041666666667 0.28055555555555556 0.9015625 0.28888888888888886 0.8942708333333333 0.3055555555555556 0.8963541666666667 0.3277777777777778 0.9046875 0.35185185185185186 0.9026041666666667 0.37777777777777777 0.90625 0.39351851851851855 0.9161458333333333 0.4 0.9677083333333333 0.4009259259259259 0.990625 0.4101851851851852 0.9932291666666667 0.41388888888888886 0.9994791666666667 0.4101851851851852 0.9994791666666667 0.4009259259259259 0.9973958333333334 0.39814814814814814 0.9973958333333334 0.3648148148148148 0.9994791666666667 0.3638888888888889 0.9994791666666667 0.3592592592592593 0.9973958333333334 0.3574074074074074 0.9973958333333334 0.30092592592592593 0.9994791666666667 0.29814814814814816 0.9994791666666667 0.25925925925925924 0.9979166666666667 0.25833333333333336 0.9994791666666667 0.25462962962962965 0.9994791666666667 0.2074074074074074 0.9973958333333334 0.20462962962962963 0.9973958333333334 0.19074074074074074 0.9994791666666667 0.18981481481481483 0.9994791666666667 0.1648148148148148 0.9973958333333334 0.16296296296296298 0.9958333333333333 0.15555555555555556 0.9760416666666667 0.14629629629629629 0.971875 0.14166666666666666 0.9661458333333334 0.14166666666666666 0.9583333333333334 0.14629629629629629 0.9520833333333333 0.14074074074074075 0.9536458333333333 0.13703703703703704 0.9526041666666667 0.13796296296296295 0.9526041666666667 0.13518518518518519 0.9453125 0.1388888888888889 0.9317708333333333 0.13240740740740742 0.9104166666666667 0.13240740740740742 0.9015625 0.14351851851851852 0.8973958333333333 0.16203703703703703
4 0.8973958333333333 0.09166666666666666 0.89375 0.09166666666666666 0.8973958333333333 0.09166666666666666
4 0.7994791666666666 0.07685185185185185 0.0010416666666666667 0.001851851851851852
4 0.9442708333333333 0.07314814814814814 0.9447916666666667 0.07777777777777778 0.940625 0.08055555555555556 0.9453125 0.08055555555555556 0.946875 0.07314814814814814 0.9442708333333333 0.07314814814814814
4 0.9520833333333333 0.06481481481481481 0.9515625 0.06851851851851852 0.9536458333333333 0.06666666666666667 0.9520833333333333 0.06481481481481481
4 0.9453125 0.06481481481481481 0.9453125 0.06851851851851852 0.9453125 0.06481481481481481
4 0.9385416666666667 0.06388888888888888 0.9380208333333333 0.06851851851851852 0.9395833333333333 0.06666666666666667 0.9385416666666667 0.06388888888888888
4 0.9528645833333333 0.050462962962962966 0.0015625 0.000925925925925926
4 0.9651041666666667 0.04814814814814815 0.9645833333333333 0.05 0.9671875 0.05 0.9651041666666667 0.04814814814814815
4 0.9453125 0.037037037037037035 0.9453125 0.03981481481481482 0.95 0.037037037037037035 0.9526041666666667 0.03888888888888889 0.9526041666666667 0.03518518518518519 0.9453125 0.037037037037037035
4 0.9494791666666667 0.027777777777777776 0.9447916666666667 0.027777777777777776 0.9453125 0.032407407407407406 0.9494791666666667 0.027777777777777776
4 0.7380208333333333 0.027777777777777776 0.7421875 0.03888888888888889 0.734375 0.05555555555555555 0.7322916666666667 0.07037037037037037 0.734375 0.07962962962962963 0.7328125 0.08888888888888889 0.7364583333333333 0.09814814814814815 0.7375 0.10740740740740741 0.7411458333333333 0.11481481481481481 0.7416666666666667 0.12222222222222222 0.7401041666666667 0.1259259259259259 0.7447916666666666 0.13518518518518519 0.7604166666666666 0.13518518518518519 0.7619791666666667 0.1398148148148148 0.7619791666666667 0.13055555555555556 0.7520833333333333 0.12314814814814815 0.753125 0.11944444444444445 0.7567708333333333 0.11851851851851852 0.7619791666666667 0.10462962962962963 0.7822916666666667 0.1037037037037037 0.7859375 0.10740740740740741 0.79375 0.10740740740740741 0.796875 0.11203703703703703 0.8041666666666667 0.11388888888888889 0.8057291666666667 0.12222222222222222 0.8088541666666667 0.12314814814814815 0.8109375 0.11944444444444445 0.8088541666666667 0.11574074074074074 0.8166666666666667 0.10925925925925926 0.8182291666666667 0.11203703703703703 0.8177083333333334 0.10555555555555556 0.8192708333333333 0.10555555555555556 0.8203125 0.10092592592592593 0.8223958333333333 0.10555555555555556 0.8260416666666667 0.10740740740740741 0.8473958333333333 0.10740740740740741 0.85 0.11203703703703703 0.8494791666666667 0.11666666666666667 0.8442708333333333 0.11666666666666667 0.8348958333333333 0.12314814814814815 0.8385416666666666 0.13425925925925927 0.8411458333333334 0.13703703703703704 0.8416666666666667 0.14351851851851852 0.8390625 0.14629629629629629 0.8395833333333333 0.15 0.8494791666666667 0.15092592592592594 0.8598958333333333 0.14814814814814814 0.8703125 0.1398148148148148 0.878125 0.13703703703703704 0.8822916666666667 0.12962962962962962 0.89375 0.12777777777777777 0.8989583333333333 0.12314814814814815 0.9041666666666667 0.125 0.90625 0.12314814814814815 0.9072916666666667 0.11481481481481481 0.9125 0.10925925925925926 0.915625 0.11203703703703703 0.9182291666666667 0.10740740740740741 0.9192708333333334 0.11203703703703703 0.921875 0.11203703703703703 0.9229166666666667 0.09166666666666666 0.9265625 0.08888888888888889 0.925 0.07314814814814814 0.9276041666666667 0.06481481481481481 0.9317708333333333 0.06018518518518518 0.9302083333333333 0.05740740740740741 0.9307291666666667 0.053703703703703705 0.9333333333333333 0.05277777777777778 0.9354166666666667 0.05740740740740741 0.9395833333333333 0.03981481481481482 0.9432291666666667 0.04351851851851852 0.9333333333333333 0.03333333333333333 0.9328125 0.02962962962962963 0.9354166666666667 0.025 0.9416666666666667 0.024074074074074074 0.940625 0.017592592592592594 0.9473958333333333 0.013888888888888888 0.9458333333333333 0.008333333333333333 0.95 0.004629629629629629 0.930878125 0.004629629629629629 0.9296875 0.008333333333333333 0.9281994791666667 0.004629629629629629 0.9265625 0.007407407407407408 0.9255208333333333 0.004629629629629629 0.9229166666666667 0.007407407407407408 0.9208333333333333 0.004629629629629629 0.8921875 0.004629629629629629 0.8911458333333333 0.007407407407407408 0.8895833333333333 0.004629629629629629 0.8877604166666667 0.007407407407407408 0.8869791666666667 0.004629629629629629 0.884375 0.004629629629629629 0.8838541666666667 0.008333333333333333 0.88125 0.002777777777777778 0.8276041666666667 0.002777777777777778 0.81875 0.005555555555555556 0.8135416666666667 0.019444444444444445 0.8083333333333333 0.021296296296296296 0.8057291666666667 0.025925925925925925 0.7895833333333333 0.002777777777777778 0.7479166666666667 0.002777777777777778 0.7432291666666667 0.005555555555555556 0.7380208333333333 0.027777777777777776
1 0.5984375 0.5398148148148149 0.5989583333333334 0.5444444444444444 0.6125 0.5398148148148149 0.6286458333333333 0.5435185185185185 0.6348958333333333 0.5481481481481482 0.6401041666666667 0.5481481481481482 0.64375 0.5435185185185185 0.6479166666666667 0.5444444444444444 0.6510416666666666 0.6407407407407407 0.6489583333333333 0.6527777777777778 0.6432291666666666 0.6638888888888889 0.6416666666666667 0.6805555555555556 0.6380208333333334 0.6851851851851852 0.6380208333333334 0.6925925925925925 0.6354166666666666 0.6990740740740741 0.6307291666666667 0.7027777777777777 0.6229166666666667 0.7027777777777777 0.6135416666666667 0.6962962962962963 0.6 0.6981481481481482 0.5869791666666667 0.7166666666666667 0.5854166666666667 0.7222222222222222 0.5864583333333333 0.725 0.6125 0.7166666666666667 0.6364583333333333 0.7138888888888889 0.6473958333333333 0.7074074074074074 0.671875 0.7101851851851851 0.6776041666666667 0.7055555555555556 0.7104166666666667 0.6962962962962963 0.721875 0.6685185185185185 0.725 0.6509259259259259 0.7411458333333333 0.625 0.7453125 0.6129629629629629 0.75625 0.5962962962962963 0.7625 0.5916666666666667 0.7625 0.5842592592592593 0.753125 0.5675925925925925 0.75625 0.5583333333333333 0.7864583333333334 0.5259259259259259 0.7880208333333333 0.5185185185185185 0.7932291666666667 0.5120370370370371 0.7885416666666667 0.49722222222222223 0.7932291666666667 0.48055555555555557 0.7932291666666667 0.46944444444444444 0.796875 0.4648148148148148 0.796875 0.45740740740740743 0.83125 0.4462962962962963 0.8338541666666667 0.45925925925925926 0.8364583333333333 0.4638888888888889 0.8427083333333333 0.4685185185185185 0.8536458333333333 0.4685185185185185 0.8604166666666667 0.4740740740740741 0.8625 0.48333333333333334 0.8604166666666667 0.49537037037037035 0.8494791666666667 0.5166666666666667 0.84375 0.5185185185185185 0.84375 0.5509259259259259 0.8520833333333333 0.5527777777777778 0.8567708333333334 0.5574074074074075 0.8729166666666667 0.5601851851851852 0.8890625 0.5712962962962963 0.903125 0.5731481481481482 0.9229166666666667 0.5805555555555556 0.9328125 0.5777777777777777 0.9515625 0.5416666666666666 0.9598958333333333 0.5351851851851852 0.9666666666666667 0.5259259259259259 0.9828125 0.4888888888888889 0.9890625 0.48703703703703705 0.9890625 0.4777777777777778 0.9875 0.4685185185185185 0.978125 0.45555555555555555 0.9765625 0.43703703703703706 0.9739583333333334 0.42777777777777776 0.9682291666666667 0.4185185185185185 0.9546875 0.4074074074074074 0.8994791666666667 0.40555555555555556 0.8947916666666667 0.40925925925925927 0.8848958333333333 0.4101851851851852 0.86875 0.41944444444444445 0.8588541666666667 0.4324074074074074 0.8484375 0.4324074074074074 0.8473958333333333 0.41759259259259257 0.8614583333333333 0.3972222222222222 0.8682291666666667 0.37592592592592594 0.8682291666666667 0.3731481481481482 0.8505208333333333 0.34629629629629627 0.8375 0.3527777777777778 0.8296875 0.3638888888888889 0.8270833333333333 0.3638888888888889 0.825 0.3685185185185185 0.8052083333333333 0.3888888888888889 0.7958333333333333 0.39351851851851855 0.7895833333333333 0.4 0.7828125 0.39814814814814814 0.7807291666666667 0.3907407407407407 0.7817708333333333 0.3787037037037037 0.7885416666666667 0.36944444444444446 0.7989583333333333 0.3638888888888889 0.8015625 0.3574074074074074 0.8135416666666667 0.34629629629629627 0.8192708333333333 0.33425925925925926 0.8192708333333333 0.3277777777777778 0.8166666666666667 0.32314814814814813 0.7953125 0.31203703703703706 0.7869791666666667 0.30462962962962964 0.784375 0.29907407407407405 0.7869791666666667 0.2759259259259259 0.7817708333333333 0.275 0.7760416666666666 0.2675925925925926 0.7739583333333333 0.2388888888888889 0.7619791666666667 0.21388888888888888 0.7515625 0.20555555555555555 0.7328125 0.20277777777777778 0.7302083333333333 0.2074074074074074 0.7390625 0.23796296296296296 0.7411458333333333 0.26666666666666666 0.7385416666666667 0.27870370370370373 0.7369791666666666 0.30462962962962964 0.7286458333333333 0.3416666666666667 0.7265625 0.3435185185185185 0.725 0.35555555555555557 0.7239583333333334 0.3685185185185185 0.7296875 0.3925925925925926 0.7296875 0.4 0.7286458333333333 0.40925925925925927 0.7203125 0.42685185185185187 0.7203125 0.44074074074074077 0.7182291666666667 0.4398148148148148 0.7177083333333333 0.44351851851851853 0.7145833333333333 0.4398148148148148 0.7119791666666667 0.4462962962962963 0.7104166666666667 0.44166666666666665 0.7041666666666667 0.4444444444444444 0.6984375 0.44166666666666665 0.6864583333333333 0.44166666666666665 0.6817708333333333 0.4462962962962963 0.6703125 0.4444444444444444 0.6578125 0.4527777777777778 0.6546875 0.4638888888888889 0.64375 0.45092592592592595 0.6322916666666667 0.44814814814814813 0.6255208333333333 0.46296296296296297 0.6182291666666667 0.49166666666666664 0.6125 0.5009259259259259 0.6072916666666667 0.5212962962962963 0.5984375 0.5398148148148149
3 0.5979166666666667 0.16574074074074074 0.5973958333333333 0.1814814814814815 0.6 0.19537037037037036 0.6109375 0.22870370370370371 0.6151041666666667 0.24814814814814815 0.6208333333333333 0.25925925925925924 0.6307291666666667 0.26851851851851855 0.6369791666666667 0.2796296296296296 0.6494791666666667 0.3148148148148148 0.6515625 0.33240740740740743 0.6494791666666667 0.37592592592592594 0.6432291666666666 0.40925925925925927 0.6369791666666667 0.4305555555555556 0.6390625 0.44074074074074077 0.6505208333333333 0.4462962962962963 0.6609375 0.44351851851851853 0.6682291666666667 0.43703703703703706 0.7098958333333333 0.4305555555555556 0.7234375 0.41388888888888886 0.7270833333333333 0.4027777777777778 0.7270833333333333 0.39351851851851855 0.7223958333333333 0.37407407407407406 0.7229166666666667 0.35555555555555557 0.725 0.34074074074074073 0.7302083333333333 0.3296296296296296 0.7354166666666667 0.3074074074074074 0.7359375 0.2898148148148148 0.7395833333333334 0.26666666666666666 0.7385416666666667 0.24351851851851852 0.725 0.20277777777777778 0.7161458333333334 0.19166666666666668 0.70625 0.18425925925925926 0.6875 0.18518518518518517 0.6640625 0.17314814814814813 0.6385416666666667 0.17314814814814813 0.6125 0.1648148148148148 0.5979166666666667 0.16574074074074074
3 0.8973958333333333 0.16018518518518518 0.8973958333333333 0.17314814814814813 0.9 0.18888888888888888 0.909375 0.20555555555555555 0.9145833333333333 0.20925925925925926 0.9109375 0.2222222222222222 0.8994791666666667 0.2462962962962963 0.8994791666666667 0.2712962962962963 0.903125 0.275 0.9026041666666667 0.2824074074074074 0.8947916666666667 0.30092592592592593 0.8947916666666667 0.32685185185185184 0.9046875 0.3509259259259259 0.9020833333333333 0.3787037037037037 0.9057291666666667 0.39351851851851855 0.9125 0.4 0.9177083333333333 0.4009259259259259 0.9682291666666667 0.4009259259259259 0.9953125 0.41388888888888886 0.9994791666666667 0.4074074074074074 0.9994791666666667 0.4009259259259259 0.9973958333333334 0.3990740740740741 0.9979166666666667 0.3907407407407407 0.9994791666666667 0.38981481481481484 0.9973958333333334 0.387037037037037 0.9973958333333334 0.3648148148148148 0.9994791666666667 0.3638888888888889 0.9994791666666667 0.3574074074074074 0.9973958333333334 0.35555555555555557 0.9973958333333334 0.2972222222222222 0.9994791666666667 0.2935185185185185 0.9973958333333334 0.28888888888888886 0.9979166666666667 0.2833333333333333 0.9994791666666667 0.2824074074074074 0.9994791666666667 0.2777777777777778 0.9973958333333334 0.2759259259259259 0.9979166666666667 0.26944444444444443 0.9994791666666667 0.26851851851851855 0.9994791666666667 0.24814814814814815 0.9979166666666667 0.24722222222222223 0.9994791666666667 0.24351851851851852 0.9994791666666667 0.20555555555555555 0.9973958333333334 0.2037037037037037 0.9973958333333334 0.18981481481481483 0.9994791666666667 0.18703703703703703 0.9994791666666667 0.1648148148148148 0.9973958333333334 0.16296296296296298 0.9973958333333334 0.15925925925925927 0.9958333333333333 0.15555555555555556 0.9822916666666667 0.15092592592592594 0.9697916666666667 0.14166666666666666 0.9578125 0.14629629629629629 0.9515625 0.14074074074074075 0.9520833333333333 0.13518518518518519 0.9494791666666667 0.1388888888888889 0.9421875 0.1388888888888889 0.9317708333333333 0.13240740740740742 0.9109375 0.13240740740740742 0.9020833333333333 0.14444444444444443 0.8973958333333333 0.16018518518518518
3 0.5385416666666667 0.011111111111111112 0.5385416666666667 0.05277777777777778 0.5536458333333333 0.06388888888888888 0.5604166666666667 0.0824074074074074 0.5661458333333333 0.08703703703703704 0.5703125 0.09722222222222222 0.58125 0.11388888888888889 0.5838541666666667 0.11666666666666667 0.5979166666666667 0.11944444444444445 0.6052083333333333 0.12777777777777777 0.6166666666666667 0.1527777777777778 0.6177083333333333 0.16111111111111112 0.6197916666666666 0.1638888888888889 0.6286458333333333 0.1685185185185185 0.6635416666666667 0.16944444444444445 0.6765625 0.17777777777777778 0.690625 0.1824074074074074 0.7041666666666667 0.18055555555555555 0.7098958333333333 0.17592592592592593 0.7125 0.18055555555555555 0.7197916666666667 0.1824074074074074 0.7239583333333334 0.17962962962962964 0.728125 0.1712962962962963 0.7307291666666667 0.1259259259259259 0.7260416666666667 0.08333333333333333 0.734375 0.03888888888888889 0.7307291666666667 0.004629629629629629 0.728125 0 0.6161458333333333 0.004629629629629629 0.5510416666666667 0.002777777777777778 0.5432291666666667 0.004629629629629629 0.5385416666666667 0.011111111111111112
3 0.7966145833333333 0.12546296296296297 0.0015625 0.000925925925925926
3 0.7307291666666667 0.06574074074074074 0.7307291666666667 0.09074074074074075 0.7380208333333333 0.11666666666666667 0.7348958333333333 0.15092592592592594 0.7359375 0.16574074074074074 0.7432291666666667 0.17962962962962964 0.7567708333333333 0.1935185185185185 0.7744791666666667 0.1935185185185185 0.7875 0.18888888888888888 0.7875 0.1712962962962963 0.784375 0.15833333333333333 0.7848958333333333 0.14907407407407408 0.7875 0.1398148148148148 0.7880208333333333 0.12962962962962962 0.7916666666666666 0.1259259259259259 0.7932291666666667 0.11851851851851852 0.8005208333333333 0.12314814814814815 0.8026041666666667 0.14351851851851852 0.8052083333333333 0.15185185185185185 0.8104166666666667 0.15925925925925927 0.81875 0.15925925925925927 0.8307291666666666 0.1527777777777778 0.8494791666666667 0.15462962962962962 0.8671875 0.14629629629629629 0.8828125 0.13240740740740742 0.8958333333333334 0.1259259259259259 0.8994791666666667 0.11481481481481481 0.9020833333333333 0.09814814814814815 0.9020833333333333 0.08611111111111111 0.9041666666666667 0.08055555555555556 0.9010416666666666 0.0712962962962963 0.9041666666666667 0.05277777777777778 0.9010416666666666 0.05 0.8994791666666667 0.04351851851851852 0.89375 0.041666666666666664 0.8885416666666667 0.03333333333333333 0.8817708333333333 0.021296296296296296 0.8765625 0.004629629629629629 0.8697916666666666 0.000925925925925926 0.8083333333333333 0.002777777777777778 0.8057291666666667 0.010185185185185186 0.8041666666666667 0.025925925925925925 0.7932291666666667 0.049074074074074076 0.7932291666666667 0.05277777777777778 0.7875 0.06388888888888888 0.7859375 0.0712962962962963 0.7817708333333333 0.06574074074074074 0.78125 0.06111111111111111 0.7848958333333333 0.05092592592592592 0.7875 0.03148148148148148 0.7942708333333334 0.004629629629629629 0.7921875 0.000925925925925926 0.7432291666666667 0.002777777777777778 0.7380208333333333 0.018518518518518517 0.7369791666666666 0.041666666666666664 0.734375 0.046296296296296294 0.7307291666666667 0.06574074074074074