4 0.9625 0 0.9953125 0 0.9994791666666667 0.003703703703703704 0.9994791666666667 0.21296296296296297 0.9947916666666666 0.2175925925925926 0.990625 0.22685185185185186 0.9807291666666667 0.28888888888888886 0.9807291666666667 0.29907407407407405 0.9953125 0.33055555555555555 0.9942708333333333 0.3351851851851852 0.9864583333333333 0.3416666666666667 0.9895833333333334 0.38333333333333336 0.996875 0.39537037037037037 0.9953125 0.4083333333333333 0.9802083333333333 0.42407407407407405 0.9536458333333333 0.4388888888888889 0.9338541666666667 0.44166666666666665 0.9125 0.4537037037037037 0.8958333333333334 0.4546296296296296 0.8567708333333334 0.4444444444444444 0.8484375 0.43796296296296294 0.8390625 0.4148148148148148 0.8380208333333333 0.4046296296296296 0.8411458333333334 0.36944444444444446 0.8635416666666667 0.33611111111111114 0.8661458333333333 0.31666666666666665 0.8625 0.22962962962962963 0.8677083333333333 0.19444444444444445 0.8708333333333333 0.12222222222222222 0.8875 0.08981481481481482 0.8942708333333333 0.06481481481481481 0.903125 0.049074074074074076 0.925 0.03333333333333333 0.959375 0.016666666666666666 0.9625 0.000925925925925926
4 0.5776041666666667 0.5222222222222223 0.5848958333333333 0.5203703703703704 0.5875 0.5259259259259259 0.5885416666666666 0.5398148148148149 0.5932291666666667 0.5453703703703704 0.5921875 0.55 0.5885416666666666 0.55 0.5854166666666667 0.5564814814814815 0.5786458333333333 0.5601851851851852 0.5796875 0.5638888888888889 0.5776041666666667 0.5675925925925925 0.578125 0.5768518518518518 0.5807291666666666 0.5833333333333334 0.5885416666666666 0.5814814814814815 0.5885416666666666 0.5861111111111111 0.5833333333333334 0.5879629629629629 0.5848958333333333 0.5935185185185186 0.5885416666666666 0.5916666666666667 0.596875 0.5962962962962963 0.6041666666666666 0.5879629629629629 0.6104166666666667 0.5879629629629629 0.6104166666666667 0.6055555555555555 0.6046875 0.6157407407407407 0.6067708333333334 0.6259259259259259 0.6020833333333333 0.6287037037037037 0.5989583333333334 0.6361111111111111 0.5932291666666667 0.6370370370370371 0.5859375 0.649074074074074 0.5807291666666666 0.649074074074074 0.5755208333333334 0.6555555555555556 0.5755208333333334 0.6611111111111111 0.5713541666666667 0.662962962962963 0.5604166666666667 0.6583333333333333 0.5588541666666667 0.6620370370370371 0.5463541666666667 0.6685185185185185 0.5411458333333333 0.6657407407407407 0.5322916666666667 0.6537037037037037 0.5260416666666666 0.6555555555555556 0.5182291666666666 0.6787037037037037 0.5177083333333333 0.6861111111111111 0.5083333333333333 0.6990740740740741 0.5078125 0.7064814814814815 0.5109375 0.7101851851851851 0.50625 0.7129629629629629 0.5104166666666666 0.7157407407407408 0.5078125 0.7231481481481481 0.475 0.7444444444444445 0.4703125 0.7444444444444445 0.46770833333333334 0.7648148148148148 0.4703125 0.7731481481481481 0.4739583333333333 0.7722222222222223 0.47552083333333334 0.775 0.47708333333333336 0.7824074074074074 0.484375 0.7833333333333333 0.5005208333333333 0.775 0.521875 0.7694444444444445 0.525 0.7657407407407407 0.5307291666666667 0.7666666666666667 0.5395833333333333 0.7759259259259259 0.5427083333333333 0.7685185185185185 0.5385416666666667 0.7648148148148148 0.546875 0.7657407407407407 0.5567708333333333 0.7555555555555555 0.5635416666666667 0.7564814814814815 0.5703125 0.7462962962962963 0.5791666666666667 0.7555555555555555 0.58125 0.7685185185185185 0.5833333333333334 0.7657407407407407 0.5822916666666667 0.7583333333333333 0.5880208333333333 0.7527777777777778 0.609375 0.7527777777777778 0.6270833333333333 0.7462962962962963 0.6328125 0.7509259259259259 0.6369791666666667 0.7592592592592593 0.6473958333333333 0.7657407407407407 0.6536458333333334 0.7861111111111111 0.6442708333333333 0.812962962962963 0.6354166666666666 0.8203703703703704 0.6317708333333333 0.8277777777777777 0.6369791666666667 0.837037037037037 0.64375 0.8379629629629629 0.6411458333333333 0.8481481481481481 0.6416666666666667 0.8796296296296297 0.6354166666666666 0.8953703703703704 0.634375 0.9046296296296297 0.6317708333333333 0.9074074074074074 0.63125 0.9185185185185185 0.6286458333333333 0.9268518518518518 0.6291666666666667 0.9351851851851852 0.6223958333333334 0.9444444444444444 0.6208333333333333 0.9648148148148148 0.6177083333333333 0.9685185185185186 0.6171875 0.975925925925926 0.6088541666666667 0.9879629629629629 0.6078125 0.9944444444444445 0.48333333333333334 0.9953703703703703 0.46875 0.9944444444444445 0.4635416666666667 0.9898148148148148 0.4552083333333333 0.9935185185185185 0.44427083333333334 0.9907407407407407 0.44114583333333335 0.9833333333333333 0.4354166666666667 0.9814814814814815 0.42604166666666665 0.9888888888888889 0.42135416666666664 0.987037037037037 0.41875 0.9916666666666667 0.41302083333333334 0.9898148148148148 0.40677083333333336 0.9824074074074074 0.39947916666666666 0.9824074074074074 0.3921875 0.9833333333333333 0.390625 0.9861111111111112 0.3921875 0.9907407407407407 0.3859375 0.9944444444444445 0.32864583333333336 0.9953703703703703 0.3260416666666667 0.9944444444444445 0.32708333333333334 0.9814814814814815 0.3234375 0.9629629629629629 0.31666666666666665 0.9472222222222222 0.3171875 0.9342592592592592 0.3234375 0.9157407407407407 0.321875 0.9074074074074074 0.3255208333333333 0.9009259259259259 0.321875 0.8907407407407407 0.32760416666666664 0.8805555555555555 0.32447916666666665 0.8777777777777778 0.3229166666666667 0.8666666666666667 0.32395833333333335 0.8518518518518519 0.32760416666666664 0.8379629629629629 0.32864583333333336 0.825 0.33489583333333334 0.8222222222222222 0.3375 0.8175925925925925 0.3359375 0.8138888888888889 0.3375 0.8027777777777778 0.3328125 0.8 0.33645833333333336 0.7898148148148149 0.3416666666666667 0.7842592592592592 0.3453125 0.7870370370370371 0.3453125 0.7824074074074074 0.34791666666666665 0.7814814814814814 0.36354166666666665 0.7814814814814814 0.36614583333333334 0.7870370370370371 0.3723958333333333 0.7861111111111111 0.384375 0.7796296296296297 0.3885416666666667 0.7685185185185185 0.39375 0.7703703703703704 0.396875 0.762962962962963 0.4088541666666667 0.7564814814814815 0.4125 0.75 0.4119791666666667 0.737037037037037 0.41354166666666664 0.7333333333333333 0.4109375 0.7296296296296296 0.40208333333333335 0.7268518518518519 0.41458333333333336 0.7222222222222222 0.42239583333333336 0.6990740740740741 0.42864583333333334 0.6916666666666667 0.4348958333333333 0.6888888888888889 0.4432291666666667 0.675 0.4510416666666667 0.6694444444444444 0.4635416666666667 0.6537037037037037 0.475 0.6462962962962963 0.4947916666666667 0.6231481481481481 0.5088541666666667 0.6175925925925926 0.5213541666666667 0.5944444444444444 0.5458333333333333 0.5731481481481482 0.553125 0.5601851851851852 0.5583333333333333 0.5564814814814815 0.5682291666666667 0.5351851851851852 0.5776041666666667 0.5231481481481481
4 0.7427083333333333 0.20277777777777778 0.7552083333333334 0.2064814814814815 0.7609375 0.21481481481481482 0.7864583333333334 0.2361111111111111 0.79375 0.24722222222222223 0.7973958333333333 0.26944444444444443 0.796875 0.2916666666666667 0.7848958333333333 0.32592592592592595 0.7833333333333333 0.3416666666666667 0.778125 0.35648148148148145 0.76875 0.3972222222222222 0.7635416666666667 0.4074074074074074 0.7536458333333333 0.41759259259259257 0.7307291666666667 0.42685185185185187 0.7177083333333333 0.42685185185185187 0.703125 0.41944444444444445 0.6854166666666667 0.4185185185185185 0.6760416666666667 0.42407407407407405 0.6682291666666667 0.43425925925925923 0.6572916666666667 0.43703703703703706 0.64375 0.44907407407407407 0.6307291666666667 0.44722222222222224 0.6270833333333333 0.4527777777777778 0.6125 0.4564814814814815 0.5953125 0.4842592592592593 0.5895833333333333 0.5018518518518519 0.5739583333333333 0.5166666666666667 0.5557291666666667 0.55 0.5432291666666667 0.5675925925925925 0.5276041666666667 0.5805555555555556 0.515625 0.5962962962962963 0.4942708333333333 0.6175925925925926 0.4708333333333333 0.637962962962963 0.4270833333333333 0.6861111111111111 0.3984375 0.7111111111111111 0.38385416666666666 0.7185185185185186 0.3770833333333333 0.7268518518518519 0.36614583333333334 0.7342592592592593 0.35989583333333336 0.75 0.36302083333333335 0.7555555555555555 0.37447916666666664 0.7611111111111111 0.3729166666666667 0.7648148148148148 0.36302083333333335 0.7685185185185185 0.35260416666666666 0.7666666666666667 0.3375 0.7722222222222223 0.33125 0.7787037037037037 0.3229166666666667 0.8 0.3177083333333333 0.8231481481481482 0.3125 0.8314814814814815 0.3109375 0.8407407407407408 0.31354166666666666 0.8638888888888889 0.3098958333333333 0.9435185185185185 0.3109375 0.9777777777777777 0.30885416666666665 0.9953703703703703 0.2875 0.9972222222222222 0.24739583333333334 0.9944444444444445 0.22604166666666667 0.9990740740740741 0.21875 0.9990740740740741 0.20989583333333334 0.9944444444444445 0.1625 0.9962962962962963 0.12447916666666667 0.9935185185185185 0.011979166666666667 0.9972222222222222 0.0046875 0.9953703703703703 0.003125 0.9833333333333333 0 0.9805555555555555 0 0.812037037037037 0.022916666666666665 0.7796296296296297 0.0484375 0.7064814814814815 0.05364583333333333 0.6944444444444444 0.059895833333333336 0.6888888888888889 0.065625 0.6712962962962963 0.07239583333333334 0.6601851851851852 0.07708333333333334 0.6370370370370371 0.09375 0.6018518518518519 0.13020833333333334 0.5453703703703704 0.15 0.5212962962962963 0.15729166666666666 0.5083333333333333 0.1609375 0.49444444444444446 0.16354166666666667 0.49166666666666664 0.16041666666666668 0.4842592592592593 0.16145833333333334 0.4777777777777778 0.16458333333333333 0.47129629629629627 0.16875 0.4722222222222222 0.17083333333333334 0.4685185185185185 0.16666666666666666 0.4527777777777778 0.16822916666666668 0.42407407407407405 0.17604166666666668 0.40370370370370373 0.18125 0.36574074074074076 0.18489583333333334 0.3592592592592593 0.1890625 0.32685185185185184 0.19947916666666668 0.29814814814814816 0.20729166666666668 0.2962962962962963 0.22604166666666667 0.30648148148148147 0.2375 0.30925925925925923 0.25885416666666666 0.32314814814814813 0.2682291666666667 0.33425925925925926 0.27239583333333334 0.33240740740740743 0.2838541666666667 0.33796296296296297 0.2921875 0.35 0.3067708333333333 0.3574074074074074 0.3385416666666667 0.3398148148148148 0.3625 0.33611111111111114 0.3729166666666667 0.32314814814814813 0.38697916666666665 0.3148148148148148 0.42864583333333334 0.29814814814814816 0.4739583333333333 0.2861111111111111 0.5067708333333333 0.26851851851851855 0.5161458333333333 0.26666666666666666 0.5385416666666667 0.25 0.54375 0.25092592592592594 0.565625 0.27314814814814814 0.5703125 0.2740740740740741 0.5953125 0.25462962962962965 0.61875 0.2490740740740741 0.6229166666666667 0.24074074074074073 0.6307291666666667 0.23333333333333334 0.6432291666666666 0.22962962962962963 0.659375 0.22962962962962963 0.6817708333333333 0.23333333333333334 0.6984375 0.24074074074074073 0.7098958333333333 0.24074074074074073 0.7114583333333333 0.24722222222222223 0.7166666666666667 0.25277777777777777 0.7234375 0.24722222222222223 0.7307291666666667 0.2490740740740741 0.7338541666666667 0.2537037037037037 0.7380208333333333 0.25 0.7395833333333334 0.25092592592592594 0.7390625 0.2638888888888889 0.7453125 0.27037037037037037 0.75 0.2611111111111111 0.7463541666666667 0.25277777777777777 0.7421875 0.25092592592592594 0.74375 0.24814814814814815 0.7427083333333333 0.24537037037037038 0.7354166666666667 0.24074074074074073 0.7385416666666667 0.23981481481481481 0.7401041666666667 0.23425925925925925 0.7380208333333333 0.22962962962962963 0.7328125 0.22870370370370371 0.7307291666666667 0.21944444444444444 0.7317708333333334 0.2064814814814815 0.7421875 0.20277777777777778
4 0.6927083333333334 0.7907407407407407 0.7166666666666667 0.8092592592592592 0.7239583333333334 0.8203703703703704 0.7291666666666666 0.8342592592592593 0.7291666666666666 0.8490740740740741 0.7338541666666667 0.8546296296296296 0.7354166666666667 0.8685185185185185 0.7385416666666667 0.8740740740740741 0.7447916666666666 0.9 0.7479166666666667 0.9166666666666666 0.7484375 0.9324074074074075 0.7520833333333333 0.9453703703703704 0.7526041666666666 0.9583333333333334 0.7635416666666667 0.9935185185185185 0.7630208333333334 0.9990740740740741 0.7265625 0.9990740740740741 0.7244791666666667 0.9962962962962963 0.7135416666666666 0.9990740740740741 0.6770833333333334 0.9990740740740741 0.6703125 0.9953703703703703 0.6692708333333334 0.9842592592592593 0.6614583333333334 0.975925925925926 0.6536458333333334 0.9601851851851851 0.6510416666666666 0.9203703703703704 0.653125 0.8870370370370371 0.65 0.8768518518518519 0.6505208333333333 0.8462962962962963 0.6489583333333333 0.8388888888888889 0.6505208333333333 0.8046296296296296 0.6572916666666667 0.7925925925925926 0.6755208333333333 0.7981481481481482 0.6802083333333333 0.7916666666666666 0.6921875 0.7907407407407407
4 0.34427083333333336 0 0.36822916666666666 0 0.37395833333333334 0.003703703703703704 0.3859375 0 0.5192708333333333 0 0.5223958333333333 0.002777777777777778 0.5395833333333333 0.002777777777777778 0.54375 0 0.6380208333333334 0 0.6572916666666667 0.004629629629629629 0.6958333333333333 0.004629629629629629 0.7114583333333333 0 0.7421875 0 0.7473958333333334 0.004629629629629629 0.7651041666666667 0.002777777777777778 0.7666666666666667 0 0.8 0 0.8026041666666667 0.002777777777777778 0.8072916666666666 0 0.828125 0 0.8416666666666667 0.004629629629629629 0.8489583333333334 0.024074074074074074 0.8505208333333333 0.05092592592592592 0.8583333333333333 0.0787037037037037 0.859375 0.09907407407407408 0.8645833333333334 0.12222222222222222 0.8651041666666667 0.14629629629629629 0.8635416666666667 0.1935185185185185 0.8588541666666667 0.22962962962962963 0.8619791666666666 0.3 0.8546875 0.3388888888888889 0.8364583333333333 0.3712962962962963 0.8328125 0.39814814814814814 0.8333333333333334 0.41203703703703703 0.8380208333333333 0.4287037037037037 0.8354166666666667 0.4444444444444444 0.8213541666666667 0.4759259259259259 0.8098958333333334 0.49166666666666664 0.8010416666666667 0.5314814814814814 0.7963541666666667 0.5370370370370371 0.7817708333333333 0.5425925925925926 0.7630208333333334 0.5666666666666667 0.7578125 0.5787037037037037 0.7520833333333333 0.6055555555555555 0.740625 0.6287037037037037 0.7302083333333333 0.6342592592592593 0.7046875 0.6333333333333333 0.675 0.6194444444444445 0.6692708333333334 0.5833333333333334 0.6729166666666667 0.5768518518518518 0.6895833333333333 0.562037037037037 0.69375 0.5518518518518518 0.7 0.5444444444444444 0.7052083333333333 0.525 0.7119791666666667 0.5138888888888888 0.7203125 0.49074074074074076 0.7369791666666666 0.475 0.7458333333333333 0.46296296296296297 0.7479166666666667 0.45925925925925926 0.7473958333333334 0.45555555555555555 0.75 0.4527777777777778 0.75 0.44166666666666665 0.7546875 0.4287037037037037 0.7609375 0.42314814814814816 0.775 0.39814814814814814 0.7817708333333333 0.39166666666666666 0.8010416666666667 0.35462962962962963 0.8041666666666667 0.3351851851851852 0.7958333333333333 0.3175925925925926 0.796875 0.30648148148148147 0.8015625 0.29259259259259257 0.8010416666666667 0.26296296296296295 0.7927083333333333 0.23796296296296296 0.7692708333333333 0.21481481481481482 0.7557291666666667 0.1962962962962963 0.7109375 0.19444444444444445 0.6859375 0.2037037037037037 0.6703125 0.21666666666666667 0.6322916666666667 0.22592592592592592 0.6239583333333333 0.2324074074074074 0.6161458333333333 0.24444444444444444 0.5953125 0.2490740740740741 0.571875 0.2657407407407407 0.5645833333333333 0.2657407407407407 0.54375 0.24537037037037038 0.5307291666666667 0.24444444444444444 0.5223958333333333 0.2564814814814815 0.4921875 0.2675925925925926 0.4744791666666667 0.27870370370370373 0.4427083333333333 0.28425925925925927 0.43333333333333335 0.29074074074074074 0.38958333333333334 0.30648148148148147 0.3770833333333333 0.29444444444444445 0.3619791666666667 0.2611111111111111 0.35208333333333336 0.2324074074074074 0.34479166666666666 0.20277777777777778 0.3416666666666667 0.16574074074074074 0.3390625 0.15555555555555556 0.3375 0.10740740740740741 0.3302083333333333 0.08425925925925926 0.3328125 0.06851851851851852 0.3307291666666667 0.06018518518518518 0.33177083333333335 0.05648148148148148 0.3302083333333333 0.04351851851851852 0.340625 0.004629629629629629 0.34427083333333336 0.000925925925925926
1 0.6416666666666667 0.587037037037037 0.6505208333333333 0.5888888888888889 0.6557291666666667 0.5962962962962963 0.6588541666666666 0.6055555555555555 0.6567708333333333 0.6194444444444445 0.659375 0.6268518518518519 0.6640625 0.6314814814814815 0.6682291666666667 0.6287037037037037 0.675 0.6296296296296297 0.6828125 0.649074074074074 0.6895833333333333 0.674074074074074 0.6890625 0.6851851851851852 0.6770833333333334 0.7046296296296296 0.6776041666666667 0.7101851851851851 0.6828125 0.7129629629629629 0.6828125 0.7305555555555555 0.6807291666666667 0.7435185185185185 0.6822916666666666 0.7481481481481481 0.6765625 0.7583333333333333 0.6677083333333333 0.7638888888888888 0.6598958333333333 0.7527777777777778 0.646875 0.725925925925926 0.64375 0.7222222222222222 0.6421875 0.7240740740740741 0.6411458333333333 0.7305555555555555 0.6526041666666667 0.7620370370370371 0.6515625 0.7657407407407407 0.6442708333333333 0.7648148148148148 0.6265625 0.7481481481481481 0.6260416666666667 0.737037037037037 0.6125 0.7037037037037037 0.6052083333333333 0.6712962962962963 0.6046875 0.637962962962963 0.6104166666666667 0.6259259259259259 0.6140625 0.6092592592592593 0.6161458333333333 0.6055555555555555 0.6197916666666666 0.6092592592592593 0.6244791666666667 0.6333333333333333 0.6265625 0.6351851851851852 0.6317708333333333 0.6240740740740741 0.6317708333333333 0.6046296296296296 0.6286458333333333 0.5981481481481481 0.6291666666666667 0.5925925925925926 0.6411458333333333 0.587037037037037
1 0.5744791666666667 0.7675925925925926 0.5916666666666667 0.7981481481481482 0.5958333333333333 0.8101851851851852 0.5953125 0.8157407407407408 0.5776041666666667 0.8453703703703703 0.5708333333333333 0.8518518518518519 0.56875 0.8490740740740741 0.5692708333333333 0.8407407407407408 0.5666666666666667 0.8351851851851851 0.565625 0.812962962962963 0.5723958333333333 0.7703703703703704 0.5739583333333333 0.7685185185185185
0 0.5822916666666667 0.5222222222222223 0.5848958333333333 0.525 0.5885416666666666 0.5435185185185185 0.5864583333333333 0.55 0.5807291666666666 0.55 0.578125 0.5592592592592592 0.5666666666666667 0.5768518518518518 0.5604166666666667 0.5962962962962963 0.5546875 0.625 0.5546875 0.6472222222222223 0.5520833333333334 0.6574074074074074 0.5536458333333333 0.6611111111111111 0.5484375 0.6611111111111111 0.5473958333333333 0.6564814814814814 0.5421875 0.6611111111111111 0.5328125 0.6481481481481481 0.5265625 0.65 0.5161458333333333 0.6851851851851852 0.5041666666666667 0.7046296296296296 0.5036458333333333 0.7138888888888889 0.5067708333333333 0.7231481481481481 0.4708333333333333 0.7444444444444445 0.46875 0.7481481481481481 0.46875 0.7648148148148148 0.4744791666666667 0.7731481481481481 0.47760416666666666 0.7833333333333333 0.48385416666666664 0.7842592592592592 0.5015625 0.775 0.5255208333333333 0.7694444444444445 0.5328125 0.7722222222222223 0.5291666666666667 0.775 0.5307291666666667 0.7777777777777778 0.540625 0.7805555555555556 0.5505208333333333 0.7759259259259259 0.5510416666666667 0.7685185185185185 0.5572916666666666 0.7555555555555555 0.5671875 0.7611111111111111 0.5713541666666667 0.7583333333333333 0.578125 0.7722222222222223 0.575 0.7824074074074074 0.5760416666666667 0.787962962962963 0.571875 0.8 0.571875 0.8064814814814815 0.578125 0.8101851851851852 0.5864583333333333 0.8064814814814815 0.5817708333333333 0.8009259259259259 0.5770833333333333 0.8037037037037037 0.5807291666666666 0.7953703703703704 0.5890625 0.8018518518518518 0.5901041666666667 0.7981481481481482 0.5880208333333333 0.7898148148148149 0.5921875 0.7888888888888889 0.5994791666666667 0.7796296296296297 0.5911458333333334 0.7685185185185185 0.5989583333333334 0.762962962962963 0.5979166666666667 0.7546296296296297 0.6109375 0.7537037037037037 0.6255208333333333 0.7472222222222222 0.6286458333333333 0.7527777777777778 0.6479166666666667 0.7685185185185185 0.6526041666666667 0.7814814814814814 0.6526041666666667 0.7935185185185185 0.6453125 0.8185185185185185 0.6458333333333334 0.825 0.6421875 0.825 0.640625 0.8166666666666667 0.6291666666666667 0.8148148148148148 0.6265625 0.8175925925925925 0.6244791666666667 0.812962962962963 0.6161458333333333 0.8074074074074075 0.6067708333333334 0.8157407407407408 0.609375 0.8222222222222222 0.6135416666666667 0.8231481481481482 0.6229166666666667 0.8342592592592593 0.6302083333333334 0.837037037037037 0.6416666666666667 0.8361111111111111 0.6442708333333333 0.8333333333333334 0.646875 0.8675925925925926 0.6453125 0.8777777777777778 0.6354166666666666 0.8962962962962963 0.6317708333333333 0.9175925925925926 0.61875 0.9629629629629629 0.6067708333333334 0.9888888888888889 0.60625 0.9944444444444445 0.6026041666666667 0.9962962962962963 0.5489583333333333 0.9944444444444445 0.5515625 0.9898148148148148 0.54375 0.987037037037037 0.5328125 0.9888888888888889 0.5307291666666667 0.9935185185185185 0.5255208333333333 0.9944444444444445 0.4973958333333333 0.9944444444444445 0.49947916666666664 0.9907407407407407 0.49635416666666665 0.987037037037037 0.49583333333333335 0.9796296296296296 0.4875 0.9787037037037037 0.48489583333333336 0.975 0.478125 0.9768518518518519 0.4786458333333333 0.9888888888888889 0.47552083333333334 0.987037037037037 0.4739583333333333 0.9787037037037037 0.4661458333333333 0.9824074074074074 0.46510416666666665 0.9879629629629629 0.4557291666666667 0.987037037037037 0.4609375 0.9805555555555555 0.4578125 0.975925925925926 0.45260416666666664 0.9768518518518519 0.44947916666666665 0.9824074074074074 0.44583333333333336 0.9796296296296296 0.440625 0.9861111111111112 0.4322916666666667 0.9805555555555555 0.4317708333333333 0.975925925925926 0.425 0.9731481481481481 0.4140625 0.975925925925926 0.4109375 0.9796296296296296 0.4046875 0.9740740740740741 0.40572916666666664 0.9694444444444444 0.39895833333333336 0.9592592592592593 0.4 0.9546296296296296 0.4041666666666667 0.9527777777777777 0.39375 0.9472222222222222 0.39010416666666664 0.937962962962963 0.38645833333333335 0.9398148148148148 0.38385416666666666 0.9462962962962963 0.3776041666666667 0.9472222222222222 0.37552083333333336 0.9537037037037037 0.3729166666666667 0.9527777777777777 0.375 0.9481481481481482 0.371875 0.9453703703703704 0.375 0.9444444444444444 0.3776041666666667 0.937962962962963 0.3697916666666667 0.9277777777777778 0.365625 0.9259259259259259 0.3614583333333333 0.9277777777777778 0.359375 0.9324074074074075 0.35208333333333336 0.9342592592592592 0.3484375 0.925 0.3375 0.9259259259259259 0.3421875 0.9148148148148149 0.334375 0.9074074074074074 0.33645833333333336 0.9037037037037037 0.3380208333333333 0.8824074074074074 0.33958333333333335 0.8796296296296297 0.33489583333333334 0.8740740740740741 0.3302083333333333 0.8768518518518519 0.3302083333333333 0.8731481481481481 0.32447916666666665 0.8657407407407407 0.3302083333333333 0.8481481481481481 0.33489583333333334 0.8490740740740741 0.3385416666666667 0.8444444444444444 0.3359375 0.8314814814814815 0.3380208333333333 0.8277777777777777 0.3375 0.8166666666666667 0.3307291666666667 0.8138888888888889 0.3390625 0.8064814814814815 0.3489583333333333 0.8027777777777778 0.3536458333333333 0.8046296296296296 0.3614583333333333 0.8 0.35989583333333336 0.8027777777777778 0.3609375 0.8046296296296296 0.37083333333333335 0.8111111111111111 0.37864583333333335 0.8342592592592593 0.38385416666666666 0.8351851851851851 0.3854166666666667 0.8305555555555556 0.38177083333333334 0.8240740740740741 0.3854166666666667 0.8138888888888889 0.37864583333333335 0.8092592592592592 0.3770833333333333 0.7935185185185185 0.38333333333333336 0.7888888888888889 0.38697916666666665 0.7916666666666666 0.3932291666666667 0.7898148148148149 0.3958333333333333 0.7824074074074074 0.39479166666666665 0.7787037037037037 0.4015625 0.7694444444444445 0.4 0.7648148148148148 0.4083333333333333 0.7601851851851852 0.4140625 0.7527777777777778 0.41510416666666666 0.7416666666666667 0.41770833333333335 0.737037037037037 0.4166666666666667 0.7268518518518519 0.4192708333333333 0.7212962962962963 0.4192708333333333 0.7129629629629629 0.4244791666666667 0.6990740740740741 0.46041666666666664 0.6574074074074074 0.4744791666666667 0.6462962962962963 0.49583333333333335 0.6231481481481481 0.5041666666666667 0.6185185185185185 0.5119791666666667 0.6185185185185185 0.51875 0.6018518518518519 0.5286458333333334 0.5935185185185186 0.5364583333333334 0.5805555555555556 0.5484375 0.5722222222222222 0.5630208333333333 0.5527777777777778 0.5677083333333334 0.5416666666666666 0.5744791666666667 0.549074074074074 0.5791666666666667 0.5425925925925926 0.5770833333333333 0.5351851851851852 0.5786458333333333 0.5268518518518519 0.5817708333333333 0.5222222222222223
3 0.9807291666666667 0.29907407407407405 0.9875 0.30648148148148147 0.99375 0.3212962962962963 0.9994791666666667 0.32592592592592595 0.9994791666666667 0.3351851851851852 0.9895833333333334 0.3398148148148148 0.984375 0.34629629629629627 0.9729166666666667 0.34814814814814815 0.9708333333333333 0.3453703703703704 0.9734375 0.30925925925925923 0.9776041666666667 0.30092592592592593 0.9802083333333333 0.3
3 0.775 0.4462962962962963 0.7838541666666666 0.4601851851851852 0.7880208333333333 0.47314814814814815 0.7895833333333333 0.5018518518518519 0.7864583333333334 0.5287037037037037 0.78125 0.5425925925925926 0.775 0.5481481481481482 0.7609375 0.5731481481481482 0.7520833333333333 0.6092592592592593 0.7427083333333333 0.6296296296296297 0.7307291666666667 0.6370370370370371 0.7208333333333333 0.6388888888888888 0.7057291666666666 0.6370370370370371 0.6869791666666667 0.6259259259259259 0.6671875 0.6203703703703703 0.6609375 0.5962962962962963 0.6614583333333334 0.5888888888888889 0.6682291666666667 0.5694444444444444 0.6791666666666667 0.5703703703703704 0.6880208333333333 0.5611111111111111 0.7 0.537962962962963 0.7067708333333333 0.5157407407407407 0.7208333333333333 0.4861111111111111 0.7546875 0.44814814814814813 0.7645833333333333 0.4444444444444444 0.7744791666666667 0.4462962962962963
3 0.7244791666666667 0.19907407407407407 0.7546875 0.20092592592592592 0.7677083333333333 0.21851851851851853 0.7890625 0.23796296296296296 0.7963541666666667 0.2537037037037037 0.7973958333333333 0.29444444444444445 0.7875 0.32407407407407407 0.76875 0.4027777777777778 0.7588541666666667 0.41759259259259257 0.7375 0.42685185185185187 0.7166666666666667 0.4287037037037037 0.6947916666666667 0.41944444444444445 0.6869791666666667 0.41944444444444445 0.6802083333333333 0.4222222222222222 0.6552083333333333 0.4462962962962963 0.6401041666666667 0.4527777777777778 0.61875 0.4564814814814815 0.6140625 0.45555555555555555 0.6161458333333333 0.3962962962962963 0.6078125 0.3425925925925926 0.5895833333333333 0.29444444444444445 0.58125 0.2796296296296296 0.5734375 0.2722222222222222 0.5953125 0.2537037037037037 0.6177083333333333 0.25 0.6265625 0.2351851851851852 0.6328125 0.23055555555555557 0.6458333333333334 0.22777777777777777 0.6630208333333333 0.22962962962962963 0.6901041666666666 0.2064814814814815 0.7130208333333333 0.19907407407407407 0.7239583333333334 0.19907407407407407
3 0.49947916666666664 0.2064814814814815 0.525 0.23703703703703705 0.5302083333333333 0.24722222222222223 0.5291666666666667 0.25462962962962965 0.4765625 0.28055555555555556 0.4505208333333333 0.28888888888888886 0.44427083333333334 0.2861111111111111 0.44375 0.2796296296296296 0.446875 0.2712962962962963 0.4640625 0.2518518518518518 0.4859375 0.21296296296296297 0.49375 0.20555555555555555 0.49895833333333334 0.2064814814814815
3 0.984375 0.34629629629629627 0.9864583333333333 0.3490740740740741 0.9869791666666666 0.3824074074074074 0.9963541666666667 0.3925925925925926 0.9973958333333334 0.4 0.9953125 0.4074074074074074 0.9885416666666667 0.4148148148148148 0.9723958333333333 0.425 0.9640625 0.42314814814814816 0.9510416666666667 0.4083333333333333 0.9520833333333333 0.3925925925925926 0.9578125 0.36203703703703705 0.9697916666666667 0.35185185185185186 0.9838541666666667 0.34629629629629627
3 0.6609375 0.7916666666666666 0.6786458333333333 0.7981481481481482 0.6807291666666667 0.7907407407407407 0.6916666666666667 0.7907407407407407 0.7166666666666667 0.8101851851851852 0.7286458333333333 0.8342592592592593 0.73125 0.8435185185185186 0.73125 0.8518518518518519 0.725 0.8574074074074074 0.7067708333333333 0.8555555555555555 0.7135416666666666 0.8638888888888889 0.7244791666666667 0.8638888888888889 0.7302083333333333 0.8592592592592593 0.7338541666666667 0.862037037037037 0.7442708333333333 0.9 0.7447916666666666 0.9175925925925926 0.7317708333333334 0.9166666666666666 0.7114583333333333 0.9268518518518518 0.6994791666666667 0.9388888888888889 0.6963541666666667 0.9472222222222222 0.678125 0.9574074074074074 0.6692708333333334 0.9777777777777777 0.6614583333333334 0.9731481481481481 0.6541666666666667 0.9592592592592593 0.653125 0.9527777777777777 0.653125 0.8916666666666667 0.65 0.8731481481481481 0.6505208333333333 0.8518518518518519 0.6484375 0.8444444444444444 0.6515625 0.8037037037037037 0.6541666666666667 0.7953703703703704 0.6604166666666667 0.7925925925925926