4 0.51875 0.1925925925925926 0.51875 0.22777777777777777 0.5229166666666667 0.23055555555555557 0.5317708333333333 0.25092592592592594 0.5375 0.25925925925925924 0.5432291666666667 0.27314814814814814 0.5458333333333333 0.28888888888888886 0.5536458333333333 0.3 0.5526041666666667 0.3074074074074074 0.5567708333333333 0.30925925925925923 0.5578125 0.31296296296296294 0.5557291666666667 0.325 0.5619791666666667 0.3398148148148148 0.5635416666666667 0.35462962962962963 0.5677083333333334 0.36018518518518516 0.5791666666666667 0.3592592592592593 0.5859375 0.3638888888888889 0.5994791666666667 0.3648148148148148 0.6057291666666667 0.3611111111111111 0.6057291666666667 0.35462962962962963 0.6078125 0.3490740740740741 0.6125 0.3509259259259259 0.6197916666666666 0.3435185185185185 0.6255208333333333 0.3416666666666667 0.6364583333333333 0.3277777777777778 0.65 0.3212962962962963 0.6791666666666667 0.31851851851851853 0.70625 0.32407407407407407 0.734375 0.33796296296296297 0.7390625 0.36203703703703705 0.7411458333333333 0.3888888888888889 0.74375 0.39351851851851855 0.7447916666666666 0.4009259259259259 0.7505208333333333 0.41388888888888886 0.7661458333333333 0.43425925925925923 0.76875 0.4777777777777778 0.7619791666666667 0.5203703703703704 0.7614583333333333 0.5444444444444444 0.7552083333333334 0.587037037037037 0.7572916666666667 0.6268518518518519 0.75625 0.6435185185185185 0.7557291666666667 0.6481481481481481 0.7520833333333333 0.6509259259259259 0.7515625 0.6555555555555556 0.7479166666666667 0.6509259259259259 0.7494791666666667 0.6555555555555556 0.7479166666666667 0.6574074074074074 0.75 0.6601851851851852 0.7510416666666667 0.6675925925925926 0.7479166666666667 0.6703703703703704 0.7484375 0.6814814814814815 0.7458333333333333 0.6851851851851852 0.7479166666666667 0.687962962962963 0.7432291666666667 0.6916666666666667 0.7463541666666667 0.7055555555555556 0.75 0.7101851851851851 0.7552083333333334 0.7092592592592593 0.7619791666666667 0.6990740740740741 0.7630208333333334 0.7074074074074074 0.7520833333333333 0.7277777777777777 0.7447916666666666 0.7574074074074074 0.7395833333333334 0.7694444444444445 0.7359375 0.7842592592592592 0.7328125 0.7888888888888889 0.7302083333333333 0.8046296296296296 0.7265625 0.8111111111111111 0.7223958333333333 0.8694444444444445 0.71875 0.8898148148148148 0.7197916666666667 0.9074074074074074 0.725 0.9138888888888889 0.7375 0.9138888888888889 0.7421875 0.9009259259259259 0.7416666666666667 0.8925925925925926 0.7447916666666666 0.8777777777777778 0.7479166666666667 0.8731481481481481 0.7494791666666667 0.862037037037037 0.7546875 0.8527777777777777 0.7604166666666666 0.8601851851851852 0.7619791666666667 0.8722222222222222 0.7677083333333333 0.8851851851851852 0.76875 0.8935185185185185 0.7796875 0.9166666666666666 0.7895833333333333 0.9296296296296296 0.8078125 0.9398148148148148 0.8135416666666667 0.9462962962962963 0.8244791666666667 0.9481481481481482 0.8260416666666667 0.9527777777777777 0.8302083333333333 0.9546296296296296 0.8479166666666667 0.9740740740740741 0.8557291666666667 0.987037037037037 0.8588541666666667 0.987037037037037 0.8625 0.9916666666666667 0.875 0.9888888888888889 0.8770833333333333 0.9824074074074074 0.8765625 0.9685185185185186 0.8697916666666666 0.9518518518518518 0.86875 0.9398148148148148 0.8630208333333333 0.9361111111111111 0.8598958333333333 0.9231481481481482 0.8567708333333334 0.9203703703703704 0.8583333333333333 0.9138888888888889 0.853125 0.9046296296296297 0.8557291666666667 0.899074074074074 0.8546875 0.8935185185185185 0.8526041666666667 0.8925925925925926 0.8541666666666666 0.8898148148148148 0.8515625 0.8787037037037037 0.853125 0.8675925925925926 0.8567708333333334 0.8574074074074074 0.8552083333333333 0.850925925925926 0.859375 0.8444444444444444 0.8552083333333333 0.8333333333333334 0.86875 0.8138888888888889 0.8708333333333333 0.8 0.8755208333333333 0.7898148148148149 0.8807291666666667 0.7851851851851852 0.8927083333333333 0.7805555555555556 0.921875 0.7805555555555556 0.925 0.7851851851851852 0.9255208333333333 0.8305555555555556 0.93125 0.8462962962962963 0.9494791666666667 0.8685185185185185 0.9572916666666667 0.8824074074074074 0.9838541666666667 0.9046296296296297 0.9869791666666666 0.9166666666666666 0.9911458333333333 0.9138888888888889 0.9927083333333333 0.9185185185185185 0.9947916666666666 0.9185185185185185 0.9958333333333333 0.8685185185185185 0.9942708333333333 0.8583333333333333 0.9947916666666666 0.8518518518518519 0.9973958333333334 0.8462962962962963 0.9953125 0.7907407407407407 0.9973958333333334 0.7842592592592592 0.9963541666666667 0.7166666666666667 0.9994791666666667 0.712037037037037 0.9963541666666667 0.7074074074074074 0.9958333333333333 0.7 0.9963541666666667 0.5027777777777778 0.9947916666666666 0.48333333333333334 0.9958333333333333 0.3990740740740741 0.9973958333333334 0.3888888888888889 0.9958333333333333 0.35648148148148145 0.9994791666666667 0.3212962962962963 0.9973958333333334 0.32037037037037036 0.9973958333333334 0.28888888888888886 0.9947916666666666 0.2740740740740741 0.9973958333333334 0.26851851851851855 0.9973958333333334 0.24444444444444444 0.9994791666666667 0.23981481481481481 0.9973958333333334 0.23796296296296296 0.9973958333333334 0.18981481481481483 0.9953125 0.18333333333333332 0.9953125 0.17592592592592593 0.9973958333333334 0.1712962962962963 0.9973958333333334 0.12777777777777777 0.9932291666666667 0.09537037037037037 0.9942708333333333 0.08425925925925926 0.9932291666666667 0.06666666666666667 0.9916666666666667 0.06388888888888888 0.9921875 0.03888888888888889 0.9895833333333334 0.03333333333333333 0.9932291666666667 0.027777777777777776 0.9901041666666667 0.024074074074074074 0.9875 0.010185185185185186 0.9854166666666667 0.010185185185185186 0.984375 0.014814814814814815 0.9828125 0.007407407407407408 0.9796875 0.004629629629629629 0.9333333333333333 0.005555555555555556 0.9239583333333333 0.002777777777777778 0.8 0.004629629629629629 0.7744791666666667 0.07407407407407407 0.7723958333333333 0.08703703703703704 0.7645833333333333 0.10648148148148148 0.7609375 0.125 0.75625 0.13703703703703704 0.75 0.19444444444444445 0.7484375 0.20277777777777778 0.74375 0.21203703703703702 0.7333333333333333 0.20925925925925926 0.7317708333333334 0.20555555555555555 0.7265625 0.20555555555555555 0.7203125 0.20092592592592592 0.7005208333333334 0.20092592592592592 0.696875 0.19814814814814816 0.6765625 0.1962962962962963 0.6692708333333334 0.1814814814814815 0.6671875 0.17314814814814813 0.6578125 0.15925925925925927 0.6541666666666667 0.14444444444444443 0.6359375 0.11203703703703703 0.6244791666666667 0.10555555555555556 0.5947916666666667 0.10740740740740741 0.5739583333333333 0.10092592592592593 0.5536458333333333 0.07592592592592592 0.5442708333333334 0.07777777777777778 0.5395833333333333 0.08518518518518518 0.5380208333333333 0.09259259259259259 0.5380208333333333 0.11388888888888889 0.5427083333333333 0.1425925925925926 0.5375 0.15092592592592594 0.5322916666666667 0.1527777777777778 0.5265625 0.16018518518518518 0.5213541666666667 0.17407407407407408 0.51875 0.1925925925925926
4 0.3140625 0.7194444444444444 0.3140625 0.725 0.3234375 0.725925925925926 0.3255208333333333 0.7231481481481481 0.325 0.7185185185185186 0.32708333333333334 0.7185185185185186 0.31927083333333334 0.7166666666666667 0.3177083333333333 0.7194444444444444 0.3140625 0.7194444444444444
4 0.28958333333333336 0.7111111111111111 0.2911458333333333 0.7166666666666667 0.28541666666666665 0.7194444444444444 0.2935765625 0.7212962962962963 0.2916666666666667 0.7166666666666667 0.2942708333333333 0.7157407407407408 0.2965276041666666 0.7212962962962963 0.30520833333333336 0.725925925925926 0.31145833333333334 0.7231481481481481 0.3098958333333333 0.7185185185185186 0.2977432291666667 0.7166666666666667 0.2942708333333333 0.7148148148148148 0.29322916666666665 0.7101851851851851 0.2916666666666667 0.7138888888888889 0.290625 0.7101851851851851 0.28958333333333336 0.7111111111111111
4 0.2859375 0.700925925925926 0.28541666666666665 0.7055555555555556 0.2869791666666667 0.7055555555555556 0.2859375 0.700925925925926
4 0.3 0.6851851851851852 0.2989583333333333 0.6888888888888889 0.30104166666666665 0.6935185185185185 0.29739583333333336 0.6962962962962963 0.2947916666666667 0.6944444444444444 0.2916666666666667 0.6981481481481482 0.29739583333333336 0.7046296296296296 0.29583333333333334 0.7092592592592593 0.3078125 0.7074074074074074 0.3104166666666667 0.7027777777777777 0.3072916666666667 0.6953703703703704 0.3072916666666667 0.6833333333333333 0.3 0.6851851851851852
4 0.5364583333333334 0.28055555555555556 0.5348958333333333 0.28055555555555556 0.5359375 0.28425925925925927 0.5364583333333334 0.28055555555555556
4 0.0010416666666666667 0.06111111111111111 0.0010416666666666667 0.1259259259259259 0.003125 0.15 0.0015625 0.1638888888888889 0.0010416666666666667 0.22592592592592592 0.0015625 0.3814814814814815 0 0.3851851851851852 0 0.4074074074074074 0.0015625 0.40925925925925927 0.0020833333333333333 0.41944444444444445 0.0015625 0.46296296296296297 0 0.4666666666666667 0.0020833333333333333 0.5324074074074074 0.0015625 0.6925925925925925 0 0.6962962962962963 0 0.7101851851851851 0.0015625 0.712037037037037 0.0015625 0.725925925925926 0 0.7305555555555555 0.0015625 0.7333333333333333 0.0020833333333333333 0.7777777777777778 0.0015625 0.8296296296296296 0 0.8305555555555556 0 0.8435185185185186 0.0015625 0.8444444444444444 0 0.862037037037037 0 0.975925925925926 0.0015625 0.9777777777777777 0.0015625 0.987037037037037 0 0.9898148148148148 0.0015625 0.9916666666666667 0.018229166666666668 0.9944444444444445 0.17604166666666668 0.9944444444444445 0.20729166666666668 0.9916666666666667 0.21041666666666667 0.9851851851851852 0.2140625 0.9490740740740741 0.22239583333333332 0.9074074074074074 0.22552083333333334 0.8611111111111112 0.2296875 0.8462962962962963 0.2328125 0.799074074074074 0.23697916666666666 0.7759259259259259 0.23697916666666666 0.7546296296296297 0.23854166666666668 0.75 0.23958333333333334 0.7185185185185186 0.24322916666666666 0.6916666666666667 0.24375 0.662962962962963 0.246875 0.6444444444444445 0.25 0.6416666666666667 0.26145833333333335 0.6481481481481481 0.2734375 0.649074074074074 0.2953125 0.6620370370370371 0.30104166666666665 0.6620370370370371 0.3020833333333333 0.6685185185185185 0.30052083333333335 0.675 0.3055557291666667 0.6731481481481482 0.30833333333333335 0.6805555555555556 0.31354166666666666 0.6796296296296296 0.3171875 0.6731481481481482 0.3203125 0.6777777777777778 0.3223958333333333 0.6694444444444444 0.32760416666666664 0.6694444444444444 0.3307291666666667 0.6731481481481482 0.33697916666666666 0.6731481481481482 0.3453125 0.6777777777777778 0.3645833333333333 0.6805555555555556 0.3765625 0.6972222222222222 0.3807291666666667 0.7074074074074074 0.3859375 0.7101851851851851 0.3953125 0.7212962962962963 0.4041666666666667 0.7231481481481481 0.4161458333333333 0.7324074074074074 0.4234375 0.7509259259259259 0.43072916666666666 0.7509259259259259 0.43333333333333335 0.7462962962962963 0.4453125 0.7462962962962963 0.4588541666666667 0.7416666666666667 0.4744791666666667 0.7342592592592593 0.48125 0.7277777777777777 0.4979166666666667 0.7231481481481481 0.5161458333333333 0.712037037037037 0.546875 0.6851851851851852 0.5572916666666666 0.6694444444444444 0.5598958333333334 0.6638888888888889 0.5598958333333334 0.6574074074074074 0.5635416666666667 0.6509259259259259 0.5671875 0.6527777777777778 0.571875 0.6342592592592593 0.5765625 0.5842592592592593 0.5729166666666666 0.562962962962963 0.5744791666666667 0.5462962962962963 0.571875 0.5101851851851852 0.56875 0.5018518518518519 0.5697916666666667 0.462037037037037 0.5682291666666667 0.46111111111111114 0.5666666666666667 0.45185185185185184 0.5708333333333333 0.4351851851851852 0.5708333333333333 0.4046296296296296 0.5677083333333334 0.39166666666666666 0.5625 0.3824074074074074 0.5567708333333333 0.3416666666666667 0.55 0.33240740740740743 0.55 0.3277777777777778 0.5432291666666667 0.31666666666666665 0.5385416666666667 0.3148148148148148 0.5333333333333333 0.2962962962962963 0.5317708333333333 0.2953703703703704 0.53125 0.2759259259259259 0.5244791666666667 0.2712962962962963 0.5229166666666667 0.2611111111111111 0.5239583333333333 0.2574074074074074 0.5182291666666666 0.2490740740740741 0.5130208333333334 0.2361111111111111 0.5015625 0.18611111111111112 0.49947916666666664 0.1685185185185185 0.4953125 0.15925925925925927 0.49375 0.14444444444444443 0.48489583333333336 0.11388888888888889 0.4666666666666667 0.0824074074074074 0.44114583333333335 0.062037037037037036 0.42864583333333334 0.05555555555555555 0.4125 0.020370370370370372 0.4078125 0.004629629629629629 0.0036458333333333334 0.004629629629629629 0.0015625 0.010185185185185186 0.0010416666666666667 0.06111111111111111
1 0.6036458333333333 0.9731481481481481 0.6020833333333333 0.9805555555555555 0.6041666666666666 0.9851851851851852 0.6182291666666667 0.9805555555555555 0.65 0.9824074074074074 0.6557291666666667 0.9805555555555555 0.6619791666666667 0.9740740740740741 0.6640625 0.9546296296296296 0.6604166666666667 0.9444444444444444 0.65625 0.9435185185185185 0.6510416666666666 0.9481481481481482 0.6484375 0.9546296296296296 0.6395833333333333 0.9601851851851851 0.6151041666666667 0.962037037037037 0.60625 0.9666666666666667 0.6036458333333333 0.9731481481481481
1 0.5416666666666666 0.8972222222222223 0.5411458333333333 0.9037037037037037 0.5442708333333334 0.9101851851851852 0.55625 0.9101851851851852 0.5625 0.9138888888888889 0.5802083333333333 0.9120370370370371 0.5765625 0.8962962962962963 0.5677083333333334 0.8870370370370371 0.546875 0.8898148148148148 0.54375 0.8916666666666667 0.5416666666666666 0.8972222222222223
1 0.3151041666666667 0.9462962962962963 0.3145833333333333 0.9481481481481482 0.3177083333333333 0.950925925925926 0.3296875 0.950925925925926 0.3359375 0.9481481481481482 0.34322916666666664 0.9351851851851852 0.3375 0.9305555555555556 0.32760416666666664 0.9324074074074075 0.3203125 0.937037037037037 0.3151041666666667 0.9462962962962963
1 0.4515625 0.8166666666666667 0.4515625 0.8212962962962963 0.446875 0.8305555555555556 0.4479166666666667 0.8388888888888889 0.45416666666666666 0.8416666666666667 0.4552083333333333 0.8388888888888889 0.4625 0.8388888888888889 0.4666666666666667 0.8351851851851851 0.46979166666666666 0.8481481481481481 0.48072916666666665 0.8481481481481481 0.4822916666666667 0.837037037037037 0.4765625 0.8351851851851851 0.47552083333333334 0.8268518518518518 0.4791666666666667 0.8231481481481482 0.48802083333333335 0.8212962962962963 0.49114583333333334 0.8138888888888889 0.48541666666666666 0.7944444444444444 0.4796875 0.7888888888888889 0.478125 0.7953703703703704 0.4786458333333333 0.8074074074074075 0.4765625 0.8101851851851852 0.4739583333333333 0.8074074074074075 0.4703125 0.8101851851851852 0.47291666666666665 0.812962962962963 0.46875 0.8166666666666667 0.46875 0.8268518518518518 0.4666666666666667 0.8296296296296296 0.45625 0.8305555555555556 0.4515625 0.8166666666666667
1 0.42552083333333335 0.7981481481481482 0.425 0.8101851851851852 0.4270833333333333 0.8175925925925925 0.43125 0.8277777777777777 0.4359375 0.8277777777777777 0.4354166666666667 0.8212962962962963 0.4395833333333333 0.8157407407407408 0.44166666666666665 0.8055555555555556 0.4354166666666667 0.7759259259259259 0.43125 0.774074074074074 0.42864583333333334 0.7916666666666666 0.42552083333333335 0.7981481481481482
1 0.47708333333333336 0.7388888888888889 0.49375 0.7777777777777778 0.503125 0.8064814814814815 0.5046875 0.8407407407407408 0.50625 0.8444444444444444 0.5046875 0.850925925925926 0.5385416666666667 0.8527777777777777 0.5484375 0.8592592592592593 0.5520833333333334 0.8666666666666667 0.5541666666666667 0.8666666666666667 0.55625 0.8731481481481481 0.5640625 0.8638888888888889 0.5614583333333333 0.8564814814814815 0.5625 0.850925925925926 0.5541666666666667 0.8435185185185186 0.5549479166666667 0.8388888888888889 0.5729166666666666 0.8351851851851851 0.5875 0.8277777777777777 0.596875 0.8074074074074075 0.596875 0.8027777777777778 0.5864583333333333 0.8 0.5864583333333333 0.7851851851851852 0.6098958333333333 0.7870370370370371 0.6161458333333333 0.7759259259259259 0.6166666666666667 0.7703703703703704 0.6234375 0.7555555555555555 0.6171875 0.6833333333333333 0.6057291666666667 0.6685185185185185 0.58125 0.6648148148148149 0.5739583333333333 0.6648148148148149 0.5671875 0.6694444444444444 0.5479166666666667 0.6916666666666667 0.5375 0.6981481481481482 0.5286458333333334 0.7092592592592593 0.5166666666666667 0.7185185185185186 0.5078125 0.7212962962962963 0.4973958333333333 0.7305555555555555 0.4875 0.7324074074074074 0.47708333333333336 0.7388888888888889
3 0.7203125 0.850925925925926 0.7197916666666667 0.8759259259259259 0.7171875 0.8944444444444445 0.7171875 0.9046296296296297 0.7197916666666667 0.9138888888888889 0.7229166666666667 0.9166666666666666 0.7354166666666667 0.9166666666666666 0.7390625 0.9138888888888889 0.7411458333333333 0.9101851851851852 0.7505208333333333 0.8638888888888889 0.7557291666666667 0.8555555555555555 0.7609375 0.8648148148148148 0.7619791666666667 0.875 0.7697916666666667 0.9027777777777778 0.7817708333333333 0.9277777777777778 0.790625 0.9342592592592592 0.8057291666666667 0.9527777777777777 0.8161458333333333 0.9574074074074074 0.8260416666666667 0.9712962962962963 0.8375 0.9712962962962963 0.8401041666666667 0.975 0.8458333333333333 0.975925925925926 0.8598958333333333 0.9935185185185185 0.8786458333333333 0.9916666666666667 0.8802083333333334 0.987037037037037 0.8786458333333333 0.9638888888888889 0.8682291666666667 0.9296296296296296 0.8666666666666667 0.9074074074074074 0.8640625 0.899074074074074 0.8572916666666667 0.887962962962963 0.8541666666666666 0.8694444444444445 0.8630208333333333 0.8361111111111111 0.8671875 0.8277777777777777 0.8703125 0.8111111111111111 0.8817708333333333 0.7870370370370371 0.8947916666666667 0.7805555555555556 0.9182291666666667 0.7796296296296297 0.925 0.7685185185185185 0.925 0.7342592592592593 0.9203125 0.7203703703703703 0.9182291666666667 0.7055555555555556 0.9119791666666667 0.6916666666666667 0.9083333333333333 0.6759259259259259 0.9010416666666666 0.6092592592592593 0.9098958333333333 0.5388888888888889 0.90625 0.5370370370370371 0.875 0.5481481481481482 0.8567708333333334 0.5509259259259259 0.8265625 0.5685185185185185 0.8072916666666666 0.5888888888888889 0.7890625 0.6259259259259259 0.784375 0.6435185185185185 0.7770833333333333 0.6583333333333333 0.7744791666666667 0.6731481481481482 0.7677083333333333 0.6935185185185185 0.7536458333333333 0.7231481481481481 0.7447916666666666 0.7546296296296297 0.7322916666666667 0.7851851851851852 0.725 0.812962962962963 0.7203125 0.850925925925926
3 0.24739583333333334 0.6601851851851852 0.24583333333333332 0.6824074074074075 0.246875 0.6972222222222222 0.2552083333333333 0.7092592592592593 0.2796875 0.7212962962962963 0.28177083333333336 0.7277777777777777 0.2869791666666667 0.7342592592592593 0.2869791666666667 0.7546296296296297 0.28177083333333336 0.774074074074074 0.28177083333333336 0.7888888888888889 0.2838541666666667 0.8009259259259259 0.2890625 0.8101851851851852 0.3125 0.8212962962962963 0.3302083333333333 0.8240740740740741 0.3609375 0.8462962962962963 0.375 0.8462962962962963 0.39791666666666664 0.8666666666666667 0.40572916666666664 0.8666666666666667 0.4109375 0.862037037037037 0.42291666666666666 0.8388888888888889 0.425 0.8305555555555556 0.425 0.8185185185185185 0.42083333333333334 0.8018518518518518 0.425 0.7935185185185185 0.4270833333333333 0.7777777777777778 0.42552083333333335 0.7638888888888888 0.4140625 0.7638888888888888 0.409375 0.7583333333333333 0.40572916666666664 0.7351851851851852 0.38958333333333334 0.7231481481481481 0.3671875 0.687037037037037 0.3614583333333333 0.6824074074074075 0.34427083333333336 0.6805555555555556 0.30572916666666666 0.6638888888888889 0.3 0.6638888888888889 0.25885416666666666 0.6481481481481481 0.25 0.649074074074074 0.24739583333333334 0.6601851851851852
3 0.4125 0.7231481481481481 0.41458333333333336 0.7509259259259259 0.4203125 0.7574074074074074 0.4244791666666667 0.7546296296296297 0.425 0.7574074074074074 0.428125 0.7527777777777778 0.434375 0.7546296296296297 0.4828125 0.7305555555555555 0.49166666666666664 0.7296296296296296 0.5145833333333333 0.7138888888888889 0.5182291666666666 0.7138888888888889 0.5390625 0.6935185185185185 0.5416666666666666 0.6935185185185185 0.565625 0.6638888888888889 0.571875 0.6481481481481481 0.5744791666666667 0.6324074074074074 0.5744791666666667 0.6175925925925926 0.5786458333333333 0.5935185185185186 0.5786458333333333 0.5796296296296296 0.5744791666666667 0.5657407407407408 0.5744791666666667 0.5231481481481481 0.5703125 0.4925925925925926 0.5708333333333333 0.48148148148148145 0.5760416666666667 0.45740740740740743 0.5734375 0.42962962962962964 0.5729166666666666 0.4 0.5619791666666667 0.3638888888888889 0.5604166666666667 0.34814814814814815 0.5510416666666667 0.3212962962962963 0.5494791666666666 0.30277777777777776 0.5432291666666667 0.287962962962963 0.5359375 0.262037037037037 0.5239583333333333 0.23981481481481481 0.5151041666666667 0.2324074074074074 0.5135416666666667 0.23703703703703705 0.5223958333333333 0.2611111111111111 0.5244791666666667 0.2740740740740741 0.5328125 0.30277777777777776 0.540625 0.3212962962962963 0.5494791666666666 0.35833333333333334 0.5494791666666666 0.37962962962962965 0.5453125 0.38981481481481484 0.5390625 0.4212962962962963 0.5354166666666667 0.45185185185185184 0.5333333333333333 0.45555555555555555 0.5291666666666667 0.48518518518518516 0.5244791666666667 0.49444444444444446 0.5244791666666667 0.4981481481481482 0.51875 0.5055555555555555 0.5119791666666667 0.5268518518518519 0.5098958333333333 0.55 0.4979166666666667 0.5666666666666667 0.49270833333333336 0.5777777777777777 0.48541666666666666 0.600925925925926 0.4817708333333333 0.6055555555555555 0.46145833333333336 0.6574074074074074 0.43645833333333334 0.6990740740740741 0.42083333333333334 0.712037037037037 0.4125 0.7231481481481481
3 0.5171875 0.19814814814814816 0.5166666666666667 0.22037037037037038 0.5182291666666666 0.23148148148148148 0.5229166666666667 0.2351851851851852 0.53125 0.25 0.5317708333333333 0.25462962962962965 0.5411458333333333 0.27314814814814814 0.5453125 0.29074074074074074 0.5489583333333333 0.29814814814814816 0.55 0.31203703703703706 0.5526041666666667 0.3212962962962963 0.5588541666666667 0.3351851851851852 0.5625 0.3527777777777778 0.565625 0.3574074074074074 0.5807291666666666 0.36018518518518516 0.5911458333333334 0.36944444444444446 0.5994791666666667 0.3685185185185185 0.609375 0.36018518518518516 0.6270833333333333 0.337037037037037 0.6375 0.3277777777777778 0.6729166666666667 0.31666666666666665 0.6807291666666667 0.28425925925925927 0.68125 0.2759259259259259 0.6791666666666667 0.2712962962962963 0.6807291666666667 0.26851851851851855 0.6796875 0.26481481481481484 0.6817708333333333 0.25277777777777777 0.6786458333333333 0.24444444444444444 0.6791666666666667 0.2324074074074074 0.6760416666666667 0.2222222222222222 0.675 0.1962962962962963 0.6729166666666667 0.18703703703703703 0.6572916666666667 0.15555555555555556 0.6541666666666667 0.14351851851851852 0.6364583333333333 0.11203703703703703 0.628125 0.10555555555555556 0.59375 0.10555555555555556 0.5755208333333334 0.10092592592592593 0.5630208333333333 0.08703703703703704 0.5552083333333333 0.07314814814814814 0.546875 0.07314814814814814 0.5432291666666667 0.07592592592592592 0.5375 0.08981481481481482 0.5375 0.11388888888888889 0.5432291666666667 0.14351851851851852 0.53125 0.15092592592592594 0.525 0.15833333333333333 0.5203125 0.17037037037037037 0.5171875 0.19814814814814816