4 0.19322916666666667 0.9851851851851852 0.19270833333333334 0.9935185185185185 0.19635416666666666 0.9935185185185185 0.19739583333333333 0.9898148148148148 0.19322916666666667 0.9851851851851852
4 0.1953125 0.8759259259259259 0.1921875 0.8759259259259259 0.19427083333333334 0.8805555555555555 0.19739583333333333 0.8796296296296297 0.1953125 0.8759259259259259
4 0.0020833333333333333 0.12314814814814815 0.0015625 0.12962962962962962 0 0.13055555555555556 0 0.18425925925925926 0.0046875 0.19444444444444445 0 0.2 0 0.2074074074074074 0.0015625 0.20925925925925926 0 0.21203703703703702 0 0.2212962962962963 0.0015625 0.2222222222222222 0 0.22592592592592592 0 0.24814814814814815 0.005729166666666666 0.26851851851851855 0.015104166666666667 0.2861111111111111 0.043229166666666666 0.3277777777777778 0.043229166666666666 0.35462962962962963 0.04895833333333333 0.36203703703703705 0.058854166666666666 0.36666666666666664 0.09739583333333333 0.36944444444444446 0.10260416666666666 0.375 0.121875 0.3851851851851852 0.13385416666666666 0.4009259259259259 0.1359375 0.41759259259259257 0.13385416666666666 0.4305555555555556 0.1328125 0.4648148148148148 0.13020833333333334 0.4824074074074074 0.125 0.4962962962962963 0.11822916666666666 0.55 0.11458333333333333 0.5601851851851852 0.11458333333333333 0.5685185185185185 0.11822916666666666 0.5833333333333334 0.11822916666666666 0.6092592592592593 0.1234375 0.6194444444444445 0.12708333333333333 0.6342592592592593 0.13072916666666667 0.6416666666666667 0.13541666666666666 0.6601851851851852 0.13958333333333334 0.6888888888888889 0.15572916666666667 0.7166666666666667 0.17552083333333332 0.7731481481481481 0.19010416666666666 0.8009259259259259 0.2109375 0.8305555555555556 0.21822916666666667 0.8462962962962963 0.21927083333333333 0.8546296296296296 0.23697916666666666 0.8574074074074074 0.23854166666666668 0.862037037037037 0.24947916666666667 0.8638888888888889 0.26197916666666665 0.875 0.2760416666666667 0.8805555555555555 0.2864583333333333 0.8805555555555555 0.2989583333333333 0.8851851851851852 0.32447916666666665 0.8851851851851852 0.3359375 0.8824074074074074 0.34739583333333335 0.862037037037037 0.34791666666666665 0.8407407407407408 0.35052083333333334 0.8287037037037037 0.36354166666666665 0.8074074074074075 0.36770833333333336 0.8046296296296296 0.375 0.7898148148148149 0.3854166666666667 0.7796296296296297 0.3885416666666667 0.7611111111111111 0.40572916666666664 0.7351851851851852 0.40625 0.7203703703703703 0.4078125 0.7166666666666667 0.40625 0.7092592592592593 0.4140625 0.6981481481481482 0.4239583333333333 0.6981481481481482 0.42552083333333335 0.7018518518518518 0.4239583333333333 0.7055555555555556 0.425 0.7129629629629629 0.42864583333333334 0.7185185185185186 0.4427083333333333 0.7194444444444444 0.446875 0.7231481481481481 0.4515625 0.7185185185185186 0.4546875 0.7092592592592593 0.45729166666666665 0.6805555555555556 0.45729166666666665 0.6509259259259259 0.475 0.6481481481481481 0.4984375 0.6388888888888888 0.5182291666666666 0.6388888888888888 0.5375 0.6481481481481481 0.5432291666666667 0.6546296296296297 0.55 0.6546296296296297 0.5515625 0.6509259259259259 0.5520833333333334 0.6388888888888888 0.5494791666666666 0.6222222222222222 0.5526041666666667 0.6194444444444445 0.56875 0.6212962962962963 0.5734375 0.6157407407407407 0.5776041666666667 0.6055555555555555 0.5739583333333333 0.5953703703703703 0.5739583333333333 0.5898148148148148 0.5760416666666667 0.5851851851851851 0.59375 0.5916666666666667 0.5994791666666667 0.5916666666666667 0.6052083333333333 0.5851851851851851 0.6057291666666667 0.5805555555555556 0.603125 0.5712962962962963 0.59375 0.5537037037037037 0.5973958333333333 0.5351851851851852 0.596875 0.5277777777777778 0.5911458333333334 0.5166666666666667 0.5807291666666666 0.5055555555555555 0.5536458333333333 0.48703703703703705 0.5145833333333333 0.48703703703703705 0.5 0.4888888888888889 0.4979166666666667 0.49166666666666664 0.4890625 0.4898148148148148 0.49166666666666664 0.48703703703703705 0.4921875 0.4824074074074074 0.48802083333333335 0.4703703703703704 0.48802083333333335 0.45555555555555555 0.4901041666666667 0.4527777777777778 0.4947916666666667 0.4305555555555556 0.49270833333333336 0.4064814814814815 0.49270833333333336 0.3638888888888889 0.4791666666666667 0.3212962962962963 0.46927083333333336 0.30277777777777776 0.46197916666666666 0.2824074074074074 0.4375 0.24166666666666667 0.4322916666666667 0.225 0.42916666666666664 0.2212962962962963 0.3796875 0.20277777777777778 0.3692708333333333 0.1962962962962963 0.3609375 0.18703703703703703 0.34322916666666664 0.17592592592592593 0.3390625 0.17592592592592593 0.3234375 0.1638888888888889 0.31666666666666665 0.16018518518518518 0.3067708333333333 0.16018518518518518 0.2864583333333333 0.16666666666666666 0.2755208333333333 0.17314814814814813 0.2526041666666667 0.19444444444444445 0.24270833333333333 0.20925925925925926 0.2375 0.21203703703703702 0.23489583333333333 0.21666666666666667 0.21927083333333333 0.21944444444444444 0.21666666666666667 0.22314814814814815 0.20625 0.22592592592592592 0.19114583333333332 0.20277777777777778 0.17916666666666667 0.1638888888888889 0.16822916666666668 0.14351851851851852 0.15677083333333333 0.1287037037037037 0.1359375 0.06481481481481481 0.1140625 0.03333333333333333 0.1078125 0.019444444444444445 0.1046875 0.005555555555555556 0.10104166666666667 0 0.0671875 0 0.058333333333333334 0.007407407407407408 0.01875 0.07592592592592592 0.0020833333333333333 0.12314814814814815
4 0.5760416666666667 0.17685185185185184 0.575 0.2361111111111111 0.5765625 0.25 0.5828125 0.26944444444444443 0.5895833333333333 0.3148148148148148 0.59375 0.32314814814814813 0.5979166666666667 0.3416666666666667 0.6036458333333333 0.34814814814814815 0.6083333333333333 0.3592592592592593 0.6057291666666667 0.37592592592592594 0.6 0.39166666666666666 0.59375 0.41944444444444445 0.5911458333333334 0.44166666666666665 0.59375 0.47129629629629627 0.6 0.4888888888888889 0.6015625 0.5 0.6041666666666666 0.5027777777777778 0.6104166666666667 0.5027777777777778 0.6197916666666666 0.48703703703703705 0.6234375 0.4888888888888889 0.6203125 0.49537037037037035 0.6208333333333333 0.5018518518518519 0.6265625 0.5074074074074074 0.6328125 0.5046296296296297 0.6395833333333333 0.4962962962962963 0.6552083333333333 0.4962962962962963 0.6614583333333334 0.48703703703703705 0.6625 0.4546296296296296 0.6609375 0.4444444444444444 0.6578125 0.4425925925925926 0.6572916666666667 0.42407407407407405 0.659375 0.4064814814814815 0.6625 0.3962962962962963 0.665625 0.3962962962962963 0.6791666666666667 0.3824074074074074 0.6869791666666667 0.37962962962962965 0.6927083333333334 0.3712962962962963 0.7 0.3685185185185185 0.7067708333333333 0.3574074074074074 0.7151041666666667 0.35462962962962963 0.7197916666666667 0.34814814814814815 0.7234375 0.34814814814814815 0.7255208333333333 0.3435185185185185 0.7307291666666667 0.3416666666666667 0.7328125 0.337037037037037 0.7375 0.33425925925925926 0.7473958333333334 0.3138888888888889 0.7473958333333334 0.3101851851851852 0.7598958333333333 0.29259259259259257 0.7859375 0.3435185185185185 0.784375 0.3490740740740741 0.7869791666666667 0.35462962962962963 0.784375 0.36018518518518516 0.7822916666666667 0.3574074074074074 0.7828125 0.36203703703703705 0.7796875 0.36944444444444446 0.76875 0.3731481481481482 0.7671875 0.37777777777777777 0.7682291666666666 0.387037037037037 0.7828125 0.4074074074074074 0.7953125 0.4166666666666667 0.8286458333333333 0.4185185185185185 0.8359375 0.4101851851851852 0.8395833333333333 0.4009259259259259 0.8604166666666667 0.36666666666666664 0.8734375 0.33425925925925926 0.875 0.32314814814814813 0.875 0.29907407407407405 0.8786458333333333 0.2777777777777778 0.8791666666666667 0.2518518518518518 0.8854166666666666 0.22314814814814815 0.8869791666666667 0.19907407407407407 0.8911458333333333 0.18518518518518517 0.89375 0.16666666666666666 0.89375 0.09444444444444444 0.8973958333333333 0.08055555555555556 0.8942708333333333 0.06574074074074074 0.89375 0.04814814814814815 0.8916666666666667 0.044444444444444446 0.8833333333333333 0.041666666666666664 0.8848958333333333 0.03518518518518519 0.88125 0.02962962962962963 0.8807291666666667 0.012037037037037037 0.8765625 0 0.8098958333333334 0 0.8072916666666666 0.002777777777777778 0.7979166666666667 0.002777777777777778 0.7947916666666667 0 0.7583333333333333 0 0.7536458333333333 0.002777777777777778 0.7114583333333333 0 0.7067708333333333 0.005555555555555556 0.7036458333333333 0.002777777777777778 0.690625 0.005555555555555556 0.6760416666666667 0.002777777777777778 0.6739583333333333 0 0.6369791666666667 0 0.6260416666666667 0.004629629629629629 0.6130208333333333 0.002777777777777778 0.6119791666666666 0 0.59375 0.000925925925925926 0.5869791666666667 0.005555555555555556 0.5817708333333333 0.041666666666666664 0.5796875 0.13796296296296295 0.5776041666666667 0.14629629629629629 0.5760416666666667 0.17685185185185184
4 0.6255208333333333 0.7601851851851852 0.6260416666666667 0.7685185185185185 0.63125 0.7777777777777778 0.6552083333333333 0.7935185185185185 0.6677083333333333 0.8074074074074075 0.675 0.8314814814814815 0.6807291666666667 0.8694444444444445 0.6838541666666667 0.8796296296296297 0.69375 0.8981481481481481 0.7078125 0.9120370370370371 0.7203125 0.9351851851851852 0.7317708333333334 0.95 0.7333333333333333 0.9555555555555556 0.7302083333333333 0.9685185185185186 0.7302083333333333 0.9796296296296296 0.7244791666666667 0.9842592592592593 0.728125 0.987037037037037 0.7296875 0.9935185185185185 0.7442708333333333 0.9935185185185185 0.75 0.9981481481481481 0.8041666666666667 0.9981481481481481 0.8130208333333333 0.9944444444444445 0.84375 0.9981481481481481 0.8880208333333334 0.9944444444444445 0.9291666666666667 0.9981481481481481 0.9390625 0.9962962962962963 0.940625 0.9925925925925926 0.9421875 0.9962962962962963 0.9432291666666667 0.9944444444444445 0.9333333333333333 0.9888888888888889 0.9109375 0.962037037037037 0.9 0.9555555555555556 0.8979166666666667 0.950925925925926 0.8854166666666666 0.9388888888888889 0.8697916666666666 0.9305555555555556 0.853125 0.9138888888888889 0.8380208333333333 0.9046296296296297 0.8119791666666667 0.8601851851851852 0.80625 0.8555555555555555 0.7885416666666667 0.8592592592592593 0.7791666666666667 0.8462962962962963 0.7760416666666666 0.8462962962962963 0.7630208333333334 0.8324074074074074 0.75 0.8055555555555556 0.7432291666666667 0.7824074074074074 0.7416666666666667 0.7666666666666667 0.7359375 0.7546296296296297 0.725 0.7194444444444444 0.7078125 0.6916666666666667 0.6911458333333333 0.6731481481481482 0.6765625 0.6666666666666666 0.6666666666666666 0.6694444444444444 0.6546875 0.6916666666666667 0.6479166666666667 0.6990740740740741 0.6401041666666667 0.7231481481481481 0.6411458333333333 0.7296296296296296 0.63125 0.7527777777777778 0.6255208333333333 0.7601851851851852
4 0.3151041666666667 0.9935185185185185 0.31302083333333336 0.9981481481481481 0.31588541666666664 0.9981481481481481 0.31614583333333335 0.9935185185185185 0.31875 0.9981481481481481 0.45260416666666664 0.9981481481481481 0.46197916666666666 0.987037037037037 0.5052083333333334 0.987037037037037 0.5291666666666667 0.975925925925926 0.5364583333333334 0.9712962962962963 0.5390625 0.9666666666666667 0.5421875 0.9666666666666667 0.5494791666666666 0.9555555555555556 0.5510416666666667 0.9398148148148148 0.55 0.9351851851851852 0.5432291666666667 0.9305555555555556 0.5286458333333334 0.9305555555555556 0.5223958333333333 0.9342592592592592 0.51875 0.9268518518518518 0.5208333333333334 0.9101851851851852 0.5255208333333333 0.9 0.540625 0.8805555555555555 0.540625 0.8611111111111112 0.5348958333333333 0.8574074074074074 0.525 0.8638888888888889 0.5255208333333333 0.8444444444444444 0.5203125 0.8305555555555556 0.5098958333333333 0.8296296296296296 0.4942708333333333 0.8194444444444444 0.4796875 0.8166666666666667 0.475 0.812962962962963 0.4739583333333333 0.8055555555555556 0.4713541666666667 0.8157407407407408 0.45729166666666665 0.8305555555555556 0.45625 0.8351851851851851 0.4395833333333333 0.8629629629629629 0.4375 0.8759259259259259 0.43385416666666665 0.8833333333333333 0.41875 0.8888888888888888 0.409375 0.9111111111111111 0.4 0.9185185185185185 0.38958333333333334 0.937037037037037 0.37864583333333335 0.937037037037037 0.371875 0.9435185185185185 0.3572916666666667 0.950925925925926 0.3375 0.9685185185185186 0.3151041666666667 0.9935185185185185
4 0.5375 0 0.38697916666666665 0.000925925925925926 0.39739583333333334 0.018518518518518517 0.4078125 0.030555555555555555 0.4125 0.032407407407407406 0.4203125 0.027777777777777776 0.43020833333333336 0.027777777777777776 0.4328125 0.032407407407407406 0.4375 0.05925925925925926 0.4421875 0.06944444444444445 0.4432291666666667 0.07777777777777778 0.4510416666666667 0.1 0.46458333333333335 0.13055555555555556 0.48541666666666666 0.1648148148148148 0.48854166666666665 0.17592592592592593 0.5036458333333333 0.2074074074074074 0.5208333333333334 0.25277777777777777 0.53125 0.26944444444444443 0.5380208333333333 0.2851851851851852 0.5427083333333333 0.28888888888888886 0.55625 0.3101851851851852 0.5802083333333333 0.3101851851851852 0.5828125 0.30462962962962964 0.5822916666666667 0.2851851851851852 0.571875 0.25462962962962965 0.5734375 0.24166666666666667 0.5744791666666667 0.13055555555555556 0.565625 0.08981481481481482 0.5588541666666667 0.07314814814814814 0.546875 0.025925925925925925 0.5375 0
1 0.46979166666666666 0.7398148148148148 0.46770833333333334 0.7509259259259259 0.46875 0.7675925925925926 0.484375 0.7944444444444444 0.4895833333333333 0.8166666666666667 0.5015625 0.8185185185185185 0.5104166666666666 0.8277777777777777 0.515625 0.825925925925926 0.5223958333333333 0.8305555555555556 0.5276041666666667 0.8435185185185186 0.5244791666666667 0.8555555555555555 0.5244791666666667 0.8638888888888889 0.534375 0.8574074074074074 0.5385416666666667 0.8574074074074074 0.5427083333333333 0.862037037037037 0.5427083333333333 0.8796296296296297 0.5265625 0.9027777777777778 0.5213541666666667 0.9148148148148149 0.5213541666666667 0.925 0.5494791666666666 0.9231481481481482 0.5604166666666667 0.9166666666666666 0.571875 0.8888888888888888 0.5739583333333333 0.875 0.571875 0.8416666666666667 0.5671875 0.8185185185185185 0.5625 0.8074074074074075 0.5427083333333333 0.7851851851851852 0.5348958333333333 0.7851851851851852 0.5276041666666667 0.7787037037037037 0.5229166666666667 0.7592592592592593 0.5046875 0.737037037037037 0.4942708333333333 0.7305555555555555 0.48020833333333335 0.7296296296296296 0.47708333333333336 0.7305555555555555 0.46979166666666666 0.7398148148148148
3 0.7671875 0.37407407407407406 0.7666666666666667 0.3824074074074074 0.76875 0.3888888888888889 0.7880208333333333 0.41203703703703703 0.7953125 0.4166666666666667 0.8182291666666667 0.4166666666666667 0.8234375 0.41944444444444445 0.83125 0.4166666666666667 0.8598958333333333 0.3685185185185185 0.8734375 0.3351851851851852 0.8760416666666667 0.29259259259259257 0.878125 0.2824074074074074 0.878125 0.25277777777777777 0.8760416666666667 0.24351851851851852 0.8677083333333333 0.2351851851851852 0.8557291666666667 0.2351851851851852 0.8453125 0.24351851851851852 0.8390625 0.2601851851851852 0.8390625 0.3138888888888889 0.8010416666666667 0.33240740740740743 0.7932291666666667 0.33055555555555555 0.7890625 0.3333333333333333 0.7864583333333334 0.3277777777777778 0.7822916666666667 0.33055555555555555 0.7786458333333334 0.3351851851851852 0.7776041666666667 0.3416666666666667 0.7791666666666667 0.36666666666666664 0.7807291666666667 0.3712962962962963 0.76875 0.3712962962962963 0.7671875 0.37407407407407406
3 0.3921875 0.937962962962963 0.39166666666666666 0.9425925925925925 0.3953125 0.9546296296296296 0.39947916666666666 0.9601851851851851 0.40729166666666666 0.9805555555555555 0.41875 0.9981481481481481 0.44947916666666665 0.9981481481481481 0.46197916666666666 0.9851851851851852 0.5036458333333333 0.987037037037037 0.5109375 0.9851851851851852 0.5203125 0.9777777777777777 0.5328125 0.975925925925926 0.5479166666666667 0.9611111111111111 0.55 0.9574074074074074 0.5520833333333334 0.9416666666666667 0.55 0.9351851851851852 0.5411458333333333 0.9277777777777778 0.5296875 0.9296296296296296 0.5229166666666667 0.937037037037037 0.5182291666666666 0.937962962962963 0.5182291666666666 0.924074074074074 0.5203125 0.912962962962963 0.5276041666666667 0.8981481481481481 0.5416666666666666 0.8777777777777778 0.5421875 0.8685185185185185 0.5401041666666667 0.8611111111111112 0.5333333333333333 0.8601851851851852 0.5223958333333333 0.8694444444444445 0.5213541666666667 0.8638888888888889 0.5234375 0.8601851851851852 0.5255208333333333 0.8416666666666667 0.5208333333333334 0.8324074074074074 0.5104166666666666 0.8324074074074074 0.5005208333333333 0.8231481481481482 0.48802083333333335 0.8212962962962963 0.475 0.8138888888888889 0.4630208333333333 0.8231481481481482 0.4557291666666667 0.8379629629629629 0.45 0.8444444444444444 0.4401041666666667 0.862037037037037 0.4375 0.875 0.4328125 0.8851851851851852 0.41822916666666665 0.8898148148148148 0.4119791666666667 0.9092592592592592 0.4005208333333333 0.9194444444444444 0.3921875 0.937962962962963
3 0.6458333333333334 0.7055555555555556 0.6416666666666667 0.7185185185185186 0.6390625 0.7351851851851852 0.6255208333333333 0.7620370370370371 0.6260416666666667 0.7712962962962963 0.6640625 0.8009259259259259 0.6682291666666667 0.8083333333333333 0.675 0.8305555555555556 0.6807291666666667 0.8703703703703703 0.6916666666666667 0.8935185185185185 0.7072916666666667 0.9101851851851852 0.7203125 0.9351851851851852 0.7223958333333333 0.9351851851851852 0.7317708333333334 0.9481481481481482 0.7375 0.9481481481481482 0.75625 0.9185185185185185 0.7744791666666667 0.8777777777777778 0.7796875 0.875 0.7859375 0.8648148148148148 0.7859375 0.8592592592592593 0.7822916666666667 0.850925925925926 0.7713541666666667 0.8435185185185186 0.7619791666666667 0.8324074074074074 0.75625 0.8212962962962963 0.7557291666666667 0.8166666666666667 0.7505208333333333 0.8101851851851852 0.74375 0.7842592592592592 0.7411458333333333 0.7666666666666667 0.7364583333333333 0.7574074074074074 0.7328125 0.7435185185185185 0.7203125 0.712037037037037 0.70625 0.6898148148148148 0.6875 0.6712962962962963 0.6692708333333334 0.6685185185185185 0.6614583333333334 0.6777777777777778 0.65625 0.6898148148148148 0.6489583333333333 0.6981481481481482 0.6458333333333334 0.7055555555555556
3 0.41354166666666664 0.6972222222222222 0.41041666666666665 0.7037037037037037 0.4109375 0.7092592592592593 0.421875 0.712037037037037 0.4270833333333333 0.7231481481481481 0.4453125 0.7277777777777777 0.45260416666666664 0.725 0.45625 0.7166666666666667 0.4583333333333333 0.7027777777777777 0.4588541666666667 0.6712962962962963 0.45677083333333335 0.6527777777777778 0.4432291666666667 0.6527777777777778 0.4328125 0.6666666666666666 0.42552083333333335 0.687037037037037 0.4192708333333333 0.6898148148148148 0.41354166666666664 0.6972222222222222
3 0.40729166666666666 0.5268518518518519 0.40729166666666666 0.5342592592592592 0.4119791666666667 0.5342592592592592 0.42552083333333335 0.5259259259259259 0.4317708333333333 0.5259259259259259 0.4432291666666667 0.5185185185185185 0.44583333333333336 0.5101851851851852 0.4359375 0.4962962962962963 0.4276041666666667 0.49166666666666664 0.42083333333333334 0.49166666666666664 0.4140625 0.5027777777777778 0.40729166666666666 0.5268518518518519
3 0.3572916666666667 0.6111111111111112 0.35572916666666665 0.6435185185185185 0.35833333333333334 0.6555555555555556 0.3651041666666667 0.6638888888888889 0.3828125 0.6962962962962963 0.39375 0.7074074074074074 0.4005208333333333 0.7092592592592593 0.4109375 0.700925925925926 0.41875 0.6888888888888889 0.425 0.687037037037037 0.4401041666666667 0.6555555555555556 0.4473958333333333 0.649074074074074 0.4640625 0.6509259259259259 0.5078125 0.6388888888888888 0.5223958333333333 0.6435185185185185 0.5380208333333333 0.6555555555555556 0.55 0.6592592592592592 0.5541666666666667 0.6546296296296297 0.5541666666666667 0.6435185185185185 0.5510416666666667 0.6333333333333333 0.5510416666666667 0.6268518518518519 0.5536458333333333 0.6231481481481481 0.5703125 0.6231481481481481 0.5786458333333333 0.6074074074074074 0.5786458333333333 0.600925925925926 0.5739583333333333 0.5925925925925926 0.5755208333333334 0.587037037037037 0.5869791666666667 0.5935185185185186 0.6020833333333333 0.5935185185185186 0.6057291666666667 0.5888888888888889 0.6057291666666667 0.575925925925926 0.5942708333333333 0.5527777777777778 0.5979166666666667 0.5351851851851852 0.596875 0.5259259259259259 0.5916666666666667 0.5166666666666667 0.5791666666666667 0.5027777777777778 0.55625 0.48703703703703705 0.5041666666666667 0.48703703703703705 0.4515625 0.5120370370370371 0.4375 0.5231481481481481 0.4270833333333333 0.5259259259259259 0.3984375 0.5416666666666666 0.371875 0.575925925925926 0.3651041666666667 0.5888888888888889 0.3572916666666667 0.6111111111111112
3 0.41458333333333336 0.6962962962962963 0.41041666666666665 0.7037037037037037 0.4109375 0.7092592592592593 0.421875 0.712037037037037 0.4270833333333333 0.7231481481481481 0.44427083333333334 0.7277777777777777 0.45260416666666664 0.725 0.4552083333333333 0.7212962962962963 0.4583333333333333 0.7027777777777777 0.4578125 0.6555555555555556 0.4552083333333333 0.6509259259259259 0.44479166666666664 0.6509259259259259 0.4322916666666667 0.6685185185185185 0.43072916666666666 0.6759259259259259 0.425 0.687037037037037 0.41458333333333336 0.6962962962962963
3 0.6083333333333333 0.3194444444444444 0.6098958333333333 0.3592592592592593 0.6 0.3907407407407407 0.5901041666666667 0.44166666666666665 0.5901041666666667 0.4527777777777778 0.5942708333333333 0.475 0.6 0.49166666666666664 0.6010416666666667 0.5 0.6052083333333333 0.5055555555555555 0.6114583333333333 0.5046296296296297 0.6166666666666667 0.4981481481481482 0.61875 0.49166666666666664 0.6203125 0.4935185185185185 0.6203125 0.5046296296296297 0.6229166666666667 0.5074074074074074 0.634375 0.5055555555555555 0.6421875 0.4981481481481482 0.65625 0.4981481481481482 0.6609375 0.49166666666666664 0.6625 0.48518518518518516 0.6630208333333333 0.45740740740740743 0.6619791666666667 0.4398148148148148 0.6583333333333333 0.42592592592592593 0.659375 0.39814814814814814 0.6572916666666667 0.3592592592592593 0.6552083333333333 0.3435185185185185 0.6510416666666666 0.3314814814814815 0.6505208333333333 0.3212962962962963 0.6473958333333333 0.3138888888888889 0.6458333333333334 0.3138888888888889 0.6458333333333334 0.3212962962962963 0.64375 0.32314814814814813 0.6401041666666667 0.3138888888888889 0.6375 0.31666666666666665 0.6307291666666667 0.31666666666666665 0.628125 0.31203703703703706 0.6255208333333333 0.31203703703703706 0.6244791666666667 0.31851851851851853 0.6197916666666666 0.31851851851851853 0.6161458333333333 0.3055555555555556 0.6125 0.30925925925925923 0.6109375 0.31666666666666665 0.6083333333333333 0.3194444444444444
3 0.63125 0.30277777777777776 0.6291666666666667 0.30277777777777776 0.63125 0.3074074074074074 0.6317708333333333 0.30462962962962964 0.6385416666666667 0.3074074074074074 0.63125 0.30277777777777776
3 0.7666666666666667 0.37407407407407406 0.7677083333333333 0.387037037037037 0.7744791666666667 0.39814814814814814 0.7880208333333333 0.41203703703703703 0.7947916666666667 0.4166666666666667 0.8291666666666667 0.4185185185185185 0.8359375 0.4101851851851852 0.8364583333333333 0.4064814814814815 0.8604166666666667 0.36666666666666664 0.8692708333333333 0.34629629629629627 0.8729166666666667 0.33425925925925926 0.8729166666666667 0.3277777777777778 0.86875 0.3296296296296296 0.8635416666666667 0.3194444444444444 0.8541666666666666 0.3138888888888889 0.8395833333333333 0.3138888888888889 0.8260416666666667 0.31851851851851853 0.8052083333333333 0.33055555555555555 0.7854166666666667 0.3351851851851852 0.7786458333333334 0.3435185185185185 0.7791666666666667 0.35 0.7817708333333333 0.35185185185185186 0.7791666666666667 0.36018518518518516 0.7791666666666667 0.36666666666666664 0.7817708333333333 0.3685185185185185 0.78125 0.3712962962962963 0.7682291666666666 0.3712962962962963 0.7666666666666667 0.37407407407407406