4 0.6640625 0.9435185185185185 0.6635416666666667 0.9481481481481482 0.6671875 0.9444444444444444 0.6651041666666667 0.9472222222222222 0.6640625 0.9435185185185185
4 0.4942708333333333 0.7555555555555555 0.49166666666666664 0.7935185185185185 0.4979166666666667 0.7981481481481482 0.5078125 0.8185185185185185 0.5098958333333333 0.8185185185185185 0.5145833333333333 0.825925925925926 0.525 0.8231481481481482 0.5286458333333334 0.825925925925926 0.55 0.8231481481481482 0.5515625 0.8194444444444444 0.55625 0.8194444444444444 0.5598958333333334 0.8231481481481482 0.5541666666666667 0.8462962962962963 0.5442708333333334 0.8703703703703703 0.5432291666666667 0.8916666666666667 0.55 0.899074074074074 0.5619791666666667 0.9055555555555556 0.5630208333333333 0.9101851851851852 0.5713541666666667 0.9138888888888889 0.5729166666666666 0.925 0.5755208333333334 0.925 0.5776041666666667 0.9212962962962963 0.58125 0.9259259259259259 0.5859375 0.9259259259259259 0.5875 0.9333333333333333 0.5911458333333334 0.9361111111111111 0.5942708333333333 0.9462962962962963 0.5989583333333334 0.9462962962962963 0.6010416666666667 0.937037037037037 0.6036458333333333 0.9342592592592592 0.6125 0.9398148148148148 0.6140625 0.937037037037037 0.6177083333333333 0.9388888888888889 0.6172916666666667 0.9324074074074075 0.6286458333333333 0.9305555555555556 0.640625 0.9305555555555556 0.65 0.9342592592592592 0.6520833333333333 0.9388888888888889 0.6541666666666667 0.9351851851851852 0.65546875 0.9388888888888889 0.6609375 0.9416666666666667 0.6677083333333333 0.9416666666666667 0.6703125 0.9481481481481482 0.6708333333333333 0.9555555555555556 0.6807291666666667 0.9601851851851851 0.68125 0.9666666666666667 0.6828125 0.9638888888888889 0.6875 0.9685185185185186 0.6942708333333333 0.9694444444444444 0.7036458333333333 0.9824074074074074 0.70625 0.9824074074074074 0.7109375 0.9935185185185185 0.9942708333333333 0.9962962962962963 0.9973958333333334 0.987037037037037 0.9958333333333333 0.9611111111111111 0.9973958333333334 0.9527777777777777 0.9963541666666667 0.9472222222222222 0.9994791666666667 0.9388888888888889 0.9973958333333334 0.937037037037037 0.9973958333333334 0.9324074074074075 0.9994791666666667 0.9277777777777778 0.9958333333333333 0.9222222222222223 0.9958333333333333 0.9083333333333333 0.9973958333333334 0.8962962962962963 0.9973958333333334 0.8546296296296296 0.9994791666666667 0.8527777777777777 0.9994791666666667 0.8296296296296296 0.9973958333333334 0.8277777777777777 0.9973958333333334 0.8101851851851852 0.9994791666666667 0.8074074074074075 0.9994791666666667 0.8027777777777778 0.9973958333333334 0.8 0.9973958333333334 0.7712962962962963 0.9953125 0.7564814814814815 0.9651041666666667 0.7527777777777778 0.9494791666666667 0.7435185185185185 0.9442708333333333 0.7435185185185185 0.9359375 0.737037037037037 0.9276041666666667 0.7351851851851852 0.8807291666666667 0.700925925925926 0.8567708333333334 0.687037037037037 0.8411458333333334 0.6731481481481482 0.8380208333333333 0.6731481481481482 0.8 0.6444444444444445 0.7661458333333333 0.6259259259259259 0.7447916666666666 0.6185185185185185 0.7067708333333333 0.5935185185185186 0.6854166666666667 0.587037037037037 0.6546875 0.5851851851851851 0.6244791666666667 0.5731481481481482 0.6125 0.5712962962962963 0.5807291666666666 0.5712962962962963 0.5625 0.575925925925926 0.55 0.5824074074074074 0.5390625 0.5972222222222222 0.5317708333333333 0.6111111111111112 0.5260416666666666 0.6277777777777778 0.5223958333333333 0.6435185185185185 0.5140625 0.6666666666666666 0.50625 0.7046296296296296 0.5005208333333333 0.7203703703703703 0.4942708333333333 0.7555555555555555
3 0.7984375 0.9916666666666667 0.7979166666666667 0.9935185185185185 0.8020833333333334 0.9935185185185185 0.7984375 0.9916666666666667
3 0.8067708333333333 0.9796296296296296 0.8109375 0.9796296296296296 0.8098958333333334 0.987037037037037 0.8203125 0.9888888888888889 0.8255208333333334 0.9842592592592593 0.8208333333333333 0.975925925925926 0.8067708333333333 0.9796296296296296
3 0.9036458333333334 0.8837962962962963 0.0020833333333333333 0.002777777777777778
3 0.925 0.8574074074074074 0.9234375 0.862037037037037 0.925 0.8648148148148148 0.925 0.8574074074074074
3 0.9700520833333334 0.8550925925925926 0.0005208333333333333 0.000925925925925926
3 0.9 0.8527777777777777 0.8973958333333333 0.8546296296296296 0.8973958333333333 0.8592592592592593 0.8984375 0.8555555555555555 0.9046875 0.8546296296296296 0.9 0.8527777777777777
3 0.99375 0.850925925925926 0.99375 0.8555555555555555 0.99375 0.850925925925926
3 0.9515625 0.7638888888888888 0.9484375 0.7638888888888888 0.9515625 0.7638888888888888
3 0.49375 0.7611111111111111 0.49114583333333334 0.7907407407407407 0.4942708333333333 0.7962962962962963 0.4979166666666667 0.7962962962962963 0.5072916666666667 0.8185185185185185 0.5114583333333333 0.8231481481481482 0.5130208333333334 0.8296296296296296 0.5432291666666667 0.8277777777777777 0.5447916666666667 0.8240740740740741 0.55 0.8231481481481482 0.5520833333333334 0.8194444444444444 0.5598958333333334 0.8222222222222222 0.5536458333333333 0.8472222222222222 0.5505208333333333 0.8518518518518519 0.546875 0.8666666666666667 0.54375 0.8694444444444445 0.5432291666666667 0.8907407407407407 0.546875 0.8962962962962963 0.565625 0.9055555555555556 0.5760416666666667 0.9185185185185185 0.5807291666666666 0.9194444444444444 0.5817708333333333 0.925 0.5880208333333333 0.9259259259259259 0.5927083333333333 0.9314814814814815 0.59375 0.9388888888888889 0.5984375 0.9388888888888889 0.6036458333333333 0.9296296296296296 0.6109375 0.9324074074074075 0.6203125 0.9277777777777778 0.6348958333333333 0.9324074074074075 0.6583333333333333 0.9324074074074075 0.6630208333333333 0.937037037037037 0.6708333333333333 0.9388888888888889 0.6833333333333333 0.962037037037037 0.6958333333333333 0.9685185185185186 0.7057291666666666 0.9796296296296296 0.7130208333333333 0.9935185185185185 0.7317708333333334 0.9935185185185185 0.7473958333333334 0.9898148148148148 0.7609375 0.9935185185185185 0.7614583333333333 0.9888888888888889 0.7776041666666667 0.987037037037037 0.7802083333333333 0.9898148148148148 0.7822916666666667 0.9851851851851852 0.7848958333333333 0.9888888888888889 0.7890625 0.987037037037037 0.7921875 0.9916666666666667 0.796875 0.9916666666666667 0.8005208333333333 0.9842592592592593 0.8015625 0.987037037037037 0.7994791666666666 0.9740740740740741 0.8010416666666667 0.9685185185185186 0.821875 0.9666666666666667 0.8286458333333333 0.9694444444444444 0.828125 0.9666666666666667 0.83125 0.9638888888888889 0.8325520833333333 0.9685185185185186 0.8364583333333333 0.9694444444444444 0.83125 0.9805555555555555 0.834375 0.975 0.834375 0.9805555555555555 0.8416666666666667 0.9824074074074074 0.85 0.9824074074074074 0.8515625 0.9787037037037037 0.8536458333333333 0.9824074074074074 0.8515625 0.987037037037037 0.8567708333333334 0.987037037037037 0.8635416666666667 0.9916666666666667 0.8682291666666667 0.9851851851851852 0.8703125 0.987037037037037 0.8625 0.9657407407407408 0.8682291666666667 0.9601851851851851 0.8708333333333333 0.9425925925925925 0.8755208333333333 0.9351851851851852 0.875 0.9305555555555556 0.8723958333333334 0.9287037037037037 0.875 0.925 0.8739583333333333 0.912962962962963 0.8760416666666667 0.9074074074074074 0.8739583333333333 0.9027777777777778 0.8786458333333333 0.8962962962962963 0.8765625 0.8925925925925926 0.8765625 0.887962962962963 0.88125 0.8759259259259259 0.88125 0.8518518518518519 0.8854166666666666 0.8388888888888889 0.88125 0.8222222222222222 0.8859375 0.8212962962962963 0.8869791666666667 0.8175925925925925 0.8885416666666667 0.8212962962962963 0.8880208333333334 0.8157407407407408 0.89375 0.8101851851851852 0.8921875 0.8027777777777778 0.8953125 0.8 0.8942708333333333 0.7944444444444444 0.8963541666666667 0.7870370370370371 0.9036458333333334 0.7824074074074074 0.9020833333333333 0.774074074074074 0.90625 0.7731481481481481 0.9078125 0.7694444444444445 0.909375 0.7712962962962963 0.9072916666666667 0.7666666666666667 0.9078125 0.7601851851851852 0.91875 0.7546296296296297 0.9197916666666667 0.7574074074074074 0.9229166666666667 0.7555555555555555 0.925 0.7620370370370371 0.9265625 0.7527777777777778 0.9302083333333333 0.7527777777777778 0.9307291666666667 0.7574074074074074 0.9354166666666667 0.7574074074074074 0.9350260416666667 0.7527777777777778 0.9432291666666667 0.7527777777777778 0.9494791666666667 0.7601851851851852 0.9494791666666667 0.7555555555555555 0.9526041666666667 0.7546296296296297 0.9526041666666667 0.7509259259259259 0.946875 0.7462962962962963 0.9390625 0.7462962962962963 0.9338541666666667 0.7398148148148148 0.9260416666666667 0.737037037037037 0.8958333333333334 0.7166666666666667 0.8848958333333333 0.7055555555555556 0.8755208333333333 0.7027777777777777 0.8729166666666667 0.6981481481481482 0.8598958333333333 0.6916666666666667 0.8489583333333334 0.6805555555555556 0.8338541666666667 0.6712962962962963 0.83125 0.6666666666666666 0.7994791666666666 0.6444444444444445 0.76875 0.6277777777777778 0.7442708333333333 0.6185185185185185 0.70625 0.5935185185185186 0.6927083333333334 0.5888888888888889 0.6541666666666667 0.5851851851851851 0.6203125 0.5731481481481482 0.58125 0.5712962962962963 0.5510416666666667 0.5824074074074074 0.54375 0.5888888888888889 0.5333333333333333 0.6074074074074074 0.5229166666666667 0.6435185185185185 0.5151041666666667 0.6638888888888889 0.5098958333333333 0.6907407407407408 0.5005208333333333 0.7222222222222222 0.49375 0.7611111111111111
3 0.10104166666666667 0.850925925925926 0.1015625 0.8657407407407407 0.10989583333333333 0.8842592592592593 0.11354166666666667 0.9092592592592592 0.11770833333333333 0.9185185185185185 0.11875 0.9361111111111111 0.12291666666666666 0.9490740740740741 0.1265625 0.9842592592592593 0.13020833333333334 0.9935185185185185 0.1609375 0.9935185185185185 0.16354166666666667 0.9888888888888889 0.17239583333333333 0.9851851851851852 0.18645833333333334 0.9712962962962963 0.19375 0.9592592592592593 0.19635416666666666 0.9388888888888889 0.19635416666666666 0.9074074074074074 0.19322916666666667 0.8685185185185185 0.18645833333333334 0.8185185185185185 0.18072916666666666 0.7916666666666666 0.1765625 0.7805555555555556 0.17083333333333334 0.7805555555555556 0.14791666666666667 0.8074074074074075 0.12708333333333333 0.8231481481481482 0.12291666666666666 0.8305555555555556 0.11979166666666667 0.8305555555555556 0.11875 0.8351851851851851 0.11614583333333334 0.8351851851851851 0.1015625 0.8481481481481481 0.10104166666666667 0.850925925925926
3 0.0020833333333333333 0.08703703703703704 0.0020833333333333333 0.14629629629629629 0.0036458333333333334 0.16203703703703703 0.0020833333333333333 0.1824074074074074 0.003125 0.22314814814814815 0.0015625 0.24722222222222223 0.0020833333333333333 0.5824074074074074 0.008333333333333333 0.6046296296296296 0.026041666666666668 0.6527777777777778 0.029166666666666667 0.6574074074074074 0.0375 0.6851851851851852 0.058333333333333334 0.7342592592592593 0.065625 0.7462962962962963 0.07552083333333333 0.7796296296296297 0.08541666666666667 0.8027777777777778 0.1 0.8027777777777778 0.10729166666666666 0.7981481481481482 0.11458333333333333 0.7981481481481482 0.11875 0.7944444444444444 0.13072916666666667 0.7916666666666666 0.14895833333333333 0.7777777777777778 0.15833333333333333 0.7666666666666667 0.1609375 0.7666666666666667 0.16614583333333333 0.7574074074074074 0.16822916666666668 0.7481481481481481 0.16041666666666668 0.7018518518518518 0.15989583333333332 0.6833333333333333 0.16197916666666667 0.6648148148148149 0.17552083333333332 0.6416666666666667 0.18385416666666668 0.6388888888888888 0.1953125 0.6481481481481481 0.20989583333333334 0.649074074074074 0.2140625 0.6657407407407407 0.2265625 0.6888888888888889 0.2578125 0.7351851851851852 0.29583333333333334 0.8055555555555556 0.2989583333333333 0.8074074074074075 0.3125 0.8305555555555556 0.32395833333333335 0.8435185185185186 0.3333333333333333 0.8601851851851852 0.35104166666666664 0.862037037037037 0.365625 0.8555555555555555 0.3859375 0.8342592592592593 0.39114583333333336 0.8212962962962963 0.39166666666666666 0.8064814814814815 0.39375 0.8018518518518518 0.3984375 0.8009259259259259 0.40625 0.7935185185185185 0.40729166666666666 0.7888888888888889 0.41041666666666665 0.7870370370370371 0.41770833333333335 0.7731481481481481 0.425 0.7527777777777778 0.43125 0.7268518518518519 0.4395833333333333 0.7046296296296296 0.46041666666666664 0.6935185185185185 0.46770833333333334 0.6796296296296296 0.46927083333333336 0.6666666666666666 0.478125 0.6481481481481481 0.48072916666666665 0.6370370370370371 0.4875 0.587037037037037 0.4895833333333333 0.5074074074074074 0.4859375 0.4898148148148148 0.4791666666666667 0.47129629629629627 0.4552083333333333 0.42777777777777776 0.44947916666666665 0.42314814814814816 0.4432291666666667 0.4101851851851852 0.4359375 0.4027777777777778 0.4192708333333333 0.375 0.4171875 0.3675925925925926 0.41770833333333335 0.362962962962963 0.4244791666666667 0.3638888888888889 0.434375 0.3712962962962963 0.44635416666666666 0.3731481481481482 0.4578125 0.38425925925925924 0.4661458333333333 0.387037037037037 0.4765625 0.39814814814814814 0.48541666666666666 0.4009259259259259 0.4979166666666667 0.4148148148148148 0.5255208333333333 0.4546296296296296 0.5510416666666667 0.48055555555555557 0.5614583333333333 0.4842592592592593 0.5822916666666667 0.48055555555555557 0.5848958333333333 0.4842592592592593 0.5869791666666667 0.4777777777777778 0.5916666666666667 0.47962962962962963 0.5984375 0.462037037037037 0.5989583333333334 0.4398148148148148 0.5927083333333333 0.425 0.5557291666666667 0.3638888888888889 0.55 0.3592592592592593 0.5359375 0.3351851851851852 0.5234375 0.32314814814814813 0.5098958333333333 0.30277777777777776 0.5052083333333334 0.3 0.49375 0.2851851851851852 0.48854166666666665 0.2824074074074074 0.4864583333333333 0.2777777777777778 0.47708333333333336 0.2712962962962963 0.4666666666666667 0.2574074074074074 0.4630208333333333 0.2574074074074074 0.46041666666666664 0.25277777777777777 0.446875 0.24444444444444444 0.42083333333333334 0.23703703703703705 0.39947916666666666 0.2351851851851852 0.39114583333333336 0.23703703703703705 0.38645833333333335 0.24166666666666667 0.3802083333333333 0.23703703703703705 0.3625 0.23703703703703705 0.3546875 0.21851851851851853 0.3385416666666667 0.21203703703703702 0.3328125 0.20555555555555555 0.32395833333333335 0.2064814814814815 0.3171875 0.1935185185185185 0.31302083333333336 0.18981481481481483 0.2833333333333333 0.17314814814814813 0.27447916666666666 0.16018518518518518 0.25677083333333334 0.15 0.23541666666666666 0.13055555555555556 0.22083333333333333 0.12314814814814815 0.21822916666666667 0.11851851851851852 0.21197916666666666 0.11481481481481481 0.20208333333333334 0.11388888888888889 0.19739583333333333 0.10740740740740741 0.17552083333333332 0.09351851851851851 0.153125 0.07314814814814814 0.13385416666666666 0.06481481481481481 0.13385416666666666 0.05740740740740741 0.13072916666666667 0.05 0.1296875 0.03981481481481482 0.10989583333333333 0.002777777777777778 0.022395833333333334 0.002777777777777778 0.015104166666666667 0.005555555555555556 0.009895833333333333 0.019444444444444445 0.005208333333333333 0.021296296296296296 0.004166666666666667 0.027777777777777776 0.0020833333333333333 0.08703703703703704
3 0.7145833333333333 0.1259259259259259 0.7130208333333333 0.18703703703703703 0.7229166666666667 0.21203703703703702 0.7307291666666667 0.22314814814814815 0.7442708333333333 0.23055555555555557 0.7541666666666667 0.22592592592592592 0.7609375 0.21851851851851853 0.7666666666666667 0.20277777777777778 0.7708333333333334 0.17962962962962964 0.7765625 0.16574074074074074 0.7791666666666667 0.1638888888888889 0.78125 0.14814814814814814 0.7932291666666667 0.11203703703703703 0.7979166666666667 0.08888888888888889 0.8020833333333334 0.053703703703703705 0.8036458333333333 0.05092592592592592 0.8078125 0.004629629629629629 0.8036458333333333 0.000925925925925926 0.7859375 0.002777777777777778 0.753125 0 0.74375 0.002777777777777778 0.7375 0.037037037037037035 0.71875 0.09907407407407408 0.7145833333333333 0.1259259259259259
3 0.4041666666666667 0.09814814814814815 0.4036458333333333 0.12407407407407407 0.40729166666666666 0.13240740740740742 0.40677083333333336 0.1537037037037037 0.4197916666666667 0.18981481481481483 0.4328125 0.20925925925925926 0.4375 0.21203703703703702 0.44114583333333335 0.21851851851851853 0.4432291666666667 0.23055555555555557 0.44583333333333336 0.2351851851851852 0.4817708333333333 0.26481481481481484 0.49375 0.2796296296296296 0.4979166666666667 0.2796296296296296 0.5036458333333333 0.25555555555555554 0.5036458333333333 0.23055555555555557 0.5 0.21574074074074073 0.5 0.20092592592592592 0.4953125 0.175 0.49270833333333336 0.14537037037037037 0.49270833333333336 0.12407407407407407 0.4973958333333333 0.12314814814814815 0.5 0.1388888888888889 0.5098958333333333 0.16944444444444445 0.5125 0.18888888888888888 0.5161458333333333 0.1962962962962963 0.5197916666666667 0.21203703703703702 0.5229166666666667 0.21666666666666667 0.5270833333333333 0.24259259259259258 0.5302083333333333 0.25092592592592594 0.5317708333333333 0.26666666666666666 0.5442708333333334 0.31296296296296294 0.5484375 0.31851851851851853 0.55 0.32592592592592595 0.5578125 0.3416666666666667 0.5703125 0.35462962962962963 0.5859375 0.35555555555555557 0.5916666666666667 0.3509259259259259 0.5984375 0.3277777777777778 0.6020833333333333 0.28703703703703703 0.6 0.2722222222222222 0.5973958333333333 0.21481481481481482 0.5989583333333334 0.21481481481481482 0.6 0.22314814814814815 0.6057291666666667 0.23425925925925925 0.6119791666666666 0.25462962962962965 0.628125 0.2777777777777778 0.6369791666666667 0.2824074074074074 0.6453125 0.2824074074074074 0.6552083333333333 0.275 0.6645833333333333 0.262037037037037 0.6640625 0.25833333333333336 0.6677083333333333 0.24351851851851852 0.6666666666666666 0.1962962962962963 0.6635416666666667 0.18611111111111112 0.6619791666666667 0.1685185185185185 0.65625 0.15185185185185185 0.6489583333333333 0.11018518518518519 0.64375 0.09537037037037037 0.6416666666666667 0.07777777777777778 0.6395833333333333 0.07407407407407407 0.634375 0.03518518518518519 0.6317708333333333 0.026851851851851852 0.6317708333333333 0.013888888888888888 0.634375 0.010185185185185186 0.6296875 0.000925925925925926 0.43802083333333336 0.000925925925925926 0.43333333333333335 0.005555555555555556 0.43125 0.013888888888888888 0.42864583333333334 0.013888888888888888 0.4296875 0.020370370370370372 0.428125 0.025925925925925925 0.41302083333333334 0.030555555555555555 0.4114583333333333 0.037037037037037035 0.40677083333333336 0.04259259259259259 0.4083333333333333 0.05 0.40677083333333336 0.05092592592592592 0.40729166666666666 0.06666666666666667 0.41302083333333334 0.075 0.4083333333333333 0.08518518518518518 0.4078125 0.09444444444444444 0.4041666666666667 0.09814814814814815