1 0.22239583333333332 0.026851851851851852 0.22135416666666666 0.041666666666666664 0.22291666666666668 0.05 0.22760416666666666 0.05925925925925926 0.23697916666666666 0.06388888888888888 0.24895833333333334 0.06388888888888888 0.2520833333333333 0.06018518518518518 0.25 0.04351851851851852 0.2453125 0.03425925925925926 0.240625 0.013888888888888888 0.22708333333333333 0.013888888888888888
1 0.2640625 0.6861111111111111 0.2635416666666667 0.7027777777777777 0.2677083333333333 0.7157407407407408 0.28802083333333334 0.7305555555555555 0.29270833333333335 0.7305555555555555 0.2984375 0.7351851851851852 0.31197916666666664 0.7351851851851852 0.32395833333333335 0.7435185185185185 0.34791666666666665 0.7444444444444445 0.35572916666666665 0.7592592592592593 0.3729166666666667 0.7759259259259259 0.37864583333333335 0.7759259259259259 0.38125 0.7731481481481481 0.3848958333333333 0.7601851851851852 0.384375 0.7481481481481481 0.3807291666666667 0.7398148148148148 0.375 0.737037037037037 0.36666666666666664 0.725925925925926 0.35625 0.7212962962962963 0.3421875 0.7074074074074074 0.3390625 0.7074074074074074 0.33177083333333335 0.6981481481481482 0.3260416666666667 0.6962962962962963 0.3098958333333333 0.6777777777777778 0.27239583333333334 0.6620370370370371 0.2682291666666667 0.6675925925925926
1 0.46927083333333336 0.6537037037037037 0.46927083333333336 0.6685185185185185 0.4765625 0.6759259259259259 0.4859375 0.6712962962962963 0.4947916666666667 0.6574074074074074 0.4947916666666667 0.6527777777777778 0.49114583333333334 0.6481481481481481 0.4744791666666667 0.6481481481481481
1 0.49895833333333334 0.5555555555555556 0.4979166666666667 0.5675925925925925 0.5 0.575925925925926 0.5145833333333333 0.5962962962962963 0.5239583333333333 0.5935185185185186 0.5348958333333333 0.5777777777777777 0.5348958333333333 0.5694444444444444 0.5302083333333333 0.562037037037037 0.5104166666666666 0.5462962962962963 0.5036458333333333 0.5481481481481482
1 0.28125 0.16944444444444445 0.2796875 0.18518518518518517 0.28125 0.20092592592592592 0.2890625 0.2101851851851852 0.29635416666666664 0.2064814814814815 0.3 0.1935185185185185 0.3 0.16666666666666666 0.296875 0.1527777777777778 0.28958333333333336 0.1527777777777778
1 0.17864583333333334 0.29444444444444445 0.17708333333333334 0.3074074074074074 0.18125 0.31851851851851853 0.1859375 0.31851851851851853 0.19635416666666666 0.30092592592592593 0.19583333333333333 0.28888888888888886 0.19270833333333334 0.2824074074074074 0.18958333333333333 0.28055555555555556 0.18541666666666667 0.28055555555555556
1 0.4109375 0.7712962962962963 0.4109375 0.7851851851851852 0.4140625 0.8027777777777778 0.41875 0.8166666666666667 0.4546875 0.8435185185185186 0.4713541666666667 0.8638888888888889 0.4796875 0.8694444444444445 0.50625 0.8981481481481481 0.5109375 0.8962962962962963 0.5276041666666667 0.8712962962962963 0.5515625 0.8277777777777777 0.5671875 0.8055555555555556 0.565625 0.7888888888888889 0.5604166666666667 0.7731481481481481 0.5583333333333333 0.7731481481481481 0.55625 0.7685185185185185 0.5442708333333334 0.7685185185185185 0.5390625 0.7731481481481481 0.5385416666666667 0.7685185185185185 0.5328125 0.7583333333333333 0.5359375 0.75 0.5322916666666667 0.7462962962962963 0.5322916666666667 0.7398148148148148 0.5369791666666667 0.737037037037037 0.5291666666666667 0.7305555555555555 0.5276041666666667 0.7324074074074074 0.5197916666666667 0.7194444444444444 0.5114583333333333 0.7138888888888889 0.5072916666666667 0.7138888888888889 0.5 0.7194444444444444 0.48125 0.7398148148148148 0.46770833333333334 0.7601851851851852 0.4510416666666667 0.7759259259259259 0.4348958333333333 0.7777777777777778 0.415625 0.7685185185185185
1 0.5375 0.6620370370370371 0.5369791666666667 0.6666666666666666 0.5473958333333333 0.6851851851851852 0.56875 0.7074074074074074 0.5802083333333333 0.725 0.5947916666666667 0.7601851851851852 0.5984375 0.7620370370370371 0.6203125 0.7305555555555555 0.6229166666666667 0.7296296296296296 0.6369791666666667 0.7055555555555556 0.6427083333333333 0.700925925925926 0.6546875 0.6842592592592592 0.665625 0.6546296296296297 0.6697916666666667 0.6296296296296297 0.6682291666666667 0.6194444444444445 0.6619791666666667 0.6083333333333333 0.6604166666666667 0.600925925925926 0.6567708333333333 0.6 0.6505208333333333 0.5898148148148148 0.64375 0.5898148148148148 0.6375 0.5944444444444444 0.6296875 0.6074074074074074 0.6239583333333333 0.6231481481481481 0.6197916666666666 0.6277777777777778 0.6171875 0.6351851851851852 0.5989583333333334 0.6435185185185185 0.5802083333333333 0.6416666666666667 0.578125 0.6444444444444445 0.5666666666666667 0.6435185185185185 0.5520833333333334 0.6481481481481481 0.5473958333333333 0.6555555555555556
1 0.2833333333333333 0.4166666666666667 0.28177083333333336 0.41944444444444445 0.28177083333333336 0.4305555555555556 0.2838541666666667 0.4351851851851852 0.28854166666666664 0.4388888888888889 0.2989583333333333 0.4398148148148148 0.30625 0.4462962962962963 0.3125 0.4462962962962963 0.3140625 0.44351851851851853 0.31354166666666666 0.4351851851851852 0.30625 0.42592592592592593
3 0.9625 0.987037037037037 0.9609375 0.9981481481481481 0.9994791666666667 0.9962962962962963 0.9994791666666667 0.9120370370370371 0.9942708333333333 0.9138888888888889 0.9817708333333334 0.9305555555555556
3 0.7651041666666667 0.002777777777777778 0.7651041666666667 0.005555555555555556 0.7635416666666667 0.004629629629629629 0.7661458333333333 0.007407407407407408 0.76875 0.019444444444444445 0.7692708333333333 0.03888888888888889 0.7734375 0.04814814814814815 0.775 0.05925925925925926 0.78125 0.06944444444444445 0.7833333333333333 0.09814814814814815 0.7885416666666667 0.13055555555555556 0.7880208333333333 0.14351851851851852 0.7911458333333333 0.1537037037037037 0.7953125 0.19166666666666668 0.8 0.21388888888888888 0.8 0.22592592592592592 0.8046875 0.2537037037037037 0.8088541666666667 0.30462962962962964 0.8125 0.33425925925925926 0.8161458333333333 0.34444444444444444 0.8197916666666667 0.3787037037037037 0.8229166666666666 0.3861111111111111 0.83125 0.4305555555555556 0.8390625 0.45740740740740743 0.8411458333333334 0.487962962962963 0.8442708333333333 0.5046296296296297 0.8515625 0.5212962962962963 0.8526041666666667 0.5287037037037037 0.8510416666666667 0.5314814814814814 0.85 0.55 0.8447916666666667 0.5694444444444444 0.85 0.575925925925926 0.8770833333333333 0.5851851851851851 0.9265625 0.6185185185185185 0.9380208333333333 0.6194444444444445 0.9489583333333333 0.6259259259259259 0.9572916666666667 0.6259259259259259 0.9729166666666667 0.6324074074074074 0.9927083333333333 0.6305555555555555 0.9994791666666667 0.6194444444444445 0.9994791666666667 0.5851851851851851 0.996875 0.5814814814814815 0.9994791666666667 0.5796296296296296 0.9994791666666667 0.5185185185185185 0.9963541666666667 0.5166666666666667 0.9963541666666667 0.512962962962963 0.9994791666666667 0.5101851851851852 0.9994791666666667 0.47962962962962963 0.9947916666666666 0.4703703703703704 0.9994791666666667 0.4638888888888889 0.9994791666666667 0.39351851851851855 0.9958333333333333 0.3888888888888889 0.9958333333333333 0.3861111111111111 0.9994791666666667 0.3824074074074074 0.9994791666666667 0.3212962962962963 0.9958333333333333 0.31851851851851853 0.9880208333333333 0.3212962962962963 0.9802083333333333 0.33055555555555555 0.9661458333333334 0.35555555555555557 0.9552083333333333 0.3638888888888889 0.9552083333333333 0.34814814814814815 0.9520833333333333 0.3296296296296296 0.95 0.2972222222222222 0.9494791666666667 0.262037037037037 0.9473958333333333 0.2564814814814815 0.9473958333333333 0.24351851851851852 0.9442708333333333 0.23333333333333334 0.9442708333333333 0.21851851851851853 0.9416666666666667 0.2064814814814815 0.940625 0.17962962962962964 0.9359375 0.1425925925925926 0.9364583333333333 0.13518518518518519 0.9307291666666667 0.09722222222222222 0.9291666666666667 0.053703703703703705 0.9322916666666666 0.03148148148148148 0.940625 0.013888888888888888 0.9635416666666666 0.012037037037037037 0.9671875 0.016666666666666666 0.96875 0.032407407407407406 0.9755208333333333 0.05 0.9916666666666667 0.0824074074074074 0.99375 0.09166666666666666 0.9958333333333333 0.09166666666666666 0.9973958333333334 0.08611111111111111 0.9994791666666667 0.08518518518518518 0.9994791666666667 0.012037037037037037 0.9979166666666667 0.012037037037037037 0.9942708333333333 0.002777777777777778 0.9880208333333333 0 0.9546875 0 0.9432291666666667 0.002777777777777778 0.940625 0 0.9223958333333333 0 0.9182291666666667 0.002777777777777778 0.9125 0 0.8786458333333333 0 0.8744791666666667 0.002777777777777778 0.85 0.002777777777777778 0.8473958333333333 0 0.815625 0 0.8119791666666667 0.002777777777777778 0.8005208333333333 0.002777777777777778 0.7984375 0 0.7682291666666666 0
3 0.0015625 0.002777777777777778 0 0.004629629629629629 0 0.2796296296296296 0.0015625 0.28055555555555556 0.0015625 0.28703703703703703 0 0.28888888888888886 0 0.41944444444444445 0.0171875 0.4351851851851852 0.03125 0.4546296296296296 0.051041666666666666 0.4685185185185185 0.0765625 0.4962962962962963 0.115625 0.5101851851851852 0.13489583333333333 0.5101851851851852 0.16145833333333334 0.5 0.17291666666666666 0.4824074074074074 0.18020833333333333 0.4638888888888889 0.18333333333333332 0.45 0.18854166666666666 0.4398148148148148 0.20416666666666666 0.44166666666666665 0.22083333333333333 0.4666666666666667 0.2390625 0.4824074074074074 0.24791666666666667 0.48518518518518516 0.25104166666666666 0.4888888888888889 0.28072916666666664 0.4981481481481482 0.3078125 0.5 0.31354166666666666 0.4962962962962963 0.32864583333333336 0.4777777777777778 0.33697916666666666 0.4546296296296296 0.3411458333333333 0.43703703703703706 0.34375 0.38425925925925924 0.33697916666666666 0.3611111111111111 0.325 0.3398148148148148 0.3229166666666667 0.33055555555555555 0.31666666666666665 0.3175925925925926 0.31666666666666665 0.30833333333333335 0.3203125 0.3101851851851852 0.3229166666666667 0.3055555555555556 0.33125 0.30092592592592593 0.340625 0.2759259259259259 0.34427083333333336 0.24814814814814815 0.34270833333333334 0.19444444444444445 0.3375 0.16944444444444445 0.33125 0.1527777777777778 0.31875 0.13240740740740742 0.3171875 0.1259259259259259 0.3 0.09444444444444444 0.29583333333333334 0.09166666666666666 0.2796875 0.06018518518518518 0.26979166666666665 0.04814814814814815 0.26614583333333336 0.03981481481481482 0.2557291666666667 0.02962962962962963 0.23645833333333333 0 0.17552083333333332 0 0.16458333333333333 0.005555555555555556 0.14270833333333333 0 0.11770833333333333 0 0.11458333333333333 0.002777777777777778 0.1015625 0.002777777777777778 0.09739583333333333 0 0.010416666666666666 0
6 0.013020833333333334 0.4675925925925926 0.013020833333333334 0.48333333333333334 0 0.5037037037037037 0 0.762962962962963 0.004166666666666667 0.7657407407407407 0.011979166666666667 0.7638888888888888 0.016145833333333335 0.7685185185185185 0.0171875 0.7601851851851852 0.019791666666666666 0.7601851851851852 0.029166666666666667 0.7657407407407407 0.03177083333333333 0.7620370370370371 0.0328125 0.7537037037037037 0.0375 0.7527777777777778 0.03958333333333333 0.7574074074074074 0.04375 0.7583333333333333 0.04791666666666667 0.7694444444444445 0.04635416666666667 0.7787037037037037 0.05 0.7851851851851852 0.05 0.7907407407407407 0.05364583333333333 0.787962962962963 0.05625 0.7962962962962963 0.059895833333333336 0.7953703703703704 0.07291666666666667 0.8064814814814815 0.08177083333333333 0.8055555555555556 0.0859375 0.8101851851851852 0.17604166666666668 0.7833333333333333 0.2 0.7824074074074074 0.21197916666666666 0.7712962962962963 0.21666666666666667 0.774074074074074 0.23385416666666667 0.7712962962962963 0.24166666666666667 0.7685185185185185 0.2526041666666667 0.7537037037037037 0.2515625 0.7453703703703703 0.2578125 0.725 0.25885416666666666 0.700925925925926 0.26614583333333336 0.6555555555555556 0.2734375 0.5583333333333333 0.27239583333333334 0.5324074074074074 0.2671875 0.5222222222222223 0.2682291666666667 0.5185185185185185 0.26197916666666665 0.5092592592592593 0.240625 0.49537037037037035 0.20989583333333334 0.45925925925925926 0.19583333333333333 0.45092592592592595 0.1875 0.4527777777777778 0.1828125 0.47129629629629627 0.175 0.48333333333333334 0.16927083333333334 0.5092592592592593 0.16041666666666668 0.5092592592592593 0.14791666666666667 0.5203703703703704 0.13854166666666667 0.5185185185185185 0.13020833333333334 0.5222222222222223 0.1125 0.5231481481481481 0.10885416666666667 0.5157407407407407 0.10104166666666667 0.5148148148148148 0.09895833333333333 0.5175925925925926 0.07864583333333333 0.512962962962963 0.046875 0.47314814814814815 0.0265625 0.4638888888888889 0.015104166666666667 0.4638888888888889
6 0.07083333333333333 0.924074074074074 0.059895833333333336 0.9388888888888889 0.05677083333333333 0.937962962962963 0.05416666666666667 0.950925925925926 0.04375 0.9731481481481481 0.029166666666666667 0.9722222222222222 0.021875 0.9787037037037037 0.015104166666666667 0.9796296296296296 0.0125 0.987037037037037 0.008333333333333333 0.9833333333333333 0 0.987037037037037 0 0.9990740740740741 0.22083333333333333 0.9990740740740741 0.2375 0.962037037037037 0.23697916666666666 0.9555555555555556 0.240625 0.9481481481481482 0.24166666666666667 0.9342592592592592 0.24739583333333334 0.925 0.246875 0.9212962962962963 0.2526041666666667 0.9046296296296297 0.25416666666666665 0.862037037037037 0.2515625 0.8574074074074074 0.24375 0.8583333333333333 0.21145833333333333 0.8722222222222222 0.18854166666666666 0.8740740740740741 0.17447916666666666 0.8833333333333333
6 0.6880208333333333 0 0.24583333333333332 0 0.25104166666666666 0.016666666666666666 0.26875 0.03333333333333333 0.27291666666666664 0.04814814814814815 0.28072916666666664 0.05185185185185185 0.28802083333333334 0.06851851851851852 0.31302083333333336 0.10462962962962963 0.31354166666666666 0.11296296296296296 0.3182291666666667 0.125 0.3265625 0.13703703703703704 0.33958333333333335 0.1712962962962963 0.30052083333333335 0.5120370370370371 0.29322916666666665 0.5120370370370371 0.290625 0.5157407407407407 0.290625 0.5472222222222223 0.2890625 0.55 0.290625 0.5537037037037037 0.325 0.5546296296296296 0.35 0.5361111111111111 0.375 0.49444444444444446 0.37916666666666665 0.4759259259259259 0.3796875 0.4601851851851852 0.38385416666666666 0.44537037037037036 0.4322916666666667 0.425 0.4739583333333333 0.3888888888888889 0.4984375 0.37222222222222223 0.5364583333333334 0.33611111111111114 0.6005208333333333 0.2564814814814815 0.6114583333333333 0.2490740740740741 0.6369791666666667 0.21944444444444444 0.6510416666666666 0.1962962962962963 0.66875 0.15648148148148147 0.6760416666666667 0.15 0.684375 0.12222222222222222 0.6854166666666667 0.0962962962962963 0.6802083333333333 0.08148148148148149 0.6828125 0.06851851851851852 0.6864583333333333 0.06574074074074074 0.6927083333333334 0.05 0.6963541666666667 0.019444444444444445 0.6911458333333333 0.002777777777777778
5 0.6932291666666667 0.05 0.69375 0.09166666666666666 0.7 0.12222222222222222 0.7083333333333334 0.14907407407407408 0.7354166666666667 0.21574074074074073 0.7463541666666667 0.24074074074074073 0.7828125 0.3 0.7942708333333334 0.3138888888888889 0.8046875 0.3175925925925926 0.8067708333333333 0.30925925925925923 0.8010416666666667 0.24537037037037038 0.7958333333333333 0.21944444444444444 0.79375 0.18703703703703703 0.7791666666666667 0.08518518518518518 0.7796875 0.07685185185185185 0.7682291666666666 0.05555555555555555 0.7598958333333333 0.016666666666666666 0.7520833333333333 0.011111111111111112 0.7489583333333333 0 0.7041666666666667 0 0.6953125 0.04814814814814815
5 0.9322916666666666 0.05648148148148148 0.93125 0.0712962962962963 0.934375 0.09074074074074075 0.9333333333333333 0.09907407407407408 0.9390625 0.13240740740740742 0.9385416666666667 0.14444444444444443 0.9541666666666667 0.31666666666666665 0.9598958333333333 0.3527777777777778 0.9703125 0.3416666666666667 0.975 0.32685185185185184 0.9838541666666667 0.3175925925925926 0.9875 0.30833333333333335 0.9994791666666667 0.30185185185185187 0.9994791666666667 0.1037037037037037 0.9635416666666666 0.025925925925925925 0.953125 0.022222222222222223 0.9390625 0.02962962962962963