4 0.45208333333333334 0.9962962962962963 0.44947916666666665 0.9981481481481481 0.45729166666666665 0.9981481481481481 0.45208333333333334 0.9962962962962963
4 0.43854166666666666 0.9962962962962963 0.43802083333333336 0.9981481481481481 0.44895833333333335 0.9981481481481481 0.4432291666666667 0.9935185185185185 0.43854166666666666 0.9962962962962963
4 0.6739583333333333 0.9935185185185185 0.6734375 0.9981481481481481 0.6942708333333333 0.9981481481481481 0.7010416666666667 0.9935185185185185 0.7010416666666667 0.9888888888888889 0.6953125 0.9805555555555555 0.6932291666666667 0.9842592592592593 0.6885416666666667 0.9796296296296296 0.6807291666666667 0.9805555555555555 0.6739583333333333 0.9935185185185185
4 0.31875 0.9935185185185185 0.3177083333333333 0.9981481481481481 0.4036458333333333 0.9981481481481481 0.4005208333333333 0.9935185185185185 0.3848958333333333 0.9888888888888889 0.375 0.9805555555555555 0.3614583333333333 0.9805555555555555 0.35833333333333334 0.9777777777777777 0.3302083333333333 0.9824074074074074 0.31875 0.9935185185185185
4 0.08802083333333334 0.975925925925926 0.0796875 0.9916666666666667 0.0765625 0.9935185185185185 0.0765625 0.9981481481481481 0.11197916666666667 0.9981481481481481 0.11770833333333333 0.9962962962962963 0.12083333333333333 0.9935185185185185 0.12135416666666667 0.9888888888888889 0.125 0.987037037037037 0.1296875 0.9888888888888889 0.12864583333333332 0.9935185185185185 0.13645833333333332 0.9981481481481481 0.16770833333333332 0.9981481481481481 0.17708333333333334 0.9935185185185185 0.18072916666666666 0.9888888888888889 0.1859375 0.9981481481481481 0.2796875 0.9981481481481481 0.2833333333333333 0.9935185185185185 0.27708333333333335 0.9935185185185185 0.26875 0.987037037037037 0.246875 0.9824074074074074 0.23802083333333332 0.9777777777777777 0.22395833333333334 0.9796296296296296 0.21875 0.975925925925926 0.20520833333333333 0.9731481481481481 0.19166666666666668 0.9731481481481481 0.16354166666666667 0.962037037037037 0.15208333333333332 0.9648148148148148 0.14010416666666667 0.9805555555555555 0.12760416666666666 0.9796296296296296 0.12135416666666667 0.9740740740740741 0.11875 0.9685185185185186 0.10677083333333333 0.962037037037037 0.1015625 0.962037037037037 0.08802083333333334 0.975925925925926
4 0.7234375 0.9935185185185185 0.7223958333333333 0.9981481481481481 0.7251390625 0.9981481481481481 0.7276041666666667 0.9935185185185185 0.7278817708333333 0.9981481481481481 0.7635416666666667 0.9981481481481481 0.7598958333333333 0.9898148148148148 0.7583333333333333 0.9787037037037037 0.7578125 0.9694444444444444 0.759375 0.9666666666666667 0.7552083333333334 0.9555555555555556 0.7494791666666667 0.950925925925926 0.7395833333333334 0.9648148148148148 0.7375 0.975 0.7302083333333333 0.9916666666666667 0.7234375 0.9935185185185185
4 0.4640625 0.9916666666666667 0.4625 0.9935185185185185 0.4630208333333333 0.9981481481481481 0.5244791666666667 0.9981481481481481 0.5322916666666667 0.9944444444444445 0.5557291666666667 0.9944444444444445 0.5635416666666667 0.9981481481481481 0.6317708333333333 0.9981481481481481 0.6364583333333333 0.9935185185185185 0.6375 0.9851851851851852 0.64375 0.975 0.64375 0.9555555555555556 0.640625 0.9481481481481482 0.63125 0.9435185185185185 0.6119791666666666 0.9462962962962963 0.6057291666666667 0.9231481481481482 0.5994791666666667 0.9166666666666666 0.5916666666666667 0.9166666666666666 0.5822916666666667 0.9212962962962963 0.5786458333333333 0.9259259259259259 0.5729166666666666 0.9259259259259259 0.5619791666666667 0.9138888888888889 0.5552083333333333 0.9138888888888889 0.5447916666666667 0.9231481481481482 0.5375 0.9259259259259259 0.5005208333333333 0.9574074074074074 0.4791666666666667 0.9824074074074074 0.4640625 0.9916666666666667
4 0.33489583333333334 0.9916666666666667 0.3338541666666667 0.9935185185185185 0.33541666666666664 0.9935185185185185 0.33489583333333334 0.9916666666666667
4 0.16848958333333333 0.9925925925925926 0.0005208333333333333 0.001851851851851852
4 0.5682291666666667 0.9916666666666667 0.5619791666666667 0.9935185185185185 0.5708333333333333 0.9935185185185185 0.5682291666666667 0.9916666666666667
4 0.175 0.9893518518518518 0.0010416666666666667 0.000925925925925926
4 0.11822916666666666 0.9888888888888889 0.11666666666666667 0.9898148148148148 0.11979166666666667 0.9898148148148148 0.11822916666666666 0.9888888888888889
4 0.1609375 0.9888888888888889 0.16145833333333334 0.9916666666666667 0.1609375 0.9888888888888889
4 0.1375 0.987037037037037 0.1375 0.9935185185185185 0.14166666666666666 0.9935185185185185 0.1375 0.987037037037037
4 0.24479166666666666 0.9842592592592593 0.24270833333333333 0.9842592592592593 0.24479166666666666 0.9898148148148148 0.24375 0.9916666666666667 0.25104166666666666 0.987037037037037 0.24479166666666666 0.9842592592592593
4 0.09427083333333333 0.9824074074074074 0.09270833333333334 0.9851851851851852 0.09375 0.9888888888888889 0.09739583333333333 0.987037037037037 0.09427083333333333 0.9824074074074074
4 0.19583333333333333 0.9796296296296296 0.19479166666666667 0.9824074074074074 0.19739583333333333 0.9805555555555555 0.19583333333333333 0.9796296296296296
4 0.0984375 0.9796296296296296 0.09739583333333333 0.9805555555555555 0.09947916666666666 0.9805555555555555 0.0984375 0.9796296296296296
4 0.20052083333333334 0.9805555555555555 0.20208333333333334 0.9898148148148148 0.20625 0.9888888888888889 0.209375 0.9935185185185185 0.21302083333333333 0.9944444444444445 0.2234375 0.9935185185185185 0.22604166666666667 0.9888888888888889 0.22916666666666666 0.9916666666666667 0.23697916666666666 0.9916666666666667 0.23958333333333334 0.987037037037037 0.23958333333333334 0.9842592592592593 0.23489583333333333 0.9805555555555555 0.21979166666666666 0.9805555555555555 0.21770833333333334 0.9777777777777777 0.20052083333333334 0.9805555555555555
4 0.18125 0.975925925925926 0.18125 0.9796296296296296 0.1765625 0.987037037037037 0.18177083333333333 0.9916666666666667 0.18541666666666667 0.987037037037037 0.18229166666666666 0.9796296296296296 0.1828125 0.975925925925926 0.18125 0.975925925925926
4 0.15 0.9685185185185186 0.15208333333333332 0.9796296296296296 0.14947916666666666 0.9851851851851852 0.15052083333333333 0.9888888888888889 0.146875 0.9898148148148148 0.146875 0.9935185185185185 0.1546875 0.9907407407407407 0.15572916666666667 0.9935185185185185 0.15625 0.987037037037037 0.1640625 0.987037037037037 0.1640625 0.9824074074074074 0.16875 0.9824074074074074 0.16822916666666668 0.9777777777777777 0.16197916666666667 0.975925925925926 0.15677083333333333 0.9796296296296296 0.15364583333333334 0.9694444444444444 0.15 0.9685185185185186
4 0.6260416666666667 0.950925925925926 0.6255208333333333 0.9527777777777777 0.6260416666666667 0.950925925925926
4 0.5140625 0.2777777777777778 0.5109375 0.2796296296296296 0.5145833333333333 0.2824074074074074 0.5140625 0.2777777777777778
4 0.5114583333333333 0.2601851851851852 0.5114583333333333 0.26851851851851855 0.5145833333333333 0.26944444444444443 0.5171875 0.2638888888888889 0.5161458333333333 0.25925925925925924 0.5114583333333333 0.2601851851851852
4 0.5223958333333333 0.25462962962962965 0.5223958333333333 0.262037037037037 0.5223958333333333 0.25462962962962965
4 0.0203125 0.4388888888888889 0.016145833333333335 0.45555555555555555 0 0.4935185185185185 0 0.7305555555555555 0.00625 0.7435185185185185 0.023958333333333335 0.7648148148148148 0.059375 0.8398148148148148 0.07291666666666667 0.8601851851851852 0.07864583333333333 0.8648148148148148 0.08802083333333334 0.8796296296296297 0.09114583333333333 0.8805555555555555 0.09895833333333333 0.8916666666666667 0.10625 0.9185185185185185 0.10833333333333334 0.937962962962963 0.1078125 0.9481481481481482 0.11145833333333334 0.9648148148148148 0.10572916666666667 0.9694444444444444 0.1046875 0.9805555555555555 0.1078125 0.9777777777777777 0.11197916666666667 0.9824074074074074 0.115625 0.9824074074074074 0.11875 0.9777777777777777 0.12864583333333332 0.9805555555555555 0.14479166666666668 0.9666666666666667 0.15052083333333333 0.9555555555555556 0.1546875 0.9546296296296296 0.16197916666666667 0.9546296296296296 0.17447916666666666 0.9648148148148148 0.19010416666666666 0.9685185185185186 0.1921875 0.975925925925926 0.1953125 0.9712962962962963 0.20572916666666666 0.975 0.22395833333333334 0.9731481481481481 0.23125 0.9685185185185186 0.2328125 0.9629629629629629 0.2390625 0.9555555555555556 0.25625 0.9462962962962963 0.2635416666666667 0.9462962962962963 0.2755208333333333 0.9324074074074075 0.28229166666666666 0.9296296296296296 0.28802083333333334 0.9342592592592592 0.309375 0.9416666666666667 0.32447916666666665 0.9685185185185186 0.3380208333333333 0.9685185185185186 0.35572916666666665 0.9731481481481481 0.365625 0.9712962962962963 0.37083333333333335 0.9796296296296296 0.3703125 0.9842592592592593 0.3671875 0.987037037037037 0.36875 0.9935185185185185 0.3776041666666667 0.987037037037037 0.3796875 0.9824074074074074 0.38177083333333334 0.9898148148148148 0.3932291666666667 0.987037037037037 0.3963541666666667 0.9898148148148148 0.4166666666666667 0.9898148148148148 0.421875 0.9935185185185185 0.4328125 0.9935185185185185 0.44114583333333335 0.987037037037037 0.4609375 0.987037037037037 0.4739583333333333 0.9824074074074074 0.4739583333333333 0.987037037037037 0.47708333333333336 0.9898148148148148 0.47708333333333336 0.9935185185185185 0.4875 0.9981481481481481 0.5046875 0.9962962962962963 0.509375 0.9935185185185185 0.5109375 0.9888888888888889 0.5171875 0.9944444444444445 0.5291666666666667 0.9962962962962963 0.5369791666666667 0.9907407407407407 0.5375 0.9935185185185185 0.5380208333333333 0.9888888888888889 0.5421875 0.9842592592592593 0.5473958333333333 0.9935185185185185 0.5473958333333333 0.9898148148148148 0.5489583333333333 0.9888888888888889 0.5510416666666667 0.9888888888888889 0.55078125 0.9935185185185185 0.5541666666666667 0.9935185185185185 0.55625 0.9898148148148148 0.5619791666666667 0.9888888888888889 0.5630208333333333 0.9824074074074074 0.5666666666666667 0.9824074074074074 0.5682291666666667 0.9796296296296296 0.5734375 0.9805555555555555 0.5744791666666667 0.987037037037037 0.5807291666666666 0.9888888888888889 0.5807291666666666 0.9944444444444445 0.58125 0.9907407407407407 0.5838541666666667 0.9944444444444445 0.5973958333333333 0.9916666666666667 0.6015625 0.9962962962962963 0.6057291666666667 0.9944444444444445 0.609375 0.9981481481481481 0.6125 0.9935185185185185 0.6091145833333333 0.9916666666666667 0.6114583333333333 0.987037037037037 0.6171875 0.987037037037037 0.6208333333333333 0.9916666666666667 0.6208333333333333 0.9981481481481481 0.6223958333333334 0.9944444444444445 0.6236109375000001 0.9981481481481481 0.6291666666666667 0.9981481481481481 0.6270833333333333 0.9935185185185185 0.6302083333333334 0.9898148148148148 0.6291666666666667 0.9842592592592593 0.63125 0.9796296296296296 0.6296875 0.975925925925926 0.6307291666666667 0.9731481481481481 0.6270833333333333 0.9712962962962963 0.6296875 0.9666666666666667 0.6286458333333333 0.962037037037037 0.6255208333333333 0.9601851851851851 0.6229166666666667 0.9666666666666667 0.6182291666666667 0.9638888888888889 0.6197916666666666 0.9555555555555556 0.6182291666666667 0.9583333333333334 0.6166666666666667 0.9555555555555556 0.6083333333333333 0.9629629629629629 0.6057291666666667 0.9296296296296296 0.6015625 0.9296296296296296 0.5994791666666667 0.9259259259259259 0.5911458333333334 0.9231481481481482 0.58125 0.9342592592592592 0.5786458333333333 0.9314814814814815 0.578125 0.9268518518518518 0.575 0.925 0.5703125 0.9296296296296296 0.565625 0.9259259259259259 0.5489583333333333 0.9259259259259259 0.5380208333333333 0.9305555555555556 0.5302083333333333 0.9388888888888889 0.5255208333333333 0.9388888888888889 0.5223958333333333 0.9462962962962963 0.5114583333333333 0.9481481481481482 0.5104166666666666 0.9527777777777777 0.5052083333333334 0.9592592592592593 0.4953125 0.962037037037037 0.4921875 0.9712962962962963 0.48854166666666665 0.9712962962962963 0.4864583333333333 0.9666666666666667 0.475 0.9666666666666667 0.4734375 0.962037037037037 0.46875 0.9592592592592593 0.46822916666666664 0.9481481481481482 0.46510416666666665 0.9444444444444444 0.4666666666666667 0.9435185185185185 0.46875 0.9305555555555556 0.4744791666666667 0.9296296296296296 0.4739583333333333 0.9259259259259259 0.471875 0.9296296296296296 0.4708333333333333 0.9259259259259259 0.46927083333333336 0.9296296296296296 0.46770833333333334 0.9259259259259259 0.46510416666666665 0.9305555555555556 0.46145833333333336 0.9305555555555556 0.45989583333333334 0.9231481481481482 0.4515625 0.9231481481481482 0.44947916666666665 0.9018518518518519 0.45625 0.8796296296296297 0.4552083333333333 0.8592592592592593 0.45260416666666664 0.8462962962962963 0.45625 0.8416666666666667 0.45677083333333335 0.8305555555555556 0.4609375 0.8231481481481482 0.46458333333333335 0.7898148148148149 0.4625 0.775 0.46875 0.7546296296296297 0.46875 0.725925925925926 0.4661458333333333 0.7166666666666667 0.45677083333333335 0.712037037037037 0.4552083333333333 0.7055555555555556 0.44427083333333334 0.6962962962962963 0.4421875 0.6916666666666667 0.4395833333333333 0.6916666666666667 0.4265625 0.6759259259259259 0.42552083333333335 0.6657407407407407 0.43072916666666666 0.6546296296296297 0.43854166666666666 0.6259259259259259 0.44427083333333334 0.6259259259259259 0.44947916666666665 0.6324074074074074 0.4583333333333333 0.6370370370370371 0.4666666666666667 0.6370370370370371 0.4817708333333333 0.6027777777777777 0.4828125 0.5962962962962963 0.49322916666666666 0.5824074074074074 0.50625 0.5777777777777777 0.5171875 0.5777777777777777 0.5369791666666667 0.5685185185185185 0.5390625 0.5638888888888889 0.5390625 0.5546296296296296 0.5364583333333334 0.5342592592592592 0.53125 0.5212962962962963 0.5322916666666667 0.49907407407407406 0.5395833333333333 0.47129629629629627 0.5458333333333333 0.4666666666666667 0.5567708333333333 0.4666666666666667 0.5572916666666666 0.462037037037037 0.5541666666666667 0.44351851851851853 0.5479166666666667 0.42777777777777776 0.5385416666666667 0.4212962962962963 0.5296875 0.4009259259259259 0.5229166666666667 0.39166666666666666 0.5161458333333333 0.3574074074074074 0.5125 0.3472222222222222 0.5130208333333334 0.32592592592592595 0.5104166666666666 0.30925925925925923 0.5114583333333333 0.30092592592592593 0.5052083333333334 0.2916666666666667 0.5041666666666667 0.2824074074074074 0.49895833333333334 0.2824074074074074 0.49375 0.2777777777777778 0.49375 0.25462962962962965 0.5010416666666667 0.25462962962962965 0.49895833333333334 0.25092592592592594 0.5109375 0.2324074074074074 0.5161458333333333 0.22962962962962963 0.5223958333333333 0.2101851851851852 0.5161458333333333 0.15833333333333333 0.5171875 0.12314814814814815 0.5114583333333333 0.11388888888888889 0.5046875 0.10925925925925926 0.49947916666666664 0.10092592592592593 0.48802083333333335 0.08981481481481482 0.484375 0.0824074074074074 0.47708333333333336 0.07592592592592592 0.4734375 0.06666666666666667 0.4630208333333333 0.05555555555555555 0.44479166666666664 0.018518518518518517 0.4427083333333333 0.010185185185185186 0.4375 0.002777777777777778 0.4265625 0.002777777777777778 0.4239583333333333 0 0.3640625 0 0.3572916666666667 0.002777777777777778 0.259375 0 0.2557291666666667 0.002777777777777778 0.24270833333333333 0.025 0.21875 0.05555555555555555 0.16770833333333332 0.13518518518518519 0.16354166666666667 0.1388888888888889 0.16041666666666668 0.14722222222222223 0.15 0.16203703703703703 0.12447916666666667 0.2101851851851852 0.11770833333333333 0.21944444444444444 0.11614583333333334 0.22592592592592592 0.0953125 0.2638888888888889 0.0921875 0.275 0.0578125 0.34444444444444444 0.036458333333333336 0.4027777777777778 0.03177083333333333 0.4101851851851852 0.030208333333333334 0.4185185185185185 0.0203125 0.4388888888888889
4 0.7067708333333333 0.9935185185185185 0.7041666666666667 0.9935185185185185 0.7057291666666666 0.9962962962962963 0.7067708333333333 0.9935185185185185
4 0.9140625 0.9916666666666667 0.9130208333333333 0.9935185185185185 0.9161458333333333 0.9935185185185185 0.9140625 0.9916666666666667
4 0.9114583333333334 0.9805555555555555 0.9104166666666667 0.9814814814814815 0.9114583333333334 0.9805555555555555
4 0.6953125 0.9800925925925926 0.0010416666666666667 0.000925925925925926
4 0.8807291666666667 0.9833333333333333 0.8796875 0.987037037037037 0.884375 0.9944444444444445 0.8859375 0.9935185185185185 0.8859375 0.9888888888888889 0.8895833333333333 0.987037037037037 0.8953125 0.987037037037037 0.9046875 0.9935185185185185 0.9083333333333333 0.9824074074074074 0.8994791666666667 0.9731481481481481 0.8927083333333333 0.9712962962962963 0.8901041666666667 0.9777777777777777 0.8890625 0.975 0.884375 0.975925925925926 0.884375 0.9796296296296296 0.8807291666666667 0.9833333333333333
4 0.7578125 0.8842592592592593 0.7578125 0.8888888888888888 0.7614583333333333 0.8870370370370371 0.7578125 0.8842592592592593
4 0.675 0.8601851851851852 0.6734375 0.862037037037037 0.6755208333333333 0.862037037037037 0.675 0.8601851851851852
4 0.7333333333333333 0.8574074074074074 0.7333333333333333 0.8638888888888889 0.7375 0.8685185185185185 0.7421875 0.8685185185185185 0.7432291666666667 0.8712962962962963 0.7520833333333333 0.8712962962962963 0.75625 0.8685185185185185 0.7479166666666667 0.8601851851851852 0.7348958333333333 0.8601851851851852 0.7333333333333333 0.8574074074074074
4 0.6057291666666667 0.8555555555555555 0.6057291666666667 0.8592592592592593 0.6015625 0.8648148148148148 0.6036458333333333 0.8666666666666667 0.6046875 0.8777777777777778 0.6083333333333333 0.8851851851851852 0.6078125 0.9064814814814814 0.6125 0.9166666666666666 0.6125 0.9296296296296296 0.6145833333333334 0.9324074074074075 0.6260416666666667 0.9342592592592592 0.6385416666666667 0.9305555555555556 0.6442708333333333 0.9342592592592592 0.6421875 0.9388888888888889 0.6390625 0.9388888888888889 0.6432291666666666 0.9407407407407408 0.6479166666666667 0.9592592592592593 0.6432291666666666 0.987037037037037 0.6385416666666667 0.9935185185185185 0.6432291666666666 0.9981481481481481 0.6489583333333333 0.9981481481481481 0.659375 0.9962962962962963 0.6625 0.9935185185185185 0.6635416666666667 0.9888888888888889 0.665625 0.9888888888888889 0.665625 0.9935185185185185 0.6682291666666667 0.9944444444444445 0.6692708333333334 0.975925925925926 0.675 0.9731481481481481 0.6791666666666667 0.9777777777777777 0.68125 0.975 0.6885416666666667 0.975925925925926 0.6916666666666667 0.9731481481481481 0.6880208333333333 0.962037037037037 0.6802083333333333 0.9592592592592593 0.6786458333333333 0.9481481481481482 0.6739583333333333 0.9398148148148148 0.6723958333333333 0.9324074074074075 0.6640625 0.9212962962962963 0.6604166666666667 0.9231481481481482 0.659375 0.9277777777777778 0.6640625 0.9527777777777777 0.659375 0.950925925925926 0.6541666666666667 0.937037037037037 0.6458333333333334 0.9351851851851852 0.6411458333333333 0.9277777777777778 0.6458333333333334 0.9185185185185185 0.6447916666666667 0.9055555555555556 0.6364583333333333 0.8898148148148148 0.6296875 0.8842592592592593 0.6260416666666667 0.8666666666666667 0.6229166666666667 0.8694444444444445 0.6192708333333333 0.862037037037037 0.6145833333333334 0.8583333333333333 0.6125 0.8462962962962963 0.6125 0.85 0.6057291666666667 0.8555555555555555
4 0.43072916666666666 0.8435185185185186 0.4296875 0.8462962962962963 0.4270833333333333 0.8453703703703703 0.42916666666666664 0.8481481481481481 0.43125 0.8462962962962963 0.43072916666666666 0.8435185185185186
4 0.5989583333333334 0.8324074074074074 0.5984375 0.8351851851851851 0.5989583333333334 0.8324074074074074
4 0.6955729166666667 0.8203703703703704 0.0005208333333333333 0.001851851851851852
4 0.5984375 0.8064814814814815 0.5979166666666667 0.8138888888888889 0.6057291666666667 0.8138888888888889 0.6052083333333333 0.8101851851851852 0.5984375 0.8064814814814815
4 0.6325520833333333 0.799074074074074 0.0005208333333333333 0.001851851851851852
4 0.5815104166666667 0.750462962962963 0.0005208333333333333 0.000925925925925926
4 0.6083333333333333 0.75 0.6125 0.7601851851851852 0.6130208333333333 0.7555555555555555 0.6161458333333333 0.7509259259259259 0.6135416666666667 0.7462962962962963 0.6083333333333333 0.75
4 0.6369791666666667 0.8148148148148148 0.6348958333333333 0.8194444444444444 0.6369791666666667 0.8231481481481482 0.6348958333333333 0.8314814814814815 0.6390625 0.8481481481481481 0.65 0.8592592592592593 0.6484375 0.862037037037037 0.65 0.8731481481481481 0.65625 0.8833333333333333 0.6572916666666667 0.8898148148148148 0.6604166666666667 0.8916666666666667 0.6630208333333333 0.899074074074074 0.6692708333333334 0.9074074074074074 0.6760416666666667 0.9305555555555556 0.6901041666666666 0.950925925925926 0.69375 0.962037037037037 0.7041666666666667 0.9731481481481481 0.7125 0.9898148148148148 0.7166666666666667 0.9888888888888889 0.7177083333333333 0.9916666666666667 0.7239583333333334 0.9935185185185185 0.7265625 0.987037037037037 0.7296875 0.987037037037037 0.7322916666666667 0.9768518518518519 0.7484375 0.9462962962962963 0.7541666666666667 0.9462962962962963 0.759375 0.9583333333333334 0.7598958333333333 0.975 0.7630208333333334 0.9962962962962963 0.8057291666666667 0.9981481481481481 0.8229166666666666 0.9944444444444445 0.8416666666666667 0.9944444444444445 0.8541666666666666 0.9981481481481481 0.8723958333333334 0.9935185185185185 0.875 0.987037037037037 0.8760416666666667 0.9601851851851851 0.8723958333333334 0.9592592592592593 0.8744791666666667 0.9555555555555556 0.875 0.9462962962962963 0.8744791666666667 0.8851851851851852 0.8682291666666667 0.8592592592592593 0.8677083333333333 0.8481481481481481 0.8645833333333334 0.8416666666666667 0.8609375 0.8240740740740741 0.8578125 0.8212962962962963 0.853125 0.7981481481481482 0.8479166666666667 0.7851851851851852 0.8458333333333333 0.7712962962962963 0.8416666666666667 0.7620370370370371 0.8395833333333333 0.7620370370370371 0.8359375 0.7555555555555555 0.83125 0.7527777777777778 0.8239583333333333 0.7555555555555555 0.8223958333333333 0.7592592592592593 0.8119791666666667 0.7666666666666667 0.790625 0.7666666666666667 0.7875 0.7638888888888888 0.7421875 0.7666666666666667 0.7348958333333333 0.7574074074074074 0.7307291666666667 0.7444444444444445 0.7140625 0.7462962962962963 0.7104166666666667 0.7509259259259259 0.7015625 0.7527777777777778 0.6953125 0.7620370370370371 0.6875 0.7601851851851852 0.6791666666666667 0.7666666666666667 0.6755208333333333 0.7796296296296297 0.6791666666666667 0.7851851851851852 0.6833333333333333 0.7870370370370371 0.6817708333333333 0.8 0.678125 0.8018518518518518 0.6765625 0.7981481481481482 0.6708333333333333 0.7981481481481482 0.6677083333333333 0.7944444444444444 0.6614583333333334 0.8009259259259259 0.6494791666666667 0.8009259259259259 0.6484375 0.8074074074074075 0.6447916666666667 0.8101851851851852 0.64375 0.8166666666666667 0.6369791666666667 0.8148148148148148
4 0.6020833333333333 0.7851851851851852 0.6046875 0.7888888888888889 0.6010416666666667 0.7944444444444444 0.6005208333333333 0.799074074074074 0.6020833333333333 0.8 0.6046875 0.7935185185185185 0.6130208333333333 0.7935185185185185 0.615625 0.8046296296296296 0.609375 0.8046296296296296 0.6083333333333333 0.8074074074074075 0.6140625 0.812037037037037 0.6208333333333333 0.8074074074074075 0.6208333333333333 0.8046296296296296 0.6166666666666667 0.8027777777777778 0.6223958333333334 0.7935185185185185 0.6416666666666667 0.7935185185185185 0.64375 0.7851851851851852 0.6458333333333334 0.7824074074074074 0.6473958333333333 0.7851851851851852 0.65 0.7777777777777778 0.6546875 0.7796296296296297 0.65625 0.7777777777777778 0.65625 0.7722222222222223 0.6604166666666667 0.7712962962962963 0.6625 0.7638888888888888 0.6609375 0.7601851851851852 0.6541666666666667 0.7583333333333333 0.6567708333333333 0.7546296296296297 0.6546875 0.7509259259259259 0.6546875 0.7416666666666667 0.6458333333333334 0.7444444444444445 0.6432291666666666 0.7481481481481481 0.6369791666666667 0.7444444444444445 0.6322916666666667 0.7509259259259259 0.6317708333333333 0.7555555555555555 0.6286458333333333 0.7574074074074074 0.6239583333333333 0.7759259259259259 0.6208333333333333 0.7712962962962963 0.6177083333333333 0.774074074074074 0.6166666666666667 0.7694444444444445 0.6135416666666667 0.7685185185185185 0.6125 0.7648148148148148 0.6114583333333333 0.7685185185185185 0.6130208333333333 0.775 0.6109375 0.7777777777777778 0.6109375 0.7870370370370371 0.60625 0.7851851851851852 0.6046875 0.787962962962963 0.6020833333333333 0.7851851851851852
4 0.64375 0.7277777777777777 0.64375 0.7351851851851852 0.6473958333333333 0.7305555555555555 0.6505208333333333 0.7305555555555555 0.6515625 0.725925925925926 0.6510416666666666 0.7231481481481481 0.6463541666666667 0.7231481481481481 0.64375 0.7277777777777777
4 0.4734375 0.7212962962962963 0.4713541666666667 0.7435185185185185 0.47239583333333335 0.75 0.4703125 0.7601851851851852 0.4708333333333333 0.7731481481481481 0.46927083333333336 0.7759259259259259 0.4713541666666667 0.7851851851851852 0.4708333333333333 0.7916666666666666 0.46875 0.7944444444444444 0.4713541666666667 0.8055555555555556 0.4671875 0.8074074074074075 0.4666666666666667 0.8101851851851852 0.4666666666666667 0.8138888888888889 0.4713541666666667 0.8194444444444444 0.4666666666666667 0.8212962962962963 0.4630208333333333 0.8268518518518518 0.4635416666666667 0.8342592592592593 0.45989583333333334 0.8435185185185186 0.4557291666666667 0.8444444444444444 0.4557291666666667 0.837037037037037 0.45416666666666666 0.8351851851851851 0.44479166666666664 0.8388888888888889 0.4421875 0.8342592592592593 0.44166666666666665 0.8416666666666667 0.43854166666666666 0.8462962962962963 0.43645833333333334 0.8435185185185186 0.4328125 0.8444444444444444 0.43854166666666666 0.8481481481481481 0.45 0.8481481481481481 0.45260416666666664 0.8527777777777777 0.4552083333333333 0.8527777777777777 0.4583333333333333 0.8666666666666667 0.46041666666666664 0.8694444444444445 0.4609375 0.875 0.45625 0.8777777777777778 0.4510416666666667 0.9027777777777778 0.45260416666666664 0.9342592592592592 0.4557291666666667 0.9388888888888889 0.45625 0.9527777777777777 0.45989583333333334 0.9481481481481482 0.46927083333333336 0.9453703703703704 0.46979166666666666 0.9481481481481482 0.4703125 0.9435185185185185 0.4734375 0.9398148148148148 0.4786458333333333 0.9435185185185185 0.4828125 0.9555555555555556 0.48020833333333335 0.9601851851851851 0.48333333333333334 0.962037037037037 0.4875 0.9592592592592593 0.48802083333333335 0.9555555555555556 0.5020833333333333 0.9527777777777777 0.5046875 0.9444444444444444 0.5171875 0.9388888888888889 0.5213541666666667 0.9277777777777778 0.5364583333333334 0.9231481481481482 0.5510416666666667 0.9101851851851852 0.5635416666666667 0.9101851851851852 0.5734375 0.9185185185185185 0.5796875 0.9185185185185185 0.5901041666666667 0.9101851851851852 0.5979166666666667 0.9101851851851852 0.5994791666666667 0.9074074074074074 0.5979166666666667 0.9037037037037037 0.5989583333333334 0.8805555555555555 0.596875 0.8740740740740741 0.596875 0.8648148148148148 0.5942708333333333 0.8629629629629629 0.59375 0.8527777777777777 0.5901041666666667 0.8481481481481481 0.5776041666666667 0.8416666666666667 0.5625 0.8203703703703704 0.5619791666666667 0.8148148148148148 0.5645833333333333 0.8101851851851852 0.5666666666666667 0.8138888888888889 0.5744791666666667 0.8101851851851852 0.5734375 0.8027777777777778 0.5708333333333333 0.7981481481481482 0.5682291666666667 0.8055555555555556 0.565625 0.8074074074074075 0.565625 0.7962962962962963 0.5671875 0.7935185185185185 0.5661458333333333 0.7916666666666666 0.5645833333333333 0.7953703703703704 0.5625 0.7898148148148149 0.5583333333333333 0.7888888888888889 0.5567708333333333 0.7907407407407407 0.5583333333333333 0.8055555555555556 0.5526041666666667 0.8055555555555556 0.5494791666666666 0.8101851851851852 0.546875 0.8101851851851852 0.5453125 0.8064814814814815 0.5484375 0.8027777777777778 0.55 0.7851851851851852 0.54375 0.7768518518518519 0.5432291666666667 0.7712962962962963 0.5390625 0.7759259259259259 0.5380208333333333 0.7685185185185185 0.5317708333333333 0.7666666666666667 0.5260416666666666 0.7601851851851852 0.5166666666666667 0.7601851851851852 0.5145833333333333 0.7574074074074074 0.5104166666666666 0.7592592592592593 0.5083333333333333 0.7527777777777778 0.5041666666666667 0.7509259259259259 0.49947916666666664 0.7398148148148148 0.49635416666666665 0.7379629629629629 0.4942708333333333 0.7305555555555555 0.4859375 0.7212962962962963 0.4786458333333333 0.7185185185185186 0.4734375 0.7212962962962963
4 0.6614583333333334 0.7185185185185186 0.6567708333333333 0.7203703703703703 0.659375 0.7212962962962963 0.6614583333333334 0.7185185185185186
4 0.5536458333333333 0.6935185185185185 0.5536458333333333 0.6962962962962963 0.5536458333333333 0.6935185185185185
4 0.5072916666666667 0.6712962962962963 0.5083333333333333 0.6759259259259259 0.5145833333333333 0.6824074074074075 0.5208333333333334 0.6805555555555556 0.5151041666666667 0.6712962962962963 0.5072916666666667 0.6712962962962963
4 0.5052083333333334 0.6694444444444444 0.5046875 0.6712962962962963 0.50625 0.6712962962962963 0.5052083333333334 0.6694444444444444
4 0.7994791666666666 0.662962962962963 0.7984375 0.6675925925925926 0.8 0.6712962962962963 0.8010416666666667 0.6666666666666666 0.7994791666666666 0.662962962962963
4 0.6885416666666667 0.5935185185185186 0.6875 0.6194444444444445 0.6854166666666667 0.6212962962962963 0.6822916666666666 0.6351851851851852 0.6817708333333333 0.6592592592592592 0.6838541666666667 0.6666666666666666 0.6838541666666667 0.6805555555555556 0.6817708333333333 0.6953703703703704 0.6796875 0.700925925925926 0.6692708333333334 0.712037037037037 0.6692708333333334 0.7166666666666667 0.6729166666666667 0.7194444444444444 0.6723958333333333 0.7231481481481481 0.6760416666666667 0.725925925925926 0.68125 0.7398148148148148 0.6864583333333333 0.7388888888888889 0.6911458333333333 0.7342592592592593 0.6963541666666667 0.7351851851851852 0.7036458333333333 0.7305555555555555 0.7098958333333333 0.7305555555555555 0.7197916666666667 0.7231481481481481 0.7239583333333334 0.7231481481481481 0.725 0.7185185185185186 0.7291666666666666 0.7166666666666667 0.7380208333333333 0.687037037037037 0.7489583333333333 0.675 0.75 0.6703703703703704 0.7557291666666667 0.662962962962963 0.759375 0.6462962962962963 0.7572916666666667 0.6398148148148148 0.7479166666666667 0.6277777777777778 0.7395833333333334 0.6231481481481481 0.7286458333333333 0.612037037037037 0.7255208333333333 0.612037037037037 0.71875 0.6027777777777777 0.7125 0.600925925925926 0.6958333333333333 0.5777777777777777 0.6921875 0.5805555555555556 0.690625 0.5916666666666667 0.6885416666666667 0.5935185185185186
4 0.4703125 0.6388888888888888 0.46927083333333336 0.6481481481481481 0.4828125 0.6620370370370371 0.5041666666666667 0.6620370370370371 0.5052083333333334 0.6574074074074074 0.5036458333333333 0.6555555555555556 0.49375 0.6518518518518519 0.4973958333333333 0.6407407407407407 0.5005208333333333 0.6370370370370371 0.5276041666666667 0.6324074074074074 0.53125 0.6435185185185185 0.5255208333333333 0.6462962962962963 0.5208333333333334 0.6527777777777778 0.5208333333333334 0.6574074074074074 0.5255208333333333 0.6666666666666666 0.5239583333333333 0.6703703703703704 0.5239583333333333 0.6787037037037037 0.5328125 0.6759259259259259 0.534375 0.6777777777777778 0.5333333333333333 0.6805555555555556 0.5416666666666666 0.6916666666666667 0.5453125 0.687037037037037 0.5484375 0.687037037037037 0.5484375 0.7027777777777777 0.55 0.7083333333333334 0.5526041666666667 0.7101851851851851 0.5489583333333333 0.700925925925926 0.5552083333333333 0.700925925925926 0.5572916666666666 0.7101851851851851 0.5625 0.7138888888888889 0.5921875 0.6962962962962963 0.6177083333333333 0.6990740740740741 0.6213541666666667 0.6935185185185185 0.6213541666666667 0.6888888888888889 0.6177083333333333 0.6824074074074075 0.6140625 0.6777777777777778 0.6067708333333334 0.6759259259259259 0.5916666666666667 0.6509259259259259 0.5885416666666666 0.6509259259259259 0.5848958333333333 0.6462962962962963 0.5807291666666666 0.649074074074074 0.5791666666666667 0.6462962962962963 0.58125 0.6259259259259259 0.5796875 0.6222222222222222 0.5786458333333333 0.600925925925926 0.5760416666666667 0.5925925925925926 0.575 0.5657407407407408 0.5786458333333333 0.5509259259259259 0.58125 0.5231481481481481 0.5807291666666666 0.5101851851851852 0.5760416666666667 0.4935185185185185 0.5666666666666667 0.4759259259259259 0.5635416666666667 0.4740740740740741 0.5458333333333333 0.4740740740740741 0.5421875 0.4759259259259259 0.5385416666666667 0.48333333333333334 0.5348958333333333 0.5064814814814815 0.5348958333333333 0.5203703703703704 0.5411458333333333 0.5370370370370371 0.5432291666666667 0.5648148148148148 0.5427083333333333 0.5851851851851851 0.5322916666666667 0.575925925925926 0.5239583333333333 0.5805555555555556 0.5119791666666667 0.5805555555555556 0.49947916666666664 0.587037037037037 0.4942708333333333 0.587037037037037 0.4875 0.5962962962962963 0.4765625 0.6185185185185185 0.475 0.6277777777777778 0.4703125 0.6388888888888888
4 0.9864583333333333 0.9851851851851852 0.9854166666666667 0.987037037037037 0.9875 0.9916666666666667 0.9890625 0.987037037037037 0.9911458333333333 0.987037037037037 0.9864583333333333 0.9851851851851852
4 0.9494791666666667 0.9851851851851852 0.9484375 0.987037037037037 0.9609375 0.987037037037037 0.9494791666666667 0.9851851851851852
4 0.9380208333333333 0.9851851851851852 0.9375 0.987037037037037 0.9421875 0.9888888888888889 0.9442708333333333 0.987037037037037 0.9380208333333333 0.9851851851851852
4 0.9307291666666667 0.8824074074074074 0.9276041666666667 0.8842592592592593 0.9307291666666667 0.8824074074074074
4 0.9322916666666666 0.8759259259259259 0.93125 0.8805555555555555 0.9322916666666666 0.8759259259259259
4 0.940625 0.8888888888888888 0.9473958333333333 0.8953703703703704 0.9494791666666667 0.899074074074074 0.9489583333333333 0.9027777777777778 0.9473958333333333 0.9055555555555556 0.9375 0.9055555555555556 0.9364583333333333 0.9120370370370371 0.93125 0.9138888888888889 0.9354166666666667 0.9138888888888889 0.9427083333333334 0.9212962962962963 0.9427083333333334 0.9259259259259259 0.9375 0.9277777777777778 0.9453125 0.9305555555555556 0.9458333333333333 0.9351851851851852 0.9489583333333333 0.937037037037037 0.9505208333333334 0.9435185185185185 0.9526041666666667 0.9435185185185185 0.9567708333333333 0.95 0.9572916666666667 0.9555555555555556 0.9598958333333333 0.9574074074074074 0.9572916666666667 0.9638888888888889 0.9598958333333333 0.9638888888888889 0.9609375 0.9592592592592593 0.9729166666666667 0.962037037037037 0.9796875 0.9601851851851851 0.9817708333333334 0.9666666666666667 0.99375 0.9666666666666667 0.99375 0.9342592592592592 0.9890625 0.9287037037037037 0.9911458333333333 0.925 0.9901041666666667 0.9194444444444444 0.9869791666666666 0.9166666666666666 0.978125 0.9212962962962963 0.9723958333333333 0.9157407407407407 0.9739583333333334 0.9101851851851852 0.9734375 0.899074074074074 0.9802083333333333 0.8962962962962963 0.98125 0.8935185185185185 0.9807291666666667 0.8805555555555555 0.9770833333333333 0.8759259259259259 0.9708333333333333 0.875 0.9666666666666667 0.8638888888888889 0.9640625 0.8685185185185185 0.9515625 0.8666666666666667 0.95 0.8685185185185185 0.9505208333333334 0.8759259259259259 0.9458333333333333 0.8796296296296297 0.9463541666666667 0.8842592592592593 0.940625 0.8888888888888888
4 0.9354166666666667 0.8462962962962963 0.9348958333333334 0.850925925925926 0.9375 0.850925925925926 0.9432291666666667 0.8444444444444444 0.9411458333333333 0.8462962962962963 0.9375 0.8435185185185186 0.9354166666666667 0.8462962962962963
4 0.9703125 0.7777777777777778 0.9692708333333333 0.7796296296296297 0.9703125 0.7777777777777778
4 0.9380208333333333 0.7962962962962963 0.9375 0.8074074074074075 0.9338541666666667 0.8148148148148148 0.9338541666666667 0.8240740740740741 0.9411458333333333 0.8342592592592593 0.94375 0.8351851851851851 0.9447916666666667 0.8324074074074074 0.946875 0.8361111111111111 0.9484375 0.8398148148148148 0.9484375 0.8555555555555555 0.9776041666666667 0.8574074074074074 0.9786458333333333 0.8592592592592593 0.9760416666666667 0.862037037037037 0.975 0.8675925925925926 0.9765625 0.8712962962962963 0.9859375 0.8712962962962963 0.9942708333333333 0.8666666666666667 0.99375 0.8490740740740741 0.9890625 0.8435185185185186 0.9875 0.837037037037037 0.9822916666666667 0.8342592592592593 0.9802083333333333 0.825925925925926 0.9739583333333334 0.8185185185185185 0.9791666666666666 0.812037037037037 0.9895833333333334 0.812037037037037 0.9932291666666667 0.8092592592592592 0.9953125 0.8018518518518518 0.9994791666666667 0.8 0.9994791666666667 0.7842592592592592 0.9953125 0.7814814814814814 0.9942708333333333 0.774074074074074 0.9911458333333333 0.7694444444444445 0.9786458333333333 0.7694444444444445 0.9760416666666667 0.7759259259259259 0.978125 0.7824074074074074 0.9760416666666667 0.7870370370370371 0.9744791666666667 0.799074074074074 0.9760416666666667 0.8046296296296296 0.9739583333333334 0.8092592592592592 0.9630208333333333 0.8092592592592592 0.95625 0.8009259259259259 0.9505208333333334 0.8 0.94375 0.7935185185185185 0.9395833333333333 0.7935185185185185 0.9380208333333333 0.7962962962962963
4 0.9765625 0.7481481481481481 0.9760416666666667 0.7574074074074074 0.9880208333333333 0.7574074074074074 0.9875 0.7435185185185185 0.9765625 0.7481481481481481
4 0.9044270833333333 0.7407407407407407 0.0005208333333333333 0.001851851851851852
4 0.8625 0.7398148148148148 0.8578125 0.7481481481481481 0.8578125 0.7518518518518519 0.8614583333333333 0.7555555555555555 0.8671875 0.7527777777777778 0.8682291666666667 0.7787037037037037 0.8729166666666667 0.7824074074074074 0.8729166666666667 0.7916666666666666 0.8770833333333333 0.7916666666666666 0.8828125 0.7962962962962963 0.88125 0.8055555555555556 0.86875 0.8101851851851852 0.8661458333333333 0.8185185185185185 0.8671875 0.8277777777777777 0.8739583333333333 0.8324074074074074 0.8723958333333334 0.8481481481481481 0.8770833333333333 0.8546296296296296 0.8765625 0.8629629629629629 0.8807291666666667 0.8759259259259259 0.8791666666666667 0.9333333333333333 0.8822916666666667 0.9444444444444444 0.8828125 0.9555555555555556 0.8854166666666666 0.9555555555555556 0.8875 0.9638888888888889 0.9010416666666666 0.9638888888888889 0.9098958333333333 0.9685185185185186 0.9182291666666667 0.9685185185185186 0.9182291666666667 0.9555555555555556 0.9197916666666667 0.950925925925926 0.9234375 0.9481481481481482 0.9234375 0.937037037037037 0.9255208333333333 0.9324074074074075 0.9244791666666666 0.9138888888888889 0.9223958333333333 0.9101851851851852 0.9239583333333333 0.9074074074074074 0.9239583333333333 0.8768518518518519 0.9265625 0.8731481481481481 0.9239583333333333 0.8666666666666667 0.9286458333333333 0.862037037037037 0.9244791666666666 0.8518518518518519 0.9260416666666667 0.8398148148148148 0.925 0.8351851851851851 0.9229166666666667 0.8342592592592593 0.9229166666666667 0.8314814814814815 0.925 0.8305555555555556 0.925 0.812037037037037 0.9208333333333333 0.8064814814814815 0.925 0.8046296296296296 0.925 0.7898148148148149 0.9307291666666667 0.7842592592592592 0.9364583333333333 0.7842592592592592 0.9380208333333333 0.7888888888888889 0.9427083333333334 0.7888888888888889 0.9411458333333333 0.7824074074074074 0.9442708333333333 0.774074074074074 0.9439234375000001 0.7685185185185185 0.946875 0.7685185185185185 0.9496526041666667 0.7592592592592593 0.9526041666666667 0.7574074074074074 0.9479166666666666 0.7555555555555555 0.9467015624999999 0.7592592592592593 0.9453125 0.7555555555555555 0.9427083333333334 0.7601851851851852 0.9380208333333333 0.7620370370370371 0.9359375 0.7574074074074074 0.9302083333333333 0.7574074074074074 0.9244791666666666 0.7509259259259259 0.91875 0.7638888888888888 0.9166666666666666 0.7620370370370371 0.9171875 0.7555555555555555 0.915625 0.7601851851851852 0.9135416666666667 0.7574074074074074 0.9130208333333333 0.7601851851851852 0.9104166666666667 0.7601851851851852 0.9104166666666667 0.7555555555555555 0.9067708333333333 0.7537037037037037 0.9046875 0.7444444444444445 0.8994791666666667 0.7435185185185185 0.8901041666666667 0.75 0.8854166666666666 0.7462962962962963 0.88125 0.7509259259259259 0.8765625 0.7509259259259259 0.8739583333333333 0.7472222222222222 0.8744791666666667 0.7435185185185185 0.8703125 0.7388888888888889 0.8671875 0.7416666666666667 0.8625 0.7398148148148148
4 0.975 0.7305555555555555 0.9770833333333333 0.7342592592592593 0.9744791666666667 0.737037037037037 0.9765625 0.7388888888888889 0.9885416666666667 0.737037037037037 0.9875 0.7305555555555555 0.9817708333333334 0.7305555555555555 0.9807291666666667 0.7277777777777777 0.975 0.7305555555555555
4 0.8692708333333333 0.7166666666666667 0.8666666666666667 0.7166666666666667 0.8729166666666667 0.7212962962962963 0.8739583333333333 0.7194444444444444 0.8692708333333333 0.7166666666666667
4 0.8604166666666667 0.6944444444444444 0.8598958333333333 0.6962962962962963 0.8661458333333333 0.7046296296296296 0.8713541666666667 0.6981481481481482 0.8770833333333333 0.6962962962962963 0.8765625 0.6916666666666667 0.8625 0.6916666666666667 0.8604166666666667 0.6944444444444444
4 0.7333333333333333 0.7074074074074074 0.7307291666666667 0.7185185185185186 0.7307291666666667 0.7277777777777777 0.7380208333333333 0.7518518518518519 0.74375 0.7601851851851852 0.8125 0.7601851851851852 0.8229166666666666 0.7509259259259259 0.825 0.7462962962962963 0.8302083333333333 0.7435185185185185 0.8322916666666667 0.7388888888888889 0.8364583333333333 0.737037037037037 0.8411458333333334 0.7277777777777777 0.8453125 0.7037037037037037 0.8510416666666667 0.6851851851851852 0.8473958333333333 0.6814814814814815 0.8479166666666667 0.6777777777777778 0.8541666666666666 0.6731481481481482 0.8567708333333334 0.6638888888888889 0.8557291666666667 0.6574074074074074 0.84375 0.6620370370370371 0.8421875 0.6657407407407407 0.8421875 0.6777777777777778 0.8390625 0.674074074074074 0.84375 0.6805555555555556 0.8427083333333333 0.6824074074074075 0.8364583333333333 0.687037037037037 0.8161458333333333 0.6935185185185185 0.8072916666666666 0.6851851851851852 0.7932291666666667 0.6824074074074075 0.7927083333333333 0.6768518518518518 0.7953125 0.6712962962962963 0.7911458333333333 0.6685185185185185 0.7932291666666667 0.6574074074074074 0.790625 0.6555555555555556 0.7895833333333333 0.6592592592592592 0.7864583333333334 0.6527777777777778 0.7760416666666666 0.6574074074074074 0.7619791666666667 0.6574074074074074 0.746875 0.6833333333333333 0.7401041666666667 0.6907407407407408 0.7333333333333333 0.7074074074074074
4 0.9880208333333333 0.6185185185185185 0.9765625 0.6185185185185185 0.9802083333333333 0.6277777777777778 0.9854166666666667 0.6296296296296297 0.9880208333333333 0.6277777777777778 0.9880208333333333 0.6185185185185185
4 0.9869791666666666 0.575925925925926 0.9864583333333333 0.5777777777777777 0.9869791666666666 0.575925925925926
4 0.5234375 0.09814814814814815 0.5244791666666667 0.1425925925925926 0.5223958333333333 0.15648148148148147 0.5229166666666667 0.175 0.5265625 0.2037037037037037 0.5270833333333333 0.2222222222222222 0.53125 0.23981481481481481 0.5333333333333333 0.26851851851851855 0.5364583333333334 0.2814814814814815 0.5375 0.30648148148148147 0.5307291666666667 0.31203703703703706 0.5223958333333333 0.3138888888888889 0.51875 0.337037037037037 0.5197916666666667 0.35462962962962963 0.5270833333333333 0.38425925925925924 0.5348958333333333 0.4009259259259259 0.5453125 0.4166666666666667 0.5572916666666666 0.4212962962962963 0.5625 0.4462962962962963 0.5645833333333333 0.4666666666666667 0.5697916666666667 0.47314814814814815 0.5802083333333333 0.49444444444444446 0.5817708333333333 0.5185185185185185 0.5786458333333333 0.5888888888888889 0.58125 0.6129629629629629 0.5838541666666667 0.6277777777777778 0.6 0.6555555555555556 0.6015625 0.6620370370370371 0.625 0.6805555555555556 0.6348958333333333 0.6824074074074075 0.6375 0.6898148148148148 0.6380208333333334 0.7027777777777777 0.64375 0.7138888888888889 0.6484375 0.7148148148148148 0.6552083333333333 0.7101851851851851 0.6609375 0.6981481481481482 0.6682291666666667 0.700925925925926 0.675 0.6962962962962963 0.6786458333333333 0.6759259259259259 0.6786458333333333 0.6601851851851852 0.6755208333333333 0.6527777777777778 0.6776041666666667 0.6435185185185185 0.675 0.637962962962963 0.6807291666666667 0.6277777777777778 0.6817708333333333 0.6148148148148148 0.6770833333333334 0.6194444444444445 0.6723958333333333 0.6351851851851852 0.6645833333333333 0.6351851851851852 0.6619791666666667 0.6222222222222222 0.6625 0.5990740740740741 0.6682291666666667 0.5768518518518518 0.6760416666666667 0.5574074074074075 0.6760416666666667 0.5453703703703704 0.6822916666666666 0.5342592592592592 0.6854166666666667 0.5185185185185185 0.6890625 0.5101851851851852 0.6973958333333333 0.5009259259259259 0.6989583333333333 0.45555555555555555 0.6963541666666667 0.44814814814814813 0.7 0.44166666666666665 0.7036458333333333 0.45092592592592595 0.70625 0.4740740740740741 0.7036458333333333 0.5101851851851852 0.7041666666666667 0.5296296296296297 0.6994791666666667 0.5472222222222223 0.6979166666666666 0.5638888888888889 0.6994791666666667 0.5712962962962963 0.7078125 0.5824074074074074 0.7125 0.587037037037037 0.725 0.5916666666666667 0.7375 0.6046296296296296 0.7484375 0.6 0.7614583333333333 0.5898148148148148 0.784375 0.587037037037037 0.7859375 0.6481481481481481 0.7875 0.6444444444444445 0.7885416666666667 0.6481481481481481 0.7927083333333333 0.6462962962962963 0.7958333333333333 0.6527777777777778 0.7994791666666666 0.649074074074074 0.8052083333333333 0.6638888888888889 0.80625 0.6759259259259259 0.8182291666666667 0.6712962962962963 0.8260416666666667 0.6620370370370371 0.8479166666666667 0.6527777777777778 0.8505208333333333 0.6481481481481481 0.853125 0.6481481481481481 0.8557291666666667 0.6416666666666667 0.8697916666666666 0.6462962962962963 0.8703125 0.6509259259259259 0.875 0.6555555555555556 0.8869791666666667 0.6527777777777778 0.8921875 0.7027777777777777 0.8953125 0.7046296296296296 0.8921875 0.7101851851851851 0.8950520833333333 0.7101851851851851 0.8973958333333333 0.7055555555555556 0.8994791666666667 0.712037037037037 0.8979166666666667 0.7212962962962963 0.8869791666666667 0.7231481481481481 0.8817708333333333 0.7296296296296296 0.8822916666666667 0.7342592592592593 0.8869791666666667 0.7416666666666667 0.8911458333333333 0.7416666666666667 0.8932291666666666 0.7361111111111112 0.9020833333333333 0.7305555555555555 0.9161458333333333 0.7305555555555555 0.9182291666666667 0.7324074074074074 0.9192708333333334 0.7388888888888889 0.921875 0.7388888888888889 0.9223958333333333 0.7351851851851852 0.9239583333333333 0.7351851851851852 0.925 0.7444444444444445 0.9270833333333334 0.7462962962962963 0.9385416666666667 0.7462962962962963 0.9395833333333333 0.7435185185185185 0.9380208333333333 0.7407407407407407 0.940625 0.737037037037037 0.9385416666666667 0.7324074074074074 0.9421875 0.7305555555555555 0.9453125 0.7342592592592593 0.9453125 0.7388888888888889 0.946875 0.737037037037037 0.9463541666666667 0.7333333333333333 0.9505208333333334 0.7305555555555555 0.9520833333333333 0.7231481481481481 0.9552083333333333 0.7185185185185186 0.959375 0.7194444444444444 0.9651041666666667 0.7305555555555555 0.9635416666666666 0.725925925925926 0.9661458333333334 0.7231481481481481 0.96875 0.7305555555555555 0.9723958333333333 0.7305555555555555 0.9739583333333334 0.7277777777777777 0.971875 0.7277777777777777 0.96875 0.7203703703703703 0.9734375 0.7185185185185186 0.975 0.7074074074074074 0.9703125 0.7046296296296296 0.9666666666666667 0.6981481481481482 0.9692708333333333 0.6916666666666667 0.9744791666666667 0.687037037037037 0.9744791666666667 0.6694444444444444 0.9682291666666667 0.662962962962963 0.9677083333333333 0.649074074074074 0.9614583333333333 0.6462962962962963 0.9515625 0.649074074074074 0.9479166666666666 0.637962962962963 0.9494791666666667 0.6324074074074074 0.9458333333333333 0.6231481481481481 0.9479166666666666 0.6194444444444445 0.9479166666666666 0.6064814814814815 0.9510416666666667 0.6055555555555555 0.953125 0.6 0.95625 0.5981481481481481 0.95625 0.5935185185185186 0.96875 0.5842592592592593 0.9697916666666667 0.5805555555555556 0.9744791666666667 0.5796296296296296 0.98125 0.5712962962962963 0.9848958333333333 0.5712962962962963 0.9833333333333333 0.5666666666666667 0.9911458333333333 0.5574074074074075 0.99375 0.5574074074074075 0.9963541666666667 0.5453703703703704 0.9994791666666667 0.5416666666666666 0.9994791666666667 0.3398148148148148 0.9973958333333334 0.3398148148148148 0.9947916666666666 0.33425925925925926 0.9958333333333333 0.3175925925925926 0.9994791666666667 0.31203703703703706 0.9994791666666667 0.275 0.9973958333333334 0.2740740740740741 0.9932291666666667 0.26296296296296295 0.9979166666666667 0.25277777777777777 0.9994791666666667 0.25277777777777777 0.9994791666666667 0.22314814814814815 0.9958333333333333 0.22037037037037038 0.9942708333333333 0.21203703703703702 0.9901041666666667 0.20925925925925926 0.9994791666666667 0.1962962962962963 0.9994791666666667 0.16666666666666666 0.9958333333333333 0.16296296296296298 0.9927083333333333 0.1537037037037037 0.9994791666666667 0.14444444444444443 0.9994791666666667 0.13518518518518519 0.9953125 0.12962962962962962 0.9963541666666667 0.11851851851851852 0.9947916666666666 0.11296296296296296 0.9942708333333333 0.08425925925925926 0.9963541666666667 0.07777777777777778 0.9958333333333333 0.06759259259259259 0.9979166666666667 0.06018518518518518 0.9994791666666667 0.06018518518518518 0.9973958333333334 0.05925925925925926 0.9958333333333333 0.053703703703703705 0.9994791666666667 0.05092592592592592 0.9958333333333333 0.04259259259259259 0.9994791666666667 0.037037037037037035 0.9994791666666667 0.02962962962962963 0.9973958333333334 0.028703703703703703 0.9973958333333334 0.019444444444444445 0.9927083333333333 0.005555555555555556 0.9875 0.002777777777777778 0.9666666666666667 0.002777777777777778 0.9625 0 0.95625 0 0.9541666666666667 0.002777777777777778 0.95 0.002777777777777778 0.9484375 0 0.9338541666666667 0.002777777777777778 0.9057291666666667 0.002777777777777778 0.8984375 0 0.8786458333333333 0 0.8723958333333334 0.002777777777777778 0.8651041666666667 0 0.8484375 0 0.8427083333333333 0.002777777777777778 0.8364583333333333 0 0.8203125 0 0.8161458333333333 0.002777777777777778 0.7885416666666667 0.002777777777777778 0.7817708333333333 0 0.7520833333333333 0 0.7484375 0.002777777777777778 0.7036458333333333 0.002777777777777778 0.6973958333333333 0 0.5838541666666667 0 0.58125 0.002777777777777778 0.5744791666666667 0.002777777777777778 0.5697916666666667 0 0.5473958333333333 0 0.5432291666666667 0.002777777777777778 0.5395833333333333 0.010185185185185186 0.5322916666666667 0.037037037037037035 0.53125 0.05092592592592592 0.5255208333333333 0.07222222222222222 0.5234375 0.09814814814814815
4 0.8447916666666667 0.6694444444444444 0.8447916666666667 0.675 0.8489583333333334 0.6712962962962963 0.8447916666666667 0.6694444444444444
4 0.7630208333333334 0.6666666666666666 0.7619791666666667 0.6712962962962963 0.7630208333333334 0.6666666666666666
4 0.7354166666666667 0.712037037037037 0.7333333333333333 0.725925925925926 0.7375 0.7351851851851852 0.7375 0.7407407407407407 0.7421875 0.7481481481481481 0.74375 0.7574074074074074 0.8125 0.7574074074074074 0.8369791666666667 0.7333333333333333 0.8427083333333333 0.7138888888888889 0.8442708333333333 0.6907407407407408 0.8322916666666667 0.6888888888888889 0.8145833333333333 0.6962962962962963 0.80625 0.6944444444444444 0.8005208333333333 0.6981481481481482 0.7890625 0.6990740740740741 0.7817708333333333 0.6907407407407408 0.7791666666666667 0.6648148148148149 0.775 0.6666666666666666 0.7708333333333334 0.6638888888888889 0.7682291666666666 0.6675925925925926 0.7677083333333333 0.6759259259259259 0.7614583333333333 0.6759259259259259 0.7583333333333333 0.6777777777777778 0.7572916666666667 0.6851851851851852 0.7479166666666667 0.687037037037037 0.7421875 0.6953703703703704 0.7354166666666667 0.712037037037037
4 0.6786458333333333 0.6166666666666667 0.6786458333333333 0.6194444444444445 0.68125 0.6148148148148148 0.6786458333333333 0.6166666666666667
4 0.9947916666666666 0.13703703703703704 0.9932291666666667 0.13703703703703704 0.9947916666666666 0.13703703703703704
4 0.5234375 0.09814814814814815 0.525 0.13240740740740742 0.5229166666666667 0.17314814814814813 0.5270833333333333 0.2212962962962963 0.5333333333333333 0.25462962962962965 0.5333333333333333 0.26851851851851855 0.5364583333333334 0.28055555555555556 0.5385416666666667 0.3074074074074074 0.5369791666666667 0.3101851851851852 0.5265625 0.31203703703703706 0.5239583333333333 0.32037037037037036 0.5208333333333334 0.32314814814814813 0.5208333333333334 0.35833333333333334 0.5276041666666667 0.3851851851851852 0.534375 0.4 0.5458333333333333 0.4166666666666667 0.5572916666666666 0.41944444444444445 0.5625 0.4444444444444444 0.5640625 0.46296296296296297 0.5807291666666666 0.4935185185185185 0.5828125 0.5194444444444445 0.5791666666666667 0.5694444444444444 0.5796875 0.5907407407407408 0.5869791666666667 0.6351851851851852 0.5979166666666667 0.6518518518518519 0.6015625 0.6620370370370371 0.6046875 0.6620370370370371 0.609375 0.6685185185185185 0.6166666666666667 0.6712962962962963 0.6260416666666667 0.6805555555555556 0.6307291666666667 0.6805555555555556 0.6328125 0.6777777777777778 0.6359375 0.6814814814814815 0.6385416666666667 0.7046296296296296 0.64375 0.7138888888888889 0.6473958333333333 0.7148148148148148 0.6541666666666667 0.7101851851851851 0.6598958333333333 0.6981481481481482 0.6609375 0.6916666666666667 0.6671875 0.6935185185185185 0.6682291666666667 0.6962962962962963 0.6739583333333333 0.6962962962962963 0.6755208333333333 0.6916666666666667 0.6765625 0.6796296296296296 0.675 0.6555555555555556 0.6630208333333333 0.6574074074074074 0.6614583333333334 0.6527777777777778 0.6635416666666667 0.6370370370370371 0.6614583333333334 0.6055555555555555 0.6640625 0.5879629629629629 0.6739583333333333 0.562037037037037 0.6760416666666667 0.5416666666666666 0.6822916666666666 0.5324074074074074 0.6864583333333333 0.5120370370370371 0.6916666666666667 0.5074074074074074 0.6973958333333333 0.49444444444444446 0.6989583333333333 0.4759259259259259 0.6979166666666666 0.45555555555555555 0.696875 0.45092592592592595 0.6921875 0.44537037037037036 0.6890625 0.4305555555555556 0.6838541666666667 0.4203703703703704 0.6848958333333334 0.4166666666666667 0.6927083333333334 0.4212962962962963 0.696875 0.42777777777777776 0.7036458333333333 0.44907407407407407 0.70625 0.4666666666666667 0.7046875 0.525 0.6984375 0.5518518518518518 0.6979166666666666 0.5638888888888889 0.6994791666666667 0.5694444444444444 0.70625 0.5805555555555556 0.7151041666666667 0.587037037037037 0.7239583333333334 0.5888888888888889 0.7307291666666667 0.5981481481481481 0.7369791666666666 0.600925925925926 0.7401041666666667 0.5953703703703703 0.7447916666666666 0.5981481481481481 0.7625 0.5888888888888889 0.796875 0.5851851851851851 0.7994791666666666 0.5898148148148148 0.8005208333333333 0.6046296296296296 0.7942708333333334 0.6222222222222222 0.7932291666666667 0.6305555555555555 0.8010416666666667 0.6444444444444445 0.8026041666666667 0.6527777777777778 0.8088541666666667 0.6666666666666666 0.81875 0.6666666666666666 0.8401041666666667 0.6509259259259259 0.8484375 0.6481481481481481 0.8536458333333333 0.6398148148148148 0.8536458333333333 0.6351851851851852 0.8494791666666667 0.625 0.8479166666666667 0.6074074074074074 0.8515625 0.5962962962962963 0.8583333333333333 0.5888888888888889 0.8697916666666666 0.5824074074074074 0.8880208333333334 0.5824074074074074 0.8979166666666667 0.5944444444444444 0.9 0.612037037037037 0.8979166666666667 0.6259259259259259 0.8932291666666666 0.6324074074074074 0.8890625 0.6324074074074074 0.8833333333333333 0.6370370370370371 0.8828125 0.6407407407407407 0.8869791666666667 0.6462962962962963 0.8942708333333333 0.6370370370370371 0.8973958333333333 0.6361111111111111 0.8994791666666667 0.6305555555555555 0.9041666666666667 0.6277777777777778 0.9067708333333333 0.6194444444444445 0.9114583333333334 0.6166666666666667 0.9145833333333333 0.6101851851851852 0.9234375 0.6055555555555555 0.9369791666666667 0.6046296296296296 0.9598958333333333 0.5888888888888889 0.9635416666666666 0.5824074074074074 0.9723958333333333 0.575925925925926 0.9994791666666667 0.5398148148148149 0.9994791666666667 0.42777777777777776 0.9973958333333334 0.42592592592592593 0.9973958333333334 0.4101851851851852 0.9994791666666667 0.40555555555555556 0.9994791666666667 0.34629629629629627 0.9973958333333334 0.3453703703703704 0.9979166666666667 0.3416666666666667 0.9942708333333333 0.3351851851851852 0.9953125 0.3138888888888889 0.9994791666666667 0.3074074074074074 0.9994791666666667 0.2777777777777778 0.9958333333333333 0.2740740740740741 0.9927083333333333 0.2638888888888889 0.9973958333333334 0.2490740740740741 0.9994791666666667 0.24814814814814815 0.9994791666666667 0.22592592592592592 0.9942708333333333 0.2212962962962963 0.9911458333333333 0.21203703703703702 0.9864583333333333 0.2101851851851852 0.9854166666666667 0.2064814814814815 0.9942708333333333 0.20277777777777778 0.9994791666666667 0.19444444444444445 0.9994791666666667 0.16666666666666666 0.996875 0.16574074074074074 0.9895833333333334 0.1527777777777778 0.9875 0.14351851851851852 0.9875 0.12777777777777777 0.9901041666666667 0.12314814814814815 0.9942708333333333 0.12314814814814815 0.9947916666666666 0.11666666666666667 0.9916666666666667 0.10462962962962963 0.9869791666666666 0.09722222222222222 0.9875 0.07777777777777778 0.9854166666666667 0.07592592592592592 0.9895833333333334 0.0712962962962963 0.9890625 0.06666666666666667 0.9916666666666667 0.05925925925925926 0.9942708333333333 0.06388888888888888 0.99375 0.041666666666666664 0.9958333333333333 0.032407407407407406 0.9942708333333333 0.013888888888888888 0.9864583333333333 0.012037037037037037 0.9807291666666667 0.005555555555555556 0.9692708333333333 0.004629629629629629 0.9619791666666667 0.000925925925925926 0.9135416666666667 0.004629629629629629 0.8958333333333334 0 0.8791666666666667 0 0.8760416666666667 0.002777777777777778 0.8677083333333333 0.002777777777777778 0.8640625 0 0.8401041666666667 0.002777777777777778 0.8369791666666667 0 0.8296875 0 0.8005208333333333 0.004629629629629629 0.78125 0 0.7541666666666667 0 0.75 0.002777777777777778 0.7005208333333334 0.002777777777777778 0.696875 0 0.5848958333333333 0 0.575 0.002777777777777778 0.5723958333333333 0 0.5473958333333333 0 0.54375 0.002777777777777778 0.5375 0.016666666666666666 0.5322916666666667 0.037037037037037035 0.5302083333333333 0.05740740740740741 0.525 0.07592592592592592 0.5234375 0.09814814814814815
1 0.6390625 0.8305555555555556 0.6385416666666667 0.8379629629629629 0.6401041666666667 0.8416666666666667 0.6427083333333333 0.837037037037037 0.6427083333333333 0.8305555555555556 0.6390625 0.8305555555555556
1 0.596875 0.8157407407407408 0.5973958333333333 0.8444444444444444 0.5958333333333333 0.850925925925926 0.5973958333333333 0.8555555555555555 0.5953125 0.8592592592592593 0.5963541666666666 0.8629629629629629 0.603125 0.8694444444444445 0.6057291666666667 0.8870370370370371 0.6057291666666667 0.9009259259259259 0.6083333333333333 0.9092592592592592 0.6182291666666667 0.9166666666666666 0.63125 0.9185185185185185 0.6364583333333333 0.9092592592592592 0.6395833333333333 0.8916666666666667 0.6369791666666667 0.875 0.625 0.8481481481481481 0.6223958333333334 0.8342592592592593 0.6229166666666667 0.8277777777777777 0.625 0.8212962962962963 0.6322916666666667 0.8148148148148148 0.6552083333333333 0.8055555555555556 0.6630208333333333 0.7981481481481482 0.6661458333333333 0.7981481481481482 0.6708333333333333 0.7888888888888889 0.675 0.7870370370370371 0.6786458333333333 0.7712962962962963 0.6786458333333333 0.7638888888888888 0.6739583333333333 0.7509259259259259 0.6791666666666667 0.7398148148148148 0.6786458333333333 0.7351851851851852 0.6755208333333333 0.725925925925926 0.6682291666666667 0.7148148148148148 0.65625 0.7138888888888889 0.6473958333333333 0.7194444444444444 0.6390625 0.7305555555555555 0.6307291666666667 0.7518518518518519 0.6229166666666667 0.7666666666666667 0.6197916666666666 0.7685185185185185 0.6182291666666667 0.7685185185185185 0.6166666666666667 0.762962962962963 0.6203125 0.7398148148148148 0.61875 0.737037037037037 0.6125 0.7388888888888889 0.6015625 0.7712962962962963 0.6010416666666667 0.7888888888888889 0.5979166666666667 0.8009259259259259 0.596875 0.8157407407407408
1 0.6234375 0.7101851851851851 0.6229166666666667 0.7166666666666667 0.6244791666666667 0.7166666666666667 0.6296875 0.7055555555555556 0.6255208333333333 0.7055555555555556 0.6234375 0.7101851851851851
1 0.5036458333333333 0.8277777777777777 0.5020833333333333 0.8342592592592593 0.503125 0.8388888888888889 0.49895833333333334 0.8574074074074074 0.49270833333333336 0.8694444444444445 0.49270833333333336 0.8731481481481481 0.50625 0.8731481481481481 0.5119791666666667 0.8685185185185185 0.5130208333333334 0.8638888888888889 0.5270833333333333 0.862037037037037 0.534375 0.8546296296296296 0.534375 0.8055555555555556 0.5307291666666667 0.8055555555555556 0.5203125 0.8166666666666667 0.5057291666666667 0.8231481481481482 0.5036458333333333 0.8277777777777777
1 0.5505208333333333 0.7870370370370371 0.55 0.8074074074074075 0.5536458333333333 0.8092592592592592 0.5557291666666667 0.8055555555555556 0.5557291666666667 0.7962962962962963 0.5536458333333333 0.7870370370370371 0.5505208333333333 0.7870370370370371
1 0.5041666666666667 0.825925925925926 0.5020833333333333 0.8342592592592593 0.503125 0.8388888888888889 0.49895833333333334 0.8574074074074074 0.49114583333333334 0.8731481481481481 0.50625 0.8731481481481481 0.5104166666666666 0.8712962962962963 0.5151041666666667 0.8638888888888889 0.5260416666666666 0.8638888888888889 0.5322916666666667 0.8592592592592593 0.5348958333333333 0.8481481481481481 0.5338541666666666 0.8064814814814815 0.5276041666666667 0.8074074074074075 0.5229166666666667 0.8148148148148148 0.5078125 0.8212962962962963 0.5041666666666667 0.825925925925926
1 0.5515625 0.7870370370370371 0.55 0.7888888888888889 0.55 0.8064814814814815 0.5536458333333333 0.8092592592592592 0.5557291666666667 0.8055555555555556 0.5557291666666667 0.7962962962962963 0.5536458333333333 0.7870370370370371 0.5515625 0.7870370370370371
1 0.5973958333333333 0.8037037037037037 0.5973958333333333 0.8268518518518518 0.5958333333333333 0.8305555555555556 0.5973958333333333 0.8435185185185186 0.5942708333333333 0.8490740740740741 0.5942708333333333 0.8592592592592593 0.6 0.8694444444444445 0.6057291666666667 0.8870370370370371 0.6052083333333333 0.8981481481481481 0.6067708333333334 0.9046296296296297 0.6104166666666667 0.912962962962963 0.6151041666666667 0.9166666666666666 0.6328125 0.9185185185185185 0.6385416666666667 0.9055555555555556 0.6401041666666667 0.8935185185185185 0.6364583333333333 0.8740740740740741 0.6307291666666667 0.8629629629629629 0.628125 0.8527777777777777 0.6390625 0.8435185185185186 0.64375 0.8546296296296296 0.6453125 0.8555555555555555 0.6463541666666667 0.850925925925926 0.6489583333333333 0.8555555555555555 0.6484375 0.8462962962962963 0.653125 0.8444444444444444 0.659375 0.8324074074074074 0.6578125 0.825925925925926 0.6682291666666667 0.8277777777777777 0.6708333333333333 0.8231481481481482 0.6682291666666667 0.8194444444444444 0.6708333333333333 0.8166666666666667 0.6645833333333333 0.8166666666666667 0.6609375 0.812037037037037 0.6635416666666667 0.8074074074074075 0.6682291666666667 0.8092592592592592 0.66875 0.8055555555555556 0.6666666666666666 0.799074074074074 0.6703125 0.7962962962962963 0.6703125 0.7898148148148149 0.6760416666666667 0.7851851851851852 0.6786458333333333 0.7638888888888888 0.6734375 0.7509259259259259 0.6791666666666667 0.737037037037037 0.6755208333333333 0.7268518518518519 0.6677083333333333 0.7138888888888889 0.65625 0.7138888888888889 0.6442708333333333 0.7222222222222222 0.6291666666666667 0.7046296296296296 0.6296875 0.7074074074074074 0.6270833333333333 0.7129629629629629 0.625 0.7046296296296296 0.6213541666666667 0.712037037037037 0.6213541666666667 0.7231481481481481 0.61875 0.725925925925926 0.61875 0.7305555555555555 0.6125 0.737037037037037 0.6109375 0.7435185185185185 0.6083333333333333 0.7462962962962963 0.6015625 0.7703703703703704 0.6 0.7787037037037037 0.6005208333333333 0.7888888888888889 0.5973958333333333 0.8037037037037037
3 0.5015625 0.9555555555555556 0.4791666666666667 0.9824074074074074 0.46458333333333335 0.9935185185185185 0.46458333333333335 0.9962962962962963 0.6348958333333333 0.9981481481481481 0.6447916666666667 0.975925925925926 0.6432291666666666 0.9481481481481482 0.6369791666666667 0.9435185185185185 0.6177083333333333 0.9435185185185185 0.6119791666666666 0.9472222222222222 0.609375 0.9305555555555556 0.6052083333333333 0.9212962962962963 0.6 0.9166666666666666 0.5890625 0.9166666666666666 0.5776041666666667 0.9277777777777778 0.575 0.9277777777777778 0.5666666666666667 0.9166666666666666 0.5557291666666667 0.9138888888888889 0.5333333333333333 0.9277777777777778 0.509375 0.950925925925926 0.5015625 0.9555555555555556
3 0.8432291666666667 0.6648148148148149 0.8421875 0.674074074074074 0.84375 0.6759259259259259 0.8557291666666667 0.6712962962962963 0.8557291666666667 0.6620370370370371 0.8536458333333333 0.6601851851851852 0.8479166666666667 0.6601851851851852 0.8432291666666667 0.6648148148148149
3 0.7307291666666667 0.7157407407407408 0.7307291666666667 0.7314814814814815 0.7328125 0.7425925925925926 0.7375 0.7564814814814815 0.74375 0.7620370370370371 0.8140625 0.7620370370370371 0.8390625 0.7324074074074074 0.8427083333333333 0.7231481481481481 0.8489583333333334 0.6851851851851852 0.8447916666666667 0.6805555555555556 0.8234375 0.6916666666666667 0.8135416666666667 0.6916666666666667 0.8083333333333333 0.6842592592592592 0.8078125 0.6777777777777778 0.815625 0.6759259259259259 0.821875 0.6712962962962963 0.825 0.6648148148148149 0.8536458333333333 0.6462962962962963 0.8557291666666667 0.6435185185185185 0.8557291666666667 0.6351851851851852 0.8505208333333333 0.6259259259259259 0.8484375 0.6101851851851852 0.84375 0.6046296296296296 0.8447916666666667 0.600925925925926 0.8255208333333334 0.5962962962962963 0.8078125 0.600925925925926 0.7953125 0.6194444444444445 0.7921875 0.6324074074074074 0.7802083333333333 0.6555555555555556 0.7640625 0.6527777777777778 0.7578125 0.6601851851851852 0.7479166666666667 0.6824074074074075 0.7421875 0.6851851851851852 0.7375 0.6925925925925925 0.7307291666666667 0.7157407407407408
3 0.58125 0.4935185185185185 0.58125 0.5194444444444445 0.5776041666666667 0.5527777777777778 0.5776041666666667 0.5916666666666667 0.58125 0.6222222222222222 0.5895833333333333 0.6435185185185185 0.5927083333333333 0.6462962962962963 0.6 0.6620370370370371 0.6078125 0.6712962962962963 0.6182291666666667 0.6759259259259259 0.6260416666666667 0.687037037037037 0.6338541666666667 0.6861111111111111 0.6390625 0.712037037037037 0.6427083333333333 0.7166666666666667 0.6479166666666667 0.7185185185185186 0.6541666666666667 0.7138888888888889 0.6609375 0.7027777777777777 0.6734375 0.7027777777777777 0.678125 0.6972222222222222 0.6802083333333333 0.6824074074074075 0.6796875 0.6444444444444445 0.6833333333333333 0.6074074074074074 0.6817708333333333 0.6027777777777777 0.671875 0.6351851851851852 0.6671875 0.6370370370370371 0.6661458333333333 0.6416666666666667 0.6635416666666667 0.6398148148148148 0.6630208333333333 0.5990740740740741 0.6682291666666667 0.5842592592592593 0.6697916666666667 0.5731481481481482 0.6744791666666666 0.5638888888888889 0.6760416666666667 0.5481481481481482 0.6630208333333333 0.5148148148148148 0.659375 0.4935185185185185 0.6546875 0.4824074074074074 0.6333333333333333 0.4759259259259259 0.6229166666666667 0.4666666666666667 0.6166666666666667 0.4648148148148148 0.6125 0.4546296296296296 0.6078125 0.4546296296296296 0.6057291666666667 0.45555555555555555 0.60625 0.46574074074074073 0.6020833333333333 0.4787037037037037 0.5989583333333334 0.4824074074074074 0.59375 0.4824074074074074 0.5916666666666667 0.47962962962962963 0.5911458333333334 0.48518518518518516 0.5880208333333333 0.48703703703703705 0.5848958333333333 0.4935185185185185 0.58125 0.4935185185185185
3 0.8802083333333334 0.9407407407407408 0.8807291666666667 0.9629629629629629 0.8755208333333333 0.9925925925925926 0.8760416666666667 0.9981481481481481 0.925 0.9962962962962963 0.9229166666666667 0.9351851851851852 0.9 0.9305555555555556 0.8828125 0.9351851851851852 0.8802083333333334 0.9407407407407408
3 0.6630208333333333 0.9916666666666667 0.6630208333333333 0.9981481481481481 0.7036458333333333 0.9981481481481481 0.7057291666666666 0.9944444444444445 0.6994791666666667 0.9805555555555555 0.6921875 0.975925925925926 0.6776041666666667 0.9796296296296296 0.675 0.9898148148148148 0.6682291666666667 0.9851851851851852 0.6630208333333333 0.9916666666666667
3 0.7479166666666667 0.9490740740740741 0.7395833333333334 0.9648148148148148 0.7348958333333333 0.9805555555555555 0.7322916666666667 0.9824074074074074 0.7302083333333333 0.9888888888888889 0.7161458333333334 0.9898148148148148 0.7145833333333333 0.9935185185185185 0.71875 0.9981481481481481 0.7177083333333333 0.9916666666666667 0.721875 0.9916666666666667 0.7229166666666667 0.9981481481481481 0.7619791666666667 0.9981481481481481 0.7619791666666667 0.9731481481481481 0.759375 0.9601851851851851 0.7552083333333334 0.9481481481481482 0.7505208333333333 0.9462962962962963 0.7479166666666667 0.9490740740740741
3 0.5609375 0.3888888888888889 0.5614583333333333 0.4027777777777778 0.5588541666666667 0.4166666666666667 0.5588541666666667 0.4305555555555556 0.5625 0.44351851851851853 0.5635416666666667 0.462037037037037 0.5666666666666667 0.47129629629629627 0.5744791666666667 0.4824074074074074 0.5807291666666666 0.5018518518518519 0.5802083333333333 0.5324074074074074 0.5770833333333333 0.5518518518518518 0.5770833333333333 0.5722222222222222 0.5796875 0.6101851851851852 0.5833333333333334 0.6305555555555555 0.6052083333333333 0.6685185185185185 0.6125 0.675 0.6182291666666667 0.6759259259259259 0.625 0.6851851851851852 0.6328125 0.6851851851851852 0.6359375 0.6888888888888889 0.6369791666666667 0.7046296296296296 0.6385416666666667 0.7101851851851851 0.64375 0.7166666666666667 0.6510416666666666 0.7166666666666667 0.6614583333333334 0.700925925925926 0.6682291666666667 0.7046296296296296 0.6739583333333333 0.7027777777777777 0.6786458333333333 0.6962962962962963 0.6796875 0.6888888888888889 0.6796875 0.6453703703703704 0.6828125 0.6166666666666667 0.6828125 0.612037037037037 0.6796875 0.6101851851851852 0.6807291666666667 0.6064814814814815 0.6828125 0.6074074074074074 0.6817708333333333 0.6046296296296296 0.6625 0.612037037037037 0.6625 0.6018518518518519 0.6682291666666667 0.5842592592592593 0.6697916666666667 0.5731481481481482 0.675 0.562037037037037 0.6760416666666667 0.5481481481481482 0.6739583333333333 0.5388888888888889 0.6682291666666667 0.5296296296296297 0.6625 0.512962962962963 0.6604166666666667 0.4962962962962963 0.6510416666666666 0.4564814814814815 0.6494791666666667 0.4388888888888889 0.6453125 0.42407407407407405 0.64375 0.4101851851851852 0.63125 0.38055555555555554 0.628125 0.3638888888888889 0.6203125 0.3509259259259259 0.6125 0.3490740740740741 0.5901041666666667 0.3648148148148148 0.5807291666666666 0.37592592592592594 0.5703125 0.37777777777777777 0.5640625 0.3824074074074074 0.5609375 0.3888888888888889