4 0.6072916666666667 0.7777777777777778 0.6046875 0.7888888888888889 0.6130208333333333 0.8027777777777778 0.6223958333333334 0.8092592592592592 0.6364583333333333 0.8055555555555556 0.6395833333333333 0.8231481481481482 0.64375 0.8296296296296296 0.6609375 0.8351851851851851 0.671875 0.8462962962962963 0.6786458333333333 0.8462962962962963 0.6828125 0.8416666666666667 0.70625 0.8398148148148148 0.75 0.8574074074074074 0.7666666666666667 0.8592592592592593 0.7744791666666667 0.8481481481481481 0.7833333333333333 0.8240740740740741 0.7921875 0.8212962962962963 0.8052083333333333 0.8305555555555556 0.8098958333333334 0.837037037037037 0.8114583333333333 0.8546296296296296 0.8140625 0.862037037037037 0.8359375 0.8638888888888889 0.8510416666666667 0.8685185185185185 0.8625 0.8777777777777778 0.86875 0.8870370370370371 0.8734375 0.8888888888888888 0.8755208333333333 0.8935185185185185 0.9041666666666667 0.9055555555555556 0.9114583333333334 0.9185185185185185 0.9145833333333333 0.9324074074074075 0.925 0.950925925925926 0.9307291666666667 0.9675925925925926 0.9375 0.975 0.9645833333333333 0.9851851851851852 0.9875 0.9888888888888889 0.9890625 0.9916666666666667 0.99375 0.9916666666666667 0.9994791666666667 0.987037037037037 0.9994791666666667 0.6231481481481481 0.9973958333333334 0.6203703703703703 0.9973958333333334 0.6083333333333333 0.9994791666666667 0.6074074074074074 0.9994791666666667 0.41944444444444445 0.9973958333333334 0.41759259259259257 0.9979166666666667 0.4083333333333333 0.9994791666666667 0.4074074074074074 0.9994791666666667 0.2796296296296296 0.9979166666666667 0.27870370370370373 0.9979166666666667 0.2675925925925926 0.9994791666666667 0.26666666666666666 0.9994791666666667 0.24166666666666667 0.9973958333333334 0.23796296296296296 0.9973958333333334 0.21944444444444444 0.9994791666666667 0.21666666666666667 0.9979166666666667 0.21574074074074073 0.9994791666666667 0.21203703703703702 0.9994791666666667 0.20277777777777778 0.9973958333333334 0.20092592592592592 0.9973958333333334 0.18333333333333332 0.9994791666666667 0.18055555555555555 0.9979166666666667 0.17962962962962964 0.9994791666666667 0.17777777777777778 0.9994791666666667 0.16944444444444445 0.9973958333333334 0.1675925925925926 0.9973958333333334 0.14907407407407408 0.9994791666666667 0.14814814814814814 0.9994791666666667 0.13703703703703704 0.9973958333333334 0.13518518518518519 0.9973958333333334 0.12129629629629629 0.9994791666666667 0.11851851851851852 0.9994791666666667 0.11481481481481481 0.9973958333333334 0.11296296296296296 0.9973958333333334 0.08888888888888889 0.9994791666666667 0.08703703703703704 0.9994791666666667 0.07592592592592592 0.9979166666666667 0.075 0.9994791666666667 0.06388888888888888 0.9973958333333334 0.06111111111111111 0.9973958333333334 0.03888888888888889 0.9994791666666667 0.037037037037037035 0.9979166666666667 0.011111111111111112 0.9994791666666667 0.010185185185185186 0.9994791666666667 0.005555555555555556 0.9963541666666667 0.002777777777777778 0.9276041666666667 0.002777777777777778 0.9203125 0.010185185185185186 0.9140625 0.023148148148148147 0.9109375 0.03518518518518519 0.9072916666666667 0.03981481481481482 0.9041666666666667 0.05277777777777778 0.8875 0.09351851851851851 0.8802083333333334 0.1259259259259259 0.8703125 0.15555555555555556 0.8630208333333333 0.19814814814814816 0.8614583333333333 0.21944444444444444 0.85625 0.24166666666666667 0.8557291666666667 0.25925925925925924 0.85 0.2814814814814815 0.8484375 0.30092592592592593 0.8427083333333333 0.31203703703703706 0.8322916666666667 0.3212962962962963 0.8239583333333333 0.3351851851851852 0.8192708333333333 0.3388888888888889 0.8098958333333334 0.35555555555555557 0.759375 0.4101851851851852 0.7380208333333333 0.42777777777777776 0.721875 0.45740740740740743 0.7135416666666666 0.4638888888888889 0.7119791666666667 0.4685185185185185 0.7067708333333333 0.47314814814814815 0.70625 0.48055555555555557 0.7041666666666667 0.4842592592592593 0.7057291666666666 0.4898148148148148 0.7015625 0.4935185185185185 0.7015625 0.5027777777777778 0.6875 0.5120370370370371 0.6828125 0.5268518518518519 0.6786458333333333 0.5601851851851852 0.6786458333333333 0.5796296296296296 0.6723958333333333 0.6101851851851852 0.6776041666666667 0.6212962962962963 0.6911458333333333 0.6259259259259259 0.6942708333333333 0.6324074074074074 0.6927083333333334 0.6370370370370371 0.6989583333333333 0.6324074074074074 0.7010416666666667 0.6425925925925926 0.7 0.6509259259259259 0.7015625 0.6546296296296297 0.7078125 0.6546296296296297 0.7130208333333333 0.65 0.721875 0.6601851851851852 0.7307291666666667 0.6601851851851852 0.7307291666666667 0.7055555555555556 0.7125 0.7074074074074074 0.7026041666666667 0.7166666666666667 0.6848958333333334 0.725925925925926 0.6635416666666667 0.7324074074074074 0.64375 0.7462962962962963 0.6421875 0.7509259259259259 0.6333333333333333 0.7601851851851852 0.6208333333333333 0.7648148148148148 0.6072916666666667 0.7777777777777778
4 0.0765625 0.9805555555555555 0.0765625 0.9842592592592593 0.07916666666666666 0.9851851851851852 0.08489583333333334 0.9796296296296296 0.0765625 0.9805555555555555
4 0.008333333333333333 0.8518518518518519 0.003125 0.001851851851851852
4 0.4739583333333333 0.44166666666666665 0.465625 0.44351851851851853 0.46979166666666666 0.44907407407407407 0.47239583333333335 0.44907407407407407 0.4744791666666667 0.44814814814814813 0.4739583333333333 0.44166666666666665
4 0.5067708333333333 0.31666666666666665 0.5057291666666667 0.33796296296296297 0.5020833333333333 0.35462962962962963 0.5 0.3574074074074074 0.5010416666666667 0.37407407407407406 0.5041666666666667 0.37777777777777777 0.5114583333333333 0.37777777777777777 0.5177083333333333 0.38425925925925924 0.5208333333333334 0.3962962962962963 0.5239583333333333 0.4009259259259259 0.525 0.412962962962963 0.5270833333333333 0.4212962962962963 0.5302083333333333 0.425 0.53125 0.4324074074074074 0.5489583333333333 0.44351851851851853 0.5677083333333334 0.44351851851851853 0.5739583333333333 0.44814814814814813 0.5875 0.44907407407407407 0.6 0.4462962962962963 0.6177083333333333 0.4351851851851852 0.6208333333333333 0.41388888888888886 0.6166666666666667 0.40370370370370373 0.6166666666666667 0.39814814814814814 0.6088541666666667 0.39166666666666666 0.6046875 0.3824074074074074 0.6015625 0.3824074074074074 0.5817708333333333 0.3638888888888889 0.5765625 0.3638888888888889 0.5744791666666667 0.36018518518518516 0.5645833333333333 0.35462962962962963 0.5625 0.34629629629629627 0.55 0.337037037037037 0.5427083333333333 0.32592592592592595 0.5244791666666667 0.3101851851851852 0.5135416666666667 0.3074074074074074 0.5067708333333333 0.31666666666666665
4 0.0020833333333333333 0.002777777777777778 0 0.004629629629629629 0 0.010185185185185186 0.0015625 0.012037037037037037 0 0.023148148148148147 0 0.04351851851851852 0.0015625 0.046296296296296294 0 0.05277777777777778 0 0.0712962962962963 0.0015625 0.07314814814814814 0.0015625 0.11296296296296296 0 0.11388888888888889 0 0.14814814814814814 0.0015625 0.15 0 0.15555555555555556 0.0015625 0.25277777777777777 0 0.25925925925925924 0.0020833333333333333 0.2861111111111111 0.0015625 0.3111111111111111 0 0.3148148148148148 0 0.3212962962962963 0.0015625 0.32407407407407407 0.0020833333333333333 0.40925925925925927 0.0015625 0.48703703703703705 0 0.49166666666666664 0.0015625 0.49907407407407406 0.0015625 0.5259259259259259 0 0.5324074074074074 0.0020833333333333333 0.5388888888888889 0.0020833333333333333 0.5768518518518518 0.0015625 0.587037037037037 0 0.5888888888888889 0 0.6027777777777777 0.0015625 0.6074074074074074 0.0020833333333333333 0.6305555555555555 0 0.6370370370370371 0 0.6620370370370371 0.0015625 0.6638888888888889 0 0.6666666666666666 0 0.6824074074074075 0.0015625 0.6851851851851852 0 0.687037037037037 0 0.700925925925926 0.0020833333333333333 0.7046296296296296 0.0020833333333333333 0.7222222222222222 0 0.7277777777777777 0.0020833333333333333 0.7305555555555555 0.0015625 0.7379629629629629 0.003125 0.7444444444444445 0.0015625 0.7601851851851852 0.003125 0.7796296296296297 0.0015625 0.7833333333333333 0.005208333333333333 0.8037037037037037 0.0046875 0.8138888888888889 0.009895833333333333 0.8166666666666667 0.008333333333333333 0.8203703703703704 0.010416666666666666 0.8231481481481482 0.0109375 0.8351851851851851 0.0171875 0.8444444444444444 0.013020833333333334 0.850925925925926 0.0125 0.8564814814814815 0.0078125 0.8666666666666667 0.009375 0.8638888888888889 0.011458333333333333 0.8685185185185185 0.016145833333333335 0.8685185185185185 0.014583333333333334 0.8722222222222222 0.020833333333333332 0.8796296296296297 0.017708333333333333 0.8824074074074074 0.024479166666666666 0.8870370370370371 0.021875 0.8944444444444445 0.018229166666666668 0.8935185185185185 0.01875 0.8962962962962963 0.026041666666666668 0.899074074074074 0.025 0.9092592592592592 0.01875 0.9166666666666666 0.0203125 0.925 0.018229166666666668 0.9287037037037037 0.019791666666666666 0.9342592592592592 0.0171875 0.9416666666666667 0.005208333333333333 0.9435185185185185 0.008333333333333333 0.9435185185185185 0.0078125 0.9481481481481482 0.017708333333333333 0.950925925925926 0.020833333333333332 0.9574074074074074 0.029166666666666667 0.962037037037037 0.030729166666666665 0.9574074074074074 0.035416666666666666 0.9601851851851851 0.035416666666666666 0.9712962962962963 0.043229166666666666 0.975 0.04479166666666667 0.9712962962962963 0.0546875 0.9731481481481481 0.05520833333333333 0.9666666666666667 0.07395833333333333 0.9666666666666667 0.078125 0.9694444444444444 0.08072916666666667 0.975925925925926 0.0890625 0.975925925925926 0.09375 0.9805555555555555 0.09895833333333333 0.9805555555555555 0.10364583333333334 0.987037037037037 0.12395833333333334 0.987037037037037 0.13125 0.9935185185185185 0.2375 0.9916666666666667 0.24166666666666667 0.987037037037037 0.24375 0.9805555555555555 0.24479166666666666 0.9555555555555556 0.25416666666666665 0.9305555555555556 0.25364583333333335 0.9138888888888889 0.26145833333333335 0.9046296296296297 0.2604166666666667 0.899074074074074 0.26614583333333336 0.8935185185185185 0.2677083333333333 0.8888888888888888 0.26666666666666666 0.8870370370370371 0.2786458333333333 0.8824074074074074 0.28229166666666666 0.8694444444444445 0.290625 0.8666666666666667 0.296875 0.8574074074074074 0.30625 0.8555555555555555 0.3078125 0.8398148148148148 0.3104166666666667 0.837037037037037 0.321875 0.8351851851851851 0.3234375 0.8305555555555556 0.32708333333333334 0.8296296296296296 0.3307291666666667 0.812962962962963 0.33541666666666664 0.8101851851851852 0.3375 0.8 0.3375 0.787962962962963 0.340625 0.7824074074074074 0.33958333333333335 0.7768518518518519 0.34375 0.7601851851851852 0.3421875 0.7444444444444445 0.3453125 0.7388888888888889 0.35052083333333334 0.7351851851851852 0.3703125 0.7351851851851852 0.3734375 0.7324074074074074 0.38229166666666664 0.7435185185185185 0.39739583333333334 0.7509259259259259 0.415625 0.7648148148148148 0.4197916666666667 0.7712962962962963 0.4484375 0.7870370370370371 0.47760416666666666 0.7851851851851852 0.5020833333333333 0.7731481481481481 0.5223958333333333 0.7666666666666667 0.5255208333333333 0.7620370370370371 0.5291666666666667 0.7435185185185185 0.5265625 0.7388888888888889 0.5270833333333333 0.7296296296296296 0.5244791666666667 0.712037037037037 0.521875 0.7083333333333334 0.5270833333333333 0.7027777777777777 0.534375 0.700925925925926 0.5427083333333333 0.6888888888888889 0.5432291666666667 0.6694444444444444 0.5390625 0.6657407407407407 0.5390625 0.6564814814814814 0.5557291666666667 0.6481481481481481 0.5619791666666667 0.6407407407407407 0.5645833333333333 0.6296296296296297 0.5625 0.6092592592592593 0.5541666666666667 0.5851851851851851 0.5546875 0.5814814814814815 0.5604166666666667 0.575 0.5625 0.5666666666666667 0.5630208333333333 0.537962962962963 0.5645833333333333 0.5324074074074074 0.5630208333333333 0.5287037037037037 0.5635416666666667 0.5212962962962963 0.5677083333333334 0.5157407407407407 0.5729166666666666 0.5194444444444445 0.5760416666666667 0.5583333333333333 0.5807291666666666 0.5740740740740741 0.58125 0.587037037037037 0.5880208333333333 0.5981481481481481 0.5989583333333334 0.5981481481481481 0.6057291666666667 0.5851851851851851 0.6041666666666666 0.5101851851851852 0.6067708333333334 0.5 0.6041666666666666 0.49074074074074076 0.6041666666666666 0.4722222222222222 0.60625 0.4638888888888889 0.6098958333333333 0.46574074074074073 0.6125 0.47962962962962963 0.6135416666666667 0.48703703703703705 0.6119791666666666 0.5018518518518519 0.6171875 0.5185185185185185 0.6192708333333333 0.5398148148148149 0.625 0.5481481481481482 0.634375 0.5462962962962963 0.6411458333333333 0.5324074074074074 0.6411458333333333 0.45740740740740743 0.6369791666666667 0.4305555555555556 0.6333333333333333 0.4185185185185185 0.6307291666666667 0.4324074074074074 0.6260416666666667 0.4351851851851852 0.6229166666666667 0.44351851851851853 0.6182291666666667 0.4462962962962963 0.60625 0.462037037037037 0.5739583333333333 0.4638888888888889 0.5703125 0.4685185185185185 0.565625 0.462037037037037 0.5458333333333333 0.45740740740740743 0.5322916666666667 0.4601851851851852 0.5322916666666667 0.4722222222222222 0.5375 0.4935185185185185 0.5354166666666667 0.5138888888888888 0.5375 0.5222222222222223 0.5395833333333333 0.562037037037037 0.5421875 0.5694444444444444 0.5401041666666667 0.5731481481481482 0.5369791666666667 0.5685185185185185 0.5109375 0.5638888888888889 0.4864583333333333 0.5509259259259259 0.478125 0.5388888888888889 0.47604166666666664 0.5388888888888889 0.4703125 0.5277777777777778 0.4630208333333333 0.5092592592592593 0.45989583333333334 0.49444444444444446 0.45625 0.4898148148148148 0.4421875 0.4898148148148148 0.428125 0.4962962962962963 0.4203125 0.4962962962962963 0.40677083333333336 0.5027777777777778 0.39947916666666666 0.5101851851851852 0.38385416666666666 0.5166666666666667 0.36875 0.5185185185185185 0.35989583333333336 0.5259259259259259 0.35625 0.524074074074074 0.36770833333333336 0.47129629629629627 0.3697916666666667 0.4527777777777778 0.36875 0.4324074074074074 0.3651041666666667 0.42314814814814816 0.36302083333333335 0.3972222222222222 0.3645833333333333 0.36574074074074076 0.36770833333333336 0.3509259259259259 0.3697916666666667 0.30925925925925923 0.3692708333333333 0.27037037037037037 0.371875 0.23703703703703705 0.37083333333333335 0.21574074074074073 0.3723958333333333 0.19814814814814816 0.3703125 0.12222222222222222 0.371875 0.10555555555555556 0.3703125 0.09537037037037037 0.37083333333333335 0.06481481481481481 0.36770833333333336 0.004629629629629629 0.0020833333333333333 0.002777777777777778
4 0.3927083333333333 0.010185185185185186 0.39375 0.021296296296296296 0.3921875 0.025925925925925925 0.39166666666666666 0.05 0.39010416666666664 0.05555555555555555 0.3932291666666667 0.062037037037037036 0.39166666666666666 0.07407407407407407 0.39479166666666665 0.08055555555555556 0.39375 0.11203703703703703 0.39739583333333334 0.12129629629629629 0.39947916666666666 0.14166666666666666 0.40520833333333334 0.15462962962962962 0.40625 0.16666666666666666 0.40989583333333335 0.17407407407407408 0.4140625 0.19074074074074074 0.42552083333333335 0.21388888888888888 0.42864583333333334 0.21666666666666667 0.43697916666666664 0.21666666666666667 0.4432291666666667 0.2101851851851852 0.44895833333333335 0.2101851851851852 0.4546875 0.22037037037037038 0.4609375 0.23796296296296296 0.46041666666666664 0.2638888888888889 0.45677083333333335 0.2740740740740741 0.45364583333333336 0.3 0.44947916666666665 0.31203703703703706 0.446875 0.35555555555555557 0.4484375 0.3824074074074074 0.4583333333333333 0.4101851851851852 0.46145833333333336 0.41203703703703703 0.4640625 0.4185185185185185 0.4734375 0.42314814814814816 0.48125 0.4212962962962963 0.4859375 0.4148148148148148 0.48854166666666665 0.3925925925925926 0.49322916666666666 0.37592592592592594 0.49375 0.35462962962962963 0.496875 0.34814814814814815 0.5041666666666667 0.27685185185185185 0.5067708333333333 0.2712962962962963 0.5114583333333333 0.2712962962962963 0.5234375 0.2851851851851852 0.53125 0.29814814814814816 0.5427083333333333 0.30277777777777776 0.5447916666666667 0.3111111111111111 0.5515625 0.3212962962962963 0.5604166666666667 0.3277777777777778 0.5713541666666667 0.33055555555555555 0.5723958333333333 0.337037037037037 0.5760416666666667 0.3435185185185185 0.5942708333333333 0.36203703703703705 0.609375 0.3712962962962963 0.625 0.39444444444444443 0.6286458333333333 0.41203703703703703 0.6328125 0.4166666666666667 0.6375 0.41203703703703703 0.6416666666666667 0.41203703703703703 0.6494791666666667 0.42685185185185187 0.6526041666666667 0.4388888888888889 0.6645833333333333 0.45925925925925926 0.675 0.4546296296296296 0.6791666666666667 0.4444444444444444 0.6765625 0.4388888888888889 0.675 0.42314814814814816 0.66875 0.4064814814814815 0.6677083333333333 0.3962962962962963 0.6645833333333333 0.39351851851851855 0.6572916666666667 0.375 0.6557291666666667 0.3648148148148148 0.6484375 0.34444444444444444 0.5619791666666667 0.19722222222222222 0.5453125 0.14537037037037037 0.5411458333333333 0.1259259259259259 0.5276041666666667 0.09814814814814815 0.5197916666666667 0.07222222222222222 0.5244791666666667 0.06018518518518518 0.5276041666666667 0.037037037037037035 0.5270833333333333 0.021296296296296296 0.5239583333333333 0.010185185185185186 0.5161458333333333 0.002777777777777778 0.484375 0 0.4739583333333333 0.002777777777777778 0.4088541666666667 0.000925925925925926 0.39375 0.005555555555555556 0.3927083333333333 0.010185185185185186
3 0.6041666666666666 0.7805555555555556 0.6015625 0.7907407407407407 0.6151041666666667 0.8092592592592592 0.6203125 0.812037037037037 0.6364583333333333 0.8092592592592592 0.6380208333333334 0.8231481481481482 0.6411458333333333 0.8296296296296296 0.6458333333333334 0.8342592592592593 0.6666666666666666 0.8416666666666667 0.6708333333333333 0.8481481481481481 0.6791666666666667 0.8481481481481481 0.68125 0.8444444444444444 0.6880208333333333 0.8416666666666667 0.709375 0.8416666666666667 0.7401041666666667 0.8555555555555555 0.7661458333333333 0.8601851851851852 0.7739583333333333 0.85 0.7776041666666667 0.8361111111111111 0.7817708333333333 0.8277777777777777 0.7875 0.8212962962962963 0.7927083333333333 0.8212962962962963 0.8072916666666666 0.8324074074074074 0.8098958333333334 0.837037037037037 0.8130208333333333 0.862037037037037 0.8526041666666667 0.8685185185185185 0.8713541666666667 0.8870370370370371 0.8916666666666667 0.8935185185185185 0.89375 0.8962962962962963 0.8979166666666667 0.8962962962962963 0.9026041666666667 0.8888888888888888 0.9005208333333333 0.8870370370370371 0.9015625 0.8842592592592593 0.9041666666666667 0.8824074074074074 0.9041666666666667 0.8759259259259259 0.8989583333333333 0.8666666666666667 0.8994791666666667 0.8527777777777777 0.89375 0.8342592592592593 0.8911458333333333 0.812962962962963 0.8916666666666667 0.7833333333333333 0.8958333333333334 0.7518518518518519 0.8973958333333333 0.75 0.8994791666666667 0.7231481481481481 0.8234375 0.725925925925926 0.7645833333333333 0.7074074074074074 0.7140625 0.7055555555555556 0.6989583333333333 0.7185185185185186 0.6526041666666667 0.737037037037037 0.6302083333333334 0.7555555555555555 0.6161458333333333 0.7638888888888888 0.6041666666666666 0.7805555555555556
3 0.2546875 0.5388888888888889 0.2546875 0.562037037037037 0.25729166666666664 0.5722222222222222 0.2578125 0.5861111111111111 0.2609375 0.5944444444444444 0.26197916666666665 0.6685185185185185 0.26458333333333334 0.6861111111111111 0.27395833333333336 0.7018518518518518 0.2755208333333333 0.712037037037037 0.278125 0.7166666666666667 0.2765625 0.7231481481481481 0.2791666666666667 0.7277777777777777 0.28229166666666666 0.7277777777777777 0.28802083333333334 0.7351851851851852 0.29322916666666665 0.737037037037037 0.3109375 0.7388888888888889 0.3307291666666667 0.7388888888888889 0.3380208333333333 0.7342592592592593 0.34270833333333334 0.737037037037037 0.34375 0.7342592592592593 0.3416666666666667 0.7296296296296296 0.34375 0.725925925925926 0.3484375 0.7277777777777777 0.3494791666666667 0.7342592592592593 0.35208333333333336 0.7351851851851852 0.3729166666666667 0.7351851851851852 0.3807291666666667 0.7435185185185185 0.390625 0.7481481481481481 0.4109375 0.7638888888888888 0.4192708333333333 0.7731481481481481 0.44479166666666664 0.7888888888888889 0.47291666666666665 0.7888888888888889 0.47708333333333336 0.7851851851851852 0.51875 0.7712962962962963 0.5296875 0.7638888888888888 0.5307291666666667 0.7444444444444445 0.5286458333333334 0.7379629629629629 0.5260416666666666 0.7083333333333334 0.5369791666666667 0.700925925925926 0.54375 0.6888888888888889 0.5453125 0.675 0.54375 0.6564814814814814 0.5536458333333333 0.6527777777777778 0.5614583333333333 0.6435185185185185 0.5645833333333333 0.6351851851851852 0.5635416666666667 0.612037037037037 0.5552083333333333 0.587037037037037 0.5442708333333334 0.5805555555555556 0.5375 0.5666666666666667 0.5307291666666667 0.5601851851851852 0.5067708333333333 0.5601851851851852 0.4869791666666667 0.55 0.4744791666666667 0.5324074074074074 0.4630208333333333 0.4981481481481482 0.4578125 0.4888888888888889 0.4375 0.4898148148148148 0.41354166666666664 0.4981481481481482 0.396875 0.5101851851851852 0.3692708333333333 0.5185185185185185 0.35104166666666664 0.5324074074074074 0.275 0.5324074074074074 0.2546875 0.5388888888888889
3 0.6776041666666667 0.5481481481481482 0.6770833333333334 0.5712962962962963 0.6729166666666667 0.6046296296296296 0.6708333333333333 0.6092592592592593 0.671875 0.6166666666666667 0.6770833333333334 0.6259259259259259 0.6885416666666667 0.6277777777777778 0.690625 0.6305555555555555 0.6921875 0.6574074074074074 0.6953125 0.6620370370370371 0.7046875 0.6620370370370371 0.7130208333333333 0.6546296296296297 0.7140625 0.6592592592592592 0.7239583333333334 0.675 0.728125 0.675 0.7375 0.6601851851851852 0.7385416666666667 0.6518518518518519 0.7421875 0.6462962962962963 0.7479166666666667 0.6259259259259259 0.7536458333333333 0.5962962962962963 0.7619791666666667 0.5740740740740741 0.7666666666666667 0.5666666666666667 0.7697916666666667 0.5555555555555556 0.7734375 0.5509259259259259 0.7755208333333333 0.5416666666666666 0.7880208333333333 0.5231481481481481 0.796875 0.5231481481481481 0.8041666666666667 0.5342592592592592 0.8041666666666667 0.5425925925925926 0.7885416666666667 0.5787037037037037 0.78125 0.600925925925926 0.7776041666666667 0.6212962962962963 0.7776041666666667 0.6324074074074074 0.7817708333333333 0.6481481481481481 0.7859375 0.6527777777777778 0.7911458333333333 0.6527777777777778 0.7953125 0.6481481481481481 0.8010416666666667 0.6305555555555555 0.8171875 0.6027777777777777 0.8244791666666667 0.5851851851851851 0.8322916666666667 0.4925925925925926 0.8354166666666667 0.4759259259259259 0.8364583333333333 0.4083333333333333 0.8395833333333333 0.38055555555555554 0.8390625 0.37222222222222223 0.8416666666666667 0.36944444444444446 0.8432291666666667 0.3175925925925926 0.8369791666666667 0.3194444444444444 0.8239583333333333 0.337037037037037 0.8234375 0.3416666666666667 0.8135416666666667 0.3509259259259259 0.8125 0.35555555555555557 0.7895833333333333 0.37592592592592594 0.7729166666666667 0.3962962962962963 0.7390625 0.42592592592592593 0.71875 0.45555555555555555 0.70625 0.4685185185185185 0.69375 0.4898148148148148 0.69375 0.4935185185185185 0.6958333333333333 0.49444444444444446 0.6979166666666666 0.5009259259259259 0.6911458333333333 0.5027777777777778 0.6854166666666667 0.5120370370370371 0.6776041666666667 0.5481481481481482
3 0.4578125 0.43148148148148147 0.4583333333333333 0.44722222222222224 0.4625 0.45555555555555555 0.4666666666666667 0.45740740740740743 0.47291666666666665 0.4546296296296296 0.4828125 0.4444444444444444 0.48333333333333334 0.4388888888888889 0.46927083333333336 0.43703703703703706 0.4630208333333333 0.43425925925925923 0.45989583333333334 0.42962962962962964 0.4578125 0.43148148148148147
3 0.50625 0.3111111111111111 0.5046875 0.3388888888888889 0.5 0.3574074074074074 0.5 0.3768518518518518 0.5020833333333333 0.38055555555555554 0.5119791666666667 0.37962962962962965 0.5177083333333333 0.387037037037037 0.5229166666666667 0.4064814814814815 0.5260416666666666 0.43148148148148147 0.5322916666666667 0.4388888888888889 0.5390625 0.4388888888888889 0.5447916666666667 0.44351851851851853 0.5635416666666667 0.44814814814814813 0.5692708333333333 0.4462962962962963 0.59375 0.44907407407407407 0.6114583333333333 0.44166666666666665 0.6182291666666667 0.43425925925925923 0.6208333333333333 0.425 0.6213541666666667 0.41388888888888886 0.6192708333333333 0.4009259259259259 0.6125 0.38981481481481484 0.5692708333333333 0.3527777777777778 0.5552083333333333 0.337037037037037 0.5505208333333333 0.3351851851851852 0.5421875 0.32314814814814813 0.5317708333333333 0.31666666666666665 0.5151041666666667 0.29444444444444445 0.5119791666666667 0.2935185185185185 0.5083333333333333 0.29814814814814816 0.50625 0.3111111111111111
3 0.4473958333333333 0.3388888888888889 0.44583333333333336 0.3648148148148148 0.4484375 0.3861111111111111 0.4625 0.4166666666666667 0.4708333333333333 0.42314814814814816 0.4817708333333333 0.42314814814814816 0.4875 0.4148148148148148 0.5307291666666667 0.4564814814814815 0.5296875 0.4638888888888889 0.5354166666666667 0.49444444444444446 0.534375 0.5166666666666667 0.5364583333333334 0.5287037037037037 0.5375 0.5583333333333333 0.5447916666666667 0.575925925925926 0.5510416666666667 0.5805555555555556 0.5567708333333333 0.5805555555555556 0.5619791666666667 0.5731481481481482 0.565625 0.5370370370370371 0.5645833333333333 0.5277777777777778 0.5666666666666667 0.5175925925925926 0.5682291666666667 0.5166666666666667 0.571875 0.5268518518518519 0.5708333333333333 0.5324074074074074 0.5744791666666667 0.5398148148148149 0.5760416666666667 0.5638888888888889 0.5791666666666667 0.5740740740740741 0.5807291666666666 0.5879629629629629 0.5822916666666667 0.5935185185185186 0.5880208333333333 0.6 0.5984375 0.6 0.6052083333333333 0.5898148148148148 0.6057291666666667 0.5083333333333333 0.6078125 0.4962962962962963 0.6119791666666666 0.5046296296296297 0.6145833333333334 0.5259259259259259 0.6208333333333333 0.549074074074074 0.6244791666666667 0.5527777777777778 0.6328125 0.5527777777777778 0.6364583333333333 0.55 0.6416666666666667 0.5351851851851852 0.6432291666666666 0.5074074074074074 0.6421875 0.45740740740740743 0.6380208333333334 0.425 0.6395833333333333 0.41388888888888886 0.6473958333333333 0.42777777777777776 0.6494791666666667 0.43796296296296294 0.6578125 0.45740740740740743 0.6625 0.4601851851851852 0.6729166666666667 0.4601851851851852 0.6796875 0.4462962962962963 0.6796875 0.4398148148148148 0.6739583333333333 0.4148148148148148 0.6489583333333333 0.34444444444444444 0.5911458333333334 0.24351851851851852 0.5630208333333333 0.2 0.5557291666666667 0.1814814814814815 0.5557291666666667 0.17777777777777778 0.546875 0.16018518518518518 0.5385416666666667 0.15092592592592594 0.5317708333333333 0.1388888888888889 0.5244791666666667 0.13240740740740742 0.5114583333333333 0.13055555555555556 0.5005208333333333 0.1388888888888889 0.4901041666666667 0.1527777777777778 0.4817708333333333 0.17592592592592593 0.47604166666666664 0.18611111111111112 0.4744791666666667 0.1962962962962963 0.4625 0.22407407407407406 0.46145833333333336 0.25925925925925924 0.45 0.3101851851851852 0.4473958333333333 0.3388888888888889
0 0.2864583333333333 0.9259259259259259 0.27708333333333335 0.9305555555555556 0.28177083333333336 0.9305555555555556 0.2833333333333333 0.9351851851851852 0.2864583333333333 0.937037037037037 0.2921875 0.9277777777777778 0.2864583333333333 0.9259259259259259
0 0.4041666666666667 0.7916666666666666 0.4036458333333333 0.7962962962962963 0.40572916666666664 0.7916666666666666 0.4041666666666667 0.7916666666666666
0 0.35520833333333335 0.7472222222222222 0.3546875 0.7601851851851852 0.35833333333333334 0.7870370370370371 0.35572916666666665 0.8092592592592592 0.33958333333333335 0.8305555555555556 0.3338541666666667 0.8416666666666667 0.32760416666666664 0.8444444444444444 0.3171875 0.8574074074074074 0.30364583333333334 0.8824074074074074 0.29583333333333334 0.8824074074074074 0.2921875 0.8925925925925926 0.29375 0.8962962962962963 0.2869791666666667 0.899074074074074 0.2859375 0.9037037037037037 0.28177083333333336 0.9074074074074074 0.28541666666666665 0.9138888888888889 0.2838541666666667 0.9166666666666666 0.2859375 0.9194444444444444 0.29322916666666665 0.9185185185185185 0.29791666666666666 0.9231481481481482 0.296875 0.9268518518518518 0.29322916666666665 0.9277777777777778 0.2916666666666667 0.9351851851851852 0.29739583333333336 0.9388888888888889 0.29739583333333336 0.9462962962962963 0.2875 0.9555555555555556 0.2890625 0.9601851851851851 0.2890625 0.9546296296296296 0.29322916666666665 0.9546296296296296 0.29375 0.9601851851851851 0.2953125 0.9574074074074074 0.3046875 0.9555555555555556 0.3145833333333333 0.9462962962962963 0.3494791666666667 0.9388888888888889 0.3572916666666667 0.9324074074074075 0.3614583333333333 0.9324074074074075 0.3651041666666667 0.9277777777777778 0.3848958333333333 0.9185185185185185 0.4010416666666667 0.9055555555555556 0.4234375 0.8981481481481481 0.44895833333333335 0.8777777777777778 0.44895833333333335 0.875 0.4375 0.8583333333333333 0.43072916666666666 0.8379629629629629 0.42604166666666665 0.8324074074074074 0.41458333333333336 0.8296296296296296 0.4109375 0.8240740740740741 0.4010416666666667 0.8185185185185185 0.39895833333333336 0.7972222222222223 0.39479166666666665 0.7962962962962963 0.39114583333333336 0.7851851851851852 0.3848958333333333 0.7851851851851852 0.384375 0.7824074074074074 0.3875 0.7759259259259259 0.39375 0.7712962962962963 0.3963541666666667 0.7620370370370371 0.3953125 0.7601851851851852 0.3921875 0.7601851851851852 0.3859375 0.7527777777777778 0.371875 0.7435185185185185 0.35989583333333336 0.7435185185185185 0.35520833333333335 0.7472222222222222
0 0.7572916666666667 0.6083333333333333 0.7567708333333333 0.6166666666666667 0.7630208333333334 0.6185185185185185 0.7666666666666667 0.6259259259259259 0.7619791666666667 0.6296296296296297 0.7578125 0.6277777777777778 0.7552083333333334 0.6388888888888888 0.75 0.6435185185185185 0.7536458333333333 0.6472222222222223 0.7489583333333333 0.6527777777777778 0.7505208333333333 0.6555555555555556 0.75 0.6611111111111111 0.7479166666666667 0.6638888888888889 0.7494791666666667 0.6675925925925926 0.7416666666666667 0.6842592592592592 0.7416666666666667 0.687962962962963 0.7385416666666667 0.6907407407407408 0.7385416666666667 0.6981481481481482 0.7432291666666667 0.7027777777777777 0.7692708333333333 0.7055555555555556 0.7802083333333333 0.7101851851851851 0.7875 0.7092592592592593 0.7875 0.6935185185185185 0.7833333333333333 0.6777777777777778 0.7822916666666667 0.6574074074074074 0.7791666666666667 0.6481481481481481 0.7734375 0.6407407407407407 0.775 0.6074074074074074 0.7723958333333333 0.5981481481481481 0.7703125 0.5981481481481481 0.7682291666666666 0.6027777777777777 0.7666666666666667 0.5990740740740741 0.7671875 0.5944444444444444 0.7619791666666667 0.5898148148148148 0.7614583333333333 0.6055555555555555 0.7572916666666667 0.6083333333333333
0 0.525 0.5398148148148149 0.525 0.5435185185185185 0.5291666666666667 0.5416666666666666 0.5291666666666667 0.5388888888888889 0.525 0.5398148148148149
0 0.5078125 0.5370370370370371 0.5083333333333333 0.5416666666666666 0.509375 0.5388888888888889 0.5078125 0.5370370370370371
0 0.509375 0.4759259259259259 0.5125 0.48055555555555557 0.5114583333333333 0.4888888888888889 0.5083333333333333 0.4888888888888889 0.50625 0.49444444444444446 0.5 0.4962962962962963 0.49895833333333334 0.5 0.49583333333333335 0.4962962962962963 0.4947916666666667 0.49907407407407406 0.49375 0.4962962962962963 0.496875 0.5037037037037037 0.4947916666666667 0.5074074074074074 0.5041666666666667 0.5277777777777778 0.5052083333333334 0.5351851851851852 0.5072916666666667 0.5287037037037037 0.509375 0.5277777777777778 0.5098958333333333 0.5111111111111111 0.5114583333333333 0.5074074074074074 0.5145833333333333 0.5120370370370371 0.51875 0.5101851851851852 0.5208333333333334 0.5138888888888888 0.5192708333333333 0.5222222222222223 0.5213541666666667 0.5259259259259259 0.525 0.5296296296296297 0.5291666666666667 0.5259259259259259 0.5296875 0.5 0.5291666666666667 0.4962962962962963 0.525 0.4962962962962963 0.5229166666666667 0.49166666666666664 0.5244791666666667 0.48703703703703705 0.5234375 0.4777777777777778 0.5208333333333334 0.4777777777777778 0.51875 0.4824074074074074 0.5161458333333333 0.4759259259259259 0.5127604166666667 0.4759259259259259 0.5119791666666667 0.4787037037037037 0.509375 0.4759259259259259
0 0.5213541666666667 0.4685185185185185 0.5213541666666667 0.47129629629629627 0.525 0.4740740740740741 0.525 0.46944444444444444 0.5213541666666667 0.4685185185185185
0 0.64765625 0.4652777777777778 0.0005208333333333333 0.002777777777777778
0 0.6822916666666666 0.4597222222222222 0.0010416666666666667 0.000925925925925926
0 0.7067708333333333 0.44166666666666665 0.70625 0.4444444444444444 0.7109375 0.4444444444444444 0.7119791666666667 0.4398148148148148 0.7067708333333333 0.44166666666666665
0 0.7140625 0.43703703703703706 0.7119791666666667 0.4388888888888889 0.7166666666666667 0.44166666666666665 0.7177083333333333 0.4388888888888889 0.715625 0.4398148148148148 0.7140625 0.43703703703703706
0 0.6817708333333333 0.42592592592592593 0.6822916666666666 0.43425925925925923 0.6833333333333333 0.42777777777777776 0.6817708333333333 0.42592592592592593
0 0.50625 0.41388888888888886 0.50625 0.4324074074074074 0.5092015625 0.4324074074074074 0.5114583333333333 0.42777777777777776 0.5121526041666666 0.4324074074074074 0.5166666666666667 0.4305555555555556 0.5171875 0.42777777777777776 0.5151041666666667 0.42592592592592593 0.5098958333333333 0.425 0.5083333333333333 0.41759259259259257 0.509375 0.41388888888888886 0.50625 0.41388888888888886
0 0.375 0.5018518518518519 0.37447916666666664 0.5111111111111111 0.3807291666666667 0.5120370370370371 0.42083333333333334 0.4898148148148148 0.4484375 0.4842592592592593 0.45416666666666666 0.48055555555555557 0.45625 0.47129629629629627 0.4557291666666667 0.4601851851851852 0.44947916666666665 0.44074074074074077 0.44947916666666665 0.42777777777777776 0.4453125 0.4203703703703704 0.4453125 0.41388888888888886 0.43697916666666664 0.41203703703703703 0.4354166666666667 0.4212962962962963 0.425 0.4212962962962963 0.42291666666666666 0.42777777777777776 0.4244791666666667 0.43148148148148147 0.42135416666666664 0.43425925925925923 0.41354166666666664 0.4324074074074074 0.4119791666666667 0.42592592592592593 0.40208333333333335 0.42685185185185187 0.39947916666666666 0.45925925925925926 0.38958333333333334 0.47314814814814815 0.375 0.5018518518518519
0 0.5671875 0.5472222222222223 0.565625 0.5638888888888889 0.5583333333333333 0.5888888888888889 0.5661458333333333 0.6111111111111112 0.56875 0.6305555555555555 0.5734375 0.6324074074074074 0.5828125 0.6259259259259259 0.5973958333333333 0.6212962962962963 0.6109375 0.6212962962962963 0.6125 0.625 0.61875 0.6277777777777778 0.6296875 0.6388888888888888 0.6385416666666667 0.6546296296296297 0.6453125 0.6638888888888889 0.6473958333333333 0.6638888888888889 0.6557291666666667 0.6777777777777778 0.65625 0.6851851851851852 0.6479166666666667 0.7231481481481481 0.6458333333333334 0.7268518518518519 0.6458333333333334 0.7342592592592593 0.6546875 0.7342592592592593 0.6572916666666667 0.7305555555555555 0.6625 0.7305555555555555 0.6755208333333333 0.7231481481481481 0.6817708333333333 0.7231481481481481 0.70625 0.7101851851851851 0.7072916666666667 0.700925925925926 0.7046875 0.6925925925925925 0.70625 0.6888888888888889 0.7083333333333334 0.6888888888888889 0.7119791666666667 0.6962962962962963 0.7140625 0.6916666666666667 0.7161458333333334 0.6981481481481482 0.71875 0.6962962962962963 0.71875 0.6935185185185185 0.7104166666666667 0.6851851851851852 0.70625 0.6861111111111111 0.7015625 0.6777777777777778 0.6958333333333333 0.6796296296296296 0.69375 0.6712962962962963 0.6838541666666667 0.6620370370370371 0.675 0.6472222222222223 0.6760416666666667 0.6435185185185185 0.68125 0.6435185185185185 0.6828125 0.6370370370370371 0.6817708333333333 0.6351851851851852 0.6744791666666666 0.6351851851851852 0.6739583333333333 0.6416666666666667 0.6677083333333333 0.6361111111111111 0.6682291666666667 0.625 0.6640625 0.6185185185185185 0.6666666666666666 0.6074074074074074 0.6609375 0.6 0.6625 0.5981481481481481 0.6625 0.587037037037037 0.6583333333333333 0.5842592592592593 0.6614583333333334 0.5805555555555556 0.6598958333333333 0.575925925925926 0.671875 0.5712962962962963 0.671875 0.5648148148148148 0.6692708333333334 0.5601851851851852 0.6697916666666667 0.5555555555555556 0.6671875 0.5481481481481482 0.66875 0.5416666666666666 0.6677083333333333 0.5314814814814814 0.6723958333333333 0.5259259259259259 0.6692708333333334 0.5231481481481481 0.6682291666666667 0.5185185185185185 0.6625 0.5166666666666667 0.6619791666666667 0.5111111111111111 0.6635416666666667 0.5055555555555555 0.6682291666666667 0.5055555555555555 0.6697916666666667 0.5027777777777778 0.6807291666666667 0.5055555555555555 0.6848958333333334 0.4962962962962963 0.6828125 0.49074074074074076 0.6833333333333333 0.48333333333333334 0.6854166666666667 0.48055555555555557 0.6916666666666667 0.48055555555555557 0.6947916666666667 0.4759259259259259 0.696875 0.46944444444444444 0.6911458333333333 0.4666666666666667 0.690625 0.46296296296296297 0.6973958333333333 0.45555555555555555 0.6958333333333333 0.4527777777777778 0.6973958333333333 0.4462962962962963 0.6958333333333333 0.43796296296296294 0.6979166666666666 0.43148148148148147 0.7015625 0.4351851851851852 0.7083333333333334 0.4351851851851852 0.7125 0.4305555555555556 0.715625 0.4305555555555556 0.7234375 0.4388888888888889 0.7270833333333333 0.42777777777777776 0.7265625 0.4148148148148148 0.7234375 0.40555555555555556 0.7197916666666667 0.4046296296296296 0.7171875 0.3962962962962963 0.7114583333333333 0.3888888888888889 0.7098958333333333 0.3824074074074074 0.7052083333333333 0.37777777777777777 0.7010416666666667 0.37777777777777777 0.6947916666666667 0.3685185185185185 0.6822916666666666 0.36666666666666664 0.6776041666666667 0.36203703703703705 0.6614583333333334 0.36203703703703705 0.6609375 0.36944444444444446 0.6682291666666667 0.37962962962962965 0.6682291666666667 0.3851851851851852 0.6760416666666667 0.3925925925925926 0.6739583333333333 0.39444444444444443 0.6734375 0.4 0.6755208333333333 0.4101851851851852 0.6786458333333333 0.41203703703703703 0.6786458333333333 0.4185185185185185 0.6864583333333333 0.4185185185185185 0.6875 0.42777777777777776 0.6895833333333333 0.42777777777777776 0.6869791666666667 0.4351851851851852 0.6833333333333333 0.43703703703703706 0.6875 0.4527777777777778 0.6859375 0.4583333333333333 0.6875 0.4648148148148148 0.6796875 0.4685185185185185 0.6786458333333333 0.4759259259259259 0.6760416666666667 0.4759259259259259 0.675 0.46944444444444444 0.6708333333333333 0.46944444444444444 0.6677083333333333 0.47314814814814815 0.6609375 0.47129629629629627 0.6598958333333333 0.4777777777777778 0.6572916666666667 0.48055555555555557 0.6541666666666667 0.4740740740740741 0.6505208333333333 0.47685185185185186 0.6484375 0.48703703703703705 0.6510416666666666 0.4935185185185185 0.6494791666666667 0.5018518518518519 0.6463541666666667 0.5055555555555555 0.6458333333333334 0.5287037037037037 0.6536458333333334 0.5314814814814814 0.6541666666666667 0.5388888888888889 0.6505208333333333 0.5388888888888889 0.6473958333333333 0.5444444444444444 0.6458333333333334 0.5388888888888889 0.64375 0.5388888888888889 0.6432291666666666 0.5444444444444444 0.6453125 0.55 0.6401041666666667 0.55 0.6395833333333333 0.5537037037037037 0.6442708333333333 0.5601851851851852 0.6390625 0.5638888888888889 0.6255208333333333 0.5648148148148148 0.6192708333333333 0.5574074074074075 0.6161458333333333 0.5601851851851852 0.6130208333333333 0.5574074074074075 0.6119791666666666 0.5527777777777778 0.609375 0.5527777777777778 0.6083333333333333 0.5851851851851851 0.6036458333333333 0.5972222222222222 0.5932291666666667 0.6046296296296296 0.5880208333333333 0.6027777777777777 0.58125 0.5935185185185186 0.575 0.5703703703703704 0.571875 0.5462962962962963 0.5692708333333333 0.5435185185185185 0.5671875 0.5472222222222223