4 0.6192708333333333 0.862037037037037 0.6171875 0.8648148148148148 0.6182291666666667 0.8759259259259259 0.6239583333333333 0.8842592592592593 0.6317708333333333 0.9092592592592592 0.6364583333333333 0.9185185185185185 0.6458333333333334 0.9740740740740741 0.6572916666666667 0.9935185185185185 0.665625 0.9962962962962963 0.6677083333333333 0.9935185185185185 0.6635416666666667 0.9814814814814815 0.6619791666666667 0.9685185185185186 0.6567708333333333 0.9592592592592593 0.65625 0.950925925925926 0.6520833333333333 0.9407407407407408 0.6473958333333333 0.9120370370370371 0.6427083333333333 0.9027777777777778 0.6416666666666667 0.8962962962962963 0.6380208333333334 0.8916666666666667 0.6307291666666667 0.8648148148148148 0.6265625 0.8601851851851852
4 0.6098958333333333 0.8027777777777778 0.609375 0.8111111111111111 0.6135416666666667 0.8277777777777777 0.6197916666666666 0.8351851851851851 0.63125 0.8574074074074074 0.6333333333333333 0.8574074074074074 0.6432291666666666 0.8777777777777778 0.6526041666666667 0.8916666666666667 0.6609375 0.899074074074074 0.6671875 0.9120370370370371 0.6880208333333333 0.9935185185185185 0.69375 0.9981481481481481 0.7791666666666667 0.9981481481481481 0.7828125 0.9935185185185185 0.78125 0.9796296296296296 0.7791666666666667 0.975 0.7692708333333333 0.9685185185185186 0.7552083333333334 0.9462962962962963 0.7489583333333333 0.9138888888888889 0.7427083333333333 0.9037037037037037 0.7354166666666667 0.8574074074074074 0.7296875 0.8407407407407408 0.7119791666666667 0.8185185185185185 0.6953125 0.8074074074074075 0.6838541666666667 0.8055555555555556 0.6671875 0.7851851851851852 0.65625 0.7870370370370371 0.6520833333333333 0.7777777777777778 0.6395833333333333 0.7777777777777778 0.6322916666666667 0.7981481481481482 0.6135416666666667 0.7944444444444444
4 0.3145833333333333 0.9935185185185185 0.3140625 0.9981481481481481 0.43020833333333336 0.9981481481481481 0.43645833333333334 0.9935185185185185 0.44375 0.9731481481481481 0.45364583333333336 0.9574074074074074 0.4578125 0.9425925925925925 0.46145833333333336 0.937037037037037 0.46822916666666664 0.9175925925925926 0.49166666666666664 0.8731481481481481 0.5 0.837037037037037 0.5005208333333333 0.8268518518518518 0.50625 0.8166666666666667 0.5072916666666667 0.775 0.509375 0.7712962962962963 0.5140625 0.7379629629629629 0.5208333333333334 0.7212962962962963 0.5276041666666667 0.6944444444444444 0.534375 0.6796296296296296 0.5364583333333334 0.6666666666666666 0.5255208333333333 0.6574074074074074 0.5255208333333333 0.6462962962962963 0.5177083333333333 0.6324074074074074 0.5130208333333334 0.6324074074074074 0.5015625 0.625 0.49947916666666664 0.6194444444444445 0.4875 0.6101851851851852 0.4625 0.6074074074074074 0.4390625 0.6148148148148148 0.42291666666666666 0.6351851851851852 0.42083333333333334 0.6351851851851852 0.3963541666666667 0.6685185185185185 0.38125 0.6805555555555556 0.375 0.6935185185185185 0.37395833333333334 0.7101851851851851 0.3776041666666667 0.8351851851851851 0.3796875 0.8444444444444444 0.37864583333333335 0.8601851851851852 0.36822916666666666 0.8851851851851852 0.36666666666666664 0.9074074074074074 0.35625 0.9314814814814815 0.3458333333333333 0.9481481481481482 0.3421875 0.9675925925925926 0.3380208333333333 0.9731481481481481 0.3265625 0.9731481481481481 0.3223958333333333 0.9805555555555555 0.3203125 0.9805555555555555
4 0.9567708333333333 0.987037037037037 0.9546875 0.9907407407407407 0.9520833333333333 0.9907407407407407 0.9557291666666666 0.9898148148148148 0.9588541666666667 0.9935185185185185 0.9614583333333333 0.9916666666666667 0.9609375 0.987037037037037 0.9578125 0.9916666666666667
4 0.4432291666666667 0.9833333333333333 0.44166666666666665 0.9925925925925926 0.4479166666666667 0.9962962962962963 0.47708333333333336 0.9962962962962963 0.48541666666666666 0.9935185185185185 0.4875 0.9916666666666667 0.48802083333333335 0.987037037037037 0.4869791666666667 0.9805555555555555 0.48541666666666666 0.9796296296296296 0.4869791666666667 0.9694444444444444 0.4859375 0.962037037037037 0.4828125 0.9601851851851851 0.48072916666666665 0.9527777777777777 0.4744791666666667 0.9444444444444444 0.4744791666666667 0.9351851851851852 0.46979166666666666 0.9277777777777778 0.4625 0.9453703703703704 0.4583333333333333 0.9490740740740741 0.4552083333333333 0.9601851851851851 0.45208333333333334 0.962037037037037 0.44947916666666665 0.9731481481481481 0.4453125 0.975925925925926
4 0.6734375 0.9138888888888889 0.6703125 0.9138888888888889 0.6703125 0.9175925925925926 0.6739583333333333 0.9212962962962963 0.6791666666666667 0.9166666666666666 0.675 0.9166666666666666
4 0.6640625 0.8962962962962963 0.6625 0.8962962962962963 0.6661458333333333 0.9018518518518519 0.6682291666666667 0.9101851851851852 0.6682291666666667 0.9009259259259259 0.665625 0.9009259259259259
4 0.6364583333333333 0.8527777777777777 0.6359375 0.8555555555555555 0.6401041666666667 0.862037037037037 0.6401041666666667 0.8574074074074074
4 0.4765625 0.9074074074074074 0.4739583333333333 0.9166666666666666 0.47552083333333334 0.9305555555555556 0.4817708333333333 0.9388888888888889 0.4901041666666667 0.9648148148148148 0.4973958333333333 0.9685185185185186 0.49895833333333334 0.9842592592592593 0.5104166666666666 0.9935185185185185 0.5244791666666667 0.9962962962962963 0.5489583333333333 0.9916666666666667 0.5557291666666667 0.9935185185185185 0.5614583333333333 0.987037037037037 0.565625 0.9935185185185185 0.6041666666666666 0.9962962962962963 0.609375 0.9916666666666667 0.6130208333333333 0.9777777777777777 0.6192708333333333 0.9666666666666667 0.6192708333333333 0.9555555555555556 0.6151041666666667 0.9518518518518518 0.6166666666666667 0.9490740740740741 0.6161458333333333 0.9444444444444444 0.6140625 0.9453703703703704 0.6145833333333334 0.9527777777777777 0.6130208333333333 0.9555555555555556 0.6083333333333333 0.9527777777777777 0.6098958333333333 0.9546296296296296 0.6057291666666667 0.9555555555555556 0.6057291666666667 0.962037037037037 0.6006942708333334 0.9638888888888889 0.5989583333333334 0.9527777777777777 0.5942708333333333 0.9555555555555556 0.59375 0.9583333333333334 0.5895833333333333 0.9527777777777777 0.5770833333333333 0.9527777777777777 0.575 0.9481481481481482 0.5723958333333333 0.9481481481481482 0.5703125 0.9444444444444444 0.5708333333333333 0.9416666666666667 0.5671875 0.9407407407407408 0.5666666666666667 0.937962962962963 0.56875 0.9351851851851852 0.5625 0.9314814814814815 0.5635416666666667 0.9259259259259259 0.5604166666666667 0.9259259259259259 0.5546875 0.9342592592592592 0.5458333333333333 0.9388888888888889 0.5390625 0.9388888888888889 0.5375 0.9351851851851852 0.5333333333333333 0.9342592592592592 0.5333333333333333 0.9259259259259259 0.5302083333333333 0.9101851851851852 0.5208333333333334 0.8898148148148148 0.5166666666666667 0.8722222222222222 0.5161458333333333 0.8592592592592593 0.5125 0.8527777777777777 0.5119791666666667 0.8444444444444444 0.5098958333333333 0.8416666666666667 0.5109375 0.837037037037037 0.5078125 0.8342592592592593 0.5078125 0.8305555555555556 0.5041666666666667 0.8305555555555556 0.5036458333333333 0.837037037037037 0.5 0.8435185185185186 0.49947916666666664 0.8601851851851852 0.5036458333333333 0.862037037037037 0.50625 0.8666666666666667 0.5057291666666667 0.8703703703703703 0.4984375 0.8666666666666667 0.496875 0.8722222222222222 0.4984375 0.8759259259259259 0.4875 0.8870370370370371 0.4859375 0.8935185185185185
4 0.63984375 0.8041666666666667 0.0005208333333333333 0.002777777777777778
4 0.6364583333333333 0.7888888888888889 0.6359375 0.7916666666666666 0.6375 0.7935185185185185
4 0.4041666666666667 0.687037037037037 0.4036458333333333 0.6888888888888889 0.40729166666666666 0.6888888888888889
4 0.5770833333333333 0.5666666666666667 0.5744791666666667 0.5712962962962963 0.5854166666666667 0.5694444444444444
4 0.6161458333333333 0.5462962962962963 0.6135416666666667 0.5481481481481482 0.6140625 0.5527777777777778 0.6192708333333333 0.5555555555555556 0.625 0.5527777777777778 0.6255208333333333 0.5435185185185185
4 0.5822916666666667 0.525 0.5828125 0.5287037037037037 0.5802083333333333 0.5324074074074074 0.58125 0.5388888888888889 0.5890625 0.5398148148148149 0.5890625 0.5342592592592592 0.5916666666666667 0.5342592592592592 0.5958333333333333 0.5370370370370371 0.59375 0.5416666666666666 0.6 0.5398148148148149 0.5989583333333334 0.5370370370370371 0.5869791666666667 0.5314814814814814 0.5854166666666667 0.5231481481481481
4 0.5880208333333333 0.4685185185185185 0.5875 0.47314814814814815 0.5895833333333333 0.4759259259259259 0.5947916666666667 0.4759259259259259 0.6015625 0.4935185185185185 0.6057291666666667 0.49166666666666664 0.60625 0.4861111111111111 0.6104166666666667 0.48055555555555557 0.6161458333333333 0.4824074074074074 0.6229166666666667 0.4759259259259259 0.628125 0.4777777777777778 0.6307291666666667 0.4842592592592593 0.6234375 0.4898148148148148 0.6255208333333333 0.4981481481481482 0.6234375 0.5074074074074074 0.6255208333333333 0.5120370370370371 0.6307291666666667 0.5148148148148148 0.6369791666666667 0.5074074074074074 0.6390625 0.4898148148148148 0.6380208333333334 0.48333333333333334 0.6427083333333333 0.46944444444444444 0.6427083333333333 0.45925925925925926 0.6401041666666667 0.4527777777777778 0.64375 0.44814814814814813 0.6401041666666667 0.44814814814814813 0.6385416666666667 0.45185185185185184 0.6375 0.44814814814814813 0.63125 0.44814814814814813 0.625 0.4546296296296296 0.6203125 0.4546296296296296 0.6177083333333333 0.45092592592592595 0.6104166666666667 0.4546296296296296 0.6052083333333333 0.4527777777777778 0.5994791666666667 0.462037037037037
4 0.6473958333333333 0.4101851851851852 0.6463541666666667 0.41388888888888886 0.6494791666666667 0.4166666666666667 0.6479166666666667 0.42777777777777776 0.6494791666666667 0.4351851851851852 0.6510416666666666 0.4351851851851852 0.6520833333333333 0.42685185185185187 0.6546875 0.425 0.6557291666666667 0.41388888888888886 0.6536458333333334 0.4101851851851852
4 0.041666666666666664 0.6898148148148148 0.044270833333333336 0.7231481481481481 0.042708333333333334 0.7277777777777777 0.043229166666666666 0.7444444444444445 0.04114583333333333 0.7546296296296297 0.0421875 0.7796296296296297 0.040625 0.8138888888888889 0.0421875 0.8212962962962963 0.043229166666666666 0.9120370370370371 0.04583333333333333 0.9555555555555556 0.04479166666666667 0.9712962962962963 0.05 0.9935185185185185 0.07291666666666667 0.9916666666666667 0.084375 0.9981481481481481 0.1453125 0.9935185185185185 0.184375 0.9981481481481481 0.21979166666666666 0.9944444444444445 0.309375 0.9944444444444445 0.3125 0.9916666666666667 0.3171875 0.9805555555555555 0.32083333333333336 0.9777777777777777 0.32447916666666665 0.9685185185185186 0.3411458333333333 0.9601851851851851 0.3463541666666667 0.9416666666666667 0.3515625 0.9324074074074075 0.35572916666666665 0.9296296296296296 0.3609375 0.9185185185185185 0.3640625 0.9074074074074074 0.3640625 0.8870370370370371 0.37916666666666665 0.850925925925926 0.3765625 0.8268518518518518 0.3770833333333333 0.8092592592592592 0.37395833333333334 0.7962962962962963 0.3776041666666667 0.7888888888888889 0.37552083333333336 0.7731481481481481 0.37604166666666666 0.7648148148148148 0.3770833333333333 0.7620370370370371 0.3802083333333333 0.7620370370370371 0.37604166666666666 0.7620370370370371 0.37447916666666664 0.7527777777777778 0.3692708333333333 0.7527777777777778 0.3671875 0.7490740740740741 0.3671875 0.7462962962962963 0.3729166666666667 0.7462962962962963 0.3734375 0.7435185185185185 0.36875 0.7435185185185185 0.37083333333333335 0.7342592592592593 0.36875 0.7277777777777777 0.3651041666666667 0.725925925925926 0.3645833333333333 0.7231481481481481 0.3671875 0.7194444444444444 0.3645833333333333 0.7148148148148148 0.3692708333333333 0.7092592592592593 0.37083333333333335 0.6962962962962963 0.37916666666666665 0.6805555555555556 0.39895833333333336 0.6601851851851852 0.39479166666666665 0.65 0.3963541666666667 0.625 0.3927083333333333 0.6037037037037037 0.3927083333333333 0.5935185185185186 0.4005208333333333 0.5777777777777777 0.4234375 0.575925925925926 0.4375 0.5638888888888889 0.4453125 0.5509259259259259 0.465625 0.5351851851851852 0.459375 0.512962962962963 0.44427083333333334 0.5046296296296297 0.4359375 0.4888888888888889 0.4317708333333333 0.4888888888888889 0.42604166666666665 0.4824074074074074 0.4192708333333333 0.4824074074074074 0.4119791666666667 0.4759259259259259 0.4041666666666667 0.47962962962962963 0.3963541666666667 0.4777777777777778 0.39140625 0.48055555555555557 0.38958333333333334 0.4685185185185185 0.38697916666666665 0.47314814814814815 0.38333333333333336 0.462037037037037 0.37916666666666665 0.46111111111111114 0.37552083333333336 0.45092592592592595 0.3703125 0.44814814814814813 0.36614583333333334 0.43796296296296294 0.35 0.412962962962963 0.3458333333333333 0.4046296296296296 0.34322916666666664 0.39166666666666666 0.33177083333333335 0.36666666666666664 0.3302083333333333 0.3574074074074074 0.31979166666666664 0.3435185185185185 0.3140625 0.33055555555555555 0.309375 0.3277777777777778 0.3046875 0.31574074074074077 0.2994791666666667 0.3101851851851852 0.28229166666666666 0.3055555555555556 0.275 0.31203703703703706 0.2630208333333333 0.34814814814814815 0.253125 0.36018518518518516 0.23333333333333334 0.36944444444444446 0.19791666666666666 0.39166666666666666 0.16770833333333332 0.4009259259259259 0.140625 0.4166666666666667 0.10729166666666666 0.42777777777777776 0.09635416666666667 0.4351851851851852 0.07708333333333334 0.4398148148148148 0.06302083333333333 0.45185185185185184 0.058333333333333334 0.46944444444444444 0.04739583333333333 0.6027777777777777 0.04583333333333333 0.6074074074074074 0.046875 0.6296296296296297 0.04479166666666667 0.6361111111111111
4 0.2890625 0.2388888888888889 0.2890625 0.24166666666666667 0.290625 0.23981481481481481
4 0.7046875 0.5055555555555555 0.7041666666666667 0.5314814814814814 0.7067708333333333 0.562962962962963 0.7114583333333333 0.5731481481481482 0.7125 0.587037037037037 0.7182291666666667 0.600925925925926 0.71875 0.6064814814814815 0.7234375 0.6092592592592593 0.7322916666666667 0.6231481481481481 0.7375 0.6472222222222223 0.7395833333333334 0.6888888888888889 0.75625 0.700925925925926 0.759375 0.7074074074074074 0.7630208333333334 0.7324074074074074 0.7614583333333333 0.7509259259259259 0.7625 0.7620370370370371 0.76875 0.7731481481481481 0.771875 0.7731481481481481 0.7765625 0.7796296296296297 0.7864583333333334 0.7824074074074074 0.7911458333333333 0.7944444444444444 0.7932291666666667 0.8111111111111111 0.7916666666666666 0.8435185185185186 0.7864583333333334 0.8638888888888889 0.7802083333333333 0.875 0.765625 0.8851851851851852 0.7567708333333333 0.8851851851851852 0.7489583333333333 0.8777777777777778 0.7421875 0.8787037037037037 0.7432291666666667 0.899074074074074 0.7463541666666667 0.9092592592592592 0.7515625 0.9148148148148149 0.7567708333333333 0.9425925925925925 0.7692708333333333 0.9638888888888889 0.7791666666666667 0.9685185185185186 0.7822916666666667 0.9796296296296296 0.7890625 0.9888888888888889 0.7953125 0.9851851851851852 0.8088541666666667 0.9851851851851852 0.8177083333333334 0.9888888888888889 0.8197916666666667 0.9935185185185185 0.8489583333333334 0.9935185185185185 0.8515625 0.9962962962962963 0.89375 0.9962962962962963 0.9114583333333334 0.9935185185185185 0.9208333333333333 0.9703703703703703 0.9395833333333333 0.9444444444444444 0.9520833333333333 0.9324074074074075 0.9546875 0.9324074074074075 0.9572916666666667 0.9277777777777778 0.9796875 0.9120370370370371 0.98125 0.9055555555555556 0.9942708333333333 0.9027777777777778 0.9958333333333333 0.8981481481481481 0.99375 0.8768518518518519 0.9958333333333333 0.8555555555555555 0.9947916666666666 0.8472222222222222 0.9963541666666667 0.8314814814814815 0.9994791666666667 0.8296296296296296 0.9994791666666667 0.7851851851851852 0.9973958333333334 0.7851851851851852 0.9942708333333333 0.7796296296296297 0.9973958333333334 0.7611111111111111 0.9994791666666667 0.7601851851851852 0.9994791666666667 0.7324074074074074 0.9958333333333333 0.7287037037037037 0.9947916666666666 0.7194444444444444 0.9963541666666667 0.7055555555555556 0.9994791666666667 0.7027777777777777 0.9994791666666667 0.675 0.9947916666666666 0.6694444444444444 0.99375 0.6638888888888889 0.9973958333333334 0.6546296296296297 0.9994791666666667 0.6546296296296297 0.9994791666666667 0.6342592592592593 0.9880208333333333 0.6231481481481481 0.9901041666666667 0.600925925925926 0.9880208333333333 0.5990740740740741 0.9890625 0.5935185185185186 0.9875 0.5898148148148148 0.9901041666666667 0.5851851851851851 0.9901041666666667 0.5731481481481482 0.9885416666666667 0.5722222222222222 0.9875 0.5638888888888889 0.9916666666666667 0.5555555555555556 0.9890625 0.5537037037037037 0.9895833333333334 0.55 0.9875 0.5462962962962963 0.9817708333333334 0.5425925925925926 0.9807291666666667 0.5314814814814814 0.9828125 0.524074074074074 0.9916666666666667 0.5212962962962963 0.9875 0.5212962962962963 0.9854166666666667 0.5175925925925926 0.9854166666666667 0.5120370370370371 0.9880208333333333 0.5120370370370371 0.9895833333333334 0.5074074074074074 0.99375 0.5101851851851852 0.9942708333333333 0.5074074074074074 0.9895833333333334 0.5064814814814815 0.9901041666666667 0.5009259259259259 0.9885416666666667 0.4981481481481482 0.9901041666666667 0.49444444444444446 0.9942708333333333 0.4935185185185185 0.9932291666666667 0.47129629629629627 0.9953125 0.4666666666666667 0.9994791666666667 0.4648148148148148 0.9994791666666667 0.43703703703703706 0.9958333333333333 0.4324074074074074 0.9958333333333333 0.4287037037037037 0.9994791666666667 0.42592592592592593 0.9994791666666667 0.4212962962962963 0.9947916666666666 0.4166666666666667 0.9953125 0.4009259259259259 0.9963541666666667 0.39814814814814814 0.9994791666666667 0.39814814814814814 0.9994791666666667 0.39351851851851855 0.9947916666666666 0.3907407407407407 0.9947916666666666 0.387037037037037 0.9994791666666667 0.3824074074074074 0.9994791666666667 0.3509259259259259 0.9963541666666667 0.3472222222222222 0.9963541666666667 0.3416666666666667 0.9927083333333333 0.33425925925925926 0.9942708333333333 0.32592592592592595 0.99375 0.31666666666666665 0.9994791666666667 0.30925925925925923 0.9994791666666667 0.25092592592592594 0.9953125 0.24814814814814815 0.9958333333333333 0.24537037037037038 0.9994791666666667 0.24351851851851852 0.9994791666666667 0.18703703703703703 0.9932291666666667 0.18518518518518517 0.9869791666666666 0.1962962962962963 0.9697916666666667 0.2074074074074074 0.9671875 0.21666666666666667 0.9598958333333333 0.23055555555555557 0.9541666666666667 0.2324074074074074 0.9385416666666667 0.25092592592592594 0.9333333333333333 0.2638888888888889 0.9177083333333333 0.2851851851851852 0.8989583333333333 0.2962962962962963 0.8760416666666667 0.30277777777777776 0.8598958333333333 0.31666666666666665 0.84375 0.32592592592592595 0.8359375 0.3351851851851852 0.8109375 0.337037037037037 0.8067708333333333 0.3351851851851852 0.8052083333333333 0.33055555555555555 0.8010416666666667 0.33055555555555555 0.8005208333333333 0.33611111111111114 0.796875 0.337037037037037 0.7947916666666667 0.3416666666666667 0.7984375 0.35185185185185186 0.7953125 0.3685185185185185 0.7979166666666667 0.3731481481481482 0.7994791666666666 0.38425925925925924 0.8036458333333333 0.39166666666666666 0.8041666666666667 0.3962962962962963 0.8067708333333333 0.39814814814814814 0.8046875 0.40555555555555556 0.8026041666666667 0.40555555555555556 0.790625 0.38333333333333336 0.7833333333333333 0.37592592592592594 0.7609375 0.37592592592592594 0.75625 0.3824074074074074 0.7541666666666667 0.3907407407407407 0.75 0.39351851851851855 0.7453125 0.40555555555555556 0.7395833333333334 0.4074074074074074 0.7364583333333333 0.4166666666666667 0.7333333333333333 0.41944444444444445 0.7307291666666667 0.4351851851851852 0.7265625 0.4398148148148148 0.7265625 0.45925925925925926 0.7223958333333333 0.4666666666666667 0.7197916666666667 0.4666666666666667 0.7140625 0.4777777777777778 0.7119791666666667 0.4888888888888889 0.70625 0.4962962962962963
4 0.34270833333333334 0.05555555555555555 0.34375 0.11018518518518519 0.3411458333333333 0.14629629629629629 0.340625 0.18518518518518517 0.3385416666666667 0.18796296296296297 0.3390625 0.20462962962962963 0.3375 0.2111111111111111 0.3359375 0.24537037037037038 0.33125 0.2675925925925926 0.33125 0.2759259259259259 0.3338541666666667 0.28055555555555556 0.3411458333333333 0.2824074074074074 0.3489583333333333 0.2935185185185185 0.3515625 0.32222222222222224 0.35572916666666665 0.33425925925925926 0.3796875 0.36203703703703705 0.3859375 0.3731481481481482 0.3885416666666667 0.38425925925925924 0.3890625 0.4064814814814815 0.3953125 0.41944444444444445 0.41041666666666665 0.44166666666666665 0.4140625 0.4546296296296296 0.41822916666666665 0.4601851851851852 0.42604166666666665 0.45740740740740743 0.4322916666666667 0.4638888888888889 0.4354166666666667 0.4638888888888889 0.4390625 0.47314814814814815 0.4432291666666667 0.4935185185185185 0.44947916666666665 0.5027777777777778 0.45989583333333334 0.5074074074074074 0.46770833333333334 0.524074074074074 0.4739583333333333 0.5537037037037037 0.47291666666666665 0.5888888888888889 0.475 0.6027777777777777 0.4869791666666667 0.6055555555555555 0.50625 0.6231481481481481 0.5161458333333333 0.6259259259259259 0.5270833333333333 0.637962962962963 0.5317708333333333 0.6527777777777778 0.5401041666666667 0.6611111111111111 0.5432291666666667 0.6685185185185185 0.5625 0.6777777777777778 0.5671875 0.6759259259259259 0.5671875 0.6731481481481482 0.565625 0.6648148148148149 0.5614583333333333 0.6601851851851852 0.5567708333333333 0.6407407407407407 0.5552083333333333 0.5933333333333333 0.6203125 0.6138888888888889 0.6171875 0.6425925925925926 0.6203125 0.6527777777777778 0.625 0.6601851851851852 0.625 0.6759259259259259 0.6270833333333333 0.6888888888888889 0.6260416666666667 0.6944444444444444 0.6296875 0.6981481481481482 0.6385416666666667 0.6990740740740741 0.634375 0.7314814814814815 0.6380208333333334 0.7435185185185185 0.6515625 0.7435185185185185 0.6635416666666667 0.737037037037037 0.6677083333333333 0.7305555555555555 0.6786458333333333 0.7101851851851851 0.6822916666666666 0.6925925925925925 0.6864583333333333 0.6851851851851852 0.6895833333333333 0.6638888888888889 0.6953125 0.6481481481481481 0.6984375 0.6481481481481481 0.7020833333333333 0.6620370370370371 0.7046875 0.6648148148148149 0.7088541666666667 0.7055555555555556 0.7130208333333333 0.7101851851851851 0.7203125 0.7055555555555556 0.7208333333333333 0.6935185185185185 0.7177083333333333 0.6574074074074074 0.7140625 0.6462962962962963 0.7119791666666667 0.6287037037037037 0.7114583333333333 0.5981481481481481 0.7083333333333334 0.5879629629629629 0.7026041666666667 0.5527777777777778 0.6994791666666667 0.5296296296296297 0.6994791666666667 0.512962962962963 0.7067708333333333 0.4777777777777778 0.7182291666666667 0.4638888888888889 0.721875 0.45555555555555555 0.7223958333333333 0.44351851851851853 0.7192708333333333 0.43148148148148147 0.7203125 0.41944444444444445 0.7307291666666667 0.39814814814814814 0.7421875 0.39814814814814814 0.7453125 0.39166666666666666 0.75 0.3648148148148148 0.7541666666666667 0.3509259259259259 0.7510416666666667 0.3296296296296296 0.75 0.29907407407407405 0.7552083333333334 0.28888888888888886 0.7640625 0.2824074074074074 0.76875 0.26666666666666666 0.76875 0.2490740740740741 0.7713541666666667 0.22407407407407406 0.7713541666666667 0.18888888888888888 0.7729166666666667 0.18518518518518517 0.775 0.15185185185185185 0.7791666666666667 0.13703703703703704 0.784375 0.0962962962962963 0.784375 0.005555555555555556 0.7822916666666667 0.000925925925925926 0.7203125 0 0.715625 0.002777777777777778 0.6994791666666667 0.002777777777777778 0.6953125 0 0.6828125 0 0.6802083333333333 0.002777777777777778 0.6625 0.002777777777777778 0.6604166666666667 0 0.6385416666666667 0 0.6359375 0.002777777777777778 0.6213541666666667 0.005555555555555556 0.6192708333333333 0.002777777777777778 0.6125 0.002777777777777778 0.6109375 0 0.55625 0 0.5541666666666667 0.002777777777777778 0.5458333333333333 0.002777777777777778 0.5432291666666667 0.010185185185185186 0.5385416666666667 0.010185185185185186 0.5364583333333334 0.005555555555555556 0.525 0.002777777777777778 0.5234375 0 0.5177083333333333 0 0.5114583333333333 0.004629629629629629 0.4744791666666667 0.002777777777777778 0.45989583333333334 0.007407407407407408 0.43645833333333334 0 0.4317708333333333 0 0.43020833333333336 0.002777777777777778 0.4119791666666667 0.002777777777777778 0.4088541666666667 0 0.35104166666666664 0 0.3463541666666667 0.004629629629629629 0.3463541666666667 0.03148148148148148
1 0.5703125 0.7851851851851852 0.5697916666666667 0.8037037037037037 0.5744791666666667 0.8212962962962963 0.5848958333333333 0.8055555555555556 0.58125 0.787962962962963 0.58125 0.7731481481481481 0.5776041666666667 0.7638888888888888
1 0.5947916666666667 0.8055555555555556 0.59375 0.8185185185185185 0.5958333333333333 0.8416666666666667 0.6 0.862037037037037 0.6015625 0.8648148148148148 0.6052083333333333 0.8638888888888889 0.609375 0.8555555555555555 0.6114583333333333 0.8398148148148148 0.6109375 0.8277777777777777 0.60625 0.8074074074074075 0.6125 0.7870370370370371 0.6125 0.7666666666666667 0.609375 0.7638888888888888 0.6078125 0.7675925925925926 0.6057291666666667 0.8064814814814815 0.6005208333333333 0.8092592592592592
1 0.5708333333333333 0.7851851851851852 0.5703125 0.8037037037037037 0.5744791666666667 0.8194444444444444 0.5765625 0.8185185185185185 0.5822916666666667 0.8055555555555556 0.5796875 0.7814814814814814 0.58125 0.774074074074074 0.5776041666666667 0.7648148148148148 0.5739583333333333 0.7805555555555556
1 0.5765625 0.6574074074074074 0.5822916666666667 0.6944444444444444 0.5807291666666666 0.6981481481481482 0.5776041666666667 0.6981481481481482 0.5760416666666667 0.7027777777777777 0.5770833333333333 0.7166666666666667 0.5848958333333333 0.7444444444444445 0.5869791666666667 0.7657407407407407 0.59375 0.7814814814814814 0.59375 0.825925925925926 0.5958333333333333 0.8435185185185186 0.6 0.8629629629629629 0.6052083333333333 0.8638888888888889 0.6098958333333333 0.8546296296296296 0.6119791666666666 0.8388888888888889 0.6119791666666666 0.8324074074074074 0.60625 0.812962962962963 0.60625 0.8055555555555556 0.6125 0.7916666666666666 0.6125 0.7666666666666667 0.6229166666666667 0.7574074074074074 0.6197916666666666 0.7527777777777778 0.6229166666666667 0.7527777777777778 0.6197916666666666 0.7472222222222222 0.6192708333333333 0.7351851851851852 0.6145833333333334 0.7166666666666667 0.6125 0.6944444444444444 0.5947916666666667 0.6638888888888889 0.5911458333333334 0.6685185185185185 0.5875 0.6685185185185185 0.5869791666666667 0.6648148148148149 0.58125 0.6574074074074074
3 0.375 0.6935185185185185 0.3776041666666667 0.8231481481481482 0.38125 0.8592592592592593 0.39375 0.8712962962962963 0.42291666666666666 0.8888888888888888 0.4395833333333333 0.9055555555555556 0.4630208333333333 0.9166666666666666 0.46875 0.9138888888888889 0.47604166666666664 0.9018518518518519 0.48541666666666666 0.8842592592592593 0.49270833333333336 0.8638888888888889 0.5036458333333333 0.8138888888888889 0.5072916666666667 0.7768518518518519 0.5135416666666667 0.7407407407407407 0.5203125 0.7166666666666667 0.5234375 0.712037037037037 0.5265625 0.6972222222222222 0.53125 0.687037037037037 0.5348958333333333 0.6685185185185185 0.5260416666666666 0.6601851851851852 0.525 0.6444444444444445 0.51875 0.6351851851851852 0.5 0.625 0.4875 0.6101851851851852 0.48072916666666665 0.6074074074074074 0.4640625 0.6074074074074074 0.44479166666666664 0.612037037037037 0.4317708333333333 0.6212962962962963 0.4171875 0.6435185185185185 0.4041666666666667 0.6601851851851852 0.4005208333333333 0.6620370370370371 0.39895833333333336 0.6666666666666666 0.38177083333333334 0.6805555555555556
3 0.615625 0.8638888888888889 0.6151041666666667 0.8685185185185185 0.6244791666666667 0.8851851851851852 0.6317708333333333 0.9092592592592592 0.6348958333333333 0.9138888888888889 0.6463541666666667 0.9731481481481481 0.6572916666666667 0.9935185185185185 0.6671875 0.9935185185185185 0.6640625 0.9833333333333333 0.6625 0.9694444444444444 0.6572916666666667 0.9592592592592593 0.6473958333333333 0.9120370370370371 0.6442708333333333 0.9074074074074074 0.6411458333333333 0.8944444444444445 0.6385416666666667 0.8916666666666667 0.6307291666666667 0.8648148148148148 0.6260416666666667 0.8574074074074074 0.6208333333333333 0.8574074074074074
3 0.6098958333333333 0.8037037037037037 0.609375 0.8166666666666667 0.6135416666666667 0.8287037037037037 0.6328125 0.8574074074074074 0.64375 0.8796296296296297 0.6625 0.9027777777777778 0.6734375 0.937037037037037 0.6770833333333334 0.9555555555555556 0.6807291666666667 0.9648148148148148 0.6807291666666667 0.9703703703703703 0.6880208333333333 0.9888888888888889 0.6911458333333333 0.9916666666666667 0.6932291666666667 0.9916666666666667 0.7046875 0.9768518518518519 0.7083333333333334 0.9685185185185186 0.7197916666666667 0.9527777777777777 0.7375 0.937037037037037 0.7447916666666666 0.9212962962962963 0.734375 0.8527777777777777 0.7239583333333334 0.8324074074074074 0.7098958333333333 0.8166666666666667 0.6958333333333333 0.8074074074074075 0.6848958333333334 0.8055555555555556 0.6682291666666667 0.7851851851851852 0.6473958333333333 0.7759259259259259 0.6375 0.7805555555555556 0.6322916666666667 0.7981481481481482 0.6145833333333334 0.7944444444444444
3 0.6213541666666667 0.5898148148148148 0.6151041666666667 0.6481481481481481 0.6171875 0.6546296296296297 0.6203125 0.6555555555555556 0.6213541666666667 0.6601851851851852 0.6239583333333333 0.6620370370370371 0.6229166666666667 0.6925925925925925 0.625 0.700925925925926 0.6375 0.7027777777777777 0.6359375 0.7194444444444444 0.6317708333333333 0.7333333333333333 0.6369791666666667 0.7435185185185185 0.6395833333333333 0.7462962962962963 0.6494791666666667 0.7462962962962963 0.6604166666666667 0.7416666666666667 0.6682291666666667 0.7342592592592593 0.6697916666666667 0.7277777777777777 0.675 0.7212962962962963 0.6802083333333333 0.7092592592592593 0.6875 0.6851851851851852 0.6916666666666667 0.6574074074074074 0.6953125 0.6481481481481481 0.6994791666666667 0.649074074074074 0.7010416666666667 0.6611111111111111 0.7036458333333333 0.6666666666666666 0.7083333333333334 0.7101851851851851 0.7166666666666667 0.712037037037037 0.7229166666666667 0.7055555555555556 0.7182291666666667 0.6555555555555556 0.7130208333333333 0.6268518518518519 0.7114583333333333 0.5981481481481481 0.7083333333333334 0.5879629629629629 0.6994791666666667 0.5296296296296297 0.7 0.5083333333333333 0.7052083333333333 0.4759259259259259 0.6723958333333333 0.4777777777777778 0.6494791666666667 0.47129629629629627 0.6463541666666667 0.4777777777777778 0.6416666666666667 0.5027777777777778 0.6395833333333333 0.5055555555555555 0.63125 0.537962962962963 0.628125 0.562037037037037
3 0.28541666666666665 0.2064814814814815 0.2859375 0.24722222222222223 0.29635416666666664 0.24814814814814815 0.3109375 0.25925925925925924 0.3182291666666667 0.23703703703703705 0.321875 0.21851851851851853 0.3229166666666667 0.19814814814814816 0.3182291666666667 0.18055555555555555 0.30572916666666666 0.16018518518518518 0.3020833333333333 0.16018518518518518 0.28958333333333336 0.18518518518518517
3 0.4625 0.4759259259259259 0.45989583333333334 0.4861111111111111 0.4609375 0.5046296296296297 0.46875 0.5259259259259259 0.47291666666666665 0.5518518518518518 0.4713541666666667 0.600925925925926 0.47552083333333334 0.6055555555555555 0.4875 0.6074074074074074 0.4953125 0.6138888888888889 0.5020833333333333 0.625 0.5234375 0.6351851851851852 0.5286458333333334 0.6435185185185185 0.5317708333333333 0.6574074074074074 0.5401041666666667 0.662962962962963 0.5442708333333334 0.6712962962962963 0.5557291666666667 0.6777777777777778 0.5697916666666667 0.6796296296296296 0.5666666666666667 0.6638888888888889 0.5625 0.6564814814814814 0.5598958333333334 0.6407407407407407 0.5557291666666667 0.575925925925926 0.5510416666666667 0.5592592592592592 0.55 0.5481481481481482 0.5348958333333333 0.5111111111111111 0.51875 0.47962962962962963 0.5072916666666667 0.44814814814814813 0.4979166666666667 0.4462962962962963 0.4895833333333333 0.44907407407407407 0.47604166666666664 0.4601851851851852 0.47239583333333335 0.4666666666666667
2 0.3963541666666667 0.5879629629629629 0.3958333333333333 0.6055555555555555 0.39895833333333336 0.6185185185185185 0.39739583333333334 0.65 0.4010416666666667 0.6546296296296297 0.4041666666666667 0.6537037037037037 0.42604166666666665 0.6305555555555555 0.4276041666666667 0.6203703703703703 0.43802083333333336 0.6101851851851852 0.4588541666666667 0.6055555555555555 0.4666666666666667 0.5953703703703703 0.46927083333333336 0.5851851851851851 0.46770833333333334 0.5768518518518518 0.4703125 0.5712962962962963 0.4708333333333333 0.5564814814814815 0.4666666666666667 0.5462962962962963 0.45625 0.5453703703703704 0.4427083333333333 0.5592592592592592 0.43697916666666664 0.5694444444444444 0.42239583333333336 0.5805555555555556 0.4005208333333333 0.5814814814814815
2 0.5104166666666666 0.7675925925925926 0.515625 0.8564814814814815 0.525 0.8972222222222223 0.5302083333333333 0.9046296296296297 0.5364583333333334 0.9268518518518518 0.5447916666666667 0.9342592592592592 0.5505208333333333 0.9324074074074075 0.5630208333333333 0.9175925925925926 0.5776041666666667 0.9074074074074074 0.6078125 0.8592592592592593 0.6114583333333333 0.8416666666666667 0.6067708333333334 0.8333333333333334 0.6046875 0.8111111111111111 0.6130208333333333 0.7870370370370371 0.609375 0.7703703703703704 0.609375 0.7583333333333333 0.6171875 0.7518518518518519 0.6223958333333334 0.7620370370370371 0.6333333333333333 0.762962962962963 0.6416666666666667 0.7722222222222223 0.6734375 0.7851851851851852 0.6864583333333333 0.8018518518518518 0.703125 0.8064814814814815 0.703125 0.8101851851851852 0.7177083333333333 0.8203703703703704 0.7348958333333333 0.8472222222222222 0.7395833333333334 0.8601851851851852 0.7583333333333333 0.8805555555555555 0.7692708333333333 0.8796296296296297 0.7828125 0.8648148148148148 0.7875 0.8564814814814815 0.7916666666666666 0.8314814814814815 0.7890625 0.7925925925925926 0.7828125 0.7842592592592592 0.7770833333333333 0.7842592592592592 0.7651041666666667 0.775 0.7598958333333333 0.7564814814814815 0.7598958333333333 0.7185185185185186 0.75625 0.7064814814814815 0.7375 0.687037037037037 0.7354166666666667 0.6925925925925925 0.7244791666666667 0.6953703703703704 0.7276041666666667 0.7 0.7270833333333333 0.7074074074074074 0.7166666666666667 0.7157407407407408 0.70625 0.7129629629629629 0.6953125 0.6925925925925925 0.6890625 0.687962962962963 0.6734375 0.7333333333333333 0.6572916666666667 0.7481481481481481 0.61875 0.6861111111111111 0.6213541666666667 0.6712962962962963 0.6130208333333333 0.6481481481481481 0.6135416666666667 0.6333333333333333 0.61875 0.6157407407407407 0.6197916666666666 0.5740740740740741 0.615625 0.5638888888888889 0.6057291666666667 0.5583333333333333 0.6010416666666667 0.5583333333333333 0.5953125 0.5694444444444444 0.5817708333333333 0.5777777777777777 0.5776041666666667 0.5935185185185186 0.575 0.5953703703703703 0.5729166666666666 0.612037037037037 0.5703125 0.6157407407407407 0.5744791666666667 0.6259259259259259 0.5723958333333333 0.6296296296296297 0.5744791666666667 0.6370370370370371 0.5739583333333333 0.65 0.578125 0.6638888888888889 0.5864583333333333 0.6731481481481482 0.5864583333333333 0.6768518518518518 0.58125 0.6824074074074075 0.5838541666666667 0.6981481481481482 0.5791666666666667 0.7037037037037037 0.5739583333333333 0.7046296296296296 0.5432291666666667 0.6953703703703704 0.540625 0.6990740740740741 0.5354166666666667 0.6990740740740741 0.5322916666666667 0.7046296296296296 0.5296875 0.700925925925926 0.5286458333333334 0.7287037037037037 0.51875 0.7305555555555555