4 0.0020833333333333333 0 0.03333333333333333 0 0.036458333333333336 0.002777777777777778 0.044270833333333336 0.002777777777777778 0.04583333333333333 0 0.1609375 0 0.16458333333333333 0.002777777777777778 0.1765625 0 0.26979166666666665 0 0.275 0.003703703703703704 0.2916666666666667 0.002777777777777778 0.2942708333333333 0 0.31145833333333334 0 0.3151041666666667 0.002777777777777778 0.3625 0 0.3729166666666667 0.003703703703703704 0.38958333333333334 0.002777777777777778 0.39166666666666666 0 0.4036458333333333 0 0.4125 0.003703703703703704 0.4713541666666667 0 0.48385416666666664 0.007407407407407408 0.5213541666666667 0.002777777777777778 0.5244791666666667 0 0.5604166666666667 0 0.5671875 0.004629629629629629 0.5833333333333334 0 0.6244791666666667 0 0.6270833333333333 0.004629629629629629 0.6239583333333333 0.018518518518518517 0.6244791666666667 0.041666666666666664 0.6328125 0.08796296296296297 0.6322916666666667 0.10092592592592593 0.6244791666666667 0.11851851851851852 0.6265625 0.15092592592592594 0.6229166666666667 0.1787037037037037 0.615625 0.1925925925925926 0.6078125 0.22407407407407406 0.596875 0.2537037037037037 0.596875 0.26666666666666666 0.60625 0.32314814814814813 0.6078125 0.37777777777777777 0.60625 0.38981481481481484 0.5953125 0.42592592592592593 0.5901041666666667 0.425 0.5828125 0.4046296296296296 0.5739583333333333 0.39444444444444443 0.5635416666666667 0.39537037037037037 0.5510416666666667 0.40555555555555556 0.5416666666666666 0.40370370370370373 0.528125 0.39444444444444443 0.5192708333333333 0.3768518518518518 0.5151041666666667 0.375 0.5020833333333333 0.387037037037037 0.49583333333333335 0.3972222222222222 0.4859375 0.4027777777777778 0.45729166666666665 0.43796296296296294 0.4421875 0.4462962962962963 0.43125 0.45740740740740743 0.42552083333333335 0.4583333333333333 0.42135416666666664 0.4546296296296296 0.4114583333333333 0.43425925925925923 0.39375 0.42685185185185187 0.38697916666666665 0.4046296296296296 0.3770833333333333 0.3925925925925926 0.3729166666666667 0.38981481481481484 0.36302083333333335 0.3907407407407407 0.35520833333333335 0.40555555555555556 0.3546875 0.4203703703703704 0.3578125 0.43148148148148147 0.3671875 0.44722222222222224 0.36302083333333335 0.4546296296296296 0.3625 0.46296296296296297 0.3578125 0.4648148148148148 0.3572916666666667 0.46944444444444444 0.36041666666666666 0.47314814814814815 0.35572916666666665 0.4842592592592593 0.35052083333333334 0.487962962962963 0.3453125 0.49907407407407406 0.33229166666666665 0.4925925925925926 0.3203125 0.4935185185185185 0.3078125 0.49907407407407406 0.29322916666666665 0.5194444444444445 0.28541666666666665 0.5157407407407407 0.28020833333333334 0.5259259259259259 0.2526041666666667 0.55 0.2557291666666667 0.5537037037037037 0.2557291666666667 0.5592592592592592 0.259375 0.5601851851851852 0.2609375 0.5638888888888889 0.2557291666666667 0.5685185185185185 0.2546875 0.575925925925926 0.2526041666666667 0.5740740740740741 0.25364583333333335 0.5675925925925925 0.25104166666666666 0.5657407407407408 0.23958333333333334 0.5814814814814815 0.24479166666666666 0.5907407407407408 0.25 0.5907407407407408 0.2515625 0.5935185185185186 0.2552083333333333 0.5907407407407408 0.25104166666666666 0.5981481481481481 0.26197916666666665 0.6074074074074074 0.2635416666666667 0.6138888888888889 0.26666666666666666 0.6138888888888889 0.271875 0.6074074074074074 0.2755208333333333 0.6092592592592593 0.26927083333333335 0.6157407407407407 0.27291666666666664 0.6185185185185185 0.27239583333333334 0.6212962962962963 0.265625 0.6185185185185185 0.26145833333333335 0.6231481481481481 0.2625 0.6259259259259259 0.26875 0.6268518518518519 0.26927083333333335 0.6305555555555555 0.2630208333333333 0.6361111111111111 0.265625 0.6416666666666667 0.26145833333333335 0.6398148148148148 0.2598958333333333 0.6444444444444445 0.26197916666666665 0.65 0.25625 0.6564814814814814 0.25625 0.6611111111111111 0.25104166666666666 0.6648148148148149 0.2546875 0.6703703703703704 0.2526041666666667 0.6768518518518518 0.25416666666666665 0.687962962962963 0.2520833333333333 0.6925925925925925 0.25677083333333334 0.6944444444444444 0.25833333333333336 0.7 0.2609375 0.6962962962962963 0.2604166666666667 0.6925925925925925 0.26666666666666666 0.6925925925925925 0.26875 0.6888888888888889 0.26666666666666666 0.6861111111111111 0.2671875 0.6814814814814815 0.27239583333333334 0.6759259259259259 0.2864583333333333 0.6768518518518518 0.28854166666666664 0.6611111111111111 0.29322916666666665 0.6648148148148149 0.29583333333333334 0.6620370370370371 0.3015625 0.662962962962963 0.31354166666666666 0.6703703703703704 0.31979166666666664 0.6675925925925926 0.30625 0.6601851851851852 0.3046875 0.6564814814814814 0.31145833333333334 0.6537037037037037 0.3145833333333333 0.6453703703703704 0.31875 0.6462962962962963 0.31927083333333334 0.6527777777777778 0.32135416666666666 0.6537037037037037 0.3265625 0.6435185185185185 0.3104166666666667 0.6435185185185185 0.303125 0.637962962962963 0.2994791666666667 0.6296296296296297 0.3 0.6231481481481481 0.3182291666666667 0.6222222222222222 0.315625 0.6259259259259259 0.3177083333333333 0.6287037037037037 0.32135416666666666 0.6277777777777778 0.3260416666666667 0.6351851851851852 0.33541666666666664 0.6370370370370371 0.3484375 0.6342592592592593 0.3489583333333333 0.6314814814814815 0.34479166666666666 0.6259259259259259 0.35625 0.6138888888888889 0.35833333333333334 0.6074074074074074 0.3697916666666667 0.6083333333333333 0.37135416666666665 0.612037037037037 0.3723958333333333 0.6203703703703703 0.365625 0.6296296296296297 0.365625 0.6370370370370371 0.36354166666666665 0.6398148148148148 0.3645833333333333 0.65 0.3671875 0.6537037037037037 0.3645833333333333 0.6611111111111111 0.3723958333333333 0.675 0.3692708333333333 0.6953703703703704 0.3734375 0.7046296296296296 0.3734375 0.7111111111111111 0.3796875 0.7305555555555555 0.378125 0.7342592592592593 0.38229166666666664 0.7481481481481481 0.38333333333333336 0.762962962962963 0.3697916666666667 0.7851851851851852 0.36614583333333334 0.7842592592592592 0.3609375 0.7962962962962963 0.35 0.8009259259259259 0.3484375 0.8092592592592592 0.3494791666666667 0.8157407407407408 0.3619791666666667 0.850925925925926 0.37447916666666664 0.8481481481481481 0.3828125 0.8379629629629629 0.3921875 0.8333333333333334 0.4036458333333333 0.8194444444444444 0.4119791666666667 0.8175925925925925 0.4197916666666667 0.8314814814814815 0.41822916666666665 0.8379629629629629 0.4140625 0.8388888888888889 0.40729166666666666 0.850925925925926 0.4 0.8555555555555555 0.39375 0.8805555555555555 0.390625 0.8824074074074074 0.38697916666666665 0.9037037037037037 0.38697916666666665 0.9166666666666666 0.3802083333333333 0.9388888888888889 0.3802083333333333 0.95 0.378125 0.9527777777777777 0.37604166666666666 0.9731481481481481 0.36614583333333334 0.9851851851851852 0.3536458333333333 0.9944444444444445 0.2921875 0.9944444444444445 0.27447916666666666 0.9962962962962963 0.2713541666666667 0.9990740740740741 0.2552083333333333 0.9944444444444445 0.19895833333333332 0.9953703703703703 0.19375 0.9990740740740741 0.13541666666666666 0.9944444444444445 0.10104166666666667 0.9990740740740741 0.09947916666666666 0.9962962962962963 0.08125 0.9962962962962963 0.078125 0.9935185185185185 0.07447916666666667 0.9703703703703703 0.07395833333333333 0.937962962962963 0.07135416666666666 0.9324074074074075 0.07239583333333334 0.9277777777777778 0.06770833333333333 0.9194444444444444 0.06770833333333333 0.8981481481481481 0.0640625 0.8527777777777777 0.06458333333333334 0.8324074074074074 0.06302083333333333 0.8277777777777777 0.06458333333333334 0.8194444444444444 0.0609375 0.8138888888888889 0.059895833333333336 0.7907407407407407 0.06041666666666667 0.7722222222222223 0.06822916666666666 0.7685185185185185 0.06041666666666667 0.7583333333333333 0.059375 0.7509259259259259 0.06145833333333333 0.7444444444444445 0.058854166666666666 0.7379629629629629 0.0609375 0.7342592592592593 0.06041666666666667 0.7231481481481481 0.06614583333333333 0.7101851851851851 0.06354166666666666 0.7055555555555556 0.06041666666666667 0.7055555555555556 0.05677083333333333 0.6962962962962963 0.05677083333333333 0.6657407407407407 0.059375 0.6611111111111111 0.05677083333333333 0.6555555555555556 0.058854166666666666 0.6509259259259259 0.05677083333333333 0.6444444444444445 0.05677083333333333 0.6231481481481481 0.06041666666666667 0.6 0.06458333333333334 0.6 0.06666666666666667 0.5962962962962963 0.08125 0.5953703703703703 0.08072916666666667 0.5990740740740741 0.08645833333333333 0.600925925925926 0.08541666666666667 0.6055555555555555 0.08802083333333334 0.6101851851851852 0.09947916666666666 0.6083333333333333 0.10208333333333333 0.6018518518518519 0.10572916666666667 0.6027777777777777 0.109375 0.5981481481481481 0.10208333333333333 0.5916666666666667 0.09635416666666667 0.5962962962962963 0.08802083333333334 0.5916666666666667 0.08802083333333334 0.5879629629629629 0.09166666666666666 0.5851851851851851 0.09114583333333333 0.5768518518518518 0.0953125 0.5768518518518518 0.09635416666666667 0.5740740740740741 0.08541666666666667 0.5740740740740741 0.08385416666666666 0.5703703703703704 0.08697916666666666 0.5675925925925925 0.08541666666666667 0.562962962962963 0.08229166666666667 0.5685185185185185 0.07760416666666667 0.5694444444444444 0.075 0.575925925925926 0.06822916666666666 0.5787037037037037 0.065625 0.5879629629629629 0.06770833333333333 0.5925925925925926 0.0640625 0.5944444444444444 0.059895833333333336 0.587037037037037 0.06197916666666667 0.5805555555555556 0.058854166666666666 0.5731481481481482 0.06197916666666667 0.5222222222222223 0.06666666666666667 0.5120370370370371 0.071875 0.5111111111111111 0.075 0.5148148148148148 0.06979166666666667 0.525 0.07760416666666667 0.5351851851851852 0.09635416666666667 0.5277777777777778 0.10572916666666667 0.5324074074074074 0.10625 0.5287037037037037 0.10364583333333334 0.525 0.10989583333333333 0.5203703703703704 0.11041666666666666 0.5157407407407407 0.10364583333333334 0.512962962962963 0.09947916666666666 0.5074074074074074 0.090625 0.5111111111111111 0.08385416666666666 0.5055555555555555 0.084375 0.5027777777777778 0.09479166666666666 0.5055555555555555 0.09010416666666667 0.5009259259259259 0.09010416666666667 0.49722222222222223 0.11666666666666667 0.4842592592592593 0.13645833333333332 0.4824074074074074 0.15885416666666666 0.46944444444444444 0.17864583333333334 0.4666666666666667 0.18125 0.45740740740740743 0.178125 0.4324074074074074 0.1734375 0.4148148148148148 0.17395833333333333 0.387037037037037 0.17708333333333334 0.3768518518518518 0.17708333333333334 0.36666666666666664 0.1703125 0.3287037037037037 0.16197916666666667 0.30833333333333335 0.15 0.2916666666666667 0.12864583333333332 0.2740740740740741 0.11197916666666667 0.24814814814814815 0.10052083333333334 0.19814814814814816 0.09114583333333333 0.16944444444444445 0.08802083333333334 0.13703703703703704 0.08541666666666667 0.13240740740740742 0.07291666666666667 0.12222222222222222 0.06145833333333333 0.11851851851851852 0.053125 0.11203703703703703 0.04583333333333333 0.11203703703703703 0.04739583333333333 0.10833333333333334 0.03958333333333333 0.10555555555555556 0.019270833333333334 0.1111111111111111 0.005729166666666666 0.11851851851851852 0 0.11481481481481481 0 0.001851851851851852 0.0020833333333333333 0.000925925925925926
4 0.609375 0.6861111111111111 0.6161458333333333 0.6888888888888889 0.6276041666666666 0.7083333333333334 0.6411458333333333 0.7074074074074074 0.6572916666666667 0.6953703703703704 0.665625 0.6925925925925925 0.6822916666666666 0.7037037037037037 0.6984375 0.7064814814814815 0.7140625 0.7194444444444444 0.7291666666666666 0.7546296296296297 0.7390625 0.7935185185185185 0.7463541666666667 0.8037037037037037 0.7536458333333333 0.8268518518518518 0.7625 0.8361111111111111 0.76875 0.85 0.7723958333333333 0.8527777777777777 0.7822916666666667 0.8425925925925926 0.7963541666666667 0.837037037037037 0.8098958333333334 0.8435185185185186 0.8208333333333333 0.8398148148148148 0.8322916666666667 0.8453703703703703 0.8442708333333333 0.8759259259259259 0.8609375 0.9083333333333333 0.8697916666666666 0.937037037037037 0.890625 0.9518518518518518 0.9234375 0.9944444444444445 0.9078125 0.9990740740740741 0.8588541666666667 0.9990740740740741 0.8557291666666667 0.9962962962962963 0.8348958333333333 0.9944444444444445 0.8036458333333333 0.9972222222222222 0.6947916666666667 0.9944444444444445 0.6703125 0.9990740740740741 0.5921875 0.9990740740740741 0.5723958333333333 0.9962962962962963 0.5244791666666667 0.9990740740740741 0.5197916666666667 0.9944444444444445 0.5390625 0.9805555555555555 0.6036458333333333 0.9629629629629629 0.665625 0.9703703703703703 0.6713541666666667 0.9796296296296296 0.6755208333333333 0.9777777777777777 0.6786458333333333 0.9824074074074074 0.6890625 0.9805555555555555 0.6927083333333334 0.9861111111111112 0.6953125 0.9833333333333333 0.6916666666666667 0.9722222222222222 0.6869791666666667 0.9694444444444444 0.6807291666666667 0.9583333333333334 0.6463541666666667 0.9296296296296296 0.6380208333333334 0.9157407407407407 0.6296875 0.9101851851851852 0.6114583333333333 0.8824074074074074 0.60625 0.8666666666666667 0.6 0.8555555555555555 0.59375 0.8157407407407408 0.5953125 0.7907407407407407 0.6026041666666667 0.7685185185185185 0.60625 0.7685185185185185 0.6125 0.7768518518518519 0.615625 0.7620370370370371 0.6088541666666667 0.7509259259259259 0.6041666666666666 0.725 0.6041666666666666 0.6953703703703704 0.6057291666666667 0.6888888888888889 0.6088541666666667 0.687037037037037
4 0.005729166666666666 0 0.027604166666666666 0 0.03802083333333333 0.003703703703703704 0.04635416666666667 0 0.103125 0 0.1078125 0.002777777777777778 0.11614583333333334 0 0.134375 0 0.13645833333333332 0.002777777777777778 0.14270833333333333 0 0.1578125 0 0.1609375 0.002777777777777778 0.175 0.002777777777777778 0.178125 0 0.2078125 0 0.20885416666666667 0.002777777777777778 0.21145833333333333 0 0.2390625 0 0.24739583333333334 0.003703703703703704 0.2635416666666667 0 0.2765625 0.007407407407407408 0.30052083333333335 0 0.3151041666666667 0.004629629629629629 0.36302083333333335 0.002777777777777778 0.38697916666666665 0.006481481481481481 0.39375 0.001851851851851852 0.428125 0.004629629629629629 0.44166666666666665 0 0.4671875 0 0.46979166666666666 0.003703703703703704 0.4796875 0.007407407407407408 0.48333333333333334 0.016666666666666666 0.5057291666666667 0.003703703703703704 0.5557291666666667 0 0.5708333333333333 0.006481481481481481 0.5848958333333333 0 0.6020833333333333 0 0.6072916666666667 0.002777777777777778 0.6234375 0 0.6265625 0.004629629629629629 0.6234375 0.017592592592592594 0.6234375 0.037037037037037035 0.6322916666666667 0.08796296296296297 0.6302083333333334 0.10462962962962963 0.6234375 0.11851851851851852 0.6260416666666667 0.14722222222222223 0.6244791666666667 0.1648148148148148 0.6197916666666666 0.1814814814814815 0.6130208333333333 0.1925925925925926 0.609375 0.2175925925925926 0.5963541666666666 0.25462962962962965 0.5989583333333334 0.2851851851851852 0.6057291666666667 0.32222222222222224 0.6072916666666667 0.3537037037037037 0.6057291666666667 0.3888888888888889 0.5953125 0.425 0.5901041666666667 0.425 0.5822916666666667 0.40370370370370373 0.575 0.39537037037037037 0.5666666666666667 0.39444444444444443 0.553125 0.4046296296296296 0.5432291666666667 0.4046296296296296 0.528125 0.39444444444444443 0.51875 0.37592592592592594 0.5151041666666667 0.37407407407407406 0.5083333333333333 0.3814814814814815 0.5046875 0.3814814814814815 0.4947916666666667 0.3972222222222222 0.484375 0.4046296296296296 0.45677083333333335 0.4388888888888889 0.44166666666666665 0.4462962962962963 0.43125 0.4564814814814815 0.4270833333333333 0.4564814814814815 0.421875 0.4527777777777778 0.41302083333333334 0.4361111111111111 0.4041666666666667 0.4287037037037037 0.39375 0.425 0.3880208333333333 0.4064814814814815 0.3765625 0.39166666666666666 0.36614583333333334 0.38981481481481484 0.3614583333333333 0.3925925925925926 0.3567708333333333 0.4009259259259259 0.3546875 0.4074074074074074 0.3546875 0.4185185185185185 0.3572916666666667 0.43148148148148147 0.36770833333333336 0.44722222222222224 0.3541666666666667 0.46111111111111114 0.353125 0.4703703703703704 0.35625 0.475 0.35572916666666665 0.4842592592592593 0.3463541666666667 0.4861111111111111 0.334375 0.47685185185185186 0.33645833333333336 0.4703703703703704 0.32447916666666665 0.45925925925925926 0.32447916666666665 0.4537037037037037 0.3145833333333333 0.44166666666666665 0.30625 0.4351851851851852 0.3 0.4361111111111111 0.29322916666666665 0.425 0.2864583333333333 0.4222222222222222 0.28958333333333336 0.4212962962962963 0.2921875 0.41388888888888886 0.2838541666666667 0.4101851851851852 0.2791666666666667 0.40370370370370373 0.27239583333333334 0.4074074074074074 0.26875 0.40555555555555556 0.26510416666666664 0.387037037037037 0.2604166666666667 0.38425925925925924 0.24791666666666667 0.3648148148148148 0.240625 0.38425925925925924 0.2390625 0.40370370370370373 0.24010416666666667 0.42592592592592593 0.24791666666666667 0.44537037037037036 0.24947916666666667 0.47314814814814815 0.25104166666666666 0.47962962962962963 0.2552083333333333 0.48333333333333334 0.2635416666666667 0.4842592592592593 0.271875 0.47962962962962963 0.2796875 0.4824074074074074 0.2828125 0.5046296296296297 0.28177083333333336 0.5157407407407407 0.271875 0.5314814814814814 0.2520833333333333 0.5481481481481482 0.24114583333333334 0.5527777777777778 0.21979166666666666 0.5546296296296296 0.21041666666666667 0.55 0.20260416666666667 0.5416666666666666 0.19583333333333333 0.5333333333333333 0.18802083333333333 0.5157407407407407 0.1796875 0.4388888888888889 0.17447916666666666 0.4212962962962963 0.17395833333333333 0.3962962962962963 0.17760416666666667 0.37037037037037035 0.1703125 0.32685185185185184 0.16354166666666667 0.3101851851851852 0.15520833333333334 0.2972222222222222 0.13020833333333334 0.275 0.1125 0.24722222222222223 0.10520833333333333 0.21944444444444444 0.1015625 0.1962962962962963 0.09270833333333334 0.1712962962962963 0.090625 0.13703703703703704 0.07916666666666666 0.125 0.06041666666666667 0.11574074074074074 0.05260416666666667 0.10648148148148148 0.04739583333333333 0.10462962962962963 0.020833333333333332 0.10555555555555556 0.0067708333333333336 0.11388888888888889 0 0.11296296296296296 0 0.075 0.0020833333333333333 0.07407407407407407 0 0.07037037037037037 0.0015625 0.06944444444444445 0 0.06666666666666667 0 0.018518518518518517 0.0020833333333333333 0.016666666666666666 0.0026041666666666665 0.004629629629629629 0.005729166666666666 0.000925925925925926
4 0.6682291666666667 0 0.6828125 0 0.6854166666666667 0.003703703703703704 0.7114583333333333 0.002777777777777778 0.7135416666666666 0 0.8401041666666667 0 0.8583333333333333 0.004629629629629629 0.8734375 0 0.9 0.001851851851851852 0.8994791666666667 0.011111111111111112 0.8864583333333333 0.04814814814814815 0.8854166666666666 0.05740740740740741 0.871875 0.08148148148148149 0.871875 0.10833333333333334 0.8645833333333334 0.11666666666666667 0.8666666666666667 0.15092592592592594 0.8666666666666667 0.1638888888888889 0.8651041666666667 0.1675925925925926 0.8479166666666667 0.1675925925925926 0.8317708333333333 0.17407407407407408 0.8161458333333333 0.17037037037037037 0.8072916666666666 0.1824074074074074 0.79375 0.18703703703703703 0.7864583333333334 0.1935185185185185 0.765625 0.2037037037037037 0.7130208333333333 0.22314814814814815 0.7010416666666667 0.2324074074074074 0.6958333333333333 0.23981481481481481 0.6791666666666667 0.2462962962962963 0.6770833333333334 0.25092592592592594 0.6713541666666667 0.2518518518518518 0.6682291666666667 0.2564814814814815 0.6614583333333334 0.25925925925925924 0.6598958333333333 0.2574074074074074 0.6609375 0.2388888888888889 0.6744791666666666 0.1814814814814815 0.6796875 0.1398148148148148 0.6859375 0.10925925925925926 0.6838541666666667 0.09444444444444444 0.671875 0.05648148148148148 0.6625 0.03425925925925926 0.6630208333333333 0.004629629629629629 0.6682291666666667 0.000925925925925926
1 0.5260416666666666 0.4898148148148148 0.5333333333333333 0.4925925925925926 0.5494791666666666 0.5111111111111111 0.5645833333333333 0.5083333333333333 0.5661458333333333 0.5120370370370371 0.5713541666666667 0.5435185185185185 0.5697916666666667 0.5787037037037037 0.5734375 0.600925925925926 0.5708333333333333 0.6166666666666667 0.5864583333333333 0.6768518518518518 0.5880208333333333 0.687037037037037 0.5869791666666667 0.7018518518518518 0.5838541666666667 0.7064814814814815 0.5765625 0.7092592592592593 0.5526041666666667 0.7064814814814815 0.5526041666666667 0.6842592592592592 0.55 0.6759259259259259 0.5463541666666667 0.6814814814814815 0.5427083333333333 0.6981481481481482 0.5395833333333333 0.7037037037037037 0.5338541666666666 0.7055555555555556 0.5291666666666667 0.7027777777777777 0.5088541666666667 0.6462962962962963 0.50625 0.6268518518518519 0.5020833333333333 0.6092592592592593 0.4984375 0.6055555555555555 0.4984375 0.5981481481481481 0.4947916666666667 0.5981481481481481 0.4979166666666667 0.5805555555555556 0.4973958333333333 0.5740740740740741 0.5015625 0.5638888888888889 0.515625 0.5648148148148148 0.5182291666666666 0.5611111111111111 0.5145833333333333 0.5333333333333333 0.5161458333333333 0.5101851851851852 0.51875 0.49722222222222223 0.5255208333333333 0.49074074074074076
0 0.42135416666666664 0.5231481481481481 0.440625 0.5287037037037037 0.4479166666666667 0.5361111111111111 0.440625 0.5611111111111111 0.44114583333333335 0.5722222222222222 0.43802083333333336 0.5777777777777777 0.4390625 0.5805555555555556 0.44583333333333336 0.5787037037037037 0.44427083333333334 0.5740740740740741 0.4453125 0.5675925925925925 0.45416666666666666 0.5527777777777778 0.45677083333333335 0.5518518518518518 0.4588541666666667 0.5435185185185185 0.4630208333333333 0.5407407407407407 0.4708333333333333 0.5416666666666666 0.4791666666666667 0.5481481481481482 0.4947916666666667 0.5537037037037037 0.4984375 0.5564814814814815 0.5015625 0.5648148148148148 0.5166666666666667 0.5675925925925925 0.51875 0.5777777777777777 0.5119791666666667 0.5842592592592593 0.5166666666666667 0.5879629629629629 0.5234375 0.5879629629629629 0.5286458333333334 0.6055555555555555 0.5369791666666667 0.6148148148148148 0.53125 0.6203703703703703 0.5260416666666666 0.6314814814814815 0.51875 0.6324074074074074 0.5171875 0.6351851851851852 0.5177083333333333 0.6444444444444445 0.5151041666666667 0.6481481481481481 0.5119791666666667 0.6472222222222223 0.509375 0.6518518518518519 0.5104166666666666 0.6555555555555556 0.5145833333333333 0.6564814814814814 0.5145833333333333 0.6611111111111111 0.5244791666666667 0.6777777777777778 0.5234375 0.687037037037037 0.5119791666666667 0.6814814814814815 0.4979166666666667 0.6574074074074074 0.49895833333333334 0.6537037037037037 0.4947916666666667 0.65 0.49114583333333334 0.6388888888888888 0.49166666666666664 0.6324074074074074 0.4875 0.6259259259259259 0.4869791666666667 0.6046296296296296 0.48489583333333336 0.5972222222222222 0.47604166666666664 0.6 0.46041666666666664 0.6231481481481481 0.45416666666666666 0.65 0.45260416666666664 0.6675925925925926 0.44895833333333335 0.6759259259259259 0.4348958333333333 0.662962962962963 0.425 0.6611111111111111 0.42135416666666664 0.6574074074074074 0.4125 0.6407407407407407 0.39739583333333334 0.6287037037037037 0.384375 0.6101851851851852 0.3697916666666667 0.5953703703703703 0.3625 0.5805555555555556 0.3619791666666667 0.5731481481481482 0.3729166666666667 0.55 0.3765625 0.5481481481481482 0.3927083333333333 0.562037037037037 0.40208333333333335 0.5601851851851852 0.41041666666666665 0.5481481481481482 0.4119791666666667 0.5287037037037037 0.4140625 0.5231481481481481 0.42083333333333334 0.5231481481481481
3 0.5401041666666667 0.8055555555555556 0.5463541666666667 0.8138888888888889 0.546875 0.8212962962962963 0.5432291666666667 0.8342592592592593 0.5276041666666667 0.8648148148148148 0.521875 0.8805555555555555 0.5166666666666667 0.9046296296296297 0.5151041666666667 0.9277777777777778 0.5041666666666667 0.9935185185185185 0.49947916666666664 0.9990740740740741 0.46770833333333334 0.9990740740740741 0.46145833333333336 0.9962962962962963 0.3796875 0.9990740740740741 0.378125 0.9935185185185185 0.3828125 0.975 0.39375 0.9 0.40208333333333335 0.8694444444444445 0.4166666666666667 0.8490740740740741 0.4296875 0.8453703703703703 0.44583333333333336 0.8305555555555556 0.4630208333333333 0.8222222222222222 0.4739583333333333 0.8101851851851852 0.48072916666666665 0.8083333333333333 0.490625 0.8138888888888889 0.5015625 0.8333333333333334 0.5052083333333334 0.8324074074074074 0.5223958333333333 0.8111111111111111 0.5328125 0.8055555555555556 0.5395833333333333 0.8055555555555556
3 0.6057291666666667 0.6888888888888889 0.6151041666666667 0.6898148148148148 0.6192708333333333 0.6935185185185185 0.6260416666666667 0.7083333333333334 0.6291666666666667 0.7092592592592593 0.6416666666666667 0.7074074074074074 0.6583333333333333 0.6944444444444444 0.6682291666666667 0.6935185185185185 0.6791666666666667 0.7027777777777777 0.6994791666666667 0.7074074074074074 0.7166666666666667 0.7222222222222222 0.7286458333333333 0.7546296296296297 0.7385416666666667 0.7925925925925926 0.7484375 0.8083333333333333 0.753125 0.8268518518518518 0.7609375 0.8342592592592593 0.7703125 0.8546296296296296 0.7822916666666667 0.862037037037037 0.7895833333333333 0.8787037037037037 0.790625 0.8861111111111111 0.7895833333333333 0.9027777777777778 0.7796875 0.9444444444444444 0.7510416666666667 0.9944444444444445 0.7114583333333333 0.9953703703703703 0.6994791666666667 0.9916666666666667 0.696875 0.9787037037037037 0.6932291666666667 0.9712962962962963 0.6739583333333333 0.95 0.6473958333333333 0.9287037037037037 0.6390625 0.9157407407407407 0.6265625 0.9037037037037037 0.6114583333333333 0.8796296296296297 0.6010416666666667 0.8564814814814815 0.59375 0.8175925925925925 0.5963541666666666 0.7888888888888889 0.5984375 0.7777777777777778 0.6036458333333333 0.7694444444444445 0.6057291666666667 0.7685185185185185 0.6119791666666666 0.7768518518518519 0.6140625 0.775 0.6135416666666667 0.7620370370370371 0.6083333333333333 0.7518518518518519 0.603125 0.7203703703703703 0.6036458333333333 0.6953703703703704 0.6057291666666667 0.6898148148148148
3 0.19635416666666666 0.37037037037037035 0.22083333333333333 0.3787037037037037 0.23645833333333333 0.39166666666666666 0.24270833333333333 0.45 0.2557291666666667 0.49166666666666664 0.26197916666666665 0.49166666666666664 0.2703125 0.48055555555555557 0.2755208333333333 0.4787037037037037 0.2791666666666667 0.48333333333333334 0.28125 0.49166666666666664 0.2833333333333333 0.5111111111111111 0.27708333333333335 0.5259259259259259 0.25104166666666666 0.55 0.23072916666666668 0.5555555555555556 0.21770833333333334 0.5555555555555556 0.20989583333333334 0.5509259259259259 0.19375 0.5324074074074074 0.18802083333333333 0.5185185185185185 0.1796875 0.4425925925925926 0.175 0.41944444444444445 0.175 0.39166666666666666 0.17864583333333334 0.3814814814814815 0.18125 0.38425925925925924 0.18489583333333334 0.3824074074074074 0.18541666666666667 0.37962962962962965 0.18177083333333333 0.37592592592592594 0.19583333333333333 0.37037037037037035
3 0.7947916666666667 0.003703703703703704 0.8229166666666666 0.027777777777777776 0.834375 0.044444444444444446 0.8484375 0.07314814814814814 0.8619791666666666 0.11851851851851852 0.8661458333333333 0.15833333333333333 0.8651041666666667 0.16666666666666666 0.8416666666666667 0.16666666666666666 0.8328125 0.17407407407407408 0.8265625 0.17407407407407408 0.8171875 0.1685185185185185 0.8104166666666667 0.1574074074074074 0.790625 0.0824074074074074 0.7875 0.07314814814814814 0.7786458333333334 0.06018518518518518 0.7770833333333333 0.049074074074074076 0.7786458333333334 0.028703703703703703 0.7859375 0.014814814814814815 0.7875 0.004629629629629629 0.7942708333333334 0.003703703703703704
3 0.6098958333333333 0.6851851851851852 0.6192708333333333 0.6916666666666667 0.6270833333333333 0.7083333333333334 0.6421875 0.7064814814814815 0.659375 0.6935185185185185 0.6671875 0.6925925925925925 0.678125 0.7018518518518518 0.6921875 0.7037037037037037 0.703125 0.7092592592592593 0.7166666666666667 0.7212962962962963 0.7296875 0.7564814814814815 0.7380208333333333 0.787962962962963 0.7369791666666666 0.7935185185185185 0.725 0.7962962962962963 0.6833333333333333 0.7916666666666666 0.6713541666666667 0.7944444444444444 0.6651041666666667 0.8 0.6510416666666666 0.8240740740740741 0.6359375 0.862037037037037 0.634375 0.8796296296296297 0.6390625 0.9046296296296297 0.6390625 0.9111111111111111 0.6375 0.912962962962963 0.6333333333333333 0.9120370370370371 0.6265625 0.9037037037037037 0.6083333333333333 0.8731481481481481 0.6010416666666667 0.8555555555555555 0.59375 0.8185185185185185 0.59375 0.8046296296296296 0.5989583333333334 0.775 0.6026041666666667 0.7694444444444445 0.60625 0.7685185185185185 0.6119791666666666 0.7777777777777778 0.6140625 0.7759259259259259 0.6135416666666667 0.7620370370370371 0.6083333333333333 0.7518518518518519 0.6020833333333333 0.7157407407407408 0.6026041666666667 0.6962962962962963 0.6057291666666667 0.687037037037037 0.609375 0.6851851851851852
3 0.5895833333333333 0.23148148148148148 0.5947916666666667 0.23425925925925925 0.5973958333333333 0.24074074074074073 0.5963541666666666 0.25925925925925924 0.5979166666666667 0.275 0.6072916666666667 0.3333333333333333 0.6083333333333333 0.38055555555555554 0.5880208333333333 0.4666666666666667 0.5744791666666667 0.49166666666666664 0.5614583333333333 0.5046296296296297 0.5458333333333333 0.5018518518518519 0.5322916666666667 0.487962962962963 0.5276041666666667 0.46111111111111114 0.5276041666666667 0.44907407407407407 0.5328125 0.4444444444444444 0.54375 0.44537037037037036 0.5526041666666667 0.45185185185185184 0.5609375 0.44814814814814813 0.5817708333333333 0.44814814814814813 0.5854166666666667 0.44351851851851853 0.5885416666666666 0.4324074074074074 0.5880208333333333 0.42685185185185187 0.5848958333333333 0.42685185185185187 0.58125 0.4388888888888889 0.5744791666666667 0.4398148148148148 0.5703125 0.4351851851851852 0.5770833333333333 0.412962962962963 0.5817708333333333 0.41388888888888886 0.5848958333333333 0.41944444444444445 0.5854166666666667 0.4111111111111111 0.5744791666666667 0.39537037037037037 0.5625 0.3990740740740741 0.5536458333333333 0.4101851851851852 0.5317708333333333 0.3990740740740741 0.5203125 0.37962962962962965 0.5182291666666666 0.35185185185185186 0.521875 0.34444444444444444 0.5296875 0.3453703703703704 0.53125 0.3416666666666667 0.5286458333333334 0.3111111111111111 0.5296875 0.29259259259259257 0.5395833333333333 0.24444444444444444 0.5432291666666667 0.2351851851851852 0.546875 0.22962962962962963 0.5604166666666667 0.22592592592592592 0.5713541666666667 0.21851851851851853 0.5723958333333333 0.24074074074074073 0.5619791666666667 0.33055555555555555 0.5583333333333333 0.34814814814814815 0.559375 0.35555555555555557 0.5635416666666667 0.3527777777777778 0.5708333333333333 0.3314814814814815 0.5755208333333334 0.28703703703703703 0.584375 0.2361111111111111 0.5890625 0.23148148148148148