4 0.7651041666666667 0.15092592592592594 0.7614583333333333 0.17685185185185184 0.7578125 0.18981481481481483 0.7510416666666667 0.24259259259259258 0.7463541666666667 0.2574074074074074 0.7432291666666667 0.29814814814814816 0.7375 0.33055555555555555 0.7348958333333333 0.3574074074074074 0.7239583333333334 0.387037037037037 0.7020833333333333 0.43148148148148147 0.6921875 0.462037037037037 0.6895833333333333 0.4648148148148148 0.6854166666666667 0.4842592592592593 0.6822916666666666 0.4888888888888889 0.6822916666666666 0.4935185185185185 0.6854166666666667 0.4981481481481482 0.6890625 0.4981481481481482 0.6947916666666667 0.49444444444444446 0.7375 0.48518518518518516 0.7880208333333333 0.4898148148148148 0.8 0.48703703703703705 0.8036458333333333 0.4824074074074074 0.8166666666666667 0.4962962962962963 0.825 0.5138888888888888 0.8348958333333333 0.5194444444444445 0.8395833333333333 0.5277777777777778 0.8494791666666667 0.5509259259259259 0.8546875 0.5694444444444444 0.85625 0.5824074074074074 0.8671875 0.5953703703703703 0.8760416666666667 0.6185185185185185 0.8822916666666667 0.6212962962962963 0.8994791666666667 0.6185185185185185 0.9041666666666667 0.6138888888888889 0.9052083333333333 0.6092592592592593 0.9270833333333334 0.5861111111111111 0.9291666666666667 0.5888888888888889 0.9364583333333333 0.5861111111111111 0.9390625 0.5712962962962963 0.9390625 0.5555555555555556 0.9375 0.5407407407407407 0.9375 0.5101851851851852 0.9348958333333334 0.49907407407407406 0.9333333333333333 0.47962962962962963 0.9338541666666667 0.44537037037037036 0.9354166666666667 0.4398148148148148 0.9380208333333333 0.4398148148148148 0.940625 0.4351851851851852 0.9442708333333333 0.4027777777777778 0.946875 0.4 0.9494791666666667 0.38981481481481484 0.9489583333333333 0.34444444444444444 0.9505208333333334 0.3333333333333333 0.9567708333333333 0.3212962962962963 0.9640625 0.3194444444444444 0.9625 0.30648148148148147 0.9671875 0.3 0.9697916666666667 0.2814814814814815 0.975 0.26666666666666666 0.9739583333333334 0.21574074074074073 0.9755208333333333 0.18703703703703703 0.971875 0.1648148148148148 0.9760416666666667 0.15185185185185185 0.9817708333333334 0.14166666666666666 0.9833333333333333 0.12962962962962962 0.9880208333333333 0.12129629629629629 0.9942708333333333 0.11851851851851852 0.9994791666666667 0.11203703703703703 0.9994791666666667 0.005555555555555556 0.978125 0 0.8911458333333333 0 0.8911458333333333 0.020370370370370372 0.8947916666666667 0.03518518518518519 0.8942708333333333 0.04351851851851852 0.8921875 0.04814814814814815 0.8890625 0.05092592592592592 0.8770833333333333 0.05092592592592592 0.8729166666666667 0.05555555555555555 0.8671875 0.05277777777777778 0.8619791666666666 0.05740740740740741 0.8536458333333333 0.05740740740740741 0.825 0.06851851851851852 0.7932291666666667 0.08703703703703704 0.7713541666666667 0.12962962962962962 0.7677083333333333 0.14629629629629629 0.7651041666666667 0.15092592592592594
4 0.22916666666666666 0.2222222222222222 0.22864583333333333 0.23796296296296296 0.22395833333333334 0.2712962962962963 0.21458333333333332 0.3148148148148148 0.21458333333333332 0.33240740740740743 0.22291666666666668 0.3648148148148148 0.22135416666666666 0.3962962962962963 0.225 0.4222222222222222 0.23072916666666668 0.44166666666666665 0.23697916666666666 0.4759259259259259 0.25052083333333336 0.49537037037037035 0.25729166666666664 0.5138888888888888 0.26197916666666665 0.5166666666666667 0.27291666666666664 0.5166666666666667 0.2760416666666667 0.5138888888888888 0.2890625 0.5138888888888888 0.29583333333333334 0.5185185185185185 0.3046875 0.5166666666666667 0.3067708333333333 0.5120370370370371 0.3171875 0.5101851851851852 0.32708333333333334 0.5009259259259259 0.33125 0.48055555555555557 0.33541666666666664 0.4777777777777778 0.33958333333333335 0.4685185185185185 0.3484375 0.4666666666666667 0.35104166666666664 0.47314814814814815 0.35104166666666664 0.47962962962962963 0.36302083333333335 0.4888888888888889 0.3692708333333333 0.4981481481481482 0.37552083333333336 0.5685185185185185 0.3807291666666667 0.5935185185185186 0.38697916666666665 0.6027777777777777 0.39010416666666664 0.6046296296296296 0.4015625 0.5888888888888889 0.4125 0.5851851851851851 0.425 0.587037037037037 0.4270833333333333 0.5916666666666667 0.43125 0.5916666666666667 0.4328125 0.5805555555555556 0.4401041666666667 0.5712962962962963 0.4479166666666667 0.5712962962962963 0.45989583333333334 0.5796296296296296 0.4661458333333333 0.5962962962962963 0.4666666666666667 0.6027777777777777 0.46927083333333336 0.6055555555555555 0.48333333333333334 0.6027777777777777 0.5182291666666666 0.5777777777777777 0.5354166666666667 0.5898148148148148 0.534375 0.5953703703703703 0.5390625 0.6185185185185185 0.546875 0.6268518518518519 0.55 0.6370370370370371 0.5557291666666667 0.6388888888888888 0.5677083333333334 0.6351851851851852 0.5744791666666667 0.6277777777777778 0.58125 0.6148148148148148 0.5828125 0.6055555555555555 0.6 0.5648148148148148 0.6020833333333333 0.5212962962962963 0.6041666666666666 0.49722222222222223 0.60625 0.4898148148148148 0.6171875 0.47314814814814815 0.61875 0.46574074074074073 0.6239583333333333 0.45925925925925926 0.6260416666666667 0.4527777777777778 0.6333333333333333 0.44814814814814813 0.6411458333333333 0.4361111111111111 0.6453125 0.42407407407407405 0.6598958333333333 0.39814814814814814 0.6609375 0.375 0.659375 0.3648148148148148 0.65625 0.35833333333333334 0.6552083333333333 0.3453703703703704 0.6567708333333333 0.32222222222222224 0.6734375 0.2824074074074074 0.6755208333333333 0.26851851851851855 0.6723958333333333 0.22407407407407406 0.6645833333333333 0.19166666666666668 0.6604166666666667 0.15925925925925927 0.65625 0.14722222222222223 0.6479166666666667 0.08703703703703704 0.6364583333333333 0.04351851851851852 0.6322916666666667 0.03518518518518519 0.6286458333333333 0.004629629629629629 0.6265625 0 0.546875 0 0.5442708333333334 0.002777777777777778 0.53125 0.004629629629629629 0.484375 0.002777777777777778 0.48072916666666665 0 0.3385416666666667 0 0.33645833333333336 0.002777777777777778 0.2942708333333333 0 0.2760416666666667 0.03333333333333333 0.2630208333333333 0.06388888888888888 0.25 0.12777777777777777 0.24583333333333332 0.13703703703703704 0.23958333333333334 0.16203703703703703 0.23125 0.21666666666666667 0.22916666666666666 0.2222222222222222
4 0.5390625 0.9888888888888889 0.5380208333333333 0.9935185185185185 0.54375 0.9935185185185185 0.5432291666666667 0.9888888888888889 0.5390625 0.9888888888888889
4 0.26614583333333336 0.9898148148148148 0.2640625 0.9935185185185185 0.2671875 0.9981481481481481 0.3182291666666667 0.9981481481481481 0.3307291666666667 0.9944444444444445 0.3723958333333333 0.9981481481481481 0.43072916666666666 0.9981481481481481 0.4395833333333333 0.9935185185185185 0.4484375 0.9842592592592593 0.4510416666666667 0.9777777777777777 0.46979166666666666 0.9527777777777777 0.47604166666666664 0.9462962962962963 0.48489583333333336 0.9435185185185185 0.49270833333333336 0.937037037037037 0.4947916666666667 0.9324074074074075 0.4984375 0.9305555555555556 0.5041666666666667 0.9185185185185185 0.5119791666666667 0.9120370370370371 0.5151041666666667 0.9009259259259259 0.5234375 0.8870370370370371 0.5317708333333333 0.8527777777777777 0.5390625 0.8416666666666667 0.5421875 0.8157407407407408 0.5453125 0.8055555555555556 0.54375 0.7916666666666666 0.5375 0.7824074074074074 0.5265625 0.7777777777777778 0.5208333333333334 0.7712962962962963 0.5177083333333333 0.7638888888888888 0.5078125 0.7574074074074074 0.4942708333333333 0.7555555555555555 0.48541666666666666 0.7509259259259259 0.46197916666666666 0.7574074074074074 0.45677083333333335 0.7620370370370371 0.4479166666666667 0.7824074074074074 0.4401041666666667 0.7944444444444444 0.425 0.8388888888888889 0.40989583333333335 0.8481481481481481 0.40625 0.8601851851851852 0.39895833333333336 0.8731481481481481 0.3875 0.8805555555555555 0.3828125 0.8870370370370371 0.37916666666666665 0.899074074074074 0.3729166666666667 0.9055555555555556 0.36666666666666664 0.9009259259259259 0.3619791666666667 0.9009259259259259 0.3536458333333333 0.9120370370370371 0.34427083333333336 0.9148148148148149 0.33229166666666665 0.9231481481481482 0.32135416666666666 0.9351851851851852 0.3078125 0.9435185185185185 0.2911458333333333 0.962037037037037 0.2859375 0.9648148148148148 0.26614583333333336 0.9898148148148148
4 0.5901041666666667 0.7620370370370371 0.5895833333333333 0.7731481481481481 0.5921875 0.7796296296296297 0.603125 0.7851851851851852 0.6119791666666666 0.7851851851851852 0.6182291666666667 0.7916666666666666 0.6213541666666667 0.8074074074074075 0.6130208333333333 0.8074074074074075 0.6057291666666667 0.8138888888888889 0.6083333333333333 0.8388888888888889 0.6182291666666667 0.862037037037037 0.6239583333333333 0.8666666666666667 0.6369791666666667 0.8870370370370371 0.6421875 0.8916666666666667 0.6526041666666667 0.9092592592592592 0.671875 0.9194444444444444 0.6854166666666667 0.9305555555555556 0.7057291666666666 0.962037037037037 0.70625 0.9796296296296296 0.7109375 0.9935185185185185 0.7291666666666666 0.9981481481481481 0.7447916666666666 0.9981481481481481 0.7557291666666667 0.9944444444444445 0.846875 0.9981481481481481 0.8510416666666667 0.9935185185185185 0.8385416666666666 0.9712962962962963 0.8208333333333333 0.9592592592592593 0.8140625 0.9490740740740741 0.796875 0.9027777777777778 0.78125 0.8935185185185185 0.7583333333333333 0.8888888888888888 0.75 0.8759259259259259 0.7380208333333333 0.8685185185185185 0.7328125 0.862037037037037 0.7260416666666667 0.8527777777777777 0.7166666666666667 0.825925925925926 0.7145833333333333 0.825925925925926 0.7026041666666667 0.8092592592592592 0.696875 0.7944444444444444 0.6911458333333333 0.7888888888888889 0.6765625 0.7601851851851852 0.6677083333333333 0.75 0.6505208333333333 0.7462962962962963 0.6130208333333333 0.7462962962962963 0.5958333333333333 0.7527777777777778 0.5901041666666667 0.7620370370370371
1 0.8479166666666667 0.6074074074074074 0.8479166666666667 0.6370370370370371 0.8557291666666667 0.6388888888888888 0.8604166666666667 0.6296296296296297 0.8625 0.6027777777777777 0.8578125 0.5962962962962963 0.8541666666666666 0.5962962962962963 0.8510416666666667 0.5981481481481481 0.8479166666666667 0.6074074074074074
1 0.55625 0.6694444444444444 0.5557291666666667 0.6972222222222222 0.55625 0.7027777777777777 0.5604166666666667 0.7092592592592593 0.5578125 0.7166666666666667 0.5604166666666667 0.7185185185185186 0.5635416666666667 0.712037037037037 0.5677083333333334 0.6916666666666667 0.565625 0.6796296296296296 0.5598958333333334 0.6694444444444444 0.55625 0.6694444444444444
1 0.53125 0.6564814814814814 0.5307291666666667 0.6666666666666666 0.5276041666666667 0.6731481481481482 0.5244791666666667 0.6916666666666667 0.51875 0.6981481481481482 0.5223958333333333 0.700925925925926 0.5244791666666667 0.7092592592592593 0.5223958333333333 0.712037037037037 0.5130208333333334 0.712037037037037 0.509375 0.7277777777777777 0.5015625 0.7388888888888889 0.5020833333333333 0.7481481481481481 0.5046875 0.7546296296296297 0.5182291666666666 0.7611111111111111 0.5255208333333333 0.7731481481481481 0.5416666666666666 0.7805555555555556 0.546875 0.7898148148148149 0.5484375 0.8064814814814815 0.5432291666666667 0.8222222222222222 0.5427083333333333 0.8416666666666667 0.5604166666666667 0.850925925925926 0.575 0.850925925925926 0.5916666666666667 0.8351851851851851 0.5932291666666667 0.8305555555555556 0.5921875 0.8092592592592592 0.5869791666666667 0.7796296296296297 0.5875 0.7601851851851852 0.5916666666666667 0.7481481481481481 0.5911458333333334 0.7435185185185185 0.5796875 0.7138888888888889 0.5734375 0.7055555555555556 0.56875 0.7148148148148148 0.5661458333333333 0.737037037037037 0.5640625 0.7398148148148148 0.5625 0.7509259259259259 0.5578125 0.7527777777777778 0.5578125 0.7342592592592593 0.5557291666666667 0.7305555555555555 0.5552083333333333 0.7148148148148148 0.5520833333333334 0.7092592592592593 0.5520833333333334 0.6916666666666667 0.55 0.687037037037037 0.546875 0.6592592592592592 0.54375 0.6527777777777778 0.5333333333333333 0.6527777777777778 0.53125 0.6564814814814814
3 0.5895833333333333 0.762962962962963 0.5890625 0.7731481481481481 0.590625 0.7787037037037037 0.6067708333333334 0.7870370370370371 0.6140625 0.7870370370370371 0.6197916666666666 0.7981481481481482 0.621875 0.7981481481481482 0.6260416666666667 0.8046296296296296 0.6244791666666667 0.8101851851851852 0.6109375 0.8092592592592592 0.6083333333333333 0.8101851851851852 0.6057291666666667 0.8157407407407408 0.6098958333333333 0.8425925925925926 0.6192708333333333 0.862037037037037 0.6515625 0.9074074074074074 0.6822916666666666 0.9259259259259259 0.7020833333333333 0.9555555555555556 0.7114583333333333 0.9527777777777777 0.7260416666666667 0.9351851851851852 0.7348958333333333 0.9305555555555556 0.7458333333333333 0.9166666666666666 0.7479166666666667 0.9166666666666666 0.7552083333333334 0.9055555555555556 0.75625 0.8870370370370371 0.7510416666666667 0.8777777777777778 0.7317708333333334 0.862037037037037 0.725 0.85 0.7171875 0.8277777777777777 0.7010416666666667 0.8074074074074075 0.6984375 0.799074074074074 0.6880208333333333 0.7824074074074074 0.6875 0.7777777777777778 0.671875 0.7527777777777778 0.6635416666666667 0.7481481481481481 0.6505208333333333 0.7462962962962963 0.6104166666666667 0.7462962962962963 0.5947916666666667 0.7527777777777778 0.5895833333333333 0.762962962962963
3 0.5328125 0.5314814814814814 0.5333333333333333 0.5370370370370371 0.5390625 0.5509259259259259 0.5515625 0.5638888888888889 0.5489583333333333 0.5888888888888889 0.5432291666666667 0.5851851851851851 0.5354166666666667 0.5851851851851851 0.53125 0.5898148148148148 0.53125 0.5990740740740741 0.5348958333333333 0.6074074074074074 0.5375 0.625 0.5447916666666667 0.6388888888888888 0.55625 0.6462962962962963 0.5625 0.6435185185185185 0.571875 0.6370370370370371 0.5791666666666667 0.6259259259259259 0.5895833333333333 0.5916666666666667 0.6 0.5685185185185185 0.6020833333333333 0.5574074074074075 0.6020833333333333 0.5277777777777778 0.6057291666666667 0.48518518518518516 0.5947916666666667 0.48055555555555557 0.5848958333333333 0.4648148148148148 0.58125 0.4666666666666667 0.5796875 0.462037037037037 0.5770833333333333 0.462037037037037 0.571875 0.5092592592592593 0.5677083333333334 0.5185185185185185 0.5625 0.5212962962962963 0.5625 0.5037037037037037 0.5682291666666667 0.4638888888888889 0.5677083333333334 0.45555555555555555 0.5630208333333333 0.4527777777777778 0.5505208333333333 0.4685185185185185 0.5458333333333333 0.47962962962962963 0.54375 0.5046296296296297 0.5416666666666666 0.5092592592592593 0.5369791666666667 0.5120370370370371 0.5328125 0.5314814814814814
3 0.37552083333333336 0.9037037037037037 0.375 0.9111111111111111 0.37916666666666665 0.9185185185185185 0.39010416666666664 0.9546296296296296 0.40729166666666666 0.9962962962962963 0.42916666666666664 0.9981481481481481 0.4317708333333333 0.9944444444444445 0.43802083333333336 0.9935185185185185 0.4484375 0.9824074074074074 0.46927083333333336 0.9527777777777777 0.49375 0.9351851851851852 0.4984375 0.9296296296296296 0.503125 0.9185185185185185 0.5125 0.9092592592592592 0.5229166666666667 0.8888888888888888 0.53125 0.8555555555555555 0.5390625 0.8416666666666667 0.54375 0.8111111111111111 0.5458333333333333 0.8074074074074075 0.5447916666666667 0.7935185185185185 0.5432291666666667 0.7870370370370371 0.5270833333333333 0.7777777777777778 0.51875 0.7648148148148148 0.5083333333333333 0.7574074074074074 0.4817708333333333 0.7509259259259259 0.4578125 0.7601851851851852 0.4479166666666667 0.7824074074074074 0.4375 0.799074074074074 0.43333333333333335 0.8166666666666667 0.425 0.8388888888888889 0.421875 0.8435185185185186 0.4119791666666667 0.8462962962962963 0.40625 0.862037037037037 0.39791666666666664 0.8759259259259259 0.3890625 0.8805555555555555 0.3828125 0.8888888888888888 0.37916666666666665 0.9009259259259259 0.37552083333333336 0.9037037037037037
3 0.5328125 0.5314814814814814 0.5359375 0.5435185185185185 0.5494791666666666 0.562037037037037 0.5536458333333333 0.5638888888888889 0.5604166666666667 0.5555555555555556 0.5677083333333334 0.5555555555555556 0.5729166666666666 0.5694444444444444 0.571875 0.5916666666666667 0.5682291666666667 0.5962962962962963 0.5536458333333333 0.5935185185185186 0.5453125 0.587037037037037 0.5328125 0.587037037037037 0.53125 0.5907407407407408 0.53125 0.5990740740740741 0.5390625 0.6296296296296297 0.5432291666666667 0.6370370370370371 0.5541666666666667 0.6444444444444445 0.5625 0.6435185185185185 0.571875 0.6370370370370371 0.5791666666666667 0.6259259259259259 0.5895833333333333 0.5916666666666667 0.5994791666666667 0.5712962962962963 0.603125 0.5555555555555556 0.6020833333333333 0.5407407407407407 0.6057291666666667 0.49166666666666664 0.6166666666666667 0.47314814814814815 0.6208333333333333 0.45555555555555555 0.6234375 0.45092592592592595 0.6234375 0.42777777777777776 0.6192708333333333 0.41203703703703703 0.6145833333333334 0.4027777777777778 0.609375 0.39814814814814814 0.5979166666666667 0.39814814814814814 0.5880208333333333 0.4074074074074074 0.5817708333333333 0.4222222222222222 0.5802083333333333 0.4305555555555556 0.5796875 0.44351851851851853 0.5770833333333333 0.45185185185185184 0.571875 0.5 0.56875 0.5148148148148148 0.565625 0.5185185185185185 0.5630208333333333 0.5175925925925926 0.5640625 0.49907407407407406 0.56875 0.46944444444444444 0.5677083333333334 0.4527777777777778 0.5630208333333333 0.4527777777777778 0.5510416666666667 0.4685185185185185 0.5458333333333333 0.47962962962962963 0.5432291666666667 0.5055555555555555 0.5375 0.5120370370370371 0.5328125 0.5314814814814814
3 0.8338541666666667 0.5055555555555555 0.8333333333333334 0.5166666666666667 0.8494791666666667 0.5509259259259259 0.8546875 0.5712962962962963 0.8557291666666667 0.5842592592592593 0.8677083333333333 0.5972222222222222 0.8713541666666667 0.612037037037037 0.875 0.6185185185185185 0.8817708333333333 0.6231481481481481 0.8895833333333333 0.6231481481481481 0.8984375 0.6212962962962963 0.9041666666666667 0.6166666666666667 0.90625 0.6092592592592593 0.9041666666666667 0.6055555555555555 0.8927083333333333 0.600925925925926 0.8880208333333334 0.5916666666666667 0.8864583333333333 0.5814814814814815 0.8864583333333333 0.5722222222222222 0.8901041666666667 0.562037037037037 0.8927083333333333 0.5574074074074075 0.9005208333333333 0.5546296296296296 0.9041666666666667 0.5462962962962963 0.8984375 0.5324074074074074 0.8901041666666667 0.5277777777777778 0.88125 0.5138888888888888 0.8515625 0.47962962962962963 0.846875 0.48055555555555557 0.8395833333333333 0.4888888888888889 0.8338541666666667 0.5055555555555555
3 0.28229166666666666 0.38055555555555554 0.28229166666666666 0.41944444444444445 0.2984375 0.4444444444444444 0.30572916666666666 0.45092592592592595 0.32447916666666665 0.4527777777777778 0.3416666666666667 0.44166666666666665 0.3458333333333333 0.4324074074074074 0.35572916666666665 0.43148148148148147 0.3619791666666667 0.4324074074074074 0.3697916666666667 0.4388888888888889 0.4036458333333333 0.4546296296296296 0.43333333333333335 0.45925925925925926 0.4552083333333333 0.45925925925925926 0.4661458333333333 0.4546296296296296 0.47239583333333335 0.44814814814814813 0.4765625 0.4398148148148148 0.4875 0.4351851851851852 0.5015625 0.41944444444444445 0.5114583333333333 0.4148148148148148 0.5125 0.39814814814814814 0.5109375 0.37777777777777777 0.5182291666666666 0.3675925925925926 0.5223958333333333 0.34814814814814815 0.5151041666666667 0.33055555555555555 0.49166666666666664 0.3055555555555556 0.4864583333333333 0.2916666666666667 0.4828125 0.2916666666666667 0.45989583333333334 0.2759259259259259 0.44166666666666665 0.26944444444444443 0.4328125 0.26666666666666666 0.4078125 0.26666666666666666 0.38958333333333334 0.2712962962962963 0.37135416666666665 0.28055555555555556 0.33645833333333336 0.28888888888888886 0.31354166666666666 0.3055555555555556 0.3026041666666667 0.3194444444444444 0.28854166666666664 0.3490740740740741 0.28489583333333335 0.375 0.28229166666666666 0.38055555555555554
3 0.90625 0.4759259259259259 0.9046875 0.5212962962962963 0.9125 0.5305555555555556 0.9166666666666666 0.5398148148148149 0.9182291666666667 0.5546296296296296 0.9286458333333333 0.5703703703703704 0.9260416666666667 0.587037037037037 0.9328125 0.5916666666666667 0.9369791666666667 0.587037037037037 0.9385416666666667 0.5805555555555556 0.9390625 0.5574074074074075 0.9369791666666667 0.5148148148148148 0.9322916666666666 0.4824074074074074 0.9286458333333333 0.4777777777777778 0.9182291666666667 0.47314814814814815 0.90625 0.4759259259259259