4 0.5791666666666667 0.9842592592592593 0.5791666666666667 0.9888888888888889 0.58125 0.9898148148148148 0.5796875 0.9935185185185185 0.58125 0.9944444444444445 0.5890625 0.9935185185185185 0.5890625 0.9907407407407407 0.5927083333333333 0.987037037037037 0.5927083333333333 0.9824074074074074 0.5791666666666667 0.9842592592592593
4 0.5640625 0.9824074074074074 0.5635416666666667 0.9851851851851852 0.5640625 0.9824074074074074
4 0.5666666666666667 0.9796296296296296 0.565625 0.9805555555555555 0.56875 0.9805555555555555 0.5666666666666667 0.9796296296296296
4 0.5666666666666667 0.9685185185185186 0.5645833333333333 0.9694444444444444 0.5645833333333333 0.9731481481481481 0.5703125 0.975925925925926 0.5708333333333333 0.9694444444444444 0.5666666666666667 0.9685185185185186
4 0.10520833333333333 0.7472222222222222 0.0010416666666666667 0.001851851851851852
4 0.07395833333333333 0.700925925925926 0.07291666666666667 0.7037037037037037 0.07447916666666667 0.7055555555555556 0.07916666666666666 0.7027777777777777 0.07395833333333333 0.700925925925926
4 0.1015625 0.6814814814814815 0.0010416666666666667 0.001851851851851852
4 0.0828125 0.6805555555555556 0.08020833333333334 0.6805555555555556 0.0828125 0.6805555555555556
4 0.0875 0.700925925925926 0.08697916666666666 0.7027777777777777 0.09114583333333333 0.7055555555555556 0.09166666666666666 0.7092592592592593 0.08697916666666666 0.7148148148148148 0.08697916666666666 0.7240740740740741 0.09375 0.725925925925926 0.09427083333333333 0.7305555555555555 0.09895833333333333 0.7277777777777777 0.1 0.712037037037037 0.1078125 0.7027777777777777 0.10885416666666667 0.6981481481481482 0.11145833333333334 0.6981481481481482 0.1125 0.6916666666666667 0.10989583333333333 0.687962962962963 0.11354166666666667 0.6842592592592592 0.1140625 0.6768518518518518 0.11614583333333334 0.675 0.11197916666666667 0.6731481481481482 0.11041666666666666 0.6796296296296296 0.10729166666666666 0.6805555555555556 0.10677083333333333 0.6851851851851852 0.096875 0.700925925925926 0.090625 0.700925925925926 0.09010416666666667 0.7037037037037037 0.0875 0.700925925925926
4 0.12291666666666666 0.6541666666666667 0.003125 0.002777777777777778
4 0.0036458333333333334 0.10277777777777777 0.0015625 0.11666666666666667 0 0.11851851851851852 0 0.35555555555555557 0.003125 0.3592592592592593 0.0020833333333333333 0.3648148148148148 0.0036458333333333334 0.3731481481481482 0.003125 0.37962962962962965 0 0.3851851851851852 0 0.7046296296296296 0.004166666666666667 0.7055555555555556 0.005208333333333333 0.7129629629629629 0.003125 0.7296296296296296 0.004166666666666667 0.7388888888888889 0 0.7398148148148148 0 0.7481481481481481 0.003125 0.7509259259259259 0 0.7527777777777778 0 0.7555555555555555 0.003125 0.7574074074074074 0 0.7601851851851852 0 0.7638888888888888 0.005208333333333333 0.7638888888888888 0.005729166666666666 0.7685185185185185 0 0.7777777777777778 0 0.8009259259259259 0.0015625 0.8027777777777778 0 0.8074074074074075 0.0015625 0.8138888888888889 0 0.8166666666666667 0 0.8601851851851852 0.0015625 0.862037037037037 0 0.8638888888888889 0 0.8796296296296297 0.003125 0.8814814814814815 0.004166666666666667 0.8888888888888888 0 0.8935185185185185 0.003125 0.8962962962962963 0.004166666666666667 0.9046296296296297 0.0078125 0.9111111111111111 0.0046875 0.9120370370370371 0.005208333333333333 0.9212962962962963 0 0.9212962962962963 0 0.9351851851851852 0.0036458333333333334 0.9444444444444444 0 0.9481481481481482 0 0.9916666666666667 0.005208333333333333 0.9962962962962963 0.030729166666666665 0.9935185185185185 0.0359375 0.9981481481481481 0.06822916666666666 0.9935185185185185 0.07864583333333333 0.9962962962962963 0.10364583333333334 0.9962962962962963 0.10989583333333333 0.9935185185185185 0.13489583333333333 0.9962962962962963 0.18020833333333333 0.9935185185185185 0.19114583333333332 0.9935185185185185 0.19479166666666667 0.9962962962962963 0.22760416666666666 0.9962962962962963 0.25 0.9935185185185185 0.25885416666666666 0.9888888888888889 0.26145833333333335 0.9935185185185185 0.26875 0.9962962962962963 0.28854166666666664 0.9981481481481481 0.49166666666666664 0.9981481481481481 0.49947916666666664 0.9944444444444445 0.5276041666666667 0.9962962962962963 0.5359375 0.9935185185185185 0.5416666666666666 0.9842592592592593 0.6057291666666667 0.9666666666666667 0.6119791666666666 0.9768518518518519 0.6083333333333333 0.9805555555555555 0.6109375 0.9796296296296296 0.6119791666666666 0.987037037037037 0.6140625 0.9898148148148148 0.6135416666666667 0.9935185185185185 0.6213541666666667 0.9962962962962963 0.6260416666666667 0.9944444444444445 0.6322916666666667 0.9981481481481481 0.6505208333333333 0.9981481481481481 0.703125 0.9944444444444445 0.7161458333333334 0.9981481481481481 0.7348958333333333 0.9981481481481481 0.7442708333333333 0.9935185185185185 0.7458333333333333 0.9777777777777777 0.7458333333333333 0.9287037037037037 0.7479166666666667 0.9166666666666666 0.7463541666666667 0.9111111111111111 0.7463541666666667 0.8824074074074074 0.7536458333333333 0.8351851851851851 0.75625 0.7925925925925926 0.7619791666666667 0.7685185185185185 0.7619791666666667 0.7444444444444445 0.7552083333333334 0.7138888888888889 0.7489583333333333 0.6981481481481482 0.7411458333333333 0.6824074074074075 0.725 0.6675925925925926 0.7234375 0.6462962962962963 0.7208333333333333 0.637962962962963 0.7177083333333333 0.6101851851851852 0.7140625 0.6018518518518519 0.7109375 0.5824074074074074 0.7046875 0.5731481481481482 0.69375 0.5648148148148148 0.6739583333333333 0.5685185185185185 0.6322916666666667 0.5648148148148148 0.6046875 0.5731481481481482 0.59375 0.5731481481481482 0.5854166666666667 0.5796296296296296 0.5734375 0.5824074074074074 0.5276041666666667 0.21388888888888888 0.5348958333333333 0.20555555555555555 0.546875 0.17962962962962964 0.5505208333333333 0.1388888888888889 0.5479166666666667 0.12037037037037036 0.5625 0.0712962962962963 0.5645833333333333 0.05277777777777778 0.5614583333333333 0.04259259259259259 0.5625 0.03518518518518519 0.5604166666666667 0.032407407407407406 0.5604166666666667 0.027777777777777776 0.5635416666666667 0.027777777777777776 0.5666666666666667 0.012037037037037037 0.5666666666666667 0 0.49114583333333334 0 0.48125 0.002777777777777778 0.465625 0.002777777777777778 0.4625 0 0.4161458333333333 0 0.41458333333333336 0.002777777777777778 0.4114583333333333 0 0.16041666666666668 0 0.15729166666666666 0.002777777777777778 0.12760416666666666 0.002777777777777778 0.12447916666666667 0 0.042708333333333334 0 0.03958333333333333 0.007407407407407408 0.0390625 0.018518518518518517 0.036458333333333336 0.026851851851851852 0.030729166666666665 0.03518518518518519 0.023958333333333335 0.05277777777777778 0.019270833333333334 0.058333333333333334 0.016666666666666666 0.0712962962962963 0.013020833333333334 0.07592592592592592 0.0036458333333333334 0.10277777777777777
1 0.4625 0.5203703703703704 0.4625 0.5435185185185185 0.46822916666666664 0.562037037037037 0.4708333333333333 0.5833333333333334 0.478125 0.600925925925926 0.4817708333333333 0.6175925925925926 0.48802083333333335 0.6342592592592593 0.49114583333333334 0.6370370370370371 0.4984375 0.6342592592592593 0.5083333333333333 0.6212962962962963 0.5161458333333333 0.6166666666666667 0.5255208333333333 0.6027777777777777 0.5395833333333333 0.5916666666666667 0.5942708333333333 0.5666666666666667 0.6291666666666667 0.5592592592592592 0.6453125 0.5592592592592592 0.6671875 0.5638888888888889 0.6895833333333333 0.5574074074074075 0.7041666666666667 0.5638888888888889 0.7177083333333333 0.5916666666666667 0.7291666666666666 0.6601851851851852 0.7328125 0.6685185185185185 0.7364583333333333 0.6694444444444444 0.7427083333333333 0.6777777777777778 0.7552083333333334 0.6990740740740741 0.7677083333333333 0.7379629629629629 0.7682291666666666 0.7601851851851852 0.7619791666666667 0.7916666666666666 0.7614583333333333 0.8231481481481482 0.7505208333333333 0.8814814814814815 0.7510416666666667 0.9138888888888889 0.7536458333333333 0.9185185185185185 0.8 0.950925925925926 0.8145833333333333 0.9574074074074074 0.8401041666666667 0.9805555555555555 0.85625 0.9888888888888889 0.8630208333333333 0.9962962962962963 0.8760416666666667 0.9944444444444445 0.8994791666666667 0.9981481481481481 0.9807291666666667 0.9981481481481481 0.9994791666666667 0.9916666666666667 0.9994791666666667 0.9305555555555556 0.9963541666666667 0.9259259259259259 0.9963541666666667 0.9166666666666666 0.9994791666666667 0.9101851851851852 0.9979166666666667 0.9092592592592592 0.9994791666666667 0.899074074074074 0.9880208333333333 0.8962962962962963 0.9833333333333333 0.8870370370370371 0.9791666666666666 0.8916666666666667 0.9723958333333333 0.8898148148148148 0.9734375 0.8796296296296297 0.9651041666666667 0.8675925925925926 0.9598958333333333 0.850925925925926 0.9494791666666667 0.8416666666666667 0.946875 0.8361111111111111 0.946875 0.8305555555555556 0.9395833333333333 0.8277777777777777 0.9302083333333333 0.8101851851851852 0.9270833333333334 0.8092592592592592 0.9197916666666667 0.7898148148148149 0.9125 0.7805555555555556 0.9057291666666667 0.7666666666666667 0.9010416666666666 0.7666666666666667 0.8979166666666667 0.7601851851851852 0.8927083333333333 0.7592592592592593 0.8869791666666667 0.7546296296296297 0.8859375 0.7509259259259259 0.8833333333333333 0.7509259259259259 0.8791666666666667 0.7398148148148148 0.8760416666666667 0.7388888888888889 0.8645833333333334 0.7185185185185186 0.8645833333333334 0.6972222222222222 0.8697916666666666 0.6851851851851852 0.8895833333333333 0.6888888888888889 0.8958333333333334 0.7027777777777777 0.9171875 0.7231481481481481 0.9307291666666667 0.7462962962962963 0.940625 0.7555555555555555 0.9515625 0.7731481481481481 0.9609375 0.7824074074074074 0.96875 0.7981481481481482 0.9760416666666667 0.8027777777777778 0.9875 0.8231481481481482 0.9947916666666666 0.8296296296296296 0.9994791666666667 0.8305555555555556 0.9994791666666667 0.6398148148148148 0.9963541666666667 0.637962962962963 0.9947916666666666 0.6333333333333333 0.9973958333333334 0.6222222222222222 0.9994791666666667 0.6212962962962963 0.9994791666666667 0.43425925925925923 0.9739583333333334 0.39166666666666666 0.9651041666666667 0.38333333333333336 0.9614583333333333 0.3712962962962963 0.9578125 0.3712962962962963 0.9557291666666666 0.375 0.95 0.37222222222222223 0.9520833333333333 0.3648148148148148 0.9494791666666667 0.36203703703703705 0.9484375 0.34814814814814815 0.94375 0.3416666666666667 0.94375 0.337037037037037 0.9385416666666667 0.33240740740740743 0.940625 0.32314814814814813 0.9375 0.3175925925925926 0.9395833333333333 0.3101851851851852 0.9333333333333333 0.28888888888888886 0.9348958333333334 0.2824074074074074 0.93125 0.27685185185185185 0.9286458333333333 0.2638888888888889 0.9208333333333333 0.25925925925925924 0.9140625 0.24814814814814815 0.9072916666666667 0.24814814814814815 0.9072916666666667 0.24351851851851852 0.9052083333333333 0.24166666666666667 0.9 0.24351851851851852 0.8911458333333333 0.2324074074074074 0.8807291666666667 0.23055555555555557 0.8744791666666667 0.22314814814814815 0.8692708333333333 0.2212962962962963 0.8536458333333333 0.22314814814814815 0.8489583333333334 0.21851851851851853 0.8234375 0.21851851851851853 0.8020833333333334 0.2101851851851852 0.7619791666666667 0.20555555555555555 0.7348958333333333 0.20555555555555555 0.7322916666666667 0.20277777777777778 0.6942708333333333 0.20462962962962963 0.6911458333333333 0.20092592592592592 0.6807291666666667 0.20277777777777778 0.6645833333333333 0.20092592592592592 0.6625 0.19814814814814816 0.6364583333333333 0.20092592592592592 0.6333333333333333 0.2074074074074074 0.6328125 0.21388888888888888 0.6390625 0.21851851851851853 0.6395833333333333 0.22314814814814815 0.6427083333333333 0.22592592592592592 0.6411458333333333 0.24351851851851852 0.6369791666666667 0.24351851851851852 0.634375 0.2324074074074074 0.6286458333333333 0.2324074074074074 0.6208333333333333 0.22777777777777777 0.6223958333333334 0.22314814814814815 0.6197916666666666 0.21944444444444444 0.6166666666666667 0.22314814814814815 0.6057291666666667 0.22592592592592592 0.5973958333333333 0.23703703703703705 0.5916666666666667 0.23981481481481481 0.5911458333333334 0.2462962962962963 0.5875 0.25092592592592594 0.5875 0.25462962962962965 0.5760416666666667 0.26666666666666666 0.5666666666666667 0.28425925925925927 0.5625 0.28888888888888886 0.5505208333333333 0.2916666666666667 0.5489583333333333 0.2972222222222222 0.54375 0.30277777777777776 0.5322916666666667 0.3277777777777778 0.5234375 0.36018518518518516 0.5171875 0.3712962962962963 0.5145833333333333 0.37222222222222223 0.5119791666666667 0.3824074074074074 0.49583333333333335 0.4148148148148148 0.48541666666666666 0.44814814814814813 0.48125 0.4537037037037037 0.4786458333333333 0.4638888888888889 0.47552083333333334 0.4685185185185185 0.46927083333333336 0.4861111111111111 0.46875 0.49444444444444446 0.4625 0.5203703703703704
1 0.39375 0.8175925925925925 0.39375 0.8333333333333334 0.3984375 0.837037037037037 0.41041666666666665 0.8342592592592593 0.41822916666666665 0.8240740740740741 0.41822916666666665 0.8138888888888889 0.415625 0.8101851851851852 0.4 0.812037037037037 0.39375 0.8175925925925925
3 0.5890625 0.9805555555555555 0.5869791666666667 0.9842592592592593 0.5921875 0.987037037037037 0.5916666666666667 0.9805555555555555 0.5890625 0.9805555555555555
3 0.2713541666666667 0.9527777777777777 0.26875 0.9712962962962963 0.26197916666666665 0.9935185185185185 0.27239583333333334 0.9935185185185185 0.275 0.9962962962962963 0.3359375 0.9944444444444445 0.34322916666666664 0.9981481481481481 0.5302083333333333 0.9962962962962963 0.5338541666666666 0.9907407407407407 0.5348958333333333 0.9935185185185185 0.5375 0.9842592592592593 0.5375 0.9638888888888889 0.60625 0.9657407407407408 0.6083333333333333 0.9731481481481481 0.6119791666666666 0.975925925925926 0.6125 0.987037037037037 0.6109375 0.9935185185185185 0.6145833333333334 0.9962962962962963 0.7411458333333333 0.9981481481481481 0.7442708333333333 0.9953703703703703 0.7453125 0.9888888888888889 0.7473958333333334 0.9462962962962963 0.7463541666666667 0.9333333333333333 0.7479166666666667 0.9194444444444444 0.7479166666666667 0.8740740740740741 0.7505208333333333 0.8518518518518519 0.7546875 0.8342592592592593 0.75625 0.7944444444444444 0.7619791666666667 0.7731481481481481 0.7619791666666667 0.7388888888888889 0.7557291666666667 0.7148148148148148 0.7463541666666667 0.6916666666666667 0.7369791666666666 0.6759259259259259 0.725 0.6675925925925926 0.7223958333333333 0.6370370370370371 0.7130208333333333 0.5888888888888889 0.7057291666666666 0.5731481481481482 0.6994791666666667 0.5666666666666667 0.6885416666666667 0.5638888888888889 0.684375 0.5666666666666667 0.6567708333333333 0.5685185185185185 0.64375 0.5638888888888889 0.63125 0.5638888888888889 0.5895833333333333 0.5740740740740741 0.58125 0.5805555555555556 0.5708333333333333 0.5824074074074074 0.5505208333333333 0.5916666666666667 0.5286458333333334 0.6074074074074074 0.5213541666666667 0.6185185185185185 0.5036458333333333 0.6351851851851852 0.48020833333333335 0.6731481481481482 0.4395833333333333 0.700925925925926 0.41822916666666665 0.7277777777777777 0.3984375 0.7574074074074074 0.3458333333333333 0.7981481481481482 0.3302083333333333 0.8166666666666667 0.32083333333333336 0.8231481481481482 0.31197916666666664 0.8425925925925926 0.30625 0.85 0.29583333333333334 0.8777777777777778 0.2864583333333333 0.9101851851851852 0.2791666666666667 0.9259259259259259 0.2713541666666667 0.9527777777777777
3 0.0036458333333333334 0.10277777777777777 0.0015625 0.11574074074074074 0 0.11666666666666667 0 0.21851851851851853 0.0020833333333333333 0.21944444444444444 0 0.22592592592592592 0 0.3574074074074074 0.003125 0.362962962962963 0.004166666666666667 0.37222222222222223 0.003125 0.37962962962962965 0 0.3851851851851852 0 0.6620370370370371 0.0020833333333333333 0.6638888888888889 0 0.6685185185185185 0 0.6981481481481482 0.030729166666666665 0.6916666666666667 0.049479166666666664 0.6805555555555556 0.059895833333333336 0.6666666666666666 0.06041666666666667 0.6527777777777778 0.06927083333333334 0.6370370370370371 0.09166666666666666 0.6231481481481481 0.09375 0.6185185185185185 0.10260416666666666 0.612037037037037 0.11197916666666667 0.6101851851851852 0.12708333333333333 0.5935185185185186 0.14375 0.5888888888888889 0.1671875 0.5777777777777777 0.1921875 0.5574074074074075 0.20989583333333334 0.5370370370370371 0.22083333333333333 0.5203703703703704 0.2359375 0.49166666666666664 0.23958333333333334 0.48055555555555557 0.24947916666666667 0.4638888888888889 0.2520833333333333 0.44907407407407407 0.2604166666666667 0.4305555555555556 0.2640625 0.41574074074074074 0.28541666666666665 0.375 0.2947916666666667 0.3490740740740741 0.3109375 0.31666666666666665 0.3229166666666667 0.28425925925925927 0.3255208333333333 0.2722222222222222 0.3380208333333333 0.24166666666666667 0.3697916666666667 0.1935185185185185 0.3927083333333333 0.1638888888888889 0.3953125 0.1574074074074074 0.403125 0.15 0.40520833333333334 0.14351851851851852 0.40572916666666664 0.11481481481481481 0.40729166666666666 0.11018518518518519 0.415625 0.10925925925925926 0.41875 0.10555555555555556 0.4354166666666667 0.09814814814814815 0.44583333333333336 0.09814814814814815 0.45625 0.10555555555555556 0.46875 0.13518518518518519 0.475 0.16203703703703703 0.4791666666666667 0.16944444444444445 0.4828125 0.18611111111111112 0.48802083333333335 0.1962962962962963 0.4921875 0.19814814814814816 0.4979166666666667 0.2074074074074074 0.5078125 0.21388888888888888 0.5291666666666667 0.21388888888888888 0.5427083333333333 0.19166666666666668 0.546875 0.17962962962962964 0.55 0.15092592592592594 0.5484375 0.11481481481481481 0.5520833333333334 0.1037037037037037 0.5546875 0.10092592592592593 0.5640625 0.06018518518518518 0.5630208333333333 0.046296296296296294 0.5604166666666667 0.041666666666666664 0.5578125 0.041666666666666664 0.5557291666666667 0.03518518518518519 0.5635416666666667 0.025925925925925925 0.5630208333333333 0.019444444444444445 0.5666666666666667 0.009259259259259259 0.5671875 0 0.5532984375000001 0 0.5520833333333334 0.005555555555555556 0.5505208333333333 0 0.5489583333333333 0.005555555555555556 0.5458333333333333 0 0.4901041666666667 0 0.48802083333333335 0.002777777777777778 0.478125 0.004629629629629629 0.46458333333333335 0 0.4161458333333333 0 0.4140625 0.004629629629629629 0.41302083333333334 0 0.15729166666666666 0 0.15572916666666667 0.002777777777777778 0.04114583333333333 0 0.0390625 0.004629629629629629 0.0375 0.025 0.0203125 0.06018518518518518 0.0036458333333333334 0.10277777777777777