4 0.13020833333333334 0.4462962962962963 0.134375 0.44907407407407407 0.13854166666666667 0.4601851851851852 0.14166666666666666 0.5055555555555555 0.14322916666666666 0.5083333333333333 0.14322916666666666 0.5324074074074074 0.15364583333333334 0.5574074074074075 0.15364583333333334 0.5703703703703704 0.14947916666666666 0.5990740740740741 0.14947916666666666 0.6175925925925926 0.15625 0.6472222222222223 0.16666666666666666 0.6574074074074074 0.171875 0.6703703703703704 0.16145833333333334 0.7342592592592593 0.16145833333333334 0.7555555555555555 0.15208333333333332 0.8898148148148148 0.14947916666666666 0.9925925925925926 0.14791666666666667 0.9962962962962963 0.14166666666666666 0.9990740740740741 0.1140625 0.9990740740740741 0.11041666666666666 0.9962962962962963 0.059895833333333336 0.9990740740740741 0.05677083333333333 0.9953703703703703 0.050520833333333334 0.9944444444444445 0.04791666666666667 0.987037037037037 0.04791666666666667 0.9583333333333334 0.041666666666666664 0.9018518518518519 0.040625 0.8731481481481481 0.034375 0.8324074074074074 0.035416666666666666 0.8092592592592592 0.040625 0.7787037037037037 0.057291666666666664 0.7166666666666667 0.06458333333333334 0.7018518518518518 0.06927083333333334 0.6796296296296296 0.0609375 0.6731481481481482 0.05416666666666667 0.6583333333333333 0.05260416666666667 0.6212962962962963 0.0484375 0.5935185185185186 0.04375 0.5740740740740741 0.036458333333333336 0.5675925925925925 0.0359375 0.5583333333333333 0.0328125 0.5537037037037037 0.0328125 0.5407407407407407 0.0421875 0.5083333333333333 0.049479166666666664 0.5009259259259259 0.06197916666666667 0.47685185185185186 0.1015625 0.4537037037037037 0.11666666666666667 0.44722222222222224 0.1296875 0.4462962962962963
4 0.18489583333333334 0 0.21041666666666667 0 0.21875 0.004629629629629629 0.23072916666666668 0.002777777777777778 0.2328125 0 0.24895833333333334 0 0.25364583333333335 0.002777777777777778 0.26666666666666666 0.002777777777777778 0.2682291666666667 0 0.3765625 0 0.3802083333333333 0.004629629629629629 0.37604166666666666 0.025925925925925925 0.3765625 0.03888888888888889 0.4296875 0.003703703703703704 0.44427083333333334 0 0.4708333333333333 0.002777777777777778 0.48854166666666665 0.017592592592592594 0.5151041666666667 0.0712962962962963 0.5453125 0.11666666666666667 0.55625 0.12685185185185185 0.5625 0.14166666666666666 0.5770833333333333 0.1638888888888889 0.5854166666666667 0.18425925925925926 0.5979166666666667 0.2324074074074074 0.6109375 0.25833333333333336 0.61875 0.31851851851851853 0.6213541666666667 0.3861111111111111 0.6213541666666667 0.4074074074074074 0.6171875 0.44537037037037036 0.6177083333333333 0.46944444444444444 0.6369791666666667 0.5314814814814814 0.6479166666666667 0.575925925925926 0.6473958333333333 0.5851851851851851 0.6338541666666667 0.5953703703703703 0.625 0.5990740740740741 0.6020833333333333 0.5981481481481481 0.5901041666666667 0.6185185185185185 0.5666666666666667 0.6342592592592593 0.5619791666666667 0.6546296296296297 0.5625 0.6981481481481482 0.565625 0.7194444444444444 0.5661458333333333 0.7398148148148148 0.5708333333333333 0.762962962962963 0.5708333333333333 0.7796296296296297 0.5671875 0.787962962962963 0.5604166666666667 0.7907407407407407 0.5567708333333333 0.7962962962962963 0.5588541666666667 0.8203703703703704 0.5572916666666666 0.8351851851851851 0.5463541666666667 0.8416666666666667 0.5239583333333333 0.8462962962962963 0.5182291666666666 0.8388888888888889 0.5140625 0.8212962962962963 0.5135416666666667 0.8111111111111111 0.49947916666666664 0.7527777777777778 0.5015625 0.6907407407407408 0.4984375 0.6972222222222222 0.475 0.7101851851851851 0.46979166666666666 0.7166666666666667 0.4453125 0.7148148148148148 0.43854166666666666 0.7027777777777777 0.43697916666666664 0.6916666666666667 0.440625 0.674074074074074 0.43333333333333335 0.6574074074074074 0.42135416666666664 0.6518518518518519 0.41041666666666665 0.6564814814814814 0.4078125 0.6648148148148149 0.39791666666666664 0.6787037037037037 0.4083333333333333 0.6814814814814815 0.41822916666666665 0.6990740740740741 0.41458333333333336 0.7027777777777777 0.3885416666666667 0.700925925925926 0.38385416666666666 0.7092592592592593 0.38177083333333334 0.7194444444444444 0.3807291666666667 0.7324074074074074 0.38333333333333336 0.7435185185185185 0.3885416666666667 0.7481481481481481 0.4010416666666667 0.7481481481481481 0.4114583333333333 0.7398148148148148 0.421875 0.7407407407407407 0.4296875 0.7509259259259259 0.4276041666666667 0.7546296296296297 0.4296875 0.7583333333333333 0.428125 0.7657407407407407 0.4328125 0.7694444444444445 0.428125 0.7731481481481481 0.42552083333333335 0.7796296296296297 0.4479166666666667 0.7805555555555556 0.459375 0.7870370370370371 0.4609375 0.7787037037037037 0.45416666666666666 0.7592592592592593 0.45 0.7537037037037037 0.4421875 0.7277777777777777 0.4421875 0.7222222222222222 0.44583333333333336 0.7194444444444444 0.44947916666666665 0.725 0.4578125 0.7268518518518519 0.4671875 0.7462962962962963 0.4703125 0.7638888888888888 0.4739583333333333 0.7685185185185185 0.4744791666666667 0.7787037037037037 0.48072916666666665 0.7898148148148149 0.4828125 0.8037037037037037 0.4817708333333333 0.812037037037037 0.4875 0.8166666666666667 0.49322916666666666 0.8305555555555556 0.4890625 0.8425925925925926 0.48489583333333336 0.8444444444444444 0.48020833333333335 0.8564814814814815 0.4734375 0.8629629629629629 0.4703125 0.8629629629629629 0.4666666666666667 0.8546296296296296 0.4557291666666667 0.8546296296296296 0.45208333333333334 0.8583333333333333 0.4510416666666667 0.8546296296296296 0.4453125 0.8537037037037037 0.43385416666666665 0.8564814814814815 0.4322916666666667 0.8592592592592593 0.43333333333333335 0.8657407407407407 0.4317708333333333 0.8666666666666667 0.425 0.8527777777777777 0.421875 0.8398148148148148 0.421875 0.8314814814814815 0.4171875 0.825925925925926 0.40520833333333334 0.7824074074074074 0.4010416666666667 0.775 0.38333333333333336 0.7685185185185185 0.36354166666666665 0.7444444444444445 0.353125 0.7425925925925926 0.34322916666666664 0.7222222222222222 0.325 0.7 0.3109375 0.6777777777777778 0.3026041666666667 0.6703703703703704 0.29270833333333335 0.6685185185185185 0.2833333333333333 0.6620370370370371 0.25625 0.6185185185185185 0.24375 0.5842592592592593 0.23229166666666667 0.562962962962963 0.221875 0.5314814814814814 0.21354166666666666 0.5018518518518519 0.20625 0.462037037037037 0.20208333333333334 0.3861111111111111 0.20572916666666666 0.34074074074074073 0.20885416666666667 0.32407407407407407 0.2203125 0.27685185185185185 0.23177083333333334 0.24444444444444444 0.23645833333333333 0.20555555555555555 0.24479166666666666 0.1925925925925926 0.2453125 0.18796296296296297 0.24166666666666667 0.16111111111111112 0.22447916666666667 0.10740740740740741 0.22083333333333333 0.10092592592592593 0.20729166666666668 0.09166666666666666 0.18541666666666667 0.046296296296296294 0.18125 0.032407407407407406 0.17864583333333334 0.008333333333333333 0.17864583333333334 0.004629629629629629 0.18489583333333334 0.000925925925925926
4 0.5604166666666667 0.8425925925925926 0.5770833333333333 0.8518518518518519 0.5817708333333333 0.8574074074074074 0.5875 0.8759259259259259 0.5885416666666666 0.8944444444444445 0.5838541666666667 0.9166666666666666 0.5770833333333333 0.9296296296296296 0.56875 0.9611111111111111 0.5557291666666667 0.9824074074074074 0.5494791666666666 0.9990740740740741 0.42552083333333335 0.9981481481481481 0.4375 0.9833333333333333 0.46145833333333336 0.9629629629629629 0.46927083333333336 0.9435185185185185 0.4953125 0.9259259259259259 0.5083333333333333 0.9055555555555556 0.5223958333333333 0.8944444444444445 0.5291666666666667 0.8722222222222222 0.5390625 0.850925925925926 0.546875 0.8453703703703703 0.5598958333333334 0.8425925925925926
4 0.5614583333333333 0.8425925925925926 0.5760416666666667 0.850925925925926 0.5828125 0.8601851851851852 0.5885416666666666 0.8851851851851852 0.5885416666666666 0.8953703703703704 0.5848958333333333 0.9138888888888889 0.5859375 0.9157407407407407 0.5921875 0.9203703703703704 0.5979166666666667 0.9296296296296296 0.6109375 0.9231481481481482 0.6208333333333333 0.9231481481481482 0.634375 0.9305555555555556 0.6578125 0.975925925925926 0.6640625 0.9944444444444445 0.6625 0.9990740740740741 0.6307291666666667 0.9990740740740741 0.6208333333333333 0.9944444444444445 0.6109375 0.9944444444444445 0.6 0.9990740740740741 0.5760416666666667 0.9990740740740741 0.5677083333333334 0.9944444444444445 0.5609375 0.9944444444444445 0.5651041666666666 0.9916666666666667 0.5630208333333333 0.9814814814814815 0.5640625 0.975925925925926 0.5604166666666667 0.9768518518518519 0.5494791666666666 0.9990740740740741 0.425 0.9990740740740741 0.4265625 0.9944444444444445 0.4375 0.9833333333333333 0.4609375 0.9638888888888889 0.4661458333333333 0.9490740740740741 0.4708333333333333 0.9425925925925925 0.4947916666666667 0.9268518518518518 0.5057291666666667 0.9083333333333333 0.521875 0.8944444444444445 0.5286458333333334 0.8731481481481481 0.5390625 0.850925925925926 0.5609375 0.8425925925925926
0 0.5708333333333333 0.7925925925925926 0.5744791666666667 0.8055555555555556 0.5796875 0.85 0.578125 0.8518518518518519 0.5609375 0.8388888888888889 0.5614583333333333 0.825925925925926 0.5588541666666667 0.7981481481481482 0.5604166666666667 0.7953703703703704 0.5703125 0.7935185185185185
0 0.5046875 0.787962962962963 0.5119791666666667 0.8157407407407408 0.5130208333333334 0.8296296296296296 0.5166666666666667 0.8444444444444444 0.5223958333333333 0.8527777777777777 0.5369791666666667 0.8527777777777777 0.525 0.8861111111111111 0.5208333333333334 0.8870370370370371 0.51875 0.8842592592592593 0.5109375 0.8888888888888888 0.5046875 0.899074074074074 0.5020833333333333 0.9120370370370371 0.48802083333333335 0.9277777777777778 0.48489583333333336 0.9268518518518518 0.484375 0.9203703703703704 0.4895833333333333 0.9037037037037037 0.49635416666666665 0.8907407407407407 0.5 0.8638888888888889 0.4979166666666667 0.8537037037037037 0.49895833333333334 0.8416666666666667 0.4895833333333333 0.8064814814814815 0.5010416666666667 0.7870370370370371 0.5041666666666667 0.787962962962963
0 0.496875 0.7157407407407408 0.4973958333333333 0.7305555555555555 0.49375 0.7509259259259259 0.4979166666666667 0.7564814814814815 0.4984375 0.7648148148148148 0.5119791666666667 0.8166666666666667 0.5166666666666667 0.8435185185185186 0.5229166666666667 0.8546296296296296 0.5291666666666667 0.8583333333333333 0.5260416666666666 0.8805555555555555 0.5223958333333333 0.8907407407407407 0.5109375 0.899074074074074 0.49322916666666666 0.925 0.478125 0.9342592592592592 0.4666666666666667 0.9453703703703704 0.45989583333333334 0.9472222222222222 0.45260416666666664 0.9574074074074074 0.44947916666666665 0.9518518518518518 0.44635416666666666 0.9537037037037037 0.44635416666666666 0.9574074074074074 0.45208333333333334 0.9629629629629629 0.45 0.9675925925925926 0.44427083333333334 0.9685185185185186 0.4375 0.9777777777777777 0.4317708333333333 0.9768518518518519 0.41770833333333335 0.9666666666666667 0.41458333333333336 0.950925925925926 0.41458333333333336 0.9203703703703704 0.41822916666666665 0.9101851851851852 0.4276041666666667 0.8962962962962963 0.42864583333333334 0.8898148148148148 0.4348958333333333 0.8814814814814815 0.434375 0.8759259259259259 0.425 0.8592592592592593 0.4244791666666667 0.8527777777777777 0.43125 0.8583333333333333 0.43125 0.862037037037037 0.4354166666666667 0.8657407407407407 0.4395833333333333 0.8601851851851852 0.4505208333333333 0.8657407407407407 0.475 0.8703703703703703 0.4822916666666667 0.8638888888888889 0.48854166666666665 0.8518518518518519 0.49583333333333335 0.8462962962962963 0.4947916666666667 0.8416666666666667 0.49635416666666665 0.8314814814814815 0.49322916666666666 0.8194444444444444 0.4869791666666667 0.8092592592592592 0.48333333333333334 0.7972222222222223 0.4796875 0.7675925925925926 0.4734375 0.7574074074074074 0.4635416666666667 0.7268518518518519 0.48541666666666666 0.712037037037037 0.4921875 0.712037037037037 0.49635416666666665 0.7157407407407408
0 0.5838541666666667 0.9175925925925926 0.5885416666666666 0.9166666666666666 0.5979166666666667 0.9287037037037037 0.6125 0.9231481481481482 0.625 0.924074074074074 0.6333333333333333 0.9287037037037037 0.6479166666666667 0.9527777777777777 0.6666666666666666 0.9981481481481481 0.6348958333333333 0.9990740740740741 0.6145833333333334 0.9944444444444445 0.5984375 0.9990740740740741 0.5666666666666667 0.9990740740740741 0.5640625 0.9953703703703703 0.5552083333333333 0.9990740740740741 0.553125 0.9944444444444445 0.5567708333333333 0.9833333333333333 0.5640625 0.9740740740740741 0.5776041666666667 0.9305555555555556 0.5838541666666667 0.9185185185185185
0 0.4671875 0.7240740740740741 0.484375 0.7129629629629629 0.4953125 0.7166666666666667 0.4947916666666667 0.7453703703703703 0.49270833333333336 0.7527777777777778 0.49583333333333335 0.7611111111111111 0.4947916666666667 0.7648148148148148 0.4984375 0.7685185185185185 0.509375 0.8092592592592592 0.5135416666666667 0.8351851851851851 0.5166666666666667 0.8462962962962963 0.521875 0.8546296296296296 0.5333333333333333 0.8574074074074074 0.5317708333333333 0.8694444444444445 0.5291666666666667 0.8731481481481481 0.5302083333333333 0.8796296296296297 0.5265625 0.8824074074074074 0.5255208333333333 0.8870370370370371 0.5307291666666667 0.887962962962963 0.5359375 0.8833333333333333 0.5395833333333333 0.8861111111111111 0.5541666666666667 0.8833333333333333 0.5598958333333334 0.8898148148148148 0.5458333333333333 0.8907407407407407 0.5411458333333333 0.8972222222222223 0.5354166666666667 0.8962962962962963 0.5322916666666667 0.8907407407407407 0.5276041666666667 0.8972222222222223 0.5296875 0.9046296296296297 0.5255208333333333 0.9027777777777778 0.521875 0.9083333333333333 0.51875 0.9083333333333333 0.5161458333333333 0.9175925925925926 0.5119791666666667 0.9175925925925926 0.5088541666666667 0.9259259259259259 0.5057291666666667 0.925 0.5046875 0.9203703703703704 0.5046875 0.925 0.5020833333333333 0.9277777777777778 0.4921875 0.9268518518518518 0.47708333333333336 0.9388888888888889 0.4734375 0.9462962962962963 0.46822916666666664 0.9472222222222222 0.4609375 0.9453703703703704 0.46197916666666666 0.9416666666666667 0.4588541666666667 0.9287037037037037 0.44583333333333336 0.9074074074074074 0.4421875 0.9046296296296297 0.4390625 0.9092592592592592 0.4348958333333333 0.9055555555555556 0.4322916666666667 0.9111111111111111 0.4348958333333333 0.9222222222222223 0.42135416666666664 0.9277777777777778 0.42239583333333336 0.9351851851851852 0.4197916666666667 0.9388888888888889 0.42135416666666664 0.9416666666666667 0.425 0.9398148148148148 0.4265625 0.9490740740740741 0.425 0.9527777777777777 0.42083333333333334 0.9527777777777777 0.42083333333333334 0.9601851851851851 0.4270833333333333 0.9675925925925926 0.434375 0.9694444444444444 0.43854166666666666 0.9666666666666667 0.44583333333333336 0.9675925925925926 0.4479166666666667 0.9629629629629629 0.4505208333333333 0.9629629629629629 0.4510416666666667 0.9666666666666667 0.4401041666666667 0.9777777777777777 0.434375 0.9777777777777777 0.41875 0.9666666666666667 0.4140625 0.9462962962962963 0.41458333333333336 0.9203703703703704 0.428125 0.8962962962962963 0.42864583333333334 0.8907407407407407 0.43697916666666664 0.8833333333333333 0.4354166666666667 0.8722222222222222 0.446875 0.8703703703703703 0.46927083333333336 0.875 0.47760416666666666 0.8731481481481481 0.49947916666666664 0.8481481481481481 0.4953125 0.8222222222222222 0.48385416666666664 0.7962962962962963 0.48020833333333335 0.7648148148148148 0.4734375 0.7546296296296297 0.4703125 0.7453703703703703 0.4671875 0.725
0 0.5885416666666666 0.8916666666666667 0.5885416666666666 0.9046296296296297 0.5989583333333334 0.9296296296296296 0.61875 0.9222222222222223 0.6296875 0.9259259259259259 0.6369791666666667 0.9324074074074075 0.6583333333333333 0.975925925925926 0.6645833333333333 0.9962962962962963 0.6604166666666667 0.9990740740740741 0.6348958333333333 0.9990740740740741 0.6234375 0.9944444444444445 0.609375 0.9944444444444445 0.5979166666666667 0.9990740740740741 0.553125 0.9990740740740741 0.5526041666666667 0.9935185185185185 0.55625 0.9814814814814815 0.5640625 0.9731481481481481 0.5770833333333333 0.9296296296296296 0.5875 0.9074074074074074 0.5880208333333333 0.8925925925925926
0 0.4953125 0.7129629629629629 0.4979166666666667 0.7212962962962963 0.4942708333333333 0.7518518518518519 0.4979166666666667 0.7574074074074074 0.4979166666666667 0.7648148148148148 0.5010416666666667 0.7712962962962963 0.5119791666666667 0.8148148148148148 0.5166666666666667 0.8425925925925926 0.525 0.8537037037037037 0.5359375 0.8527777777777777 0.5223958333333333 0.8916666666666667 0.5109375 0.899074074074074 0.4921875 0.9259259259259259 0.47604166666666664 0.9351851851851852 0.4666666666666667 0.9444444444444444 0.4484375 0.912962962962963 0.43125 0.8685185185185185 0.4328125 0.8666666666666667 0.4359375 0.8703703703703703 0.4395833333333333 0.862037037037037 0.44166666666666665 0.8648148148148148 0.4635416666666667 0.8675925925925926 0.46979166666666666 0.8712962962962963 0.4765625 0.8703703703703703 0.4953125 0.8472222222222222 0.49635416666666665 0.8314814814814815 0.48385416666666664 0.799074074074074 0.4796875 0.7675925925925926 0.4734375 0.7574074074074074 0.4635416666666667 0.7268518518518519 0.4822916666666667 0.7129629629629629 0.4947916666666667 0.7129629629629629
0 0.5885416666666666 0.912962962962963 0.5989583333333334 0.9287037037037037 0.6171875 0.9222222222222223 0.6276041666666666 0.925 0.6369791666666667 0.9324074074074075 0.6588541666666666 0.9768518518518519 0.6671875 0.9990740740740741 0.6322916666666667 0.9990740740740741 0.6182291666666667 0.9944444444444445 0.6026041666666667 0.9990740740740741 0.5526041666666667 0.9990740740740741 0.5510416666666667 0.9944444444444445 0.5552083333333333 0.9805555555555555 0.5625 0.9731481481481481 0.5645833333333333 0.9629629629629629 0.55625 0.9666666666666667 0.55 0.9564814814814815 0.5614583333333333 0.9546296296296296 0.5640625 0.9583333333333334 0.5671875 0.9574074074074074 0.5838541666666667 0.9138888888888889 0.5880208333333333 0.912962962962963
3 0.5916666666666667 0.9212962962962963 0.596875 0.9296296296296296 0.6197916666666666 0.9231481481481482 0.6291666666666667 0.9259259259259259 0.6364583333333333 0.9324074074074075 0.6614583333333334 0.9833333333333333 0.6651041666666667 0.9944444444444445 0.6625 0.9990740740740741 0.634375 0.9990740740740741 0.6213541666666667 0.9944444444444445 0.6088541666666667 0.9944444444444445 0.6020833333333333 0.9990740740740741 0.5734375 0.9990740740740741 0.5677083333333334 0.9944444444444445 0.5645833333333333 0.9731481481481481 0.56875 0.9592592592592593 0.5802083333333333 0.9259259259259259 0.584375 0.9194444444444444 0.5885416666666666 0.9185185185185185 0.5911458333333334 0.9212962962962963
3 0.5276041666666667 0.5796296296296296 0.5427083333333333 0.5972222222222222 0.5567708333333333 0.5981481481481481 0.5640625 0.6083333333333333 0.5671875 0.6194444444444445 0.5645833333333333 0.6444444444444445 0.5619791666666667 0.6537037037037037 0.5619791666666667 0.674074074074074 0.5671875 0.737037037037037 0.571875 0.7648148148148148 0.571875 0.7787037037037037 0.5692708333333333 0.7888888888888889 0.5578125 0.7962962962962963 0.5614583333333333 0.8240740740740741 0.559375 0.8379629629629629 0.5296875 0.8490740740740741 0.5223958333333333 0.8490740740740741 0.51875 0.8444444444444444 0.5130208333333334 0.8240740740740741 0.4984375 0.7490740740740741 0.5005208333333333 0.7027777777777777 0.5041666666666667 0.687037037037037 0.503125 0.6361111111111111 0.5114583333333333 0.5981481481481481 0.5229166666666667 0.5787037037037037 0.5270833333333333 0.5796296296296296
3 0.5651041666666666 0.8444444444444444 0.58125 0.8564814814814815 0.5885416666666666 0.8824074074074074 0.5885416666666666 0.8972222222222223 0.5854166666666667 0.9101851851851852 0.5765625 0.9287037037037037 0.56875 0.9592592592592593 0.5479166666666667 0.9990740740740741 0.53125 0.9944444444444445 0.5239583333333333 0.9675925925925926 0.5015625 0.9314814814814815 0.49947916666666664 0.9212962962962963 0.5083333333333333 0.9055555555555556 0.521875 0.8953703703703704 0.5395833333333333 0.85 0.5526041666666667 0.8435185185185186 0.5645833333333333 0.8444444444444444
3 0.38697916666666665 0.6694444444444444 0.40208333333333335 0.6805555555555556 0.4114583333333333 0.6833333333333333 0.42239583333333336 0.6981481481481482 0.4234375 0.7064814814814815 0.41875 0.7175925925925926 0.40677083333333336 0.7203703703703703 0.4109375 0.7296296296296296 0.41510416666666666 0.7268518518518519 0.421875 0.7379629629629629 0.425 0.7379629629629629 0.4203125 0.7305555555555555 0.4203125 0.7231481481481481 0.4234375 0.7185185185185186 0.43072916666666666 0.7166666666666667 0.4270833333333333 0.7101851851851851 0.42864583333333334 0.7074074074074074 0.46041666666666664 0.725925925925926 0.4666666666666667 0.737037037037037 0.4708333333333333 0.7518518518518519 0.478125 0.7675925925925926 0.4859375 0.812037037037037 0.49375 0.8240740740740741 0.4942708333333333 0.8342592592592593 0.49114583333333334 0.8444444444444444 0.47708333333333336 0.8685185185185185 0.46875 0.8694444444444445 0.44583333333333336 0.8629629629629629 0.4359375 0.8740740740740741 0.42864583333333334 0.8666666666666667 0.4239583333333333 0.8555555555555555 0.42083333333333334 0.8453703703703703 0.42083333333333334 0.8388888888888889 0.403125 0.7777777777777778 0.38125 0.7685185185185185 0.36354166666666665 0.7444444444444445 0.3645833333333333 0.7074074074074074 0.3692708333333333 0.6833333333333333 0.3765625 0.6712962962962963 0.38645833333333335 0.6694444444444444
3 0.4427083333333333 0.7166666666666667 0.45989583333333334 0.725 0.46510416666666665 0.7333333333333333 0.47291666666666665 0.7574074074074074 0.4786458333333333 0.7675925925925926 0.4864583333333333 0.812037037037037 0.49270833333333336 0.8203703703703704 0.4947916666666667 0.8314814814814815 0.49114583333333334 0.8472222222222222 0.48020833333333335 0.8675925925925926 0.46770833333333334 0.8703703703703703 0.4421875 0.8638888888888889 0.44114583333333335 0.8694444444444445 0.4359375 0.8740740740740741 0.42864583333333334 0.8666666666666667 0.421875 0.8490740740740741 0.4197916666666667 0.8342592592592593 0.4015625 0.7759259259259259 0.4010416666666667 0.7611111111111111 0.4083333333333333 0.7490740740740741 0.41875 0.7407407407407407 0.42239583333333336 0.7407407407407407 0.44375 0.7666666666666667 0.45416666666666666 0.787962962962963 0.45989583333333334 0.7935185185185185 0.46041666666666664 0.787962962962963 0.4546875 0.7648148148148148 0.44947916666666665 0.7546296296296297 0.446875 0.7546296296296297 0.44583333333333336 0.75 0.4421875 0.7472222222222222 0.4401041666666667 0.7342592592592593 0.4348958333333333 0.7203703703703703 0.43802083333333336 0.7157407407407408 0.4421875 0.7166666666666667