1 0.8328125 0.9416666666666667 0.8270833333333333 0.9416666666666667 0.8307291666666666 0.9462962962962963 0.8333333333333334 0.9444444444444444 0.8328125 0.9416666666666667
1 0.6239583333333333 0.6259259259259259 0.6223958333333334 0.6259259259259259 0.6229166666666667 0.6324074074074074 0.6260416666666667 0.6305555555555555 0.6239583333333333 0.6259259259259259
1 0.5822916666666667 0.5416666666666666 0.5817708333333333 0.5462962962962963 0.5848958333333333 0.5481481481481482 0.5848958333333333 0.5416666666666666 0.5822916666666667 0.5416666666666666
1 0.5697916666666667 0.5231481481481481 0.5697916666666667 0.5277777777777778 0.5744791666666667 0.5351851851851852 0.58125 0.5351851851851852 0.5776041666666667 0.5231481481481481 0.5697916666666667 0.5231481481481481
1 0.5703125 0.5166666666666667 0.5697916666666667 0.5212962962962963 0.571875 0.5185185185185185 0.5703125 0.5166666666666667
1 0.5697916666666667 0.4759259259259259 0.0010416666666666667 0.003703703703703704
1 0.5630208333333333 0.47314814814814815 0.5604166666666667 0.4740740740740741 0.5630208333333333 0.47314814814814815
1 0.5869791666666667 0.3824074074074074 0.5869791666666667 0.38981481481481484 0.5921875 0.3888888888888889 0.5953125 0.38055555555555554 0.5989583333333334 0.38055555555555554 0.5994791666666667 0.37777777777777777 0.596875 0.37592592592592594 0.5921875 0.3824074074074074 0.5869791666666667 0.3824074074074074
1 0.5984375 0.34074074074074073 0.60625 0.3416666666666667 0.6078125 0.34629629629629627 0.6067708333333334 0.35462962962962963 0.6010416666666667 0.3638888888888889 0.5942708333333333 0.3685185185185185 0.5984375 0.36944444444444446 0.6020833333333333 0.375 0.6057291666666667 0.375 0.6088541666666667 0.3685185185185185 0.6125 0.36666666666666664 0.6130208333333333 0.34814814814814815 0.6104166666666667 0.34444444444444444 0.6125 0.3425925925925926 0.6145833333333334 0.33240740740740743 0.6125 0.32037037037037036 0.61875 0.3194444444444444 0.6192708333333333 0.3101851851851852 0.6125 0.3101851851851852 0.6057291666666667 0.31851851851851853 0.6083333333333333 0.33055555555555555 0.6015625 0.33240740740740743 0.5984375 0.34074074074074073
1 0.6125 0.2962962962962963 0.6119791666666666 0.30092592592592593 0.6140625 0.30092592592592593 0.6140625 0.2962962962962963 0.6125 0.2962962962962963
1 0.6229166666666667 0.26851851851851855 0.625 0.2777777777777778 0.6229166666666667 0.28703703703703703 0.6177083333333333 0.2935185185185185 0.6182291666666667 0.3 0.6234375 0.2972222222222222 0.628125 0.2824074074074074 0.6270833333333333 0.27870370370370373 0.6286458333333333 0.2740740740740741 0.6328125 0.2712962962962963 0.6369791666666667 0.2601851851851852 0.63125 0.262037037037037 0.6302083333333334 0.26851851851851855 0.6229166666666667 0.26851851851851855
1 0.6182291666666667 0.22962962962962963 0.6161458333333333 0.23055555555555557 0.61875 0.2324074074074074 0.6197916666666666 0.23055555555555557 0.6182291666666667 0.22962962962962963
1 0.6177083333333333 0.21666666666666667 0.6166666666666667 0.22314814814814815 0.6213541666666667 0.22314814814814815 0.6203125 0.21666666666666667 0.6177083333333333 0.21666666666666667
1 0.6260416666666667 0.21388888888888888 0.625 0.21666666666666667 0.6279947916666667 0.21666666666666667 0.6296875 0.2111111111111111 0.6309895833333333 0.21666666666666667 0.6473958333333333 0.2175925925925926 0.65 0.20277777777777778 0.6494791666666667 0.18981481481481483 0.6432291666666666 0.18981481481481483 0.6411458333333333 0.19814814814814816 0.6385416666666667 0.19814814814814816 0.6369791666666667 0.19444444444444445 0.6307291666666667 0.20925925925925926 0.6260416666666667 0.21388888888888888
1 0.6333333333333333 0.18703703703703703 0.6328125 0.18888888888888888 0.6369791666666667 0.18888888888888888 0.6333333333333333 0.18703703703703703
1 0.42552083333333335 0.2537037037037037 0.425 0.2712962962962963 0.43072916666666666 0.2898148148148148 0.43125 0.3055555555555556 0.434375 0.31296296296296294 0.4348958333333333 0.32685185185185184 0.4375 0.33055555555555555 0.43854166666666666 0.337037037037037 0.43854166666666666 0.3574074074074074 0.44114583333333335 0.36203703703703705 0.4421875 0.37592592592592594 0.4453125 0.3888888888888889 0.45364583333333336 0.3962962962962963 0.46822916666666664 0.39814814814814814 0.4713541666666667 0.4027777777777778 0.4713541666666667 0.4101851851851852 0.48020833333333335 0.425 0.4875 0.44351851851851853 0.49114583333333334 0.4444444444444444 0.5072916666666667 0.4666666666666667 0.5151041666666667 0.4685185185185185 0.5177083333333333 0.47314814814814815 0.5166666666666667 0.4824074074074074 0.5203125 0.4888888888888889 0.5296875 0.49444444444444446 0.5328125 0.5009259259259259 0.5369791666666667 0.5027777777777778 0.546875 0.5 0.5494791666666666 0.4935185185185185 0.5484375 0.48703703703703705 0.5453125 0.4842592592592593 0.540625 0.49166666666666664 0.5375 0.49166666666666664 0.5364583333333334 0.47962962962962963 0.5328125 0.47685185185185186 0.5322916666666667 0.46944444444444444 0.5390625 0.4601851851851852 0.5421875 0.45925925925925926 0.54375 0.44722222222222224 0.546875 0.4444444444444444 0.5515625 0.42777777777777776 0.55 0.4009259259259259 0.5536458333333333 0.3824074074074074 0.5526041666666667 0.37962962962962965 0.55625 0.37592592592592594 0.5572916666666666 0.3685185185185185 0.5557291666666667 0.35 0.5583333333333333 0.33055555555555555 0.5604166666666667 0.3277777777777778 0.559375 0.32314814814814813 0.5630208333333333 0.3148148148148148 0.565625 0.3138888888888889 0.5697916666666667 0.2962962962962963 0.56875 0.28888888888888886 0.571875 0.2851851851851852 0.571875 0.2777777777777778 0.5765625 0.27314814814814814 0.5791666666666667 0.26481481481481484 0.5786458333333333 0.2462962962962963 0.5729166666666666 0.23333333333333334 0.5640625 0.22592592592592592 0.5588541666666667 0.22777777777777777 0.55625 0.2212962962962963 0.5520833333333334 0.21851851851851853 0.55 0.2101851851851852 0.5458333333333333 0.20925925925925926 0.5432291666666667 0.1962962962962963 0.5364583333333334 0.19166666666666668 0.5322916666666667 0.1925925925925926 0.5302083333333333 0.18703703703703703 0.5244791666666667 0.18703703703703703 0.5192708333333333 0.19166666666666668 0.5192708333333333 0.19907407407407407 0.5171875 0.19814814814814816 0.5151041666666667 0.20462962962962963 0.5125 0.19814814814814816 0.5111979166666667 0.20277777777777778 0.5083333333333333 0.20277777777777778 0.5078125 0.21944444444444444 0.503125 0.22592592592592592 0.4953125 0.22592592592592592 0.48802083333333335 0.2351851851851852 0.4817708333333333 0.2351851851851852 0.4786458333333333 0.24166666666666667 0.4625 0.24166666666666667 0.4609375 0.24814814814814815 0.45416666666666666 0.24814814814814815 0.45260416666666664 0.25092592592592594 0.45364583333333336 0.25462962962962965 0.4479166666666667 0.25925925925925924 0.44114583333333335 0.2574074074074074 0.43697916666666664 0.25277777777777777 0.43854166666666666 0.25 0.43802083333333336 0.2462962962962963 0.4296875 0.2462962962962963 0.42864583333333334 0.25092592592592594 0.42552083333333335 0.2537037037037037
1 0.6255208333333333 0.18472222222222223 0.0010416666666666667 0.000925925925925926
1 0.5989583333333334 0.4759259259259259 0.596875 0.487962962962963 0.6020833333333333 0.5277777777777778 0.6119791666666666 0.5537037037037037 0.6171875 0.5601851851851852 0.6182291666666667 0.5685185185185185 0.625 0.5777777777777777 0.6333333333333333 0.5981481481481481 0.6380208333333334 0.6027777777777777 0.634375 0.6305555555555555 0.628125 0.6324074074074074 0.6260416666666667 0.6370370370370371 0.6286458333333333 0.6388888888888888 0.6223958333333334 0.6435185185185185 0.63125 0.6601851851851852 0.6296875 0.6638888888888889 0.6317708333333333 0.6712962962962963 0.6411458333333333 0.6759259259259259 0.6427083333333333 0.6814814814814815 0.6484375 0.6888888888888889 0.659375 0.6888888888888889 0.671875 0.6777777777777778 0.675 0.6777777777777778 0.6786458333333333 0.6712962962962963 0.7166666666666667 0.6592592592592592 0.721875 0.6777777777777778 0.7109375 0.6842592592592592 0.6989583333333333 0.687037037037037 0.6807291666666667 0.6981481481481482 0.6770833333333334 0.7055555555555556 0.6770833333333334 0.7092592592592593 0.68125 0.725 0.70625 0.7601851851851852 0.7385416666666667 0.7898148148148149 0.7520833333333333 0.8074074074074075 0.7604166666666666 0.8138888888888889 0.7755208333333333 0.8324074074074074 0.7921875 0.8462962962962963 0.8083333333333333 0.8666666666666667 0.846875 0.9027777777777778 0.8755208333333333 0.9388888888888889 0.8864583333333333 0.9388888888888889 0.89375 0.9231481481481482 0.8953125 0.9083333333333333 0.8984375 0.8981481481481481 0.9005208333333333 0.8722222222222222 0.9046875 0.862037037037037 0.9119791666666667 0.8240740740740741 0.9182291666666667 0.8138888888888889 0.9208333333333333 0.8027777777777778 0.925 0.7962962962962963 0.9260416666666667 0.7888888888888889 0.93125 0.7805555555555556 0.9322916666666666 0.774074074074074 0.9416666666666667 0.7537037037037037 0.9453125 0.7509259259259259 0.9578125 0.725925925925926 0.9640625 0.7166666666666667 0.9661458333333334 0.7166666666666667 0.9776041666666667 0.6972222222222222 0.9822916666666667 0.6824074074074075 0.9828125 0.6666666666666666 0.9807291666666667 0.6611111111111111 0.9807291666666667 0.600925925925926 0.9723958333333333 0.600925925925926 0.9520833333333333 0.612037037037037 0.9411458333333333 0.6231481481481481 0.9328125 0.6277777777777778 0.928125 0.6351851851851852 0.9104166666666667 0.6462962962962963 0.9041666666666667 0.6462962962962963 0.9005208333333333 0.6407407407407407 0.8994791666666667 0.6203703703703703 0.9052083333333333 0.6092592592592593 0.9067708333333333 0.600925925925926 0.9125 0.5916666666666667 0.9145833333333333 0.5712962962962963 0.9140625 0.5527777777777778 0.9276041666666667 0.562037037037037 0.940625 0.55 0.9484375 0.5351851851851852 0.96875 0.5074074074074074 0.9708333333333333 0.4981481481481482 0.975 0.4935185185185185 0.9765625 0.48703703703703705 0.9796875 0.48703703703703705 0.9817708333333334 0.4777777777777778 0.9875 0.4759259259259259 0.9947916666666666 0.4685185185185185 0.9963541666666667 0.4638888888888889 0.9963541666666667 0.44907407407407407 0.9994791666666667 0.4462962962962963 0.9994791666666667 0.4027777777777778 0.9973958333333334 0.40185185185185185 0.9963541666666667 0.3925925925925926 0.9994791666666667 0.387037037037037 0.9994791666666667 0.3212962962962963 0.99375 0.3175925925925926 0.9963541666666667 0.3138888888888889 0.9963541666666667 0.30462962962962964 0.9994791666666667 0.30092592592592593 0.9994791666666667 0.24814814814814815 0.9963541666666667 0.24444444444444444 0.9963541666666667 0.23981481481481481 0.9994791666666667 0.23703703703703705 0.9958333333333333 0.23148148148148148 0.9963541666666667 0.225 0.9994791666666667 0.22314814814814815 0.9994791666666667 0.1734851851851852 0.9973958333333334 0.1675925925925926 0.9994791666666667 0.1648148148148148 0.9994791666666667 0.08888888888888889 0.9973958333333334 0.08703703703703704 0.9973958333333334 0.07222222222222222 0.9994791666666667 0.0712962962962963 0.9994791666666667 0.05925925925925926 0.9963541666666667 0.05740740740740741 0.9994791666666667 0.05277777777777778 0.9994791666666667 0 0.8625 0 0.8557291666666667 0.018518518518518517 0.8510416666666667 0.025925925925925925 0.8489583333333334 0.03518518518518519 0.840625 0.049074074074074076 0.8244791666666667 0.08888888888888889 0.8140625 0.10740740740740741 0.8052083333333333 0.14351851851851852 0.8020833333333334 0.14814814814814814 0.7989583333333333 0.16018518518518518 0.7942708333333334 0.1648148148148148 0.7921875 0.17407407407407408 0.7885416666666667 0.17592592592592593 0.7838541666666666 0.18796296296296297 0.7619791666666667 0.21666666666666667 0.7526041666666666 0.2212962962962963 0.7401041666666667 0.21851851851851853 0.7364583333333333 0.21203703703703702 0.7197916666666667 0.20555555555555555 0.7171875 0.19814814814814816 0.7140625 0.19814814814814816 0.70625 0.18425925925925926 0.6947916666666667 0.19166666666666668 0.68125 0.2222222222222222 0.6791666666666667 0.23425925925925925 0.6734375 0.24814814814814815 0.671875 0.26481481481481484 0.6640625 0.2759259259259259 0.6614583333333334 0.2935185185185185 0.6572916666666667 0.29814814814814816 0.6526041666666667 0.3148148148148148 0.65625 0.33055555555555555 0.665625 0.3416666666666667 0.6677083333333333 0.3509259259259259 0.6760416666666667 0.36666666666666664 0.6796875 0.3685185185185185 0.6807291666666667 0.3731481481481482 0.6973958333333333 0.3731481481481482 0.7114583333333333 0.3685185185185185 0.7411458333333333 0.36666666666666664 0.7463541666666667 0.3638888888888889 0.796875 0.3638888888888889 0.8317708333333333 0.37777777777777777 0.8401041666666667 0.3851851851851852 0.8427083333333333 0.39166666666666666 0.8484375 0.39351851851851855 0.8520833333333333 0.4 0.8494791666666667 0.4074074074074074 0.8447916666666667 0.40555555555555556 0.8421875 0.4009259259259259 0.83125 0.39814814814814814 0.8286458333333333 0.39351851851851855 0.8244791666666667 0.39351851851851855 0.8125 0.3851851851851852 0.8015625 0.3851851851851852 0.7984375 0.3824074074074074 0.7817708333333333 0.38425925925925924 0.759375 0.38055555555555554 0.7489583333333333 0.3851851851851852 0.7171875 0.3888888888888889 0.7005208333333334 0.39814814814814814 0.68125 0.4027777777777778 0.6552083333333333 0.42777777777777776 0.6390625 0.4351851851851852 0.6364583333333333 0.44166666666666665 0.6328125 0.4388888888888889 0.6234375 0.44814814814814813 0.6192708333333333 0.44814814814814813 0.6166666666666667 0.4527777777777778 0.6067708333333334 0.45740740740740743 0.6057291666666667 0.4666666666666667 0.5989583333333334 0.4759259259259259
1 0.43802083333333336 0.037037037037037035 0.4375 0.05462962962962963 0.4432291666666667 0.06388888888888888 0.4609375 0.06388888888888888 0.4744791666666667 0.05462962962962963 0.4875 0.03518518518518519 0.4979166666666667 0.025 0.5005208333333333 0.018518518518518517 0.5119791666666667 0.005555555555555556 0.5125 0 0.4583333333333333 0 0.4510416666666667 0.018518518518518517 0.43802083333333336 0.037037037037037035