4 0.6020833333333333 0.13240740740740742 0.6015625 0.14351851851851852 0.6046875 0.15925925925925927 0.6052083333333333 0.17314814814814813 0.6036458333333333 0.18703703703703703 0.60625 0.19166666666666668 0.6104166666666667 0.18888888888888888 0.6130208333333333 0.17685185185185184 0.6161458333333333 0.17592592592592593 0.6177083333333333 0.1712962962962963 0.6208333333333333 0.14722222222222223 0.6239583333333333 0.13703703703703704 0.625 0.12129629629629629 0.6229166666666667 0.11388888888888889 0.6192708333333333 0.11944444444444445 0.6125 0.11666666666666667 0.6020833333333333 0.13240740740740742
4 0.8458333333333333 0 0.55625 0.001851851851851852 0.5666666666666667 0.018518518518518517 0.5770833333333333 0.027777777777777776 0.584375 0.030555555555555555 0.5890625 0.044444444444444446 0.5989583333333334 0.062037037037037036 0.6135416666666667 0.07592592592592592 0.6166666666666667 0.07592592592592592 0.6182291666666667 0.07962962962962963 0.6265625 0.08518518518518518 0.6359375 0.08518518518518518 0.6395833333333333 0.07314814814814814 0.6458333333333334 0.0712962962962963 0.6479166666666667 0.06666666666666667 0.6484375 0.06944444444444445 0.65 0.05740740740740741 0.6567708333333333 0.05740740740740741 0.6578125 0.06111111111111111 0.65625 0.06851851851851852 0.6609375 0.07777777777777778 0.6640625 0.07314814814814814 0.675 0.08888888888888889 0.6776041666666667 0.09444444444444444 0.675 0.11018518518518519 0.6640625 0.1388888888888889 0.6583333333333333 0.16203703703703703 0.65625 0.17962962962962964 0.6520833333333333 0.18425925925925926 0.6494791666666667 0.19166666666666668 0.6463541666666667 0.2074074074074074 0.6473958333333333 0.21574074074074073 0.6453125 0.21944444444444444 0.6494791666666667 0.22777777777777777 0.6578125 0.2351851851851852 0.66875 0.23703703703703705 0.6817708333333333 0.23055555555555557 0.69375 0.21851851851851853 0.696875 0.21851851851851853 0.7098958333333333 0.2074074074074074 0.7140625 0.19814814814814816 0.7348958333333333 0.17777777777777778 0.7401041666666667 0.1685185185185185 0.75 0.16018518518518518 0.76875 0.13240740740740742 0.7786458333333334 0.12314814814814815 0.7947916666666667 0.09814814814814815 0.7979166666666667 0.0962962962962963 0.8026041666666667 0.08518518518518518 0.8057291666666667 0.08425925925925926 0.8057291666666667 0.08148148148148149 0.8255208333333334 0.04537037037037037 0.8416666666666667 0.023148148148148147 0.84375 0.016666666666666666 0.8432291666666667 0.006481481481481481 0.8458333333333333 0
4 0.0015625 0 0 0.000925925925925926 0 0.009259259259259259 0.0015625 0.010185185185185186 0.0015625 0.016666666666666666 0 0.018518518518518517 0 0.14351851851851852 0.0015625 0.14629629629629629 0.0020833333333333333 0.19814814814814816 0.005208333333333333 0.20277777777777778 0.0125 0.18703703703703703 0.019270833333333334 0.16203703703703703 0.0234375 0.15462962962962962 0.03125 0.11851851851851852 0.04479166666666667 0.09814814814814815 0.0578125 0.07314814814814814 0.09270833333333334 0.04351851851851852 0.09739583333333333 0.03425925925925926 0.0984375 0.023148148148148147 0.09166666666666666 0.009259259259259259 0.08020833333333334 0.000925925925925926 0.05260416666666667 0.002777777777777778 0.05 0 0.0015625 0
1 0.7057291666666666 0.3685185185185185 0.70625 0.37777777777777777 0.7078125 0.37592592592592594 0.7057291666666666 0.3685185185185185
1 0.5833333333333334 0.28055555555555556 0.5822916666666667 0.2824074074074074 0.5838541666666667 0.28425925925925927 0.5859375 0.2824074074074074 0.5833333333333334 0.28055555555555556
1 0.43854166666666666 0.11666666666666667 0.4375 0.12314814814814815 0.4421875 0.13703703703703704 0.44375 0.15 0.46041666666666664 0.17037037037037037 0.478125 0.21481481481481482 0.4791666666666667 0.22685185185185186 0.4765625 0.24074074074074073 0.47552083333333334 0.2601851851851852 0.4864583333333333 0.28888888888888886 0.49114583333333334 0.3212962962962963 0.49114583333333334 0.34629629629629627 0.49322916666666666 0.35462962962962963 0.5 0.3638888888888889 0.5161458333333333 0.3768518518518518 0.5265625 0.3962962962962963 0.534375 0.4027777777777778 0.5390625 0.41203703703703703 0.5473958333333333 0.41944444444444445 0.5567708333333333 0.43425925925925923 0.5619791666666667 0.43703703703703706 0.5640625 0.44351851851851853 0.5703125 0.45092592592592595 0.5833333333333334 0.462037037037037 0.5942708333333333 0.48055555555555557 0.6041666666666666 0.4925925925925926 0.609375 0.5083333333333333 0.6125 0.5120370370370371 0.6109375 0.5166666666666667 0.6010416666666667 0.524074074074074 0.5947916666666667 0.5351851851851852 0.5875 0.5370370370370371 0.5848958333333333 0.5296296296296297 0.5828125 0.5324074074074074 0.5828125 0.537962962962963 0.5802083333333333 0.5370370370370371 0.5802083333333333 0.5259259259259259 0.5776041666666667 0.5212962962962963 0.5541666666666667 0.5138888888888888 0.546875 0.5166666666666667 0.54375 0.5046296296296297 0.5520833333333334 0.5009259259259259 0.55 0.4962962962962963 0.5479166666666667 0.4962962962962963 0.5427083333333333 0.48703703703703705 0.5390625 0.48703703703703705 0.5307291666666667 0.4759259259259259 0.5223958333333333 0.47129629629629627 0.51875 0.47314814814814815 0.5151041666666667 0.462037037037037 0.5104166666666666 0.4685185185185185 0.5083333333333333 0.48055555555555557 0.5098958333333333 0.48333333333333334 0.5083333333333333 0.4935185185185185 0.5140625 0.5166666666666667 0.5161458333333333 0.5444444444444444 0.5135416666666667 0.5648148148148148 0.5145833333333333 0.6092592592592593 0.5109375 0.649074074074074 0.5109375 0.6666666666666666 0.5166666666666667 0.6777777777777778 0.51875 0.687037037037037 0.51875 0.7509259259259259 0.5390625 0.7824074074074074 0.55 0.7944444444444444 0.5578125 0.8101851851851852 0.5625 0.8490740740740741 0.5796875 0.8898148148148148 0.5817708333333333 0.9203703703703704 0.5875 0.9351851851851852 0.5994791666666667 0.9435185185185185 0.6182291666666667 0.9731481481481481 0.634375 0.9935185185185185 0.7453125 0.9935185185185185 0.7411458333333333 0.9777777777777777 0.73125 0.9537037037037037 0.728125 0.925 0.7208333333333333 0.8944444444444445 0.7177083333333333 0.8351851851851851 0.7166666666666667 0.8277777777777777 0.7145833333333333 0.825 0.7109375 0.8 0.7114583333333333 0.7796296296296297 0.7041666666666667 0.7601851851851852 0.7020833333333333 0.7490740740740741 0.7036458333333333 0.7324074074074074 0.6994791666666667 0.6916666666666667 0.6973958333333333 0.6888888888888889 0.6927083333333334 0.6638888888888889 0.6895833333333333 0.6574074074074074 0.6854166666666667 0.6370370370370371 0.6833333333333333 0.6342592592592593 0.6817708333333333 0.6185185185185185 0.6760416666666667 0.6074074074074074 0.6682291666666667 0.5787037037037037 0.6682291666666667 0.5712962962962963 0.6625 0.5555555555555556 0.6609375 0.5101851851851852 0.6578125 0.4925925925925926 0.6578125 0.4861111111111111 0.6609375 0.48055555555555557 0.6614583333333334 0.47129629629629627 0.6572916666666667 0.4537037037037037 0.6625 0.4388888888888889 0.6489583333333333 0.4 0.6473958333333333 0.3824074074074074 0.6453125 0.37962962962962965 0.6369791666666667 0.3416666666666667 0.6322916666666667 0.33055555555555555 0.6234375 0.3194444444444444 0.6192708333333333 0.31666666666666665 0.6161458333333333 0.3194444444444444 0.6177083333333333 0.32314814814814813 0.6125 0.3277777777777778 0.6119791666666666 0.33425925925925926 0.6057291666666667 0.3509259259259259 0.6046875 0.36018518518518516 0.6015625 0.3638888888888889 0.6010416666666667 0.375 0.5947916666666667 0.4009259259259259 0.5895833333333333 0.41388888888888886 0.5817708333333333 0.42592592592592593 0.5770833333333333 0.425 0.5744791666666667 0.41944444444444445 0.575 0.3814814814814815 0.5786458333333333 0.3731481481481482 0.5791666666666667 0.3638888888888889 0.58125 0.3592592592592593 0.5822916666666667 0.3398148148148148 0.5848958333333333 0.337037037037037 0.5869791666666667 0.3277777777777778 0.5880208333333333 0.3074074074074074 0.5854166666666667 0.29444444444444445 0.5786458333333333 0.29259259259259257 0.5796875 0.27685185185185185 0.58125 0.2712962962962963 0.5833333333333334 0.2712962962962963 0.5880208333333333 0.262037037037037 0.5932291666666667 0.2574074074074074 0.5942708333333333 0.24722222222222223 0.5979166666666667 0.24351851851851852 0.6010416666666667 0.23425925925925925 0.6010416666666667 0.22592592592592592 0.5984375 0.21944444444444444 0.6 0.21666666666666667 0.6 0.1527777777777778 0.5984375 0.14166666666666666 0.5947916666666667 0.13518518518518519 0.5921875 0.13518518518518519 0.5859375 0.14166666666666666 0.5630208333333333 0.14351851851851852 0.5598958333333334 0.14814814814814814 0.5380208333333333 0.14814814814814814 0.5302083333333333 0.14166666666666666 0.5265625 0.14166666666666666 0.5213541666666667 0.13240740740740742 0.5078125 0.12777777777777777 0.5046875 0.12314814814814815 0.49114583333333334 0.12314814814814815 0.47291666666666665 0.11851851851851852 0.4421875 0.11944444444444445 0.43854166666666666 0.11666666666666667
1 0.6640625 0.4351851851851852 0.6640625 0.44814814814814813 0.6682291666666667 0.45092592592592595 0.6890625 0.4101851851851852 0.7041666666666667 0.4 0.7114583333333333 0.3851851851851852 0.7098958333333333 0.3592592592592593 0.70625 0.35555555555555557 0.6947916666666667 0.3638888888888889 0.6833333333333333 0.3851851851851852 0.6807291666666667 0.39814814814814814 0.6682291666666667 0.41944444444444445 0.6661458333333333 0.4324074074074074 0.6640625 0.4351851851851852
3 0.07291666666666667 0 0 0 0 0.17314814814814813 0.0015625 0.17407407407407408 0 0.17777777777777778 0 0.19444444444444445 0.0015625 0.1962962962962963 0.0015625 0.20277777777777778 0.00625 0.20277777777777778 0.00625 0.19907407407407407 0.011979166666666667 0.18981481481481483 0.034895833333333334 0.11296296296296296 0.046875 0.0962962962962963 0.058333333333333334 0.07314814814814814 0.06354166666666666 0.06666666666666667 0.08645833333333333 0.05 0.096875 0.03518518518518519 0.0984375 0.019444444444444445 0.09322916666666667 0.010185185185185186 0.08489583333333334 0.002777777777777778 0.07291666666666667 0
3 0.6015625 0.1287037037037037 0.6010416666666667 0.1388888888888889 0.6046875 0.15648148148148147 0.6046875 0.1712962962962963 0.6015625 0.18888888888888888 0.6020833333333333 0.19444444444444445 0.6057291666666667 0.2 0.6119791666666666 0.1935185185185185 0.6135416666666667 0.18425925925925926 0.6171875 0.17592592592592593 0.6208333333333333 0.14907407407407408 0.625 0.13240740740740742 0.6265625 0.11018518518518519 0.6255208333333333 0.10740740740740741 0.6192708333333333 0.11203703703703703 0.6135416666666667 0.11203703703703703 0.6078125 0.11851851851851852 0.6041666666666666 0.12777777777777777 0.6015625 0.1287037037037037
3 0.6609375 0.07592592592592592 0.6604166666666667 0.07777777777777778 0.6609375 0.07592592592592592
3 0.5614583333333333 0.000925925925925926 0.5609375 0.004629629629629629 0.5635416666666667 0.010185185185185186 0.5666666666666667 0.012037037037037037 0.5697916666666667 0.018518518518518517 0.5848958333333333 0.02962962962962963 0.5880208333333333 0.041666666666666664 0.5994791666666667 0.062037037037037036 0.6140625 0.07592592592592592 0.6171875 0.07592592592592592 0.61875 0.07962962962962963 0.6265625 0.08518518518518518 0.6354166666666666 0.08703703703703704 0.6380208333333334 0.0824074074074074 0.6395833333333333 0.07314814814814814 0.6479166666666667 0.06944444444444445 0.64375 0.062037037037037036 0.6515625 0.05277777777777778 0.659375 0.05925925925925926 0.6567708333333333 0.06666666666666667 0.6578125 0.0712962962962963 0.665625 0.07407407407407407 0.6776041666666667 0.09351851851851851 0.675 0.11018518518518519 0.6635416666666667 0.14074074074074075 0.6552083333333333 0.1814814814814815 0.6520833333333333 0.18425925925925926 0.6494791666666667 0.19166666666666668 0.6463541666666667 0.21203703703703702 0.6473958333333333 0.21574074074074073 0.6458333333333334 0.21851851851851853 0.6494791666666667 0.22592592592592592 0.6578125 0.23425925925925925 0.6697916666666667 0.23703703703703705 0.6911458333333333 0.22592592592592592 0.7098958333333333 0.2074074074074074 0.7125 0.20092592592592592 0.7234375 0.19166666666666668 0.7307291666666667 0.18055555555555555 0.7375 0.17777777777777778 0.7380208333333333 0.17314814814814813 0.7458333333333333 0.16666666666666666 0.7583333333333333 0.14814814814814814 0.7947916666666667 0.10555555555555556 0.8015625 0.09444444444444444 0.803125 0.08796296296296297 0.8109375 0.07777777777777778 0.8130208333333333 0.07777777777777778 0.8125 0.07314814814814814 0.83125 0.03888888888888889 0.8348958333333333 0.037037037037037035 0.8401041666666667 0.025925925925925925 0.8416666666666667 0.025925925925925925 0.84375 0.019444444444444445 0.84375 0.002777777777777778 0.8453125 0 0.5614583333333333 0.000925925925925926