4 0.940625 0.1685185185185185 0.9614583333333333 0.17962962962962964 0.9932291666666667 0.20925925925925926 0.9994791666666667 0.21944444444444444 0.9994791666666667 0.2462962962962963 0.9973958333333334 0.24814814814814815 0.996875 0.25833333333333336 0.996875 0.275 0.9994791666666667 0.2777777777777778 0.9994791666666667 0.30277777777777776 0.9973958333333334 0.30648148148148147 0.9994791666666667 0.30833333333333335 0.9994791666666667 0.39166666666666666 0.9973958333333334 0.39351851851851855 0.9947916666666666 0.4074074074074074 0.9838541666666667 0.4287037037037037 0.9744791666666667 0.4388888888888889 0.959375 0.4462962962962963 0.9463541666666667 0.462037037037037 0.9385416666666667 0.48055555555555557 0.9296875 0.4898148148148148 0.9197916666666667 0.562037037037037 0.9161458333333333 0.5777777777777777 0.9083333333333333 0.5962962962962963 0.9005208333333333 0.6027777777777777 0.8901041666666667 0.5972222222222222 0.8807291666666667 0.5796296296296296 0.88125 0.5685185185185185 0.8880208333333334 0.549074074074074 0.8901041666666667 0.5333333333333333 0.8947916666666667 0.5194444444444445 0.8942708333333333 0.5120370370370371 0.8958333333333334 0.5074074074074074 0.8921875 0.5027777777777778 0.8708333333333333 0.5120370370370371 0.8546875 0.5074074074074074 0.8546875 0.5287037037037037 0.8583333333333333 0.5675925925925925 0.8609375 0.5777777777777777 0.8588541666666667 0.5916666666666667 0.8458333333333333 0.5990740740740741 0.8354166666666667 0.5833333333333334 0.8192708333333333 0.575925925925926 0.815625 0.5694444444444444 0.8083333333333333 0.5444444444444444 0.8078125 0.5259259259259259 0.8114583333333333 0.5018518518518519 0.8114583333333333 0.487962962962963 0.8026041666666667 0.4546296296296296 0.7989583333333333 0.44907407407407407 0.7796875 0.4388888888888889 0.7744791666666667 0.4388888888888889 0.7723958333333333 0.4324074074074074 0.76875 0.43333333333333335 0.7604166666666666 0.40925925925925927 0.7546875 0.3824074074074074 0.7510416666666667 0.37592592592592594 0.7880208333333333 0.30277777777777776 0.7885416666666667 0.29814814814814816 0.7859375 0.29259259259259257 0.7760416666666666 0.2824074074074074 0.7901041666666667 0.25925925925925924 0.8119791666666667 0.24537037037037038 0.8604166666666667 0.19814814814814816 0.8942708333333333 0.17592592592592593 0.9182291666666667 0.16574074074074074 0.9286458333333333 0.1648148148148148 0.9401041666666666 0.1685185185185185
4 0.709375 0.687037037037037 0.71875 0.700925925925926 0.7411458333333333 0.7194444444444444 0.7729166666666667 0.737037037037037 0.7828125 0.7537037037037037 0.7994791666666666 0.7685185185185185 0.8177083333333334 0.7712962962962963 0.8276041666666667 0.7842592592592592 0.83125 0.7851851851851852 0.8395833333333333 0.7777777777777778 0.85 0.775 0.8802083333333334 0.7731481481481481 0.8994791666666667 0.8074074074074075 0.9229166666666667 0.8314814814814815 0.9583333333333334 0.8453703703703703 0.9994791666666667 0.8842592592592593 0.9994791666666667 0.9398148148148148 0.996875 0.9416666666666667 0.9973958333333334 0.9490740740740741 0.9994791666666667 0.95 0.9994791666666667 0.9944444444444445 0.9854166666666667 0.9990740740740741 0.946875 0.9953703703703703 0.890625 0.9962962962962963 0.8796875 0.9990740740740741 0.8630208333333333 0.9944444444444445 0.8458333333333333 0.975 0.8328125 0.975 0.828125 0.9712962962962963 0.7864583333333334 0.9203703703703704 0.7828125 0.9120370370370371 0.7822916666666667 0.9 0.7796875 0.8953703703703704 0.7682291666666666 0.8888888888888888 0.7453125 0.8648148148148148 0.7057291666666666 0.862037037037037 0.6864583333333333 0.8481481481481481 0.6713541666666667 0.8296296296296296 0.6567708333333333 0.8194444444444444 0.6473958333333333 0.8027777777777778 0.6385416666666667 0.7925925925925926 0.6359375 0.7796296296296297 0.6432291666666666 0.7712962962962963 0.6682291666666667 0.7712962962962963 0.6703125 0.7685185185185185 0.6713541666666667 0.7638888888888888 0.6682291666666667 0.7546296296296297 0.6552083333333333 0.737037037037037 0.6578125 0.7138888888888889 0.6609375 0.7064814814814815 0.6739583333333333 0.6953703703703704 0.7010416666666667 0.6851851851851852 0.7088541666666667 0.687037037037037
4 0.3703125 0 0.4114583333333333 0 0.4171875 0.003703703703703704 0.42864583333333334 0 0.4791666666666667 0 0.4828125 0.002777777777777778 0.4875 0 0.5015625 0 0.5114583333333333 0.005555555555555556 0.5427083333333333 0.003703703703703704 0.5541666666666667 0 0.60625 0 0.6078125 0.002777777777777778 0.6192708333333333 0.004629629629629629 0.6364583333333333 0.002777777777777778 0.6390625 0 0.6625 0 0.6645833333333333 0.002777777777777778 0.6692708333333334 0 0.6989583333333333 0 0.7057291666666666 0.005555555555555556 0.7213541666666666 0.005555555555555556 0.7276041666666667 0 0.7442708333333333 0 0.7473958333333334 0.002777777777777778 0.759375 0 0.8484375 0 0.8494791666666667 0.004629629629629629 0.846875 0.046296296296296294 0.8348958333333333 0.09537037037037037 0.8234375 0.15925925925925927 0.8166666666666667 0.17222222222222222 0.8036458333333333 0.1824074074074074 0.7848958333333333 0.20277777777777778 0.7833333333333333 0.20925925925925926 0.7854166666666667 0.23703703703703705 0.784375 0.25277777777777777 0.7807291666666667 0.262037037037037 0.7760416666666666 0.26481481481481484 0.771875 0.2740740740740741 0.7713541666666667 0.3 0.7619791666666667 0.31666666666666665 0.7588541666666667 0.31666666666666665 0.7520833333333333 0.3333333333333333 0.7473958333333334 0.33796296296296297 0.7421875 0.36018518518518516 0.7088541666666667 0.41388888888888886 0.6947916666666667 0.44722222222222224 0.6942708333333333 0.4527777777777778 0.6958333333333333 0.4546296296296296 0.7041666666666667 0.4546296296296296 0.7177083333333333 0.4462962962962963 0.728125 0.43148148148148147 0.7276041666666667 0.4222222222222222 0.7307291666666667 0.4148148148148148 0.7302083333333333 0.4101851851851852 0.7385416666666667 0.39814814814814814 0.7432291666666667 0.3851851851851852 0.7484375 0.38425925925925924 0.7515625 0.38981481481481484 0.7619791666666667 0.4305555555555556 0.7583333333333333 0.46111111111111114 0.7447916666666666 0.47962962962962963 0.7208333333333333 0.5009259259259259 0.6885416666666667 0.5064814814814815 0.6848958333333334 0.5018518518518519 0.6864583333333333 0.4962962962962963 0.684375 0.4861111111111111 0.675 0.47314814814814815 0.671875 0.4648148148148148 0.6713541666666667 0.45555555555555555 0.6744791666666666 0.4398148148148148 0.6875 0.412962962962963 0.6895833333333333 0.3907407407407407 0.6942708333333333 0.3731481481481482 0.696875 0.35185185185185186 0.7015625 0.34074074074074073 0.7010416666666667 0.337037037037037 0.6822916666666666 0.3388888888888889 0.6734375 0.33240740740740743 0.6645833333333333 0.3194444444444444 0.65625 0.31203703703703706 0.6520833333333333 0.32037037037037036 0.6453125 0.325 0.6369791666666667 0.3416666666666667 0.6140625 0.37407407407407406 0.5973958333333333 0.3861111111111111 0.5963541666666666 0.3907407407407407 0.5848958333333333 0.39537037037037037 0.5703125 0.3925925925925926 0.5520833333333334 0.3972222222222222 0.5520833333333334 0.39351851851851855 0.5463541666666667 0.3861111111111111 0.5427083333333333 0.36666666666666664 0.534375 0.35462962962962963 0.5276041666666667 0.3537037037037037 0.5140625 0.3611111111111111 0.4973958333333333 0.3638888888888889 0.48802083333333335 0.37037037037037035 0.4515625 0.3685185185185185 0.43333333333333335 0.3592592592592593 0.4197916666666667 0.3435185185185185 0.40677083333333336 0.337037037037037 0.4036458333333333 0.33055555555555555 0.3776041666666667 0.32407407407407407 0.3723958333333333 0.31666666666666665 0.3614583333333333 0.3101851851851852 0.3458333333333333 0.27870370370370373 0.340625 0.2564814814814815 0.3380208333333333 0.2351851851851852 0.3380208333333333 0.1824074074074074 0.33489583333333334 0.1527777777777778 0.3359375 0.13518518518518519 0.3333333333333333 0.12037037037037036 0.3338541666666667 0.049074074074074076 0.33177083333333335 0.03611111111111111 0.33125 0.007407407407407408 0.3338541666666667 0.003703703703703704 0.3645833333333333 0.003703703703703704 0.3703125 0.000925925925925926
1 0.6161458333333333 0.49907407407407406 0.621875 0.5046296296296297 0.6265625 0.5046296296296297 0.6296875 0.5120370370370371 0.6338541666666667 0.5333333333333333 0.6338541666666667 0.5564814814814815 0.6260416666666667 0.6055555555555555 0.6135416666666667 0.6407407407407407 0.615625 0.6537037037037037 0.6208333333333333 0.662962962962963 0.6260416666666667 0.6648148148148149 0.6296875 0.6759259259259259 0.6348958333333333 0.6787037037037037 0.6359375 0.6935185185185185 0.6328125 0.700925925925926 0.6213541666666667 0.700925925925926 0.6213541666666667 0.7037037037037037 0.6286458333333333 0.7046296296296296 0.6286458333333333 0.7092592592592593 0.6229166666666667 0.7166666666666667 0.6244791666666667 0.7268518518518519 0.6203125 0.7296296296296296 0.6151041666666667 0.7268518518518519 0.6125 0.7407407407407407 0.6083333333333333 0.7425925925925926 0.6026041666666667 0.7407407407407407 0.5890625 0.7231481481481481 0.59375 0.7092592592592593 0.5817708333333333 0.6851851851851852 0.5739583333333333 0.6509259259259259 0.5744791666666667 0.625 0.5713541666666667 0.6083333333333333 0.5708333333333333 0.5740740740740741 0.5744791666666667 0.5703703703703704 0.575 0.5611111111111111 0.578125 0.5574074074074075 0.5802083333333333 0.5444444444444444 0.5911458333333334 0.5175925925925926 0.6015625 0.5046296296296297 0.615625 0.49907407407407406
0 0.49583333333333335 0.3925925925925926 0.50625 0.4009259259259259 0.5057291666666667 0.4111111111111111 0.5083333333333333 0.41574074074074074 0.5140625 0.40185185185185185 0.5192708333333333 0.40185185185185185 0.5255208333333333 0.4074074074074074 0.5296875 0.425 0.5244791666666667 0.4351851851851852 0.521875 0.4462962962962963 0.5265625 0.4527777777777778 0.5276041666666667 0.4583333333333333 0.5328125 0.462037037037037 0.5348958333333333 0.4527777777777778 0.5395833333333333 0.45185185185185184 0.5401041666666667 0.4601851851851852 0.5427083333333333 0.4648148148148148 0.5463541666666667 0.4564814814814815 0.5385416666666667 0.4444444444444444 0.5385416666666667 0.43425925925925923 0.534375 0.425 0.534375 0.41388888888888886 0.5432291666666667 0.4101851851851852 0.5661458333333333 0.42592592592592593 0.5604166666666667 0.4148148148148148 0.5619791666666667 0.4074074074074074 0.5651041666666666 0.4074074074074074 0.5651041666666666 0.41203703703703703 0.5677083333333334 0.4166666666666667 0.5755208333333334 0.4212962962962963 0.5739583333333333 0.425 0.5760416666666667 0.42777777777777776 0.5666666666666667 0.425 0.5661458333333333 0.4287037037037037 0.5791666666666667 0.4388888888888889 0.5833333333333334 0.4527777777777778 0.5895833333333333 0.46296296296296297 0.5901041666666667 0.47129629629629627 0.5854166666666667 0.48055555555555557 0.5880208333333333 0.48518518518518516 0.6098958333333333 0.49444444444444446 0.6078125 0.4981481481481482 0.596875 0.5009259259259259 0.5895833333333333 0.49537037037037035 0.5776041666666667 0.49444444444444446 0.55625 0.4861111111111111 0.55 0.4722222222222222 0.54375 0.47314814814814815 0.5453125 0.47129629629629627 0.54375 0.4685185185185185 0.5416666666666666 0.47129629629629627 0.5354166666666667 0.4703703703703704 0.5333333333333333 0.48148148148148145 0.5447916666666667 0.4842592592592593 0.5401041666666667 0.4962962962962963 0.5322916666666667 0.4935185185185185 0.5307291666666667 0.5046296296296297 0.5364583333333334 0.5120370370370371 0.515625 0.5064814814814815 0.5140625 0.5083333333333333 0.5182291666666666 0.5166666666666667 0.5369791666666667 0.5305555555555556 0.5494791666666666 0.5333333333333333 0.5625 0.5435185185185185 0.5692708333333333 0.5537037037037037 0.5713541666666667 0.5740740740740741 0.565625 0.5833333333333334 0.553125 0.5861111111111111 0.5458333333333333 0.5944444444444444 0.5380208333333333 0.6083333333333333 0.53125 0.6296296296296297 0.5229166666666667 0.6388888888888888 0.5203125 0.6361111111111111 0.5192708333333333 0.6212962962962963 0.5145833333333333 0.6194444444444445 0.5119791666666667 0.6111111111111112 0.5 0.6111111111111112 0.490625 0.600925925925926 0.4739583333333333 0.5555555555555556 0.4713541666666667 0.5537037037037037 0.475 0.5509259259259259 0.47552083333333334 0.5462962962962963 0.48072916666666665 0.5472222222222223 0.4822916666666667 0.5398148148148149 0.48072916666666665 0.5370370370370371 0.4765625 0.5398148148148149 0.46979166666666666 0.5361111111111111 0.4666666666666667 0.5425925925925926 0.45989583333333334 0.5342592592592592 0.4552083333333333 0.5120370370370371 0.4427083333333333 0.4898148148148148 0.4354166666666667 0.4564814814814815 0.4354166666666667 0.44907407407407407 0.4390625 0.44166666666666665 0.46145833333333336 0.4203703703703704 0.4708333333333333 0.4009259259259259 0.47604166666666664 0.3962962962962963 0.4953125 0.3925925925925926
3 0.7130208333333333 0.6898148148148148 0.7192708333333333 0.700925925925926 0.7276041666666667 0.7055555555555556 0.7395833333333334 0.7185185185185186 0.7723958333333333 0.7361111111111112 0.7828125 0.7537037037037037 0.8 0.7694444444444445 0.8177083333333334 0.7722222222222223 0.8276041666666667 0.7870370370370371 0.828125 0.8009259259259259 0.8208333333333333 0.8194444444444444 0.7932291666666667 0.8629629629629629 0.7723958333333333 0.8888888888888888 0.7546875 0.8759259259259259 0.7447916666666666 0.8638888888888889 0.7046875 0.8629629629629629 0.6911458333333333 0.8537037037037037 0.6744791666666666 0.8333333333333334 0.6578125 0.8203703703703704 0.6380208333333334 0.7898148148148149 0.6364583333333333 0.7787037037037037 0.640625 0.7722222222222223 0.6505208333333333 0.7694444444444445 0.6661458333333333 0.7712962962962963 0.6697916666666667 0.7685185185185185 0.66875 0.7620370370370371 0.6546875 0.7444444444444445 0.6526041666666667 0.737037037037037 0.6552083333333333 0.7203703703703703 0.6614583333333334 0.7055555555555556 0.6744791666666666 0.6944444444444444 0.7015625 0.6842592592592592 0.7098958333333333 0.6851851851851852 0.7125 0.6898148148148148
3 0.8385416666666666 0.44722222222222224 0.8421875 0.4527777777777778 0.84375 0.4685185185185185 0.8536458333333333 0.5074074074074074 0.8572916666666667 0.5527777777777778 0.8614583333333333 0.5768518518518518 0.8609375 0.5916666666666667 0.8494791666666667 0.6018518518518519 0.8453125 0.600925925925926 0.8348958333333333 0.5814814814814815 0.8265625 0.5833333333333334 0.8177083333333334 0.575925925925926 0.8072916666666666 0.5472222222222223 0.80625 0.5388888888888889 0.8072916666666666 0.5157407407407407 0.8114583333333333 0.49074074074074076 0.8114583333333333 0.48333333333333334 0.8078125 0.46944444444444444 0.8104166666666667 0.4564814814814815 0.8151041666666666 0.44907407407407407 0.8208333333333333 0.44537037037037036 0.8322916666666667 0.4444444444444444 0.8380208333333333 0.44722222222222224
3 0.925 0.4898148148148148 0.9265625 0.4925925925925926 0.9260416666666667 0.5175925925925926 0.9197916666666667 0.562962962962963 0.9114583333333334 0.5916666666666667 0.9078125 0.5990740740740741 0.9015625 0.6046296296296296 0.8973958333333333 0.6046296296296296 0.8880208333333334 0.5953703703703703 0.88125 0.5805555555555556 0.88125 0.5685185185185185 0.8880208333333334 0.55 0.8932291666666666 0.5268518518518519 0.903125 0.5009259259259259 0.9083333333333333 0.49537037037037035 0.9244791666666666 0.4898148148148148
3 0.7296875 0.33425925925925926 0.7380208333333333 0.33611111111111114 0.7416666666666667 0.34074074074074073 0.7432291666666667 0.362962962962963 0.7114583333333333 0.4148148148148148 0.7057291666666666 0.42592592592592593 0.7046875 0.4324074074074074 0.6953125 0.44907407407407407 0.6973958333333333 0.45185185185185184 0.7036458333333333 0.45185185185185184 0.7182291666666667 0.44351851851851853 0.7223958333333333 0.4351851851851852 0.7229166666666667 0.425 0.7276041666666667 0.4101851851851852 0.7390625 0.3907407407407407 0.7421875 0.3787037037037037 0.7479166666666667 0.3787037037037037 0.7630208333333334 0.42962962962962964 0.7604166666666666 0.45925925925925926 0.7447916666666666 0.48148148148148145 0.7270833333333333 0.49907407407407406 0.715625 0.5046296296296297 0.696875 0.5055555555555555 0.6807291666666667 0.5157407407407407 0.675 0.5120370370370371 0.675 0.5074074074074074 0.6802083333333333 0.4935185185185185 0.6713541666666667 0.4675925925925926 0.6713541666666667 0.44907407407407407 0.6869791666666667 0.40370370370370373 0.6979166666666666 0.3574074074074074 0.6979166666666666 0.3453703703703704 0.7067708333333333 0.33611111111111114 0.7291666666666666 0.33425925925925926
3 0.5927083333333333 0.8203703703703704 0.6177083333333333 0.825 0.6265625 0.8305555555555556 0.634375 0.8277777777777777 0.6432291666666666 0.8296296296296296 0.6541666666666667 0.8425925925925926 0.6666666666666666 0.8518518518518519 0.678125 0.8861111111111111 0.6765625 0.899074074074074 0.6692708333333334 0.9157407407407407 0.6677083333333333 0.925 0.6520833333333333 0.9305555555555556 0.6473958333333333 0.9462962962962963 0.625 0.9777777777777777 0.6161458333333333 0.9944444444444445 0.609375 0.9990740740740741 0.55 0.9990740740740741 0.5401041666666667 0.9833333333333333 0.50625 0.9111111111111111 0.5197916666666667 0.8888888888888888 0.5328125 0.8601851851851852 0.546875 0.8379629629629629 0.5703125 0.8203703703703704 0.5921875 0.8203703703703704
3 0.7046875 0.1361111111111111 0.7151041666666667 0.14074074074074075 0.7067708333333333 0.17592592592592593 0.7078125 0.18981481481481483 0.7375 0.19722222222222222 0.7473958333333334 0.2037037037037037 0.7515625 0.2101851851851852 0.7541666666666667 0.22314814814814815 0.7536458333333333 0.2351851851851852 0.7505208333333333 0.2462962962962963 0.7520833333333333 0.2601851851851852 0.7515625 0.2962962962962963 0.7479166666666667 0.29444444444444445 0.7447916666666666 0.29907407407407405 0.7338541666666667 0.29907407407407405 0.7203125 0.31574074074074077 0.7145833333333333 0.3277777777777778 0.6880208333333333 0.3398148148148148 0.6807291666666667 0.3388888888888889 0.6755208333333333 0.33425925925925926 0.634375 0.27314814814814814 0.6276041666666666 0.27314814814814814 0.6229166666666667 0.27685185185185185 0.6177083333333333 0.2824074074074074 0.6109375 0.2962962962962963 0.6072916666666667 0.29814814814814816 0.5838541666666667 0.29814814814814816 0.5744791666666667 0.2935185185185185 0.5703125 0.28425925925925927 0.5604166666666667 0.21296296296296297 0.5588541666666667 0.17314814814814813 0.5619791666666667 0.1574074074074074 0.5979166666666667 0.1361111111111111 0.6140625 0.13240740740740742 0.7041666666666667 0.1361111111111111