4 0.9994791666666667 0.23796296296296296 0.9994791666666667 0.3574074074074074 0.996875 0.3611111111111111 0.9973958333333334 0.3731481481481482 0.9994791666666667 0.37407407407407406 0.9994791666666667 0.4703703703703704 0.9916666666666667 0.4759259259259259 0.9848958333333333 0.48703703703703705 0.9885416666666667 0.5037037037037037 0.9880208333333333 0.5194444444444445 0.9838541666666667 0.5425925925925926 0.9828125 0.5611111111111111 0.9677083333333333 0.6324074074074074 0.9489583333333333 0.6657407407407407 0.9421875 0.6851851851851852 0.9432291666666667 0.6898148148148148 0.9416666666666667 0.6953703703703704 0.9364583333333333 0.6981481481481482 0.9291666666666667 0.7083333333333334 0.9213541666666667 0.7212962962962963 0.9182291666666667 0.7342592592592593 0.9057291666666667 0.7527777777777778 0.8973958333333333 0.7638888888888888 0.8927083333333333 0.7620370370370371 0.8802083333333334 0.8 0.8671875 0.8212962962962963 0.8614583333333333 0.8453703703703703 0.8546875 0.8555555555555555 0.8359375 0.8666666666666667 0.8296875 0.8629629629629629 0.8286458333333333 0.8583333333333333 0.8328125 0.8481481481481481 0.8239583333333333 0.8407407407407408 0.8239583333333333 0.8314814814814815 0.8432291666666667 0.7925925925925926 0.8567708333333334 0.7814814814814814 0.8661458333333333 0.7592592592592593 0.8770833333333333 0.7583333333333333 0.8744791666666667 0.7574074074074074 0.8734375 0.7527777777777778 0.8734375 0.7444444444444445 0.8760416666666667 0.7379629629629629 0.8640625 0.7342592592592593 0.86875 0.7305555555555555 0.8671875 0.7074074074074074 0.8598958333333333 0.7027777777777777 0.8265625 0.700925925925926 0.825 0.7027777777777777 0.8265625 0.7314814814814815 0.8213541666666667 0.7444444444444445 0.809375 0.7444444444444445 0.8015625 0.7342592592592593 0.7791666666666667 0.7212962962962963 0.7567708333333333 0.6666666666666666 0.7557291666666667 0.6537037037037037 0.7515625 0.6435185185185185 0.7520833333333333 0.6333333333333333 0.7432291666666667 0.6194444444444445 0.7333333333333333 0.5722222222222222 0.7145833333333333 0.5398148148148149 0.7145833333333333 0.5222222222222223 0.725 0.4962962962962963 0.7473958333333334 0.4675925925925926 0.7572916666666667 0.45 0.7822916666666667 0.42685185185185187 0.8005208333333333 0.4027777777777778 0.8125 0.37592592592592594 0.8385416666666666 0.34814814814814815 0.8489583333333334 0.3425925925925926 0.8708333333333333 0.3435185185185185 0.9145833333333333 0.362962962962963 0.9286458333333333 0.3592592592592593 0.9348958333333334 0.34444444444444444 0.9348958333333334 0.31851851851851853 0.9401041666666666 0.29074074074074074 0.9442708333333333 0.2814814814814815 0.9697916666666667 0.24444444444444444 0.9890625 0.2361111111111111 0.9989583333333333 0.23796296296296296
4 0.4088541666666667 0 0.5375 0 0.5411458333333333 0.002777777777777778 0.5541666666666667 0 0.6234375 0 0.6317708333333333 0.003703703703703704 0.64375 0.003703703703703704 0.6489583333333333 0 0.68125 0 0.7046875 0.004629629629629629 0.7166666666666667 0 0.7432291666666667 0 0.7557291666666667 0.01574074074074074 0.7520833333333333 0.03148148148148148 0.7307291666666667 0.07777777777777778 0.7036458333333333 0.10555555555555556 0.7104166666666667 0.12314814814814815 0.71875 0.16574074074074074 0.721875 0.23425925925925925 0.7177083333333333 0.2740740740740741 0.7182291666666667 0.2962962962962963 0.7161458333333334 0.31666666666666665 0.7203125 0.35648148148148145 0.7192708333333333 0.362962962962963 0.7072916666666667 0.3824074074074074 0.6885416666666667 0.4527777777777778 0.6864583333333333 0.47314814814814815 0.6916666666666667 0.4935185185185185 0.690625 0.5083333333333333 0.6828125 0.5222222222222223 0.6755208333333333 0.5259259259259259 0.6598958333333333 0.5231481481481481 0.6520833333333333 0.5194444444444445 0.6510416666666666 0.5148148148148148 0.6479166666666667 0.5157407407407407 0.6572916666666667 0.5296296296296297 0.6734375 0.5398148148148149 0.6786458333333333 0.5537037037037037 0.684375 0.5527777777777778 0.6880208333333333 0.5453703703703704 0.6916666666666667 0.5435185185185185 0.6979166666666666 0.5462962962962963 0.6984375 0.55 0.6963541666666667 0.5527777777777778 0.6973958333333333 0.5546296296296296 0.7 0.5546296296296296 0.7052083333333333 0.5472222222222223 0.7161458333333334 0.5527777777777778 0.721875 0.5601851851851852 0.71875 0.5638888888888889 0.7213541666666666 0.5666666666666667 0.7213541666666666 0.5722222222222222 0.7239583333333334 0.5740740740740741 0.721875 0.5777777777777777 0.7276041666666667 0.5861111111111111 0.7239583333333334 0.5898148148148148 0.7182291666666667 0.5842592592592593 0.7208333333333333 0.5805555555555556 0.7171875 0.5768518518518518 0.7098958333333333 0.5768518518518518 0.70625 0.5851851851851851 0.6958333333333333 0.5712962962962963 0.7015625 0.5666666666666667 0.6989583333333333 0.562037037037037 0.6916666666666667 0.5638888888888889 0.6864583333333333 0.5583333333333333 0.6723958333333333 0.5611111111111111 0.6703125 0.5648148148148148 0.6723958333333333 0.5731481481481482 0.6677083333333333 0.5805555555555556 0.6671875 0.5925925925925926 0.6692708333333334 0.5981481481481481 0.6671875 0.612037037037037 0.6682291666666667 0.6157407407407407 0.6661458333333333 0.6212962962962963 0.6666666666666666 0.6259259259259259 0.6640625 0.6305555555555555 0.6661458333333333 0.649074074074074 0.66875 0.6546296296296297 0.6609375 0.6712962962962963 0.6484375 0.6777777777777778 0.6473958333333333 0.6962962962962963 0.6515625 0.7074074074074074 0.6453125 0.7583333333333333 0.6401041666666667 0.7685185185185185 0.6369791666666667 0.7666666666666667 0.6333333333333333 0.7722222222222223 0.6213541666666667 0.775 0.609375 0.7694444444444445 0.6010416666666667 0.7722222222222223 0.553125 0.7657407407407407 0.534375 0.7518518518518519 0.5328125 0.7444444444444445 0.5140625 0.7509259259259259 0.49114583333333334 0.7416666666666667 0.471875 0.7212962962962963 0.4421875 0.6990740740740741 0.4322916666666667 0.6833333333333333 0.42083333333333334 0.675 0.4046875 0.649074074074074 0.3958333333333333 0.6407407407407407 0.3880208333333333 0.6268518518518519 0.3692708333333333 0.6055555555555555 0.3651041666666667 0.5962962962962963 0.35625 0.5583333333333333 0.35260416666666666 0.5259259259259259 0.3515625 0.4425925925925926 0.3494791666666667 0.42592592592592593 0.35 0.41203703703703703 0.3463541666666667 0.3907407407407407 0.34791666666666665 0.38055555555555554 0.346875 0.34074074074074073 0.34375 0.3212962962962963 0.34479166666666666 0.29074074074074074 0.34791666666666665 0.2740740740740741 0.3494791666666667 0.2388888888888889 0.3567708333333333 0.17222222222222222 0.36666666666666664 0.12222222222222222 0.375 0.0962962962962963 0.38385416666666666 0.08148148148148149 0.3875 0.04351851851851852 0.39010416666666664 0.03333333333333333 0.4015625 0.010185185185185186 0.4088541666666667 0.000925925925925926
4 0.6135416666666667 0.8064814814814815 0.6203125 0.812037037037037 0.6286458333333333 0.8361111111111111 0.6333333333333333 0.8425925925925926 0.6369791666666667 0.8648148148148148 0.6671875 0.8472222222222222 0.6911458333333333 0.8416666666666667 0.7067708333333333 0.8472222222222222 0.7479166666666667 0.875 0.79375 0.9231481481481482 0.8177083333333334 0.9398148148148148 0.8614583333333333 0.9768518518518519 0.8744791666666667 0.9842592592592593 0.8838541666666667 0.9944444444444445 0.8765625 0.9990740740740741 0.8166666666666667 0.9990740740740741 0.8078125 0.9944444444444445 0.7817708333333333 0.9990740740740741 0.7666666666666667 0.9944444444444445 0.7338541666666667 0.9962962962962963 0.7208333333333333 0.9935185185185185 0.6802083333333333 0.9944444444444445 0.6651041666666667 0.9990740740740741 0.6203125 0.9990740740740741 0.6067708333333334 0.9944444444444445 0.6026041666666667 0.9842592592592593 0.6015625 0.9712962962962963 0.5770833333333333 0.9435185185185185 0.5671875 0.924074074074074 0.5635416666666667 0.9120370370370371 0.5625 0.8870370370370371 0.5604166666666667 0.8768518518518519 0.5703125 0.8351851851851851 0.5765625 0.8296296296296296 0.5838541666666667 0.8166666666666667 0.6052083333333333 0.8046296296296296 0.6130208333333333 0.8064814814814815
4 0.7463541666666667 0 0.7567708333333333 0 0.7578125 0.003703703703703704 0.7572916666666667 0.008333333333333333 0.7546875 0.008333333333333333 0.7463541666666667 0.000925925925925926
3 0.5203125 0.9 0.5333333333333333 0.912962962962963 0.5473958333333333 0.9148148148148149 0.5505208333333333 0.9185185185185185 0.5510416666666667 0.925 0.5479166666666667 0.9388888888888889 0.5515625 0.9453703703703704 0.5510416666666667 0.9564814814814815 0.5416666666666666 0.9935185185185185 0.5375 0.9990740740740741 0.4583333333333333 0.9990740740740741 0.45729166666666665 0.9953703703703703 0.4588541666666667 0.9787037037037037 0.4661458333333333 0.9453703703703704 0.49166666666666664 0.9259259259259259 0.5151041666666667 0.9 0.5197916666666667 0.9
3 0.8625 0.7796296296296297 0.871875 0.7870370370370371 0.875 0.7935185185185185 0.8760416666666667 0.8046296296296296 0.8666666666666667 0.825 0.8640625 0.8361111111111111 0.8640625 0.8462962962962963 0.8614583333333333 0.8518518518518519 0.8588541666666667 0.8685185185185185 0.8369791666666667 0.8731481481481481 0.8307291666666666 0.8712962962962963 0.8234375 0.862037037037037 0.8229166666666666 0.8583333333333333 0.8260416666666667 0.8481481481481481 0.8208333333333333 0.8416666666666667 0.8208333333333333 0.8379629629629629 0.8239583333333333 0.8277777777777777 0.8416666666666667 0.7944444444444444 0.8557291666666667 0.7805555555555556 0.8619791666666666 0.7796296296296297
3 0.7927083333333333 0.6574074074074074 0.8119791666666667 0.6712962962962963 0.8213541666666667 0.6925925925925925 0.8270833333333333 0.7222222222222222 0.8265625 0.737037037037037 0.8244791666666667 0.7444444444444445 0.8213541666666667 0.7472222222222222 0.809375 0.7462962962962963 0.8026041666666667 0.7361111111111112 0.7822916666666667 0.725925925925926 0.7776041666666667 0.7203703703703703 0.76875 0.6990740740740741 0.7630208333333334 0.6712962962962963 0.7635416666666667 0.6648148148148149 0.7822916666666667 0.6518518518518519 0.7885416666666667 0.6527777777777778 0.7921875 0.6574074074074074
3 0.6791666666666667 0.5305555555555556 0.7 0.5351851851851852 0.7203125 0.5527777777777778 0.7307291666666667 0.5740740740740741 0.7427083333333333 0.6324074074074074 0.7421875 0.6796296296296296 0.7385416666666667 0.7074074074074074 0.7307291666666667 0.7240740740740741 0.7088541666666667 0.7509259259259259 0.696875 0.75 0.6739583333333333 0.7314814814814815 0.6598958333333333 0.7046296296296296 0.6536458333333334 0.6814814814814815 0.6604166666666667 0.6712962962962963 0.6661458333333333 0.6407407407407407 0.665625 0.6157407407407407 0.6692708333333334 0.575925925925926 0.6666666666666666 0.5472222222222223 0.6635416666666667 0.5333333333333333 0.6786458333333333 0.5305555555555556
3 0.6171875 0.8074074074074075 0.6239583333333333 0.8166666666666667 0.6291666666666667 0.8351851851851851 0.6338541666666667 0.8444444444444444 0.634375 0.862037037037037 0.6140625 0.9027777777777778 0.6109375 0.9259259259259259 0.6020833333333333 0.9666666666666667 0.5989583333333334 0.9685185185185186 0.5770833333333333 0.9444444444444444 0.5666666666666667 0.9259259259259259 0.5635416666666667 0.9148148148148149 0.559375 0.8768518518518519 0.5677083333333334 0.8388888888888889 0.5828125 0.8166666666666667 0.5984375 0.8046296296296296 0.6083333333333333 0.8037037037037037 0.6166666666666667 0.8074074074074075
3 0.6338541666666667 0.4787037037037037 0.6401041666666667 0.48333333333333334 0.6453125 0.4935185185185185 0.6489583333333333 0.5111111111111111 0.6479166666666667 0.5175925925925926 0.6276041666666666 0.5148148148148148 0.615625 0.5074074074074074 0.6130208333333333 0.49907407407407406 0.6130208333333333 0.49444444444444446 0.615625 0.4898148148148148 0.6255208333333333 0.47962962962962963 0.6333333333333333 0.4787037037037037
3 0.7338541666666667 0.225 0.7369791666666666 0.22685185185185186 0.7385416666666667 0.25 0.7385416666666667 0.2722222222222222 0.7364583333333333 0.28425925925925927 0.7302083333333333 0.28888888888888886 0.7203125 0.2833333333333333 0.7255208333333333 0.22685185185185186 0.7333333333333333 0.22592592592592592
3 0.4427083333333333 0.7027777777777777 0.4765625 0.7305555555555555 0.48854166666666665 0.7435185185185185 0.5114583333333333 0.7592592592592593 0.5291666666666667 0.7592592592592593 0.5505208333333333 0.7722222222222223 0.5505208333333333 0.7814814814814814 0.5463541666666667 0.8 0.534375 0.8018518518518518 0.521875 0.8083333333333333 0.5036458333333333 0.7981481481481482 0.4947916666666667 0.7981481481481482 0.49114583333333334 0.8 0.48802083333333335 0.8111111111111111 0.48385416666666664 0.8175925925925925 0.47552083333333334 0.8138888888888889 0.471875 0.8 0.4552083333333333 0.7712962962962963 0.44583333333333336 0.7453703703703703 0.4390625 0.7351851851851852 0.43333333333333335 0.7055555555555556 0.4354166666666667 0.700925925925926 0.4421875 0.7027777777777777