4 0.9421875 0.13333333333333333 0.9661458333333334 0.14444444444444443 0.9916666666666667 0.1638888888888889 0.9953125 0.1685185185185185 0.9973958333333334 0.17962962962962964 0.9994791666666667 0.18055555555555555 0.9994791666666667 0.1962962962962963 0.9979166666666667 0.19722222222222222 0.9994791666666667 0.2037037037037037 0.9953125 0.2064814814814815 0.9942708333333333 0.21666666666666667 0.996875 0.22592592592592592 0.9953125 0.2324074074074074 0.9958333333333333 0.24444444444444444 0.9994791666666667 0.25277777777777777 0.9994791666666667 0.2601851851851852 0.9973958333333334 0.262037037037037 0.9994791666666667 0.2657407407407407 0.996875 0.2712962962962963 0.9973958333333334 0.2777777777777778 0.9994791666666667 0.2796296296296296 0.9994791666666667 0.3814814814814815 0.9973958333333334 0.3824074074074074 0.9947916666666666 0.3925925925925926 0.9895833333333334 0.40185185185185185 0.9625 0.4324074074074074 0.9536458333333333 0.4537037037037037 0.9416666666666667 0.4685185185185185 0.9395833333333333 0.5027777777777778 0.9328125 0.55 0.9260416666666667 0.5722222222222222 0.9182291666666667 0.5842592592592593 0.9114583333333334 0.5861111111111111 0.9041666666666667 0.5814814814814815 0.896875 0.5703703703703704 0.8942708333333333 0.5601851851851852 0.896875 0.5416666666666666 0.9005208333333333 0.5351851851851852 0.90625 0.512962962962963 0.9072916666666667 0.5046296296296297 0.9052083333333333 0.4981481481481482 0.909375 0.49074074074074076 0.9072916666666667 0.4861111111111111 0.9005208333333333 0.4824074074074074 0.8828125 0.4925925925925926 0.8625 0.48703703703703705 0.8609375 0.49074074074074076 0.8609375 0.5018518518518519 0.8697916666666666 0.575 0.865625 0.5851851851851851 0.859375 0.5898148148148148 0.8552083333333333 0.5888888888888889 0.8421875 0.5731481481481482 0.8286458333333333 0.5703703703703704 0.8171875 0.5453703703703704 0.8135416666666667 0.5287037037037037 0.8135416666666667 0.5166666666666667 0.8192708333333333 0.48703703703703705 0.8151041666666666 0.45925925925925926 0.8109375 0.45092592592592595 0.8078125 0.43703703703703706 0.7796875 0.4222222222222222 0.7755208333333333 0.4166666666666667 0.7645833333333333 0.4212962962962963 0.7619791666666667 0.41759259259259257 0.7635416666666667 0.4148148148148148 0.7546875 0.3990740740740741 0.7489583333333333 0.38055555555555554 0.7484375 0.3611111111111111 0.753125 0.35555555555555557 0.765625 0.3175925925925926 0.7817708333333333 0.29074074074074074 0.7776041666666667 0.28055555555555556 0.7708333333333334 0.2722222222222222 0.771875 0.262037037037037 0.7796875 0.2490740740740741 0.7875 0.24074074074074073 0.8135416666666667 0.22777777777777777 0.8291666666666667 0.21481481481481482 0.8526041666666667 0.18518518518518517 0.8739583333333333 0.1638888888888889 0.9145833333333333 0.13703703703703704 0.9416666666666667 0.13333333333333333
4 0.7296875 0.6416666666666667 0.7739583333333333 0.6712962962962963 0.7942708333333334 0.6907407407407408 0.8026041666666667 0.7055555555555556 0.8213541666666667 0.7185185185185186 0.8375 0.7222222222222222 0.8515625 0.737037037037037 0.8625 0.7305555555555555 0.8723958333333334 0.7305555555555555 0.8828125 0.7222222222222222 0.896875 0.7231481481481481 0.9380208333333333 0.7703703703703704 0.9479166666666666 0.7768518518518519 0.9802083333333333 0.7861111111111111 0.9994791666666667 0.8055555555555556 0.9994791666666667 0.9324074074074075 0.9973958333333334 0.9333333333333333 0.9958333333333333 0.9407407407407408 0.9973958333333334 0.950925925925926 0.9994791666666667 0.9527777777777777 0.9994791666666667 0.9944444444444445 0.9869791666666666 0.9972222222222222 0.9276041666666667 0.9972222222222222 0.9072916666666667 0.9916666666666667 0.8989583333333333 0.9805555555555555 0.8921875 0.9555555555555556 0.8833333333333333 0.9518518518518518 0.8802083333333334 0.9444444444444444 0.8765625 0.9453703703703704 0.8692708333333333 0.9296296296296296 0.85625 0.9185185185185185 0.8442708333333333 0.9018518518518519 0.8270833333333333 0.8851851851851852 0.8208333333333333 0.8722222222222222 0.8098958333333334 0.8583333333333333 0.8078125 0.8453703703703703 0.8036458333333333 0.8398148148148148 0.7927083333333333 0.8361111111111111 0.7697916666666667 0.8148148148148148 0.7328125 0.8194444444444444 0.6895833333333333 0.8064814814814815 0.6760416666666667 0.7981481481481482 0.6666666666666666 0.7861111111111111 0.6651041666666667 0.7777777777777778 0.6682291666666667 0.7685185185185185 0.684375 0.7509259259259259 0.6838541666666667 0.7472222222222222 0.6645833333333333 0.7268518518518519 0.6645833333333333 0.7203703703703703 0.671875 0.6953703703703704 0.6994791666666667 0.6435185185185185 0.70625 0.6388888888888888 0.7291666666666666 0.6416666666666667
4 0.7239583333333334 0.6388888888888888 0.7395833333333334 0.6462962962962963 0.7541666666666667 0.6592592592592592 0.7744791666666667 0.6712962962962963 0.790625 0.6851851851851852 0.8015625 0.7037037037037037 0.8098958333333334 0.7111111111111111 0.8203125 0.7175925925925926 0.8380208333333333 0.7222222222222222 0.8520833333333333 0.737037037037037 0.8609375 0.7314814814814815 0.8734375 0.7305555555555555 0.8838541666666667 0.7222222222222222 0.8973958333333333 0.7240740740740741 0.9416666666666667 0.774074074074074 0.9807291666666667 0.7870370370370371 0.9994791666666667 0.8064814814814815 0.9994791666666667 0.9277777777777778 0.9973958333333334 0.9287037037037037 0.9953125 0.9407407407407408 0.9973958333333334 0.9537037037037037 0.9994791666666667 0.9546296296296296 0.9994791666666667 0.9925925925925926 0.9864583333333333 0.9972222222222222 0.9177083333333333 0.9962962962962963 0.9078125 0.9925925925925926 0.8984375 0.9805555555555555 0.8979166666666667 0.975 0.89375 0.9694444444444444 0.8916666666666667 0.9555555555555556 0.8744791666666667 0.9453703703703704 0.8692708333333333 0.9324074074074075 0.859375 0.9231481481481482 0.8458333333333333 0.9037037037037037 0.8291666666666667 0.887962962962963 0.8208333333333333 0.8722222222222222 0.8104166666666667 0.8592592592592593 0.8078125 0.8453703703703703 0.8052083333333333 0.8416666666666667 0.790625 0.8351851851851851 0.771875 0.8166666666666667 0.7359375 0.8203703703703704 0.7119791666666667 0.8148148148148148 0.6848958333333334 0.8064814814814815 0.6703125 0.7925925925925926 0.6645833333333333 0.7824074074074074 0.6651041666666667 0.775 0.6692708333333334 0.7666666666666667 0.6828125 0.7509259259259259 0.6822916666666666 0.7472222222222222 0.6760416666666667 0.7398148148148148 0.6713541666666667 0.7379629629629629 0.6645833333333333 0.7296296296296296 0.6645833333333333 0.7194444444444444 0.6713541666666667 0.6962962962962963 0.6979166666666666 0.6435185185185185 0.703125 0.6388888888888888 0.7234375 0.6388888888888888
4 0.3072916666666667 0 0.31979166666666664 0 0.3302083333333333 0.004629629629629629 0.34739583333333335 0 0.3614583333333333 0 0.3723958333333333 0.004629629629629629 0.3859375 0 0.40572916666666664 0 0.4140625 0.003703703703703704 0.44114583333333335 0.002777777777777778 0.446875 0 0.46822916666666664 0.004629629629629629 0.4984375 0 0.5104166666666666 0.004629629629629629 0.5234375 0.004629629629629629 0.5291666666666667 0.008333333333333333 0.55625 0 0.603125 0 0.6109375 0.009259259259259259 0.6276041666666666 0 0.6588541666666666 0 0.6630208333333333 0.002777777777777778 0.7057291666666666 0.005555555555555556 0.7239583333333334 0 0.8364583333333333 0 0.8385416666666666 0.003703703703703704 0.8375 0.025925925925925925 0.8276041666666667 0.06851851851851852 0.8182291666666667 0.14444444444444443 0.7963541666666667 0.16944444444444445 0.7822916666666667 0.18055555555555555 0.778125 0.18796296296296297 0.7770833333333333 0.20462962962962963 0.7802083333333333 0.22407407407407406 0.7796875 0.23703703703703705 0.7776041666666667 0.24444444444444444 0.7677083333333333 0.25925925925925924 0.7619791666666667 0.2962962962962963 0.7583333333333333 0.3 0.7546875 0.2935185185185185 0.7520833333333333 0.29814814814814816 0.7526041666666666 0.3111111111111111 0.7484375 0.3277777777777778 0.7447916666666666 0.3351851851851852 0.740625 0.33796296296296297 0.7359375 0.35462962962962963 0.709375 0.4009259259259259 0.6973958333333333 0.42592592592592593 0.6942708333333333 0.44166666666666665 0.6875 0.4527777777777778 0.6890625 0.45555555555555555 0.6989583333333333 0.4546296296296296 0.7098958333333333 0.4462962962962963 0.71875 0.43148148148148147 0.7166666666666667 0.4212962962962963 0.7265625 0.4046296296296296 0.728125 0.39444444444444443 0.734375 0.3907407407407407 0.7369791666666666 0.37962962962962965 0.7411458333333333 0.375 0.7489583333333333 0.3925925925925926 0.7583333333333333 0.42685185185185187 0.7557291666666667 0.45740740740740743 0.7447916666666666 0.47314814814814815 0.7203125 0.49907407407407406 0.6864583333333333 0.5074074074074074 0.6822916666666666 0.5046296296296297 0.6838541666666667 0.49444444444444446 0.675 0.487962962962963 0.6703125 0.4759259259259259 0.6645833333333333 0.4685185185185185 0.6630208333333333 0.45740740740740743 0.6651041666666667 0.44351851851851853 0.671875 0.43333333333333335 0.6802083333333333 0.4111111111111111 0.6817708333333333 0.39166666666666666 0.6864583333333333 0.3731481481481482 0.6864583333333333 0.362962962962963 0.6895833333333333 0.35462962962962963 0.6901041666666666 0.3388888888888889 0.69375 0.33425925925925926 0.6942708333333333 0.3296296296296296 0.6859375 0.33611111111111114 0.6666666666666666 0.3398148148148148 0.6536458333333334 0.3351851851851852 0.6505208333333333 0.32685185185185184 0.6390625 0.3287037037037037 0.63125 0.34074074074074073 0.6223958333333334 0.34629629629629627 0.6130208333333333 0.3574074074074074 0.6083333333333333 0.375 0.6026041666666667 0.3787037037037037 0.5947916666666667 0.3972222222222222 0.5854166666666667 0.40185185185185185 0.5609375 0.4009259259259259 0.5421875 0.40555555555555556 0.5333333333333333 0.39814814814814814 0.5286458333333334 0.37777777777777777 0.5229166666666667 0.3712962962962963 0.5130208333333334 0.36944444444444446 0.4901041666666667 0.3824074074074074 0.47708333333333336 0.3861111111111111 0.44114583333333335 0.38425925925925924 0.4244791666666667 0.375 0.4036458333333333 0.3574074074074074 0.3671875 0.34629629629629627 0.334375 0.31574074074074077 0.3307291666666667 0.30648148148148147 0.32447916666666665 0.27685185185185185 0.3203125 0.20925925925925926 0.3151041666666667 0.1814814814814815 0.31302083333333336 0.14351851851851852 0.309375 0.125 0.30885416666666665 0.09537037037037037 0.303125 0.037037037037037035 0.303125 0.005555555555555556 0.3072916666666667 0.000925925925925926
1 0.609375 0.5083333333333333 0.6119791666666666 0.512962962962963 0.6177083333333333 0.512962962962963 0.6229166666666667 0.5185185185185185 0.6265625 0.5324074074074074 0.6291666666666667 0.5675925925925925 0.6125 0.6407407407407407 0.6088541666666667 0.6481481481481481 0.6015625 0.65 0.5989583333333334 0.6546296296296297 0.5833333333333334 0.6527777777777778 0.5765625 0.6435185185185185 0.5739583333333333 0.6342592592592593 0.5760416666666667 0.6157407407407407 0.5729166666666666 0.5740740740740741 0.5744791666666667 0.5712962962962963 0.5765625 0.5472222222222223 0.5838541666666667 0.5277777777777778 0.5958333333333333 0.5120370370370371 0.6088541666666667 0.5083333333333333
1 0.6104166666666667 0.5120370370370371 0.6125 0.5148148148148148 0.6166666666666667 0.512962962962963 0.6229166666666667 0.5194444444444445 0.6265625 0.5333333333333333 0.6291666666666667 0.5555555555555556 0.6291666666666667 0.5712962962962963 0.6270833333333333 0.5833333333333334 0.6208333333333333 0.6018518518518519 0.6114583333333333 0.6462962962962963 0.6140625 0.6657407407407407 0.6114583333333333 0.6722222222222223 0.6114583333333333 0.6787037037037037 0.6171875 0.6842592592592592 0.6234375 0.6972222222222222 0.6265625 0.6981481481481482 0.634375 0.7138888888888889 0.6364583333333333 0.7231481481481481 0.6354166666666666 0.7351851851851852 0.6317708333333333 0.7444444444444445 0.6244791666666667 0.7425925925925926 0.6161458333333333 0.7240740740740741 0.6119791666666666 0.7240740740740741 0.6114583333333333 0.7314814814814815 0.615625 0.7342592592592593 0.6182291666666667 0.7490740740740741 0.6067708333333334 0.7574074074074074 0.5953125 0.75 0.5822916666666667 0.7342592592592593 0.584375 0.7231481481481481 0.5744791666666667 0.700925925925926 0.5614583333333333 0.65 0.559375 0.5962962962962963 0.5645833333333333 0.5768518518518518 0.5671875 0.5722222222222222 0.571875 0.5703703703703704 0.5723958333333333 0.5601851851851852 0.5703125 0.5537037037037037 0.575 0.55 0.5848958333333333 0.5259259259259259 0.5958333333333333 0.5120370370370371 0.6098958333333333 0.5120370370370371
1 0.6098958333333333 0.5092592592592593 0.6125 0.512962962962963 0.61875 0.512962962962963 0.6234375 0.5194444444444445 0.6265625 0.5314814814814814 0.6296875 0.562962962962963 0.6270833333333333 0.5833333333333334 0.6109375 0.649074074074074 0.6135416666666667 0.6638888888888889 0.6114583333333333 0.6777777777777778 0.6182291666666667 0.687037037037037 0.6197916666666666 0.6935185185185185 0.6260416666666667 0.6990740740740741 0.6239583333333333 0.7037037037037037 0.6291666666666667 0.7064814814814815 0.6333333333333333 0.7138888888888889 0.634375 0.7342592592592593 0.6302083333333334 0.7435185185185185 0.6260416666666667 0.7425925925925926 0.6161458333333333 0.7231481481481481 0.6119791666666666 0.7231481481481481 0.6114583333333333 0.7314814814814815 0.6166666666666667 0.7398148148148148 0.6177083333333333 0.7481481481481481 0.6067708333333334 0.7564814814814815 0.596875 0.7509259259259259 0.584375 0.7361111111111112 0.584375 0.7212962962962963 0.5744791666666667 0.7 0.5729166666666666 0.6888888888888889 0.5640625 0.6592592592592592 0.5598958333333334 0.6074074074074074 0.5604166666666667 0.5944444444444444 0.5640625 0.5814814814814815 0.5671875 0.575925925925926 0.5744791666666667 0.5712962962962963 0.5765625 0.5462962962962963 0.584375 0.5268518518518519 0.5953125 0.5120370370370371 0.609375 0.5092592592592593
0 0.559375 0.41203703703703703 0.5770833333333333 0.4111111111111111 0.5921875 0.4185185185185185 0.6036458333333333 0.4287037037037037 0.6083333333333333 0.4425925925925926 0.6057291666666667 0.44814814814814813 0.5984375 0.45 0.5911458333333334 0.44722222222222224 0.5828125 0.45 0.5822916666666667 0.4462962962962963 0.5875 0.4444444444444444 0.5890625 0.4388888888888889 0.5807291666666666 0.43333333333333335 0.578125 0.43703703703703706 0.5802083333333333 0.44351851851851853 0.5734375 0.4425925925925926 0.5692708333333333 0.44537037037037036 0.5734375 0.44814814814814813 0.5755208333333334 0.4583333333333333 0.58125 0.4666666666666667 0.5833333333333334 0.4722222222222222 0.5828125 0.48055555555555557 0.5864583333333333 0.4888888888888889 0.5927083333333333 0.4925925925925926 0.6057291666666667 0.4935185185185185 0.609375 0.4981481481481482 0.6057291666666667 0.5120370370370371 0.5885416666666666 0.5194444444444445 0.584375 0.5259259259259259 0.5848958333333333 0.5296296296296297 0.58125 0.5296296296296297 0.5786458333333333 0.5453703703703704 0.5786458333333333 0.5537037037037037 0.5848958333333333 0.5574074074074075 0.5864583333333333 0.5601851851851852 0.584375 0.5638888888888889 0.5880208333333333 0.5675925925925925 0.6088541666666667 0.5675925925925925 0.6041666666666666 0.5694444444444444 0.603125 0.5712962962962963 0.60625 0.5740740740740741 0.6026041666666667 0.5777777777777777 0.6046875 0.5814814814814815 0.5989583333333334 0.5851851851851851 0.6015625 0.5953703703703703 0.5979166666666667 0.5981481481481481 0.5942708333333333 0.5944444444444444 0.5911458333333334 0.6018518518518519 0.5921875 0.5953703703703703 0.5901041666666667 0.5879629629629629 0.5921875 0.5861111111111111 0.5953125 0.5925925925925926 0.5989583333333334 0.5851851851851851 0.5958333333333333 0.5814814814814815 0.5916666666666667 0.5833333333333334 0.590625 0.5740740740740741 0.584375 0.5694444444444444 0.5786458333333333 0.5740740740740741 0.58125 0.5814814814814815 0.5848958333333333 0.5824074074074074 0.5869791666666667 0.5879629629629629 0.5859375 0.5990740740740741 0.584375 0.6018518518518519 0.58125 0.5953703703703703 0.578125 0.5990740740740741 0.578125 0.6037037037037037 0.5854166666666667 0.6083333333333333 0.5807291666666666 0.6129629629629629 0.5875 0.6157407407407407 0.5822916666666667 0.6203703703703703 0.5864583333333333 0.6296296296296297 0.5848958333333333 0.6333333333333333 0.5901041666666667 0.6370370370370371 0.5838541666666667 0.6472222222222223 0.5864583333333333 0.6537037037037037 0.5833333333333334 0.6574074074074074 0.5833333333333334 0.6611111111111111 0.5859375 0.6638888888888889 0.5848958333333333 0.6675925925925926 0.5932291666666667 0.6787037037037037 0.5916666666666667 0.6888888888888889 0.5963541666666666 0.6916666666666667 0.6010416666666667 0.7055555555555556 0.6015625 0.7166666666666667 0.6052083333333333 0.7231481481481481 0.6041666666666666 0.7296296296296296 0.6078125 0.7333333333333333 0.6072916666666667 0.7444444444444445 0.6130208333333333 0.7509259259259259 0.6135416666666667 0.7546296296296297 0.6104166666666667 0.7583333333333333 0.6182291666666667 0.7638888888888888 0.6223958333333334 0.7768518518518519 0.6203125 0.8009259259259259 0.6255208333333333 0.8138888888888889 0.6244791666666667 0.8194444444444444 0.6171875 0.8314814814814815 0.6125 0.8342592592592593 0.6088541666666667 0.8342592592592593 0.6072916666666667 0.8296296296296296 0.6020833333333333 0.8277777777777777 0.6015625 0.8240740740740741 0.6036458333333333 0.8194444444444444 0.590625 0.8194444444444444 0.5864583333333333 0.8166666666666667 0.5828125 0.8166666666666667 0.5859375 0.8203703703703704 0.5859375 0.8240740740740741 0.58125 0.825925925925926 0.578125 0.8314814814814815 0.5692708333333333 0.8314814814814815 0.5572916666666666 0.8166666666666667 0.5536458333333333 0.8064814814814815 0.546875 0.8009259259259259 0.5432291666666667 0.8009259259259259 0.5234375 0.8175925925925925 0.5098958333333333 0.8212962962962963 0.496875 0.8305555555555556 0.4875 0.8305555555555556 0.4734375 0.8203703703703704 0.4666666666666667 0.8046296296296296 0.4640625 0.7898148148148149 0.4640625 0.7824074074074074 0.4734375 0.7638888888888888 0.4822916666666667 0.7657407407407407 0.4822916666666667 0.7601851851851852 0.4869791666666667 0.7592592592592593 0.49635416666666665 0.7425925925925926 0.5130208333333334 0.7314814814814815 0.5151041666666667 0.7268518518518519 0.5229166666666667 0.725 0.5296875 0.7305555555555555 0.5364583333333334 0.7305555555555555 0.5432291666666667 0.7398148148148148 0.571875 0.7388888888888889 0.5791666666666667 0.7351851851851852 0.5838541666666667 0.7287037037037037 0.5828125 0.7166666666666667 0.5692708333333333 0.687037037037037 0.5630208333333333 0.6592592592592592 0.5604166666666667 0.6388888888888888 0.5588541666666667 0.6 0.553125 0.5972222222222222 0.5421875 0.6027777777777777 0.5286458333333334 0.6259259259259259 0.5296875 0.6333333333333333 0.5234375 0.6472222222222223 0.5291666666666667 0.6509259259259259 0.5291666666666667 0.6555555555555556 0.5140625 0.6592592592592592 0.5098958333333333 0.6509259259259259 0.5114583333333333 0.6453703703703704 0.5088541666666667 0.6259259259259259 0.4875 0.6259259259259259 0.4791666666666667 0.6148148148148148 0.46458333333333335 0.5703703703703704 0.46770833333333334 0.5638888888888889 0.46875 0.5527777777777778 0.47552083333333334 0.5388888888888889 0.47708333333333336 0.5287037037037037 0.484375 0.5212962962962963 0.4921875 0.5231481481481481 0.4947916666666667 0.5203703703703704 0.4864583333333333 0.5120370370370371 0.4864583333333333 0.49722222222222223 0.49166666666666664 0.48333333333333334 0.4984375 0.48055555555555557 0.5015625 0.4842592592592593 0.503125 0.48148148148148145 0.5052083333333334 0.47314814814814815 0.5015625 0.47314814814814815 0.5005208333333333 0.4666666666666667 0.496875 0.46296296296296297 0.5046875 0.46111111111111114 0.5114583333333333 0.47129629629629627 0.515625 0.4703703703703704 0.5223958333333333 0.475 0.5203125 0.45740740740740743 0.5223958333333333 0.4546296296296296 0.5291666666666667 0.46296296296296297 0.5328125 0.4564814814814815 0.5291666666666667 0.44814814814814813 0.5255208333333333 0.44907407407407407 0.5208333333333334 0.4388888888888889 0.5234375 0.4351851851851852 0.525 0.4212962962962963 0.5328125 0.4203703703703704 0.5453125 0.42592592592592593 0.5432291666666667 0.4212962962962963 0.55 0.4148148148148148 0.5588541666666667 0.41203703703703703
0 0.5322916666666667 0.5509259259259259 0.5427083333333333 0.5527777777777778 0.5463541666666667 0.5592592592592592 0.5625 0.5657407407407408 0.5661458333333333 0.5703703703703704 0.5666666666666667 0.5787037037037037 0.5713541666666667 0.5814814814814815 0.5692708333333333 0.5944444444444444 0.5697916666666667 0.6046296296296296 0.5729166666666666 0.6092592592592593 0.571875 0.6175925925925926 0.5744791666666667 0.6212962962962963 0.5729166666666666 0.6259259259259259 0.5739583333333333 0.6333333333333333 0.5770833333333333 0.6361111111111111 0.5786458333333333 0.6472222222222223 0.5817708333333333 0.6509259259259259 0.5833333333333334 0.6601851851851852 0.5869791666666667 0.6638888888888889 0.5864583333333333 0.6685185185185185 0.5885416666666666 0.6731481481481482 0.5953125 0.6777777777777778 0.6026041666666667 0.6768518518518518 0.6010416666666667 0.6814814814814815 0.5932291666666667 0.6851851851851852 0.5942708333333333 0.6898148148148148 0.6015625 0.6972222222222222 0.6020833333333333 0.7037037037037037 0.6067708333333334 0.7 0.6026041666666667 0.6962962962962963 0.6041666666666666 0.6814814814814815 0.6125 0.6842592592592592 0.6234375 0.6953703703703704 0.6276041666666666 0.6962962962962963 0.6296875 0.6935185185185185 0.6291666666666667 0.6851851851851852 0.6380208333333334 0.6768518518518518 0.6411458333333333 0.6694444444444444 0.6453125 0.6675925925925926 0.6421875 0.6648148148148149 0.6473958333333333 0.662962962962963 0.65 0.6574074074074074 0.6536458333333334 0.6620370370370371 0.6640625 0.6611111111111111 0.6671875 0.6537037037037037 0.6682291666666667 0.6444444444444445 0.6734375 0.6398148148148148 0.671875 0.6370370370370371 0.675 0.6370370370370371 0.678125 0.6296296296296297 0.6817708333333333 0.6287037037037037 0.6854166666666667 0.6324074074074074 0.6802083333333333 0.6481481481481481 0.6765625 0.675 0.671875 0.6833333333333333 0.6609375 0.7166666666666667 0.6536458333333334 0.7194444444444444 0.6442708333333333 0.712037037037037 0.6385416666666667 0.7129629629629629 0.6380208333333334 0.7166666666666667 0.6473958333333333 0.7351851851851852 0.6463541666666667 0.7407407407407407 0.6333333333333333 0.7444444444444445 0.6197916666666666 0.7314814814814815 0.6171875 0.725 0.6114583333333333 0.7240740740740741 0.6088541666666667 0.7277777777777777 0.6083333333333333 0.7314814814814815 0.6145833333333334 0.7481481481481481 0.6151041666666667 0.7564814814814815 0.6203125 0.7638888888888888 0.6234375 0.775 0.6239583333333333 0.7870370370370371 0.621875 0.799074074074074 0.6270833333333333 0.812037037037037 0.6239583333333333 0.8240740740740741 0.6192708333333333 0.8305555555555556 0.6125 0.8342592592592593 0.6078125 0.8342592592592593 0.5973958333333333 0.825925925925926 0.56875 0.8314814814814815 0.5567708333333333 0.8175925925925925 0.5526041666666667 0.8074074074074075 0.5463541666666667 0.8027777777777778 0.5354166666666667 0.8074074074074075 0.521875 0.8185185185185185 0.5098958333333333 0.8212962962962963 0.4979166666666667 0.8305555555555556 0.4890625 0.8305555555555556 0.4734375 0.8203703703703704 0.4666666666666667 0.8037037037037037 0.4640625 0.7842592592592592 0.4703125 0.7694444444444445 0.47291666666666665 0.7666666666666667 0.484375 0.7666666666666667 0.49270833333333336 0.7564814814814815 0.5005208333333333 0.7416666666666667 0.5125 0.7361111111111112 0.5213541666666667 0.7277777777777777 0.5255208333333333 0.7287037037037037 0.5286458333333334 0.7333333333333333 0.5395833333333333 0.7342592592592593 0.5421875 0.7388888888888889 0.5682291666666667 0.7398148148148148 0.5786458333333333 0.7351851851851852 0.584375 0.7268518518518519 0.5833333333333334 0.7166666666666667 0.5776041666666667 0.7074074074074074 0.5697916666666667 0.6861111111111111 0.5630208333333333 0.6592592592592592 0.5609375 0.637962962962963 0.5609375 0.6064814814814815 0.5625 0.5990740740740741 0.5588541666666667 0.5935185185185186 0.5489583333333333 0.5879629629629629 0.5484375 0.5777777777777777 0.5442708333333334 0.5731481481481482 0.5197916666666667 0.5731481481481482 0.5109375 0.5694444444444444 0.5119791666666667 0.5648148148148148 0.521875 0.5574074074074075 0.5239583333333333 0.5509259259259259 0.5317708333333333 0.5509259259259259
0 0.7817708333333333 0.47314814814814815 0.7869791666666667 0.47314814814814815 0.7895833333333333 0.46944444444444444 0.7911458333333333 0.47314814814814815 0.8041666666666667 0.47685185185185186 0.8072916666666666 0.48055555555555557 0.8072916666666666 0.5046296296296297 0.8052083333333333 0.5009259259259259 0.8067708333333333 0.49722222222222223 0.8036458333333333 0.4962962962962963 0.8026041666666667 0.4898148148148148 0.796875 0.487962962962963 0.7890625 0.4898148148148148 0.7838541666666666 0.49722222222222223 0.7833333333333333 0.5018518518518519 0.7869791666666667 0.5055555555555555 0.7864583333333334 0.5111111111111111 0.7880208333333333 0.5138888888888888 0.79375 0.5175925925925926 0.8 0.5324074074074074 0.8 0.5388888888888889 0.8067708333333333 0.537962962962963 0.8078125 0.5444444444444444 0.8104166666666667 0.5462962962962963 0.8104166666666667 0.5527777777777778 0.8140625 0.5592592592592592 0.8145833333333333 0.5694444444444444 0.8140625 0.5777777777777777 0.8114583333333333 0.5814814814814815 0.8140625 0.5879629629629629 0.809375 0.5981481481481481 0.8213541666666667 0.6083333333333333 0.8208333333333333 0.6148148148148148 0.8177083333333334 0.6185185185185185 0.8213541666666667 0.6222222222222222 0.8208333333333333 0.6268518518518519 0.8171875 0.6259259259259259 0.815625 0.6231481481481481 0.8171875 0.6194444444444445 0.8145833333333333 0.6157407407407407 0.8098958333333334 0.625 0.8083333333333333 0.6203703703703703 0.8036458333333333 0.6194444444444445 0.8052083333333333 0.6175925925925926 0.8036458333333333 0.612037037037037 0.7979166666666667 0.6148148148148148 0.7947916666666667 0.612037037037037 0.7953125 0.5962962962962963 0.7932291666666667 0.5916666666666667 0.7942708333333334 0.5740740740740741 0.7916666666666666 0.5703703703703704 0.7947916666666667 0.562962962962963 0.7932291666666667 0.5592592592592592 0.784375 0.5564814814814815 0.7901041666666667 0.5462962962962963 0.7833333333333333 0.5314814814814814 0.7817708333333333 0.5324074074074074 0.7802083333333333 0.537962962962963 0.7822916666666667 0.5555555555555556 0.7807291666666667 0.5814814814814815 0.7838541666666666 0.5981481481481481 0.7807291666666667 0.6064814814814815 0.7822916666666667 0.6129629629629629 0.7796875 0.625 0.7875 0.6453703703703704 0.7942708333333334 0.65 0.8005208333333333 0.6620370370370371 0.8015625 0.6685185185185185 0.8 0.6777777777777778 0.7895833333333333 0.6777777777777778 0.7677083333333333 0.6611111111111111 0.7661458333333333 0.6564814814814814 0.7578125 0.6537037037037037 0.7567708333333333 0.65 0.7588541666666667 0.6472222222222223 0.7567708333333333 0.6425925925925926 0.759375 0.6259259259259259 0.7546875 0.6175925925925926 0.75625 0.6055555555555555 0.7552083333333334 0.6018518518518519 0.7572916666666667 0.5972222222222222 0.7567708333333333 0.5879629629629629 0.7552083333333334 0.5861111111111111 0.7494791666666667 0.5861111111111111 0.7479166666666667 0.5888888888888889 0.7458333333333333 0.6212962962962963 0.7416666666666667 0.6305555555555555 0.7411458333333333 0.637962962962963 0.7213541666666666 0.6305555555555555 0.6994791666666667 0.6333333333333333 0.6932291666666667 0.637962962962963 0.6911458333333333 0.6361111111111111 0.6895833333333333 0.625 0.6927083333333334 0.6194444444444445 0.715625 0.6055555555555555 0.7328125 0.5888888888888889 0.7395833333333334 0.5777777777777777 0.740625 0.5592592592592592 0.7375 0.5564814814814815 0.7375 0.5509259259259259 0.73125 0.5407407407407407 0.725 0.5425925925925926 0.7177083333333333 0.5537037037037037 0.703125 0.5675925925925925 0.690625 0.5638888888888889 0.6869791666666667 0.575 0.675 0.5814814814814815 0.6442708333333333 0.5768518518518518 0.6395833333333333 0.5675925925925925 0.6416666666666667 0.5638888888888889 0.6401041666666667 0.5601851851851852 0.6442708333333333 0.5574074074074075 0.6401041666666667 0.5537037037037037 0.6333333333333333 0.5546296296296296 0.6296875 0.5407407407407407 0.6302083333333334 0.5324074074074074 0.6395833333333333 0.5185185185185185 0.646875 0.5231481481481481 0.6479166666666667 0.5259259259259259 0.6375 0.55 0.6411458333333333 0.5527777777777778 0.6432291666666666 0.5472222222222223 0.659375 0.5333333333333333 0.6692708333333334 0.5351851851851852 0.6708333333333333 0.5287037037037037 0.68125 0.525 0.6838541666666667 0.5185185185185185 0.6895833333333333 0.5148148148148148 0.7197916666666667 0.5074074074074074 0.7380208333333333 0.4888888888888889 0.7442708333333333 0.487962962962963 0.75 0.48148148148148145 0.753125 0.48148148148148145 0.7578125 0.48703703703703705 0.7677083333333333 0.5083333333333333 0.7744791666666667 0.5148148148148148 0.7734375 0.5194444444444445 0.775 0.5231481481481481 0.7807291666666667 0.525 0.7828125 0.5212962962962963 0.7796875 0.4981481481481482 0.775 0.49444444444444446 0.7755208333333333 0.49074074074074076 0.7708333333333334 0.4861111111111111 0.7791666666666667 0.4777777777777778 0.784375 0.47962962962962963 0.7848958333333333 0.47685185185185186 0.7817708333333333 0.4740740740740741
3 0.7197916666666667 0.637962962962963 0.7411458333333333 0.6462962962962963 0.7552083333333334 0.6601851851851852 0.7729166666666667 0.6703703703703704 0.7927083333333333 0.687962962962963 0.8026041666666667 0.7055555555555556 0.8203125 0.7185185185185186 0.8385416666666666 0.7231481481481481 0.8515625 0.7398148148148148 0.8520833333333333 0.7462962962962963 0.8489583333333334 0.7546296296296297 0.8135416666666667 0.8092592592592592 0.8057291666666667 0.825 0.8020833333333334 0.8379629629629629 0.7864583333333334 0.8314814814814815 0.7708333333333334 0.8157407407407408 0.7348958333333333 0.8203703703703704 0.7208333333333333 0.8148148148148148 0.709375 0.8166666666666667 0.6984375 0.8083333333333333 0.6817708333333333 0.8064814814814815 0.6645833333333333 0.7851851851851852 0.6640625 0.7796296296296297 0.6677083333333333 0.7685185185185185 0.6807291666666667 0.7509259259259259 0.6729166666666667 0.7407407407407407 0.6677083333333333 0.7379629629629629 0.6625 0.7268518518518519 0.671875 0.6944444444444444 0.6932291666666667 0.6537037037037037 0.6953125 0.6462962962962963 0.7052083333333333 0.637962962962963 0.7192708333333333 0.637962962962963
3 0.8473958333333333 0.43148148148148147 0.8494791666666667 0.4361111111111111 0.8526041666666667 0.46111111111111114 0.8619791666666666 0.4962962962962963 0.8661458333333333 0.5472222222222223 0.8697916666666666 0.5675925925925925 0.8692708333333333 0.5814814814814815 0.8557291666666667 0.5953703703703703 0.8416666666666667 0.5740740740740741 0.8338541666666667 0.575 0.828125 0.5712962962962963 0.8171875 0.5481481481481482 0.8125 0.5277777777777778 0.8125 0.5138888888888888 0.8182291666666667 0.487962962962963 0.8182291666666667 0.4703703703703704 0.8109375 0.44722222222222224 0.8109375 0.44166666666666665 0.8135416666666667 0.4351851851851852 0.8208333333333333 0.4351851851851852 0.8276041666666667 0.4305555555555556 0.8453125 0.4287037037037037 0.846875 0.43148148148148147
3 0.940625 0.46296296296296297 0.9401041666666666 0.5 0.9322916666666666 0.5527777777777778 0.921875 0.5814814814814815 0.9151041666666667 0.587037037037037 0.9072916666666667 0.5851851851851851 0.9010416666666666 0.5787037037037037 0.8942708333333333 0.5638888888888889 0.89375 0.5527777777777778 0.9015625 0.5351851851851852 0.9140625 0.49166666666666664 0.9140625 0.47685185185185186 0.9197916666666667 0.46944444444444444 0.9348958333333334 0.462037037037037 0.9401041666666666 0.46296296296296297
3 0.7411458333333333 0.27037037037037037 0.7479166666666667 0.2851851851851852 0.7515625 0.3 0.7526041666666666 0.3138888888888889 0.7515625 0.32222222222222224 0.7395833333333334 0.34444444444444444 0.7348958333333333 0.362962962962963 0.7442708333333333 0.37592592592592594 0.7578125 0.41944444444444445 0.7583333333333333 0.4537037037037037 0.75625 0.4601851851851852 0.7203125 0.5018518518518519 0.6890625 0.5092592592592593 0.6770833333333334 0.5185185185185185 0.6703125 0.5148148148148148 0.675 0.49722222222222223 0.6744791666666666 0.4925925925925926 0.6708333333333333 0.4824074074074074 0.6645833333333333 0.4740740740740741 0.6625 0.4638888888888889 0.6619791666666667 0.4546296296296296 0.6640625 0.4425925925925926 0.6765625 0.4166666666666667 0.69375 0.3351851851851852 0.7046875 0.32314814814814813 0.70625 0.3148148148148148 0.7135416666666666 0.3037037037037037 0.7234375 0.29444444444444445 0.7307291666666667 0.2824074074074074 0.7369791666666666 0.2796296296296296 0.740625 0.2712962962962963
3 0.590625 0.8351851851851851 0.6020833333333333 0.8407407407407408 0.6192708333333333 0.8388888888888889 0.6505208333333333 0.8546296296296296 0.6682291666666667 0.8583333333333333 0.6755208333333333 0.8694444444444445 0.6760416666666667 0.8777777777777778 0.6734375 0.8833333333333333 0.6786458333333333 0.8888888888888888 0.6796875 0.8935185185185185 0.6786458333333333 0.9138888888888889 0.6640625 0.9342592592592592 0.6572916666666667 0.950925925925926 0.6484375 0.9518518518518518 0.646875 0.9546296296296296 0.6473958333333333 0.9694444444444444 0.6229166666666667 0.9990740740740741 0.5744791666666667 0.9990740740740741 0.571875 0.9962962962962963 0.5651041666666666 0.9990740740740741 0.53125 0.9990740740740741 0.5005208333333333 0.9342592592592592 0.5015625 0.9259259259259259 0.5088541666666667 0.9175925925925926 0.5182291666666666 0.8944444444444445 0.5328125 0.8712962962962963 0.5640625 0.8416666666666667 0.5838541666666667 0.8342592592592593 0.5901041666666667 0.8351851851851851
3 0.6901041666666666 0.12962962962962962 0.6927083333333334 0.13425925925925927 0.6880208333333333 0.14907407407407408 0.6869791666666667 0.1638888888888889 0.6848958333333334 0.16944444444444445 0.6848958333333334 0.1824074074074074 0.6895833333333333 0.18703703703703703 0.7197916666666667 0.18888888888888888 0.7291666666666666 0.1935185185185185 0.734375 0.2 0.7380208333333333 0.20925925925925926 0.7380208333333333 0.22592592592592592 0.7348958333333333 0.24351851851851852 0.7390625 0.26851851851851855 0.728125 0.2833333333333333 0.7197916666666667 0.2898148148148148 0.7145833333333333 0.3 0.7067708333333333 0.30833333333333335 0.6984375 0.325 0.6875 0.33425925925925926 0.671875 0.34074074074074073 0.6609375 0.337037037037037 0.6484375 0.31666666666666665 0.6161458333333333 0.2759259259259259 0.6067708333333334 0.28055555555555556 0.5953125 0.3 0.5890625 0.30462962962962964 0.5635416666666667 0.3074074074074074 0.5473958333333333 0.29444444444444445 0.5432291666666667 0.27314814814814814 0.5442708333333334 0.262037037037037 0.5359375 0.21574074074074073 0.5354166666666667 0.175 0.5375 0.1675925925925926 0.5609375 0.14907407407407408 0.5859375 0.1361111111111111 0.6895833333333333 0.12962962962962962
3 0.6854166666666667 0.1287037037037037 0.6916666666666667 0.13333333333333333 0.6916666666666667 0.14074074074074075 0.6880208333333333 0.15 0.684375 0.1712962962962963 0.6859375 0.18333333333333332 0.690625 0.18703703703703703 0.7213541666666666 0.18888888888888888 0.73125 0.19537037037037036 0.7359375 0.20277777777777778 0.7385416666666667 0.2212962962962963 0.7348958333333333 0.24259259259259258 0.740625 0.26944444444444443 0.7302083333333333 0.28425925925925927 0.7203125 0.2916666666666667 0.7067708333333333 0.3101851851851852 0.6994791666666667 0.325 0.6895833333333333 0.3333333333333333 0.6734375 0.34074074074074073 0.6666666666666666 0.34074074074074073 0.6588541666666666 0.3351851851851852 0.6177083333333333 0.275 0.6166666666666667 0.23055555555555557 0.6135416666666667 0.21296296296296297 0.609375 0.2101851851851852 0.609375 0.2074074074074074 0.6177083333333333 0.19537037037037036 0.6286458333333333 0.1675925925925926 0.6364583333333333 0.13703703703703704 0.6552083333333333 0.13148148148148148 0.6848958333333334 0.12962962962962962