4 0.33541666666666664 0.8166666666666667 0.33229166666666665 0.8166666666666667 0.33489583333333334 0.8212962962962963
4 0.31875 0.8166666666666667 0.31875 0.8277777777777777 0.32083333333333336 0.8305555555555556 0.3223958333333333 0.8277777777777777 0.3223958333333333 0.8194444444444444 0.3203125 0.8148148148148148
4 0.31979166666666664 0.7916666666666666 0.31875 0.7972222222222223 0.32083333333333336 0.7981481481481482 0.321875 0.7944444444444444
4 0.004166666666666667 0.7194444444444444 0.004166666666666667 0.7231481481481481 0 0.7296296296296296 0 0.7694444444444445 0.0020833333333333333 0.7712962962962963 0.00625 0.7851851851851852 0.011458333333333333 0.7916666666666666 0.010416666666666666 0.8 0.00625 0.8027777777777778 0.011458333333333333 0.8055555555555556 0.0140625 0.8101851851851852 0.0125 0.8138888888888889 0.0046875 0.812037037037037 0.004166666666666667 0.8175925925925925 0.0046875 0.8518518518518519 0.0020833333333333333 0.8574074074074074 0.0020833333333333333 0.8759259259259259 0.00625 0.8888888888888888 0.0046875 0.8981481481481481 0.010416666666666666 0.9027777777777778 0.0078125 0.9055555555555556 0.005208333333333333 0.9027777777777778 0.003125 0.9074074074074074 0 0.9074074074074074 0 0.9231481481481482 0.004166666666666667 0.9305555555555556 0.004166666666666667 0.9351851851851852 0 0.9444444444444444 0 0.975925925925926 0.005208333333333333 0.9888888888888889 0.010416666666666666 0.9888888888888889 0.0125 0.9935185185185185 0.041666666666666664 0.9935185185185185 0.043229166666666666 0.9898148148148148 0.044270833333333336 0.9935185185185185 0.046875 0.9935185185185185 0.04739583333333333 0.9888888888888889 0.06041666666666667 0.9851851851851852 0.07154375 0.9935185185185185 0.10572916666666667 0.9935185185185185 0.11822916666666666 0.9981481481481481 0.13541666666666666 0.9981481481481481 0.1390625 0.9944444444444445 0.17395833333333333 0.9935185185185185 0.17552083333333332 0.9888888888888889 0.19375 0.9888888888888889 0.1953125 0.9916666666666667 0.20625 0.9898148148148148 0.21770833333333334 0.9962962962962963 0.2359375 0.9962962962962963 0.25625 0.9935185185185185 0.25677083333333334 0.9888888888888889 0.26197916666666665 0.9888888888888889 0.2630208333333333 0.9916666666666667 0.26875 0.9935185185185185 0.26927083333333335 0.9898148148148148 0.2791666666666667 0.9851851851851852 0.2828125 0.9916666666666667 0.29791666666666666 0.9962962962962963 0.32864583333333336 0.9916666666666667 0.3296875 0.9888888888888889 0.33541666666666664 0.9888888888888889 0.3375 0.9935185185185185 0.3546875 0.9962962962962963 0.37552083333333336 0.9935185185185185 0.3984375 0.9935185185185185 0.4 0.9962962962962963 0.41770833333333335 0.9962962962962963 0.421875 0.9935185185185185 0.4609375 0.9962962962962963 0.46770833333333334 0.9935185185185185 0.46927083333333336 0.9879629629629629 0.4739583333333333 0.9888888888888889 0.49114583333333334 0.9777777777777777 0.5041666666666667 0.9805555555555555 0.5244791666666667 0.9981481481481481 0.5348958333333333 0.9944444444444445 0.56875 0.9962962962962963 0.5770833333333333 0.9935185185185185 0.5807291666666666 0.987037037037037 0.5973958333333333 0.9944444444444445 0.625 0.9935185185185185 0.6494791666666667 0.9981481481481481 0.65625 0.9935185185185185 0.6546875 0.9824074074074074 0.6520833333333333 0.9777777777777777 0.6479166666666667 0.9574074074074074 0.6447916666666667 0.9518518518518518 0.64375 0.9416666666666667 0.6401041666666667 0.9324074074074075 0.6395833333333333 0.9185185185185185 0.6369791666666667 0.9092592592592592 0.634375 0.8851851851851852 0.6302083333333334 0.8694444444444445 0.6182291666666667 0.8388888888888889 0.6067708333333334 0.8185185185185185 0.5994791666666667 0.7962962962962963 0.5869791666666667 0.7675925925925926 0.5739583333333333 0.7462962962962963 0.5546875 0.737037037037037 0.5494791666666666 0.7305555555555555 0.546875 0.7231481481481481 0.54375 0.7231481481481481 0.5369791666666667 0.7148148148148148 0.5265625 0.7074074074074074 0.5161458333333333 0.6851851851851852 0.5067708333333333 0.6824074074074075 0.5052083333333334 0.6777777777777778 0.4947916666666667 0.6712962962962963 0.46822916666666664 0.6666666666666666 0.45989583333333334 0.6620370370370371 0.4375 0.6601851851851852 0.4276041666666667 0.6638888888888889 0.42291666666666666 0.6731481481481482 0.4078125 0.687037037037037 0.4041666666666667 0.6935185185185185 0.4 0.6916666666666667 0.4010416666666667 0.6962962962962963 0.3927083333333333 0.6981481481481482 0.3796875 0.7148148148148148 0.375 0.7314814814814815 0.36666666666666664 0.7435185185185185 0.3645833333333333 0.7527777777777778 0.36041666666666666 0.7601851851851852 0.3640625 0.7712962962962963 0.3619791666666667 0.7814814814814814 0.36302083333333335 0.7898148148148149 0.3609375 0.7962962962962963 0.3546875 0.8027777777777778 0.3515625 0.8101851851851852 0.3463541666666667 0.8138888888888889 0.34427083333333336 0.8324074074074074 0.3375 0.8351851851851851 0.33489583333333334 0.8305555555555556 0.33229166666666665 0.8305555555555556 0.3307291666666667 0.8351851851851851 0.321875 0.8398148148148148 0.325 0.8490740740740741 0.3223958333333333 0.8555555555555555 0.3140625 0.8527777777777777 0.31145833333333334 0.8481481481481481 0.31145833333333334 0.837037037037037 0.309375 0.8342592592592593 0.30833333333333335 0.837037037037037 0.30625 0.8351851851851851 0.30833333333333335 0.8055555555555556 0.3067708333333333 0.8074074074074075 0.3067708333333333 0.7842592592592592 0.3026041666666667 0.7824074074074074 0.2989583333333333 0.7851851851851852 0.2989583333333333 0.7962962962962963 0.29583333333333334 0.8 0.2890625 0.7981481481481482 0.2859375 0.8027777777777778 0.28072916666666664 0.7981481481481482 0.2734375 0.8009259259259259 0.26927083333333335 0.7962962962962963 0.2677083333333333 0.7888888888888889 0.2734375 0.7796296296296297 0.27291666666666664 0.774074074074074 0.275 0.7712962962962963 0.28072916666666664 0.7712962962962963 0.28229166666666666 0.7666666666666667 0.2869791666666667 0.7666666666666667 0.2869791666666667 0.7638888888888888 0.2796875 0.7555555555555555 0.26875 0.7574074074074074 0.25833333333333336 0.75 0.2546875 0.7509259259259259 0.2526041666666667 0.7435185185185185 0.24166666666666667 0.7435185185185185 0.23854166666666668 0.7361111111111112 0.240625 0.725925925925926 0.23854166666666668 0.7194444444444444 0.24375 0.7166666666666667 0.24166666666666667 0.7138888888888889 0.24375 0.7101851851851851 0.24375 0.7027777777777777 0.2359375 0.687037037037037 0.23229166666666667 0.6851851851851852 0.2234375 0.6685185185185185 0.22135416666666666 0.6685185185185185 0.2171875 0.6620370370370371 0.20989583333333334 0.6435185185185185 0.20208333333333334 0.6407407407407407 0.20208333333333334 0.6324074074074074 0.2 0.6296296296296297 0.1984375 0.6185185185185185 0.1953125 0.6138888888888889 0.19270833333333334 0.6166666666666667 0.184375 0.6166666666666667 0.18125 0.612037037037037 0.17760416666666667 0.6166666666666667 0.16822916666666668 0.6194444444444445 0.1625 0.6277777777777778 0.13802083333333334 0.6305555555555555 0.13072916666666667 0.6351851851851852 0.11822916666666666 0.6324074074074074 0.103125 0.6370370370370371 0.09166666666666666 0.6370370370370371 0.05520833333333333 0.6527777777777778 0.0484375 0.6638888888888889 0.0484375 0.6685185185185185 0.050520833333333334 0.6712962962962963 0.049479166666666664 0.6731481481481482 0.046875 0.6759259259259259 0.04375 0.6759259259259259 0.043229166666666666 0.6731481481481482 0.040625 0.6796296296296296 0.036458333333333336 0.6805555555555556 0.028645833333333332 0.6935185185185185 0.022395833333333334 0.6944444444444444 0.013541666666666667 0.7138888888888889
4 0.9625 0.6939814814814815 0.0010416666666666667 0.000925925925925926
4 0.5395833333333333 0.22592592592592592 0.5390625 0.24351851851851852 0.5427083333333333 0.25462962962962965 0.5546875 0.2740740740740741 0.5557291666666667 0.2824074074074074 0.5588541666666667 0.2861111111111111 0.5614583333333333 0.2962962962962963 0.5708333333333333 0.30092592592592593 0.5739583333333333 0.3055555555555556 0.5765625 0.32222222222222224 0.5796875 0.3277777777777778 0.58125 0.337037037037037 0.5875 0.3388888888888889 0.5890625 0.3453703703703704 0.5979166666666667 0.3592592592592593 0.5942708333333333 0.36666666666666664 0.5947916666666667 0.3685185185185185 0.596875 0.362962962962963 0.6015625 0.37222222222222223 0.6015625 0.37592592592592594 0.5942708333333333 0.38333333333333336 0.5947916666666667 0.39351851851851855 0.5994791666666667 0.39351851851851855 0.6015625 0.38981481481481484 0.60625 0.39351851851851855 0.6072916666666667 0.387037037037037 0.6145833333333334 0.3851851851851852 0.6177083333333333 0.39166666666666666 0.6125 0.4046296296296296 0.6140625 0.4 0.6152776041666667 0.4046296296296296 0.6208333333333333 0.4046296296296296 0.6223958333333334 0.39814814814814814 0.6348958333333333 0.39814814814814814 0.6364583333333333 0.38796296296296295 0.6411458333333333 0.38425925925925924 0.6427083333333333 0.37222222222222223 0.6458333333333334 0.36944444444444446 0.6572916666666667 0.3685185185185185 0.6614583333333334 0.3731481481481482 0.671875 0.37592592592592594 0.6979166666666666 0.4 0.7020833333333333 0.4074074074074074 0.7020833333333333 0.41388888888888886 0.70625 0.4212962962962963 0.7104166666666667 0.42314814814814816 0.7125 0.4324074074074074 0.7166666666666667 0.4324074074074074 0.7203125 0.4398148148148148 0.7192708333333333 0.44722222222222224 0.7244791666666667 0.4527777777777778 0.7270833333333333 0.4777777777777778 0.73125 0.49074074074074076 0.7317708333333334 0.5046296296296297 0.7359375 0.5212962962962963 0.7354166666666667 0.5296296296296297 0.7395833333333334 0.5462962962962963 0.7442708333333333 0.5555555555555556 0.7546875 0.562037037037037 0.7619791666666667 0.5805555555555556 0.7682291666666666 0.5851851851851851 0.7723958333333333 0.5842592592592593 0.7817708333333333 0.5888888888888889 0.7833333333333333 0.5916666666666667 0.79375 0.5888888888888889 0.8036458333333333 0.5916666666666667 0.8083333333333333 0.5888888888888889 0.8109375 0.5916666666666667 0.8208333333333333 0.5916666666666667 0.8265625 0.5962962962962963 0.8307291666666666 0.5935185185185186 0.8432291666666667 0.5935185185185186 0.8479166666666667 0.5898148148148148 0.8635416666666667 0.5898148148148148 0.8642859375 0.6074074074074074 0.8567708333333334 0.6101851851851852 0.8546875 0.6138888888888889 0.8447916666666667 0.6148148148148148 0.8354166666666667 0.6277777777777778 0.8333333333333334 0.6277777777777778 0.8291666666666667 0.6388888888888888 0.8286458333333333 0.6574074074074074 0.83125 0.675 0.8359375 0.6777777777777778 0.8380208333333333 0.6824074074074075 0.8411458333333334 0.6805555555555556 0.8541666666666666 0.6851851851851852 0.85625 0.6888888888888889 0.8713541666666667 0.6888888888888889 0.8776041666666666 0.6833333333333333 0.8802083333333334 0.6777777777777778 0.8921875 0.6842592592592592 0.9104166666666667 0.6842592592592592 0.9104166666666667 0.6888888888888889 0.9125 0.6888888888888889 0.9125 0.6842592592592592 0.9151041666666667 0.6842592592592592 0.915625 0.6888888888888889 0.9223958333333333 0.6916666666666667 0.921875 0.6981481481481482 0.9307291666666667 0.7027777777777777 0.9364583333333333 0.700925925925926 0.9395833333333333 0.6935185185185185 0.9484375 0.6888888888888889 0.9494791666666667 0.6842592592592592 0.9510416666666667 0.6842592592592592 0.9515625 0.6888888888888889 0.9536458333333333 0.6851851851851852 0.9557291666666666 0.6898148148148148 0.9578125 0.687037037037037 0.9630208333333333 0.6916666666666667 0.9697916666666667 0.6898148148148148 0.9734375 0.6935185185185185 0.9739583333333334 0.6981481481481482 0.9807291666666667 0.6962962962962963 0.9833333333333333 0.6888888888888889 0.9942708333333333 0.6888888888888889 0.9942708333333333 0.6712962962962963 0.9901041666666667 0.662962962962963 0.9927083333333333 0.6435185185185185 0.9895833333333334 0.6361111111111111 0.9890625 0.6222222222222222 0.9916666666666667 0.6148148148148148 0.9901041666666667 0.6092592592592593 0.9932291666666667 0.6046296296296296 0.9927083333333333 0.5925925925925926 0.9942708333333333 0.587037037037037 0.9890625 0.5805555555555556 0.9932291666666667 0.5740740740740741 0.9927083333333333 0.5685185185185185 0.9958333333333333 0.5601851851851852 0.9963541666666667 0.5527777777777778 0.9994791666666667 0.55 0.9963541666666667 0.5425925925925926 0.9994791666666667 0.5342592592592592 0.9973958333333334 0.5333333333333333 0.9958333333333333 0.5268518518518519 0.9973958333333334 0.5212962962962963 0.9953125 0.5101851851851852 0.9973958333333334 0.5074074074074074 0.9973958333333334 0.5027777777777778 0.9947916666666666 0.487962962962963 0.9953125 0.46944444444444444 0.9973958333333334 0.4666666666666667 0.9979166666666667 0.45555555555555555 0.9947916666666666 0.45092592592592595 0.9932291666666667 0.4425925925925926 0.9958333333333333 0.4388888888888889 0.9932291666666667 0.42777777777777776 0.9963541666666667 0.4203703703703704 0.9994791666666667 0.4185185185185185 0.9994791666666667 0.4101851851851852 0.9953125 0.4046296296296296 0.9932291666666667 0.38796296296296295 0.9953125 0.3685185185185185 0.9942708333333333 0.35648148148148145 0.9958333333333333 0.3490740740740741 0.99375 0.33425925925925926 0.9953125 0.32407407407407407 0.9953125 0.2953703703703704 0.9958333333333333 0.28888888888888886 0.9994791666666667 0.2851851851851852 0.9994791666666667 0.2777777777777778 0.9953125 0.2712962962962963 0.9932291666666667 0.25833333333333336 0.9942708333333333 0.25462962962962965 0.9927083333333333 0.25092592592592594 0.9958333333333333 0.21944444444444444 0.9973958333333334 0.21666666666666667 0.9953125 0.20833333333333334 0.9953125 0.11481481481481481 0.9921875 0.09351851851851851 0.9953125 0.08888888888888889 0.9973958333333334 0.07777777777777778 0.9947916666666666 0.06666666666666667 0.9963541666666667 0.06388888888888888 0.9963541666666667 0.05277777777777778 0.9994791666666667 0.05 0.9963541666666667 0.04537037037037037 0.9973958333333334 0.024074074074074074 0.9994791666666667 0.023148148148148147 0.9994791666666667 0.018518518518518517 0.9963541666666667 0.01574074074074074 0.9927083333333333 0.005555555555555556 0.9875 0.000925925925925926 0.9682291666666667 0 0.9489583333333333 0.005555555555555556 0.9442708333333333 0.010185185185185186 0.9333333333333333 0.002777777777777778 0.9046875 0.005555555555555556 0.8953125 0.002777777777777778 0.8505208333333333 0.002777777777777778 0.8442708333333333 0.005555555555555556 0.8322916666666667 0.000925925925925926 0.8276041666666667 0.002777777777777778 0.825 0 0.8119791666666667 0 0.7947916666666667 0.005555555555555556 0.79375 0.010185185185185186 0.7854166666666667 0.010185185185185186 0.7838541666666666 0.006481481481481481 0.7802083333333333 0.005555555555555556 0.7791666666666667 0.012037037037037037 0.7765625 0.005555555555555556 0.7635416666666667 0.000925925925925926 0.70625 0.002777777777777778 0.7052083333333333 0.021296296296296296 0.7083333333333334 0.06759259259259259 0.7057291666666666 0.08796296296296297 0.70625 0.10185185185185185 0.7109375 0.125 0.7098958333333333 0.13055555555555556 0.7083333333333334 0.12962962962962962 0.7098958333333333 0.13703703703703704 0.7052083333333333 0.1398148148148148 0.7020833333333333 0.13518518518518519 0.69375 0.13703703703703704 0.6822916666666666 0.13425925925925927 0.6786458333333333 0.12777777777777777 0.6630208333333333 0.12129629629629629 0.6598958333333333 0.11388888888888889 0.6505208333333333 0.10555555555555556 0.6354166666666666 0.10555555555555556 0.6317708333333333 0.10277777777777777 0.6302083333333334 0.10555555555555556 0.61875 0.10555555555555556 0.615625 0.10925925925925926 0.603125 0.11203703703703703 0.5869791666666667 0.10740740740740741 0.5817708333333333 0.10740740740740741 0.5776041666666667 0.11203703703703703 0.5703125 0.11203703703703703 0.5635416666666667 0.12314814814814815 0.5609375 0.13518518518518519 0.5567708333333333 0.13703703703703704 0.5552083333333333 0.14166666666666666 0.5552083333333333 0.1574074074074074 0.5583333333333333 0.1638888888888889 0.5541666666666667 0.1712962962962963 0.5536458333333333 0.17962962962962964 0.5505208333333333 0.18796296296296297 0.5505208333333333 0.19537037037037036 0.5479166666666667 0.19814814814814816 0.5489583333333333 0.20925925925925926 0.546875 0.21203703703703702 0.5484375 0.21666666666666667
4 0.0046875 0.6666666666666666 0.0036458333333333334 0.6861111111111111 0.005208333333333333 0.6888888888888889 0.011458333333333333 0.6888888888888889 0.0125 0.6851851851851852 0.014583333333333334 0.6851851851851852 0.0125 0.6796296296296296 0.00625 0.6814814814814815 0.00625 0.6666666666666666
4 0.014583333333333334 0.6277777777777778 0.013541666666666667 0.6305555555555555 0.016145833333333335 0.6305555555555555 0.016145833333333335 0.6277777777777778
4 0.05677083333333333 0.6138888888888889 0.05520833333333333 0.6138888888888889 0.05572916666666667 0.6166666666666667
4 0.030208333333333334 0.612037037037037 0.028645833333333332 0.6129629629629629 0.03177083333333333 0.6166666666666667 0.034375 0.6148148148148148
4 0.03854166666666667 0.6101851851851852 0.03802083333333333 0.612037037037037 0.046875 0.6138888888888889 0.05 0.6092592592592593 0.0421875 0.6074074074074074
4 0.05572916666666667 0.5944444444444444 0.05364583333333333 0.5962962962962963 0.05520833333333333 0.6027777777777777 0.059895833333333336 0.6027777777777777 0.06458333333333334 0.5944444444444444
4 0.21822916666666667 0.41203703703703703 0.21927083333333333 0.4212962962962963 0.21770833333333334 0.42592592592592593 0.21927083333333333 0.4324074074074074 0.2234375 0.4324074074074074 0.22708333333333333 0.4361111111111111 0.22760416666666666 0.44351851851851853 0.23125 0.4462962962962963 0.24114583333333334 0.44814814814814813 0.24375 0.45555555555555555 0.23125 0.4666666666666667 0.23177083333333334 0.47314814814814815 0.23697916666666666 0.4740740740740741 0.240625 0.4777777777777778 0.24010416666666667 0.48055555555555557 0.23125 0.48055555555555557 0.22708333333333333 0.48518518518518516 0.21979166666666666 0.4842592592592593 0.2234375 0.4888888888888889 0.23072916666666668 0.4888888888888889 0.23229166666666667 0.5009259259259259 0.23697916666666666 0.5055555555555555 0.26197916666666665 0.5055555555555555 0.275 0.5120370370370371 0.284375 0.5101851851851852 0.29322916666666665 0.5138888888888888 0.3098958333333333 0.5138888888888888 0.31614583333333335 0.5120370370370371 0.3182291666666667 0.5055555555555555 0.32447916666666665 0.5046296296296297 0.3234375 0.4981481481481482 0.3203125 0.4981481481481482 0.3171875 0.4935185185185185 0.3265625 0.48703703703703705 0.32708333333333334 0.4824074074074074 0.32447916666666665 0.47685185185185186 0.3296875 0.47314814814814815 0.32760416666666664 0.4666666666666667 0.32864583333333336 0.45555555555555555 0.3203125 0.4527777777777778 0.31875 0.44814814814814813 0.32083333333333336 0.4462962962962963 0.3182291666666667 0.44166666666666665 0.3260416666666667 0.4388888888888889 0.32447916666666665 0.4324074074074074 0.3203125 0.4305555555555556 0.321875 0.42592592592592593 0.3260416666666667 0.425 0.32708333333333334 0.41388888888888886 0.3255208333333333 0.4166666666666667 0.32430572916666667 0.41388888888888886 0.3182291666666667 0.41203703703703703 0.2916666666666667 0.41388888888888886 0.2875 0.41203703703703703 0.2869791666666667 0.4074074074074074 0.28541666666666665 0.4074074074074074 0.28489583333333335 0.4166666666666667 0.28177083333333336 0.42314814814814816 0.28020833333333334 0.41944444444444445 0.2760416666666667 0.41759259259259257 0.2755208333333333 0.4074074074074074 0.27395833333333336 0.40555555555555556 0.2708333333333333 0.40555555555555556 0.2708333333333333 0.4101851851851852 0.26614583333333336 0.4166666666666667 0.2598958333333333 0.4166666666666667 0.2578125 0.41203703703703703 0.2552083333333333 0.4166666666666667 0.25364583333333335 0.41388888888888886 0.25416666666666665 0.40555555555555556 0.25052083333333336 0.40555555555555556 0.24895833333333334 0.4009259259259259 0.24375 0.4 0.24270833333333333 0.4027777777777778 0.23697916666666666 0.4046296296296296 0.23072916666666668 0.3962962962962963 0.22447916666666667 0.4009259259259259
4 0.24375 0.3527777777777778 0.24322916666666666 0.35555555555555557 0.24583333333333332 0.35555555555555557
4 0.3453125 0.33240740740740743 0.34322916666666664 0.33240740740740743 0.34375 0.337037037037037 0.3463541666666667 0.337037037037037
4 0.234375 0.33055555555555555 0.23333333333333334 0.3351851851851852 0.23697916666666666 0.3416666666666667 0.24479166666666666 0.3416666666666667 0.24583333333333332 0.3388888888888889 0.2453125 0.33055555555555555
4 0.23020833333333332 0.31666666666666665 0.22708333333333333 0.3194444444444444 0.23072916666666668 0.3212962962962963 0.23177083333333334 0.31666666666666665
4 0.20052083333333334 0.31574074074074077 0.20260416666666667 0.31851851851851853 0.20416666666666666 0.3138888888888889
4 0.3390625 0.3148148148148148 0.33697916666666666 0.31666666666666665 0.3385416666666667 0.32314814814814813 0.34479166666666666 0.3296296296296296 0.34739583333333335 0.32314814814814813 0.34739583333333335 0.31666666666666665 0.34479166666666666 0.31203703703703706
4 0.24140625 0.26435185185185184 0.0015625 0.000925925925925926
4 0.34322916666666664 0.2601851851851852 0.340625 0.262037037037037 0.34270833333333334 0.2638888888888889
4 0.3416666666666667 0.25277777777777777 0.3411458333333333 0.25555555555555554 0.34427083333333336 0.25462962962962965
4 0.3177083333333333 0.21851851851851853 0.3151041666666667 0.21851851851851853 0.3151041666666667 0.2212962962962963 0.3182291666666667 0.22314814814814815
4 0.0020833333333333333 0.002777777777777778 0 0.005555555555555556 0 0.08888888888888889 0.0036458333333333334 0.09351851851851851 0.003125 0.09814814814814815 0 0.10277777777777777 0 0.3416666666666667 0.0015625 0.3435185185185185 0 0.34814814814814815 0 0.35555555555555557 0.0015625 0.3574074074074074 0 0.36203703703703705 0 0.39351851851851855 0.0020833333333333333 0.3972222222222222 0.0020833333333333333 0.4009259259259259 0 0.4027777777777778 0 0.42592592592592593 0.0015625 0.42777777777777776 0.0015625 0.43425925925925923 0 0.4351851851851852 0 0.4666666666666667 0.0026041666666666665 0.4722222222222222 0 0.4759259259259259 0 0.5055555555555555 0.003125 0.5111111111111111 0.0015625 0.5185185185185185 0.0036458333333333334 0.5212962962962963 0.0036458333333333334 0.5296296296296297 0 0.5351851851851852 0 0.5916666666666667 0.0046875 0.6055555555555555 0.017708333333333333 0.6 0.025 0.5888888888888889 0.030729166666666665 0.5851851851851851 0.0390625 0.5740740740740741 0.05677083333333333 0.5685185185185185 0.0671875 0.5574074074074075 0.07291666666666667 0.5574074074074075 0.07604166666666666 0.5527777777777778 0.07916666666666666 0.5527777777777778 0.08072916666666667 0.5481481481481482 0.08489583333333334 0.5509259259259259 0.09427083333333333 0.5462962962962963 0.1265625 0.5416666666666666 0.14114583333333333 0.5305555555555556 0.14479166666666668 0.5166666666666667 0.15104166666666666 0.5148148148148148 0.15208333333333332 0.5185185185185185 0.15625 0.5185185185185185 0.15572916666666667 0.4935185185185185 0.1609375 0.48703703703703705 0.16145833333333334 0.4824074074074074 0.1609375 0.4740740740740741 0.15625 0.4601851851851852 0.15729166666666666 0.44814814814814813 0.14583333333333334 0.4462962962962963 0.14479166666666668 0.4398148148148148 0.1421875 0.43796296296296294 0.14322916666666666 0.42777777777777776 0.14947916666666666 0.42777777777777776 0.1484375 0.4203703703703704 0.15 0.4166666666666667 0.15572916666666667 0.4212962962962963 0.15885416666666666 0.42777777777777776 0.16354166666666667 0.425 0.16302083333333334 0.41944444444444445 0.16822916666666668 0.4212962962962963 0.1671875 0.4101851851851852 0.17083333333333334 0.4027777777777778 0.1671875 0.3990740740740741 0.16953125 0.3888888888888889 0.17447916666666666 0.3888888888888889 0.17291666666666666 0.3861111111111111 0.17864583333333334 0.3824074074074074 0.178125 0.37777777777777777 0.18541666666666667 0.37592592592592594 0.18958333333333333 0.36944444444444446 0.2 0.3685185185185185 0.1984375 0.3648148148148148 0.20052083333333334 0.36203703703703705 0.19791666666666666 0.34629629629629627 0.19322916666666667 0.34074074074074073 0.19739583333333333 0.3351851851851852 0.2078125 0.3351851851851852 0.20729166666666668 0.3287037037037037 0.2109375 0.32314814814814813 0.2109375 0.3074074074074074 0.21666666666666667 0.31203703703703706 0.22447916666666667 0.3055555555555556 0.225 0.2953703703703704 0.22864583333333333 0.2935185185185185 0.22864583333333333 0.28888888888888886 0.23229166666666667 0.2796296296296296 0.2359375 0.2759259259259259 0.23177083333333334 0.27314814814814814 0.23125 0.26851851851851855 0.23333333333333334 0.2601851851851852 0.23697916666666666 0.25462962962962965 0.2375 0.2462962962962963 0.240625 0.2388888888888889 0.24375 0.24166666666666667 0.246875 0.2388888888888889 0.24375 0.23055555555555557 0.24479166666666666 0.22592592592592592 0.25104166666666666 0.2212962962962963 0.2578125 0.22777777777777777 0.2734375 0.23055555555555557 0.2765625 0.22592592592592592 0.2864583333333333 0.22407407407407406 0.2890625 0.21851851851851853 0.3 0.21851851851851853 0.30416666666666664 0.22314814814814815 0.3067708333333333 0.21481481481481482 0.32135416666666666 0.2101851851851852 0.321875 0.20555555555555555 0.31927083333333334 0.20555555555555555 0.31666666666666665 0.20092592592592592 0.3182291666666667 0.19444444444444445 0.3171875 0.18703703703703703 0.3140625 0.18703703703703703 0.31302083333333336 0.19074074074074074 0.3098958333333333 0.18518518518518517 0.32447916666666665 0.14814814814814814 0.3307291666666667 0.15092592592592594 0.3411458333333333 0.16203703703703703 0.3489583333333333 0.16203703703703703 0.353125 0.1712962962962963 0.3692708333333333 0.18703703703703703 0.3776041666666667 0.2 0.38333333333333336 0.20092592592592592 0.38645833333333335 0.20462962962962963 0.39010416666666664 0.20277777777777778 0.3984375 0.20555555555555555 0.4005208333333333 0.20277777777777778 0.40729166666666666 0.20277777777777778 0.40729166666666666 0.19814814814814816 0.4119791666666667 0.1935185185185185 0.4119791666666667 0.18055555555555555 0.40625 0.16296296296296298 0.4046875 0.15 0.4083333333333333 0.13703703703703704 0.40729166666666666 0.13240740740740742 0.40520833333333334 0.12777777777777777 0.4010416666666667 0.12777777777777777 0.39427083333333335 0.11851851851851852 0.38645833333333335 0.11851851851851852 0.38125 0.11388888888888889 0.37604166666666666 0.09814814814814815 0.3770833333333333 0.08981481481481482 0.3807291666666667 0.08425925925925926 0.3807291666666667 0.08055555555555556 0.38645833333333335 0.07314814814814814 0.39010416666666664 0.07314814814814814 0.39375 0.06388888888888888 0.39166666666666666 0.053703703703703705 0.39375 0.03518518518518519 0.3921875 0.010185185185185186 0.3359375 0.002777777777777778 0.3125 0.002777777777777778 0.3104166666666667 0 0.3 0.002777777777777778 0.2598958333333333 0.002777777777777778 0.2557291666666667 0 0.246875 0.002777777777777778 0.23958333333333334 0.002777777777777778 0.23802083333333332 0 0.234375 0.002777777777777778 0.22708333333333333 0 0.20989583333333334 0.002777777777777778 0.2078125 0 0.19947916666666668 0 0.18541666666666667 0.002777777777777778 0.18385416666666668 0.005555555555555556 0.17447916666666666 0.005555555555555556 0.16770833333333332 0.012037037037037037 0.153125 0.009259259259259259 0.14114583333333333 0.002777777777777778 0.12135416666666667 0.004629629629629629 0.1 0.000925925925925926 0.0890625 0.004629629629629629 0.084375 0.009259259259259259 0.06614583333333333 0.009259259259259259 0.06145833333333333 0.005555555555555556 0.052083333333333336 0.005555555555555556 0.04791666666666667 0.002777777777777778 0.024479166666666666 0.004629629629629629 0.01875 0
3 0.35833333333333334 0.28055555555555556 0.359375 0.2861111111111111 0.3578125 0.28703703703703703 0.3578125 0.29259259259259257 0.359375 0.29444444444444445 0.35989583333333336 0.2851851851851852
3 0.34375 0.2601851851851852 0.34427083333333336 0.26481481481481484 0.3484375 0.26481481481481484 0.3494791666666667 0.262037037037037
3 0.1 0.3416666666666667 0.09947916666666666 0.36574074074074076 0.1015625 0.37962962962962965 0.109375 0.3824074074074074 0.11197916666666667 0.3888888888888889 0.11614583333333334 0.3888888888888889 0.11875 0.39351851851851855 0.12239583333333333 0.39444444444444443 0.13072916666666667 0.40925925925925927 0.13645833333333332 0.41388888888888886 0.13958333333333334 0.4212962962962963 0.15364583333333334 0.43148148148148147 0.1640625 0.44814814814814813 0.16822916666666668 0.44907407407407407 0.171875 0.4462962962962963 0.1765625 0.4324074074074074 0.17864583333333334 0.4324074074074074 0.1796875 0.42777777777777776 0.184375 0.42777777777777776 0.18489583333333334 0.43796296296296294 0.1828125 0.4444444444444444 0.1875 0.4527777777777778 0.18854166666666666 0.45925925925925926 0.19635416666666666 0.4638888888888889 0.20572916666666666 0.48055555555555557 0.21302083333333333 0.4888888888888889 0.21666666666666667 0.4888888888888889 0.21979166666666666 0.4962962962962963 0.22552083333333334 0.5027777777777778 0.23177083333333334 0.5027777777777778 0.2484375 0.5101851851851852 0.303125 0.5148148148148148 0.31666666666666665 0.5212962962962963 0.325 0.5212962962962963 0.32708333333333334 0.5138888888888888 0.3302083333333333 0.5138888888888888 0.33541666666666664 0.5055555555555555 0.3375 0.412962962962963 0.3416666666666667 0.40555555555555556 0.35572916666666665 0.4027777777777778 0.359375 0.39814814814814814 0.3625 0.39814814814814814 0.36302083333333335 0.39444444444444443 0.3614583333333333 0.38055555555555554 0.3625 0.37777777777777777 0.3572916666666667 0.375 0.35572916666666665 0.3685185185185185 0.353125 0.3685185185185185 0.35104166666666664 0.3648148148148148 0.35234375 0.3574074074074074 0.35572916666666665 0.3574074074074074 0.3609375 0.3509259259259259 0.35572916666666665 0.3416666666666667 0.36041666666666666 0.33425925925925926 0.35572916666666665 0.3212962962962963 0.353125 0.3194444444444444 0.35520833333333335 0.3138888888888889 0.3515625 0.31203703703703706 0.3484375 0.3055555555555556 0.34427083333333336 0.30648148148148147 0.3416666666666667 0.30092592592592593 0.33958333333333335 0.30462962962962964 0.33645833333333336 0.29444444444444445 0.33229166666666665 0.29259259259259257 0.33177083333333335 0.2796296296296296 0.3421875 0.2759259259259259 0.33125 0.2722222222222222 0.3333333333333333 0.2638888888888889 0.32864583333333336 0.25462962962962965 0.32864583333333336 0.24351851851851852 0.3265625 0.2361111111111111 0.3260416666666667 0.18888888888888888 0.32395833333333335 0.18055555555555555 0.3171875 0.17314814814814813 0.3145833333333333 0.17314814814814813 0.31145833333333334 0.1648148148148148 0.3072916666666667 0.16018518518518518 0.26458333333333334 0.14814814814814814 0.21927083333333333 0.14629629629629629 0.18125 0.1574074074074074 0.1546875 0.17314814814814813 0.14427083333333332 0.17592592592592593 0.1359375 0.18518518518518517 0.13333333333333333 0.18518518518518517 0.12864583333333332 0.19444444444444445 0.12135416666666667 0.19814814814814816 0.12239583333333333 0.20185185185185187 0.11770833333333333 0.20555555555555555 0.1171875 0.20925925925925926 0.12291666666666666 0.21203703703703702 0.125 0.21666666666666667 0.1234375 0.21851851851851853 0.1234375 0.22870370370370371 0.12604166666666666 0.23425925925925925 0.12395833333333334 0.24166666666666667 0.12395833333333334 0.2574074074074074 0.12239583333333333 0.262037037037037 0.1234375 0.27685185185185185 0.12135416666666667 0.28055555555555556 0.12239583333333333 0.29814814814814816 0.1203125 0.3212962962962963 0.1109375 0.32314814814814813 0.11041666666666666 0.3296296296296296 0.10572916666666667 0.33240740740740743
3 0.5380208333333333 0.19907407407407407 0.5385416666666667 0.20555555555555555 0.5328125 0.22037037037037038 0.5328125 0.22777777777777777 0.5375 0.25092592592592594 0.5427083333333333 0.2638888888888889 0.55 0.275 0.55625 0.29444444444444445 0.5625 0.30277777777777776 0.56875 0.3055555555555556 0.5739583333333333 0.31203703703703706 0.5765625 0.3296296296296296 0.5786458333333333 0.33240740740740743 0.5807291666666666 0.3509259259259259 0.5828125 0.35555555555555557 0.5807291666666666 0.3611111111111111 0.58125 0.36666666666666664 0.5916666666666667 0.3731481481481482 0.5916666666666667 0.37592592592592594 0.5875 0.38055555555555554 0.5869791666666667 0.3851851851851852 0.5869791666666667 0.39351851851851855 0.5880208333333333 0.39166666666666666 0.5916666666666667 0.4046296296296296 0.603125 0.40555555555555556 0.6182291666666667 0.41203703703703703 0.6260416666666667 0.41203703703703703 0.6296875 0.4074074074074074 0.6427083333333333 0.4074074074074074 0.6447916666666667 0.4027777777777778 0.6447916666666667 0.37592592592592594 0.65 0.36944444444444446 0.6546875 0.3685185185185185 0.6666666666666666 0.37777777777777777 0.6760416666666667 0.3888888888888889 0.696875 0.3962962962962963 0.7046875 0.4046296296296296 0.7098958333333333 0.40555555555555556 0.7171875 0.4009259259259259 0.7203125 0.39351851851851855 0.7208333333333333 0.387037037037037 0.7244791666666667 0.3824074074074074 0.7302083333333333 0.36666666666666664 0.7317708333333334 0.3472222222222222 0.7375 0.32592592592592595 0.7348958333333333 0.3138888888888889 0.7375 0.3101851851851852 0.7385416666666667 0.30277777777777776 0.7333333333333333 0.2916666666666667 0.7369791666666666 0.28888888888888886 0.7359375 0.27685185185185185 0.7380208333333333 0.26851851851851855 0.7380208333333333 0.24444444444444444 0.7401041666666667 0.23425925925925925 0.7375 0.22870370370370371 0.7375 0.21944444444444444 0.7302083333333333 0.19444444444444445 0.7260416666666667 0.19166666666666668 0.7239583333333334 0.18055555555555555 0.7244791666666667 0.1712962962962963 0.7151041666666667 0.1685185185185185 0.7041666666666667 0.1527777777777778 0.7010416666666667 0.14351851851851852 0.6963541666666667 0.1388888888888889 0.671875 0.12962962962962962 0.6609375 0.11018518518518519 0.6510416666666666 0.10277777777777777 0.6151041666666667 0.10092592592592593 0.6026041666666667 0.10555555555555556 0.5697916666666667 0.11018518518518519 0.5619791666666667 0.11944444444444445 0.5567708333333333 0.13055555555555556 0.5505208333333333 0.15555555555555556 0.55 0.1638888888888889 0.546875 0.17037037037037037 0.5473958333333333 0.17777777777777778 0.5447916666666667 0.1814814814814815 0.5442708333333334 0.19444444444444445
3 0.41796875 0.11574074074074074 0.0005208333333333333 0.001851851851851852
3 0.20572916666666666 0.03611111111111111 0.2046875 0.058333333333333334 0.20833333333333334 0.09166666666666666 0.21875 0.10277777777777777 0.2234375 0.11203703703703703 0.23125 0.11203703703703703 0.23645833333333333 0.10555555555555556 0.240625 0.10462962962962963 0.24583333333333332 0.09259259259259259 0.25104166666666666 0.08703703703703704 0.26197916666666665 0.08518518518518518 0.275 0.09166666666666666 0.28958333333333336 0.09166666666666666 0.30520833333333336 0.10462962962962963 0.3109375 0.11481481481481481 0.3125 0.12314814814814815 0.31875 0.13240740740740742 0.3182291666666667 0.13703703703703704 0.32447916666666665 0.15092592592592594 0.3302083333333333 0.1527777777777778 0.33489583333333334 0.15925925925925927 0.34739583333333335 0.1648148148148148 0.35 0.1712962962962963 0.3536458333333333 0.17314814814814813 0.3572916666666667 0.17962962962962964 0.3671875 0.18703703703703703 0.3703125 0.1935185185185185 0.3729166666666667 0.1935185185185185 0.3807291666666667 0.2074074074074074 0.40520833333333334 0.21203703703703702 0.41822916666666665 0.20462962962962963 0.421875 0.19814814814814816 0.42083333333333334 0.19444444444444445 0.42239583333333336 0.1935185185185185 0.42239583333333336 0.18981481481481483 0.4125 0.1787037037037037 0.4119791666666667 0.14166666666666666 0.41354166666666664 0.13796296296296295 0.41822916666666665 0.13703703703703704 0.4140625 0.13703703703703704 0.4140625 0.13148148148148148 0.41770833333333335 0.13055555555555556 0.41822916666666665 0.12777777777777777 0.415625 0.1259259259259259 0.4171875 0.12314814814814815 0.4125 0.11851851851851852 0.4109375 0.11296296296296296 0.4125 0.10925925925925926 0.40989583333333335 0.10092592592592593 0.4041666666666667 0.09537037037037037 0.40520833333333334 0.08703703703703704 0.4005208333333333 0.08333333333333333 0.39791666666666664 0.025 0.39166666666666666 0.005555555555555556 0.3729166666666667 0.007407407407407408 0.35572916666666665 0.002777777777777778 0.32916666666666666 0.005555555555555556 0.3182291666666667 0.004629629629629629 0.3125 0 0.21354166666666666 0 0.209375 0.007407407407407408
0 0.23958333333333334 0.5814814814814815 0.24010416666666667 0.5888888888888889 0.23645833333333333 0.5916666666666667 0.26875 0.7074074074074074 0.2682291666666667 0.7129629629629629 0.27395833333333336 0.7222222222222222 0.28072916666666664 0.7240740740740741 0.28177083333333336 0.7277777777777777 0.2875 0.7240740740740741 0.2916666666666667 0.7379629629629629 0.28541666666666665 0.7453703703703703 0.2953125 0.7537037037037037 0.296875 0.7601851851851852 0.2953125 0.762962962962963 0.2994791666666667 0.7731481481481481 0.3026041666666667 0.7768518518518519 0.30833333333333335 0.7731481481481481 0.309375 0.7777777777777778 0.3151041666666667 0.7796296296296297 0.34739583333333335 0.8268518518518518 0.34479166666666666 0.8527777777777777 0.34270833333333334 0.8555555555555555 0.34479166666666666 0.8657407407407407 0.3416666666666667 0.8694444444444445 0.35260416666666666 0.9 0.37916666666666665 0.9435185185185185 0.42552083333333335 0.9925925925925926 0.4328125 0.9990740740740741 0.653125 0.9990740740740741 0.65625 0.9944444444444445 0.6552083333333333 0.9861111111111112 0.6578125 0.9833333333333333 0.6453125 0.95 0.6442708333333333 0.9388888888888889 0.640625 0.9361111111111111 0.6411458333333333 0.925 0.6385416666666667 0.9194444444444444 0.6369791666666667 0.8981481481481481 0.63125 0.8768518518518519 0.63125 0.8694444444444445 0.6140625 0.8287037037037037 0.6026041666666667 0.8092592592592592 0.5932291666666667 0.7796296296296297 0.5828125 0.7611111111111111 0.5723958333333333 0.7342592592592593 0.5734375 0.725 0.5869791666666667 0.7064814814814815 0.5963541666666666 0.687962962962963 0.6234375 0.6583333333333333 0.6265625 0.649074074074074 0.6302083333333334 0.6509259259259259 0.6317708333333333 0.6462962962962963 0.6369791666666667 0.6453703703703704 0.6432291666666666 0.6370370370370371 0.6432291666666666 0.6333333333333333 0.6510416666666666 0.6231481481481481 0.6557291666666667 0.5907407407407408 0.6583333333333333 0.5879629629629629 0.6583333333333333 0.5675925925925925 0.65625 0.5638888888888889 0.6578125 0.5592592592592592 0.6552083333333333 0.5546296296296296 0.6536458333333334 0.5157407407407407 0.6510416666666666 0.5046296296296297 0.6453125 0.49722222222222223 0.6333333333333333 0.49722222222222223 0.6234375 0.487962962962963 0.6166666666666667 0.4564814814814815 0.6119791666666666 0.4462962962962963 0.6125 0.4388888888888889 0.5963541666666666 0.43703703703703706 0.5875 0.44166666666666665 0.584375 0.4388888888888889 0.5744791666666667 0.4425925925925926 0.5609375 0.4537037037037037 0.5572916666666666 0.45092592592592595 0.5541666666666667 0.45555555555555555 0.54375 0.45740740740740743 0.40729166666666666 0.44166666666666665 0.3640625 0.4185185185185185 0.35572916666666665 0.4185185185185185 0.3489583333333333 0.42407407407407405 0.3458333333333333 0.44166666666666665 0.34739583333333335 0.4462962962962963 0.3458333333333333 0.44907407407407407 0.34739583333333335 0.47314814814814815 0.346875 0.4898148148148148 0.3453125 0.49074074074074076 0.34791666666666665 0.5 0.34791666666666665 0.5101851851851852 0.3541666666666667 0.5231481481481481 0.36041666666666666 0.5268518518518519 0.36614583333333334 0.5398148148148149 0.37395833333333334 0.5481481481481482 0.37447916666666664 0.5574074074074075 0.3723958333333333 0.5601851851851852 0.3734375 0.5712962962962963 0.371875 0.5768518518518518 0.3625 0.5898148148148148 0.3578125 0.6027777777777777 0.34739583333333335 0.6194444444444445 0.34270833333333334 0.6435185185185185 0.33489583333333334 0.6611111111111111 0.33541666666666664 0.6712962962962963 0.3307291666666667 0.6842592592592592 0.3171875 0.6777777777777778 0.3151041666666667 0.6685185185185185 0.3177083333333333 0.6638888888888889 0.31302083333333336 0.6592592592592592 0.31197916666666664 0.65 0.30885416666666665 0.6481481481481481 0.3078125 0.6407407407407407 0.30625 0.6388888888888888 0.30364583333333334 0.6425925925925926 0.2994791666666667 0.6388888888888888 0.29010416666666666 0.6222222222222222 0.2755208333333333 0.6064814814814815 0.26197916666666665 0.5796296296296296 0.25885416666666666 0.5768518518518518 0.253125 0.5796296296296296 0.24791666666666667 0.5740740740740741