4 0.6333333333333333 0.6935185185185185 0.6510416666666666 0.7046296296296296 0.6640625 0.7064814814814815 0.6817708333333333 0.7222222222222222 0.6963541666666667 0.7240740740740741 0.70625 0.7314814814814815 0.7135416666666666 0.725 0.7234375 0.7101851851851851 0.7333333333333333 0.7092592592592593 0.7505208333333333 0.6981481481481482 0.7583333333333333 0.6962962962962963 0.7661458333333333 0.6990740740740741 0.7802083333333333 0.7129629629629629 0.8072916666666666 0.7268518518518519 0.8197916666666667 0.737037037037037 0.8791666666666667 0.8009259259259259 0.8947916666666667 0.8101851851851852 0.9411458333333333 0.8555555555555555 0.9692708333333333 0.8870370370370371 0.9880208333333333 0.9138888888888889 0.9927083333333333 0.924074074074074 0.9994791666666667 0.9296296296296296 0.9994791666666667 0.9935185185185185 0.9875 0.9962962962962963 0.9859375 0.9990740740740741 0.9078125 0.9990740740740741 0.9057291666666667 0.9962962962962963 0.8578125 0.9990740740740741 0.8494791666666667 0.9953703703703703 0.8291666666666667 0.9990740740740741 0.8119791666666667 0.9953703703703703 0.7609375 0.9944444444444445 0.7598958333333333 0.9805555555555555 0.75625 0.9694444444444444 0.740625 0.9435185185185185 0.7291666666666666 0.9314814814814815 0.728125 0.9212962962962963 0.7192708333333333 0.9064814814814814 0.7078125 0.9 0.6921875 0.8972222222222223 0.6807291666666667 0.8833333333333333 0.6677083333333333 0.8601851851851852 0.65 0.8555555555555555 0.6265625 0.8629629629629629 0.6041666666666666 0.862037037037037 0.6052083333333333 0.8583333333333333 0.6010416666666667 0.8444444444444444 0.584375 0.8157407407407408 0.5723958333333333 0.8 0.5703125 0.7851851851851852 0.5744791666666667 0.7648148148148148 0.5640625 0.7490740740740741 0.5635416666666667 0.7379629629629629 0.56875 0.7305555555555555 0.5791666666666667 0.7305555555555555 0.5854166666666667 0.7268518518518519 0.615625 0.6944444444444444 0.6328125 0.6935185185185185
4 0.28125 0 0.478125 0 0.4822916666666667 0.002777777777777778 0.5104166666666666 0.005555555555555556 0.5869791666666667 0 0.6046875 0.002777777777777778 0.6114583333333333 0.002777777777777778 0.6135416666666667 0 0.6328125 0 0.6354166666666666 0.002777777777777778 0.66875 0 0.6723958333333333 0.004629629629629629 0.6744791666666666 0.023148148148148147 0.6854166666666667 0.05740740740740741 0.6916666666666667 0.08703703703703704 0.7020833333333333 0.1398148148148148 0.7036458333333333 0.16296296296296298 0.7088541666666667 0.18518518518518517 0.7145833333333333 0.2324074074074074 0.7192708333333333 0.2537037037037037 0.7192708333333333 0.25925925925925924 0.7067708333333333 0.2824074074074074 0.6984375 0.3101851851851852 0.6973958333333333 0.33240740740740743 0.7005208333333334 0.35185185185185186 0.7005208333333334 0.36666666666666664 0.6979166666666666 0.37592592592592594 0.684375 0.40370370370370373 0.6760416666666667 0.4148148148148148 0.6744791666666666 0.4212962962962963 0.6692708333333334 0.42685185185185187 0.6645833333333333 0.425 0.6630208333333333 0.43333333333333335 0.6432291666666666 0.4648148148148148 0.6369791666666667 0.48333333333333334 0.6276041666666666 0.5592592592592592 0.5989583333333334 0.6166666666666667 0.5921875 0.6268518518518519 0.5854166666666667 0.6305555555555555 0.5744791666666667 0.6296296296296297 0.5635416666666667 0.6194444444444445 0.5567708333333333 0.5981481481481481 0.5567708333333333 0.5814814814814815 0.5645833333333333 0.5814814814814815 0.5604166666666667 0.5833333333333334 0.5598958333333334 0.5888888888888889 0.5614583333333333 0.5851851851851851 0.5645833333333333 0.5851851851851851 0.5838541666666667 0.5990740740740741 0.5885416666666666 0.5990740740740741 0.5958333333333333 0.5907407407407408 0.5958333333333333 0.5777777777777777 0.5984375 0.5675925925925925 0.5916666666666667 0.5527777777777778 0.5854166666666667 0.5472222222222223 0.5744791666666667 0.5481481481481482 0.5692708333333333 0.5444444444444444 0.5635416666666667 0.5333333333333333 0.5572916666666666 0.5046296296296297 0.5442708333333334 0.5175925925925926 0.5395833333333333 0.5481481481481482 0.5291666666666667 0.5574074074074075 0.5130208333333334 0.5648148148148148 0.4817708333333333 0.5638888888888889 0.48125 0.5574074074074075 0.475 0.5435185185185185 0.45989583333333334 0.5314814814814814 0.4432291666666667 0.5370370370370371 0.41822916666666665 0.5324074074074074 0.4041666666666667 0.5342592592592592 0.403125 0.5324074074074074 0.40625 0.5287037037037037 0.40572916666666664 0.524074074074074 0.40260416666666665 0.5194444444444445 0.3984375 0.5009259259259259 0.390625 0.4925925925925926 0.3885416666666667 0.48518518518518516 0.3802083333333333 0.47314814814814815 0.3770833333333333 0.46296296296296297 0.3770833333333333 0.45555555555555555 0.37135416666666665 0.44537037037037036 0.3697916666666667 0.43333333333333335 0.35520833333333335 0.40185185185185185 0.34322916666666664 0.39166666666666666 0.33177083333333335 0.39537037037037037 0.3260416666666667 0.40370370370370373 0.321875 0.4212962962962963 0.3151041666666667 0.43796296296296294 0.31614583333333335 0.4462962962962963 0.32395833333333335 0.4703703703703704 0.32916666666666666 0.4777777777777778 0.34791666666666665 0.5222222222222223 0.3515625 0.5361111111111111 0.35833333333333334 0.5453703703703704 0.35833333333333334 0.5527777777777778 0.3619791666666667 0.5657407407407408 0.3619791666666667 0.5805555555555556 0.35989583333333336 0.5907407407407408 0.36354166666666665 0.5953703703703703 0.39114583333333336 0.6111111111111112 0.4328125 0.6527777777777778 0.45364583333333336 0.6685185185185185 0.48020833333333335 0.6824074074074075 0.48802083333333335 0.6990740740740741 0.4895833333333333 0.7083333333333334 0.4942708333333333 0.712037037037037 0.5041666666666667 0.7342592592592593 0.5036458333333333 0.7509259259259259 0.5114583333333333 0.7638888888888888 0.5223958333333333 0.7731481481481481 0.5260416666666666 0.7796296296296297 0.5270833333333333 0.7981481481481482 0.5223958333333333 0.8064814814814815 0.5109375 0.8148148148148148 0.50625 0.8314814814814815 0.5005208333333333 0.8398148148148148 0.47291666666666665 0.8407407407407408 0.46145833333333336 0.8444444444444444 0.4484375 0.8537037037037037 0.42864583333333334 0.8546296296296296 0.4197916666666667 0.8462962962962963 0.4005208333333333 0.8194444444444444 0.37447916666666664 0.7731481481481481 0.36822916666666666 0.7666666666666667 0.359375 0.7620370370370371 0.3375 0.7648148148148148 0.3104166666666667 0.7305555555555555 0.2994791666666667 0.7425925925925926 0.28854166666666664 0.7481481481481481 0.2682291666666667 0.7425925925925926 0.2484375 0.7240740740740741 0.2453125 0.7027777777777777 0.24583333333333332 0.6777777777777778 0.2515625 0.675 0.25416666666666665 0.6648148148148149 0.246875 0.6574074074074074 0.24322916666666666 0.6425925925925926 0.24270833333333333 0.625 0.23802083333333332 0.6092592592592593 0.22708333333333333 0.6046296296296296 0.22395833333333334 0.5990740740740741 0.21979166666666666 0.5990740740740741 0.2203125 0.5953703703703703 0.2265625 0.5916666666666667 0.22239583333333332 0.5740740740740741 0.22395833333333334 0.5685185185185185 0.21666666666666667 0.5638888888888889 0.2109375 0.5555555555555556 0.21302083333333333 0.5472222222222223 0.209375 0.5259259259259259 0.18385416666666668 0.5175925925925926 0.1828125 0.5120370370370371 0.19322916666666667 0.5092592592592593 0.19427083333333334 0.5064814814814815 0.19270833333333334 0.5018518518518519 0.1890625 0.5009259259259259 0.19010416666666666 0.4981481481481482 0.18645833333333334 0.4935185185185185 0.18645833333333334 0.4842592592592593 0.18489583333333334 0.4824074074074074 0.171875 0.4824074074074074 0.16875 0.4925925925925926 0.16041666666666668 0.4925925925925926 0.15572916666666667 0.4888888888888889 0.1609375 0.4601851851851852 0.1640625 0.4564814814814815 0.16822916666666668 0.4361111111111111 0.17291666666666666 0.4324074074074074 0.19010416666666666 0.4305555555555556 0.20364583333333333 0.38425925925925924 0.20416666666666666 0.35648148148148145 0.19427083333333334 0.31851851851851853 0.19479166666666667 0.3055555555555556 0.2015625 0.26481481481481484 0.21927083333333333 0.2101851851851852 0.22291666666666668 0.16666666666666666 0.2421875 0.09814814814814815 0.25 0.05185185185185185 0.26979166666666665 0.012962962962962963 0.28125 0.000925925925925926
4 0.9614583333333333 0 0.9994791666666667 0 0.9994791666666667 0.2722222222222222 0.996875 0.2740740740740741 0.9973958333333334 0.29259259259259257 0.9994791666666667 0.2935185185185185 0.9994791666666667 0.32222222222222224 0.9973958333333334 0.32314814814814813 0.9958333333333333 0.3314814814814815 0.9958333333333333 0.3351851851851852 0.9994791666666667 0.33796296296296297 0.9994791666666667 0.6064814814814815 0.9973958333333334 0.6074074074074074 0.990625 0.6296296296296297 0.9854166666666667 0.6370370370370371 0.9755208333333333 0.6324074074074074 0.9630208333333333 0.6370370370370371 0.9598958333333333 0.6305555555555555 0.9625 0.6129629629629629 0.9609375 0.5944444444444444 0.9645833333333333 0.5851851851851851 0.9677083333333333 0.5546296296296296 0.9723958333333333 0.5425925925925926 0.9734375 0.5342592592592592 0.978125 0.525 0.98125 0.5101851851851852 0.9828125 0.48703703703703705 0.9807291666666667 0.462037037037037 0.9770833333333333 0.4666666666666667 0.9729166666666667 0.4666666666666667 0.9703125 0.46296296296296297 0.9703125 0.4564814814814815 0.9630208333333333 0.45740740740740743 0.925 0.475 0.9 0.4759259259259259 0.8984375 0.4787037037037037 0.8979166666666667 0.4842592592592593 0.909375 0.5416666666666666 0.9114583333333334 0.5916666666666667 0.9135416666666667 0.6111111111111112 0.9171875 0.6240740740740741 0.9145833333333333 0.6342592592592593 0.9041666666666667 0.6537037037037037 0.9010416666666666 0.6546296296296297 0.890625 0.6694444444444444 0.8833333333333333 0.6694444444444444 0.8796875 0.6657407407407407 0.8671875 0.6222222222222222 0.8609375 0.6092592592592593 0.8546875 0.5888888888888889 0.8520833333333333 0.549074074074074 0.8572916666666667 0.5185185185185185 0.8572916666666667 0.5037037037037037 0.8453125 0.4777777777777778 0.7526041666666666 0.4759259259259259 0.7453125 0.4740740740740741 0.7427083333333333 0.4703703703703704 0.7447916666666666 0.4564814814814815 0.7609375 0.4212962962962963 0.7723958333333333 0.38425925925925924 0.7776041666666667 0.33796296296296297 0.803125 0.26481481481481484 0.8078125 0.24166666666666667 0.8203125 0.2037037037037037 0.8270833333333333 0.1648148148148148 0.8401041666666667 0.10833333333333334 0.8546875 0.06759259259259259 0.86875 0.044444444444444446 0.9020833333333333 0.025925925925925925 0.9145833333333333 0.014814814814814815 0.9291666666666667 0.009259259259259259 0.9307291666666667 0.004629629629629629 0.9432291666666667 0.004629629629629629 0.9416666666666667 0.008333333333333333 0.9458333333333333 0.012037037037037037 0.9494791666666667 0.005555555555555556 0.9614583333333333 0.000925925925925926
1 0.559375 0.6277777777777778 0.5651041666666666 0.6333333333333333 0.5671875 0.6416666666666667 0.5734375 0.6416666666666667 0.578125 0.6481481481481481 0.5848958333333333 0.6675925925925926 0.5854166666666667 0.6814814814814815 0.5885416666666666 0.6851851851851852 0.59375 0.7092592592592593 0.5911458333333334 0.7166666666666667 0.5854166666666667 0.7231481481481481 0.565625 0.7287037037037037 0.5604166666666667 0.7407407407407407 0.5625 0.7564814814814815 0.5708333333333333 0.7685185185185185 0.5666666666666667 0.7796296296296297 0.5666666666666667 0.7944444444444444 0.5697916666666667 0.8027777777777778 0.5885416666666666 0.8296296296296296 0.5885416666666666 0.8342592592592593 0.5864583333333333 0.8361111111111111 0.58125 0.8361111111111111 0.578125 0.8324074074074074 0.5619791666666667 0.7981481481481482 0.53125 0.7805555555555556 0.5291666666666667 0.7759259259259259 0.5276041666666667 0.7462962962962963 0.5255208333333333 0.7398148148148148 0.5223958333333333 0.7351851851851852 0.5125 0.7305555555555555 0.5057291666666667 0.7203703703703703 0.5057291666666667 0.7111111111111111 0.5151041666666667 0.7064814814814815 0.5302083333333333 0.6777777777777778 0.5369791666666667 0.675 0.5401041666666667 0.6703703703703704 0.5432291666666667 0.6509259259259259 0.55 0.6324074074074074 0.5588541666666667 0.6277777777777778
0 0.7614583333333333 0.6972222222222222 0.76875 0.7 0.7890625 0.7185185185185186 0.80625 0.725925925925926 0.8203125 0.737037037037037 0.8791666666666667 0.8 0.8901041666666667 0.8064814814814815 0.9364583333333333 0.85 0.9625 0.8824074074074074 0.9739583333333334 0.8925925925925926 0.9994791666666667 0.9351851851851852 0.9994791666666667 0.9888888888888889 0.9953125 0.9953703703703703 0.971875 0.9962962962962963 0.9703125 0.9990740740740741 0.9682291666666667 0.9962962962962963 0.9630208333333333 0.9990740740740741 0.9614583333333333 0.9962962962962963 0.9463541666666667 0.9953703703703703 0.9302083333333333 0.9962962962962963 0.9286458333333333 0.9990740740740741 0.9265625 0.9962962962962963 0.9145833333333333 0.9990740740740741 0.9067708333333333 0.9953703703703703 0.8677083333333333 0.9990740740740741 0.8489583333333334 0.9944444444444445 0.6703125 0.9972222222222222 0.6609375 0.9935185185185185 0.6416666666666667 0.9990740740740741 0.6213541666666667 0.9962962962962963 0.5953125 0.9990740740740741 0.5921875 0.9962962962962963 0.5723958333333333 0.9944444444444445 0.5265625 0.9944444444444445 0.5260416666666666 0.9916666666666667 0.5328125 0.9805555555555555 0.5515625 0.9703703703703703 0.5609375 0.9694444444444444 0.5770833333333333 0.962037037037037 0.5916666666666667 0.962037037037037 0.596875 0.9657407407407408 0.6130208333333333 0.9657407407407408 0.615625 0.9629629629629629 0.6197916666666666 0.9527777777777777 0.61875 0.9416666666666667 0.609375 0.9222222222222223 0.5880208333333333 0.912962962962963 0.58125 0.9046296296296297 0.5838541666666667 0.8953703703703704 0.5979166666666667 0.8675925925925926 0.6067708333333334 0.8648148148148148 0.6197916666666666 0.8722222222222222 0.64375 0.8629629629629629 0.646875 0.8583333333333333 0.6442708333333333 0.8555555555555555 0.6296875 0.8555555555555555 0.6333333333333333 0.8518518518518519 0.6302083333333334 0.8490740740740741 0.63125 0.8472222222222222 0.6390625 0.85 0.6484375 0.8472222222222222 0.6494791666666667 0.8481481481481481 0.646875 0.8518518518518519 0.6494791666666667 0.8564814814814815 0.6630208333333333 0.8564814814814815 0.6651041666666667 0.8601851851851852 0.6708333333333333 0.862037037037037 0.6723958333333333 0.8592592592592593 0.6713541666666667 0.8564814814814815 0.6604166666666667 0.8527777777777777 0.6604166666666667 0.85 0.6682291666666667 0.850925925925926 0.6692708333333334 0.8444444444444444 0.6567708333333333 0.8490740740740741 0.6588541666666666 0.8453703703703703 0.65625 0.8416666666666667 0.6645833333333333 0.8333333333333334 0.6734375 0.8333333333333334 0.675 0.8361111111111111 0.6755208333333333 0.8314814814814815 0.6802083333333333 0.8268518518518518 0.6817708333333333 0.8203703703703704 0.6854166666666667 0.8203703703703704 0.6895833333333333 0.812962962962963 0.6901041666666666 0.7962962962962963 0.6885416666666667 0.787962962962963 0.690625 0.7824074074074074 0.6859375 0.7787037037037037 0.6932291666666667 0.7722222222222223 0.69375 0.7620370370370371 0.7036458333333333 0.7407407407407407 0.7020833333333333 0.7333333333333333 0.7234375 0.7083333333333334 0.7369791666666666 0.7064814814814815 0.7510416666666667 0.6972222222222222 0.7609375 0.6972222222222222
0 0.6276041666666666 0.6935185185185185 0.6427083333333333 0.6990740740740741 0.6515625 0.7064814814814815 0.6661458333333333 0.7074074074074074 0.675 0.7175925925925926 0.6921875 0.7268518518518519 0.6890625 0.7342592592592593 0.6828125 0.7305555555555555 0.6770833333333334 0.7333333333333333 0.6744791666666666 0.7379629629629629 0.6791666666666667 0.7444444444444445 0.6791666666666667 0.7481481481481481 0.6734375 0.7481481481481481 0.6713541666666667 0.7537037037037037 0.6661458333333333 0.7537037037037037 0.6583333333333333 0.7509259259259259 0.6640625 0.7481481481481481 0.6583333333333333 0.7444444444444445 0.634375 0.7444444444444445 0.6328125 0.7472222222222222 0.6385416666666667 0.7342592592592593 0.6369791666666667 0.725925925925926 0.6270833333333333 0.7231481481481481 0.6322916666666667 0.7212962962962963 0.6317708333333333 0.7185185185185186 0.6276041666666666 0.7185185185185186 0.6255208333333333 0.7231481481481481 0.621875 0.7240740740740741 0.6161458333333333 0.7175925925925926 0.609375 0.7175925925925926 0.60625 0.7212962962962963 0.6020833333333333 0.7175925925925926 0.6005208333333333 0.7231481481481481 0.6015625 0.7287037037037037 0.609375 0.7277777777777777 0.6078125 0.7231481481481481 0.6140625 0.7222222222222222 0.6161458333333333 0.7296296296296296 0.6239583333333333 0.7305555555555555 0.6265625 0.7342592592592593 0.6291666666666667 0.7546296296296297 0.6369791666666667 0.7611111111111111 0.6729166666666667 0.7555555555555555 0.6791666666666667 0.7620370370370371 0.6859375 0.7592592592592593 0.6854166666666667 0.7564814814814815 0.6817708333333333 0.7564814814814815 0.6807291666666667 0.75 0.6848958333333334 0.7546296296296297 0.6890625 0.7546296296296297 0.6921875 0.7601851851851852 0.7 0.7481481481481481 0.7020833333333333 0.7407407407407407 0.7020833333333333 0.7305555555555555 0.7098958333333333 0.725 0.721875 0.7092592592592593 0.7380208333333333 0.7055555555555556 0.753125 0.6962962962962963 0.7661458333333333 0.6981481481481482 0.7822916666666667 0.7138888888888889 0.8067708333333333 0.725925925925926 0.81875 0.7351851851851852 0.878125 0.7981481481481482 0.8932291666666666 0.8083333333333333 0.9375 0.850925925925926 0.9630208333333333 0.8824074074074074 0.9734375 0.8916666666666667 0.9875 0.912962962962963 0.9994791666666667 0.9361111111111111 0.9994791666666667 0.9944444444444445 0.9807291666666667 0.9953703703703703 0.9770833333333333 0.9990740740740741 0.9744791666666667 0.9962962962962963 0.971875 0.9990740740740741 0.9619791666666667 0.9990740740740741 0.9604166666666667 0.9962962962962963 0.9572916666666667 0.9990740740740741 0.9479166666666666 0.9962962962962963 0.9135416666666667 0.9990740740740741 0.9052083333333333 0.9953703703703703 0.859375 0.9990740740740741 0.8552083333333333 0.9953703703703703 0.83125 0.9972222222222222 0.8109375 0.9944444444444445 0.6739583333333333 0.9972222222222222 0.6567708333333333 0.9944444444444445 0.63125 0.9990740740740741 0.6270833333333333 0.9962962962962963 0.5239583333333333 0.9944444444444445 0.525 0.9888888888888889 0.5291666666666667 0.9833333333333333 0.5411458333333333 0.9740740740740741 0.5473958333333333 0.9740740740740741 0.5510416666666667 0.9703703703703703 0.5770833333333333 0.962037037037037 0.6130208333333333 0.9657407407407408 0.61875 0.9574074074074074 0.6203125 0.9518518518518518 0.6182291666666667 0.9388888888888889 0.6098958333333333 0.9222222222222223 0.5854166666666667 0.9111111111111111 0.5822916666666667 0.9064814814814814 0.5817708333333333 0.9009259259259259 0.6 0.8657407407407407 0.6057291666666667 0.8638888888888889 0.6197916666666666 0.8731481481481481 0.6421875 0.8638888888888889 0.6463541666666667 0.8592592592592593 0.6229166666666667 0.8555555555555555 0.6260416666666667 0.8518518518518519 0.6260416666666667 0.8481481481481481 0.6239583333333333 0.8435185185185186 0.6182291666666667 0.8407407407407408 0.6161458333333333 0.8342592592592593 0.6182291666666667 0.8296296296296296 0.6177083333333333 0.8240740740740741 0.6135416666666667 0.8175925925925925 0.6057291666666667 0.8231481481481482 0.6041666666666666 0.8138888888888889 0.6057291666666667 0.8101851851851852 0.6020833333333333 0.8009259259259259 0.6015625 0.8064814814814815 0.5989583333333334 0.8101851851851852 0.6005208333333333 0.8148148148148148 0.5984375 0.8203703703703704 0.5958333333333333 0.8212962962962963 0.590625 0.8203703703703704 0.5854166666666667 0.8101851851851852 0.5765625 0.8037037037037037 0.5744791666666667 0.7981481481481482 0.5822916666666667 0.799074074074074 0.5848958333333333 0.8055555555555556 0.5880208333333333 0.8046296296296296 0.590625 0.7972222222222223 0.59375 0.8009259259259259 0.5989583333333334 0.8009259259259259 0.5947916666666667 0.7925925925925926 0.6020833333333333 0.7916666666666666 0.603125 0.787962962962963 0.5901041666666667 0.7861111111111111 0.5979166666666667 0.7824074074074074 0.5901041666666667 0.7777777777777778 0.5880208333333333 0.7675925925925926 0.5807291666666666 0.7675925925925926 0.5776041666666667 0.7611111111111111 0.5630208333333333 0.7472222222222222 0.5645833333333333 0.7453703703703703 0.5697916666666667 0.75 0.5744791666666667 0.7490740740740741 0.5703125 0.7407407407407407 0.5765625 0.7398148148148148 0.5828125 0.7342592592592593 0.5989583333333334 0.7111111111111111 0.6104166666666667 0.7027777777777777 0.615625 0.6953703703703704 0.6270833333333333 0.6935185185185185
0 0.6635416666666667 0.8601851851851852 0.66875 0.8657407407407407 0.671875 0.8814814814814815 0.6994791666666667 0.9111111111111111 0.7015625 0.9203703703703704 0.7140625 0.9231481481481482 0.7307291666666667 0.9361111111111111 0.7515625 0.9629629629629629 0.7635416666666667 0.9944444444444445 0.7385416666666667 0.9990740740740741 0.7265625 0.9953703703703703 0.70625 0.9990740740740741 0.6895833333333333 0.9962962962962963 0.6713541666666667 0.9990740740740741 0.6682291666666667 0.9944444444444445 0.6567708333333333 0.9953703703703703 0.6515625 0.9990740740740741 0.5838541666666667 0.9990740740740741 0.5723958333333333 0.9953703703703703 0.5364583333333334 0.9972222222222222 0.5270833333333333 0.9944444444444445 0.5296875 0.9833333333333333 0.5479166666666667 0.9703703703703703 0.5625 0.9685185185185186 0.5802083333333333 0.9601851851851851 0.6135416666666667 0.9657407407407408 0.6182291666666667 0.9592592592592593 0.6192708333333333 0.9425925925925925 0.6104166666666667 0.925 0.58125 0.9074074074074074 0.58125 0.8981481481481481 0.5880208333333333 0.8805555555555555 0.5984375 0.8638888888888889 0.6244791666666667 0.8703703703703703 0.653125 0.8583333333333333 0.6630208333333333 0.8601851851851852
0 0.6635416666666667 0.8601851851851852 0.66875 0.8657407407407407 0.671875 0.8814814814814815 0.6932291666666667 0.9074074074074074 0.6994791666666667 0.9111111111111111 0.7010416666666667 0.9194444444444444 0.715625 0.9231481481481482 0.7411458333333333 0.9472222222222222 0.7536458333333333 0.9666666666666667 0.765625 0.9944444444444445 0.7625 0.9990740740740741 0.7322916666666667 0.9990740740740741 0.7265625 0.9962962962962963 0.7182291666666667 0.9962962962962963 0.7166666666666667 0.9990740740740741 0.6692708333333334 0.9990740740740741 0.6682291666666667 0.9962962962962963 0.6645833333333333 0.9990740740740741 0.6609375 0.9962962962962963 0.6546875 0.9990740740740741 0.5796875 0.9990740740740741 0.5755208333333334 0.9962962962962963 0.5291666666666667 0.9990740740740741 0.5255208333333333 0.9962962962962963 0.5244791666666667 0.9944444444444445 0.5260416666666666 0.9888888888888889 0.5296875 0.9824074074074074 0.5458333333333333 0.9703703703703703 0.5604166666666667 0.9685185185185186 0.5807291666666666 0.9592592592592593 0.6125 0.9657407407407408 0.6182291666666667 0.9583333333333334 0.61875 0.9425925925925925 0.6104166666666667 0.9259259259259259 0.6057291666666667 0.9203703703703704 0.58125 0.9083333333333333 0.5817708333333333 0.8981481481481481 0.5984375 0.8648148148148148 0.6057291666666667 0.8638888888888889 0.6166666666666667 0.8703703703703703 0.6239583333333333 0.8703703703703703 0.65 0.8592592592592593 0.6630208333333333 0.8601851851851852
3 0.6307291666666667 0.6916666666666667 0.6375 0.6935185185185185 0.6510416666666666 0.7037037037037037 0.6645833333333333 0.7064814814814815 0.6765625 0.7194444444444444 0.7005208333333334 0.725925925925926 0.7041666666666667 0.7305555555555555 0.7041666666666667 0.737037037037037 0.6947916666666667 0.7638888888888888 0.690625 0.7888888888888889 0.6890625 0.812037037037037 0.6713541666666667 0.8592592592592593 0.6541666666666667 0.8537037037037037 0.621875 0.8648148148148148 0.6052083333333333 0.8583333333333333 0.5885416666666666 0.8240740740740741 0.5703125 0.799074074074074 0.56875 0.7861111111111111 0.5734375 0.7675925925925926 0.5640625 0.7564814814814815 0.5614583333333333 0.7425925925925926 0.5661458333333333 0.7305555555555555 0.5859375 0.725925925925926 0.6130208333333333 0.6953703703703704 0.6302083333333334 0.6916666666666667
3 0.64375 0.37037037037037035 0.6526041666666667 0.37592592592592594 0.6614583333333334 0.39814814814814814 0.6614583333333334 0.43148148148148147 0.6427083333333333 0.46574074074074073 0.6385416666666667 0.4777777777777778 0.6296875 0.5574074074074075 0.6020833333333333 0.6148148148148148 0.5927083333333333 0.6296296296296297 0.5807291666666666 0.6351851851851852 0.5697916666666667 0.6333333333333333 0.5598958333333334 0.6222222222222222 0.5505208333333333 0.5851851851851851 0.5520833333333334 0.5740740740740741 0.5609375 0.5722222222222222 0.5708333333333333 0.5851851851851851 0.584375 0.5935185185185186 0.5921875 0.5898148148148148 0.5947916666666667 0.5740740740740741 0.5932291666666667 0.5601851851851852 0.5885416666666666 0.5509259259259259 0.5838541666666667 0.549074074074074 0.5739583333333333 0.5518518518518518 0.5697916666666667 0.5481481481481482 0.5598958333333334 0.5268518518518519 0.5578125 0.5111111111111111 0.5640625 0.4898148148148148 0.5708333333333333 0.4824074074074074 0.5734375 0.46574074074074073 0.5776041666666667 0.4537037037037037 0.5848958333333333 0.44074074074074077 0.5984375 0.42592592592592593 0.6010416666666667 0.4287037037037037 0.6 0.44907407407407407 0.5875 0.5083333333333333 0.5880208333333333 0.5120370370370371 0.5932291666666667 0.5101851851851852 0.6015625 0.49074074074074076 0.6072916666666667 0.4564814814814815 0.6072916666666667 0.44722222222222224 0.6098958333333333 0.44351851851851853 0.6177083333333333 0.41574074074074074 0.6229166666666667 0.3888888888888889 0.6364583333333333 0.37777777777777777 0.6375 0.37592592592592594 0.6348958333333333 0.3731481481481482 0.6432291666666666 0.3712962962962963
3 0.9875 0.4935185185185185 0.9994791666666667 0.4981481481481482 0.9994791666666667 0.6064814814814815 0.9963541666666667 0.6101851851851852 0.9895833333333334 0.6333333333333333 0.9838541666666667 0.6398148148148148 0.9770833333333333 0.6324074074074074 0.9645833333333333 0.6398148148148148 0.959375 0.6388888888888888 0.9630208333333333 0.6166666666666667 0.9625 0.5925925925925926 0.9666666666666667 0.5592592592592592 0.9833333333333333 0.5 0.9869791666666666 0.49444444444444446
3 0.5380208333333333 0.7870370370370371 0.5619791666666667 0.8027777777777778 0.5776041666666667 0.8361111111111111 0.5791666666666667 0.8472222222222222 0.5765625 0.8870370370370371 0.5786458333333333 0.9111111111111111 0.58125 0.9148148148148149 0.5927083333333333 0.9175925925925926 0.60625 0.9259259259259259 0.6161458333333333 0.9425925925925925 0.6171875 0.9527777777777777 0.6161458333333333 0.9583333333333334 0.6130208333333333 0.9611111111111111 0.5796875 0.9555555555555556 0.5635416666666667 0.9629629629629629 0.55 0.9629629629629629 0.53125 0.975 0.5182291666666666 0.9944444444444445 0.5114583333333333 0.9990740740740741 0.48020833333333335 0.9990740740740741 0.47239583333333335 0.9722222222222222 0.45260416666666664 0.924074074074074 0.4510416666666667 0.9101851851851852 0.4578125 0.8953703703703704 0.46875 0.8888888888888888 0.47604166666666664 0.8777777777777778 0.484375 0.8611111111111112 0.484375 0.85 0.5026041666666666 0.8444444444444444 0.5098958333333333 0.8342592592592593 0.515625 0.8157407407407408 0.5229166666666667 0.8101851851851852 0.528125 0.8018518518518518 0.5317708333333333 0.787962962962963 0.5375 0.7870370370370371
3 0.3385416666666667 0.5851851851851851 0.3453125 0.5861111111111111 0.375 0.6018518518518519 0.39479166666666665 0.6157407407407407 0.409375 0.6324074074074074 0.44583333333333336 0.6620370370370371 0.48125 0.6796296296296296 0.5041666666666667 0.7268518518518519 0.5182291666666666 0.7379629629629629 0.5182291666666666 0.7416666666666667 0.5135416666666667 0.7444444444444445 0.5151041666666667 0.7481481481481481 0.51875 0.7462962962962963 0.5197916666666667 0.7407407407407407 0.5223958333333333 0.7407407407407407 0.521875 0.7546296296296297 0.5119791666666667 0.7546296296296297 0.5104166666666666 0.7592592592592593 0.5114583333333333 0.762962962962963 0.5244791666666667 0.774074074074074 0.528125 0.7861111111111111 0.5270833333333333 0.8 0.5223958333333333 0.8074074074074075 0.5119791666666667 0.8157407407407408 0.5083333333333333 0.8305555555555556 0.5010416666666667 0.8416666666666667 0.46979166666666666 0.8425925925925926 0.453125 0.8546296296296296 0.4317708333333333 0.8564814814814815 0.42083333333333334 0.8481481481481481 0.4005208333333333 0.8212962962962963 0.37395833333333334 0.7722222222222223 0.36875 0.7666666666666667 0.35885416666666664 0.7620370370370371 0.3421875 0.7657407407407407 0.33489583333333334 0.762962962962963 0.3177083333333333 0.7407407407407407 0.3125 0.7305555555555555 0.3 0.6916666666666667 0.3 0.6833333333333333 0.30625 0.6648148148148149 0.3125 0.6537037037037037 0.3140625 0.6398148148148148 0.32447916666666665 0.6064814814814815 0.33125 0.5925925925925926 0.3385416666666667 0.5861111111111111
3 0.8828125 0.4537037037037037 0.890625 0.45925925925925926 0.9057291666666667 0.5138888888888888 0.9098958333333333 0.5509259259259259 0.9119791666666667 0.5953703703703703 0.9166666666666666 0.6259259259259259 0.9151041666666667 0.6370370370370371 0.9067708333333333 0.6518518518518519 0.9 0.6564814814814814 0.8875 0.6787037037037037 0.8776041666666666 0.675 0.875 0.6712962962962963 0.8723958333333334 0.6425925925925926 0.8541666666666666 0.5898148148148148 0.8515625 0.5657407407407408 0.8515625 0.5453703703703704 0.8578125 0.5166666666666667 0.8567708333333334 0.4888888888888889 0.8583333333333333 0.48148148148148145 0.8729166666666667 0.45555555555555555 0.8822916666666667 0.4537037037037037