4 0.1890625 0.3527777777777778 0.18854166666666666 0.36666666666666664 0.19322916666666667 0.38981481481481484 0.19322916666666667 0.4388888888888889 0.19010416666666666 0.45092592592592595 0.18854166666666666 0.4787037037037037 0.19322916666666667 0.5388888888888889 0.19635416666666666 0.55 0.19895833333333332 0.5527777777777778 0.2 0.5611111111111111 0.21197916666666666 0.5805555555555556 0.21302083333333333 0.5879629629629629 0.24427083333333333 0.6351851851851852 0.25052083333333336 0.6398148148148148 0.2557291666666667 0.6509259259259259 0.25729166666666664 0.6574074074074074 0.25625 0.6638888888888889 0.24895833333333334 0.6759259259259259 0.24427083333333333 0.6777777777777778 0.24739583333333334 0.6898148148148148 0.24791666666666667 0.7027777777777777 0.2520833333333333 0.712037037037037 0.26875 0.7296296296296296 0.2755208333333333 0.7324074074074074 0.29375 0.7324074074074074 0.3171875 0.7148148148148148 0.3390625 0.7388888888888889 0.37395833333333334 0.7388888888888889 0.4010416666666667 0.7842592592592592 0.4265625 0.8138888888888889 0.4375 0.8212962962962963 0.44947916666666665 0.8231481481481482 0.45416666666666666 0.8277777777777777 0.4630208333333333 0.8277777777777777 0.4671875 0.8231481481481482 0.46875 0.8138888888888889 0.4786458333333333 0.8092592592592592 0.4869791666666667 0.7981481481481482 0.5015625 0.7962962962962963 0.5119791666666667 0.774074074074074 0.51875 0.7759259259259259 0.5234375 0.7712962962962963 0.5270833333333333 0.7620370370370371 0.5291666666666667 0.7481481481481481 0.5265625 0.737037037037037 0.5177083333333333 0.7212962962962963 0.5015625 0.7101851851851851 0.48489583333333336 0.6824074074074075 0.4822916666666667 0.6814814814814815 0.48072916666666665 0.6759259259259259 0.47708333333333336 0.6731481481481482 0.47239583333333335 0.6601851851851852 0.465625 0.6509259259259259 0.45364583333333336 0.6416666666666667 0.44427083333333334 0.6388888888888888 0.43645833333333334 0.6305555555555555 0.45677083333333335 0.5777777777777777 0.45989583333333334 0.5805555555555556 0.4609375 0.5777777777777777 0.46875 0.5777777777777777 0.475 0.5740740740740741 0.49375 0.5731481481481482 0.49895833333333334 0.5675925925925925 0.5020833333333333 0.5592592592592592 0.5171875 0.5416666666666666 0.5291666666666667 0.5527777777777778 0.5322916666666667 0.5805555555555556 0.5390625 0.5935185185185186 0.5421875 0.5935185185185186 0.5458333333333333 0.5981481481481481 0.55625 0.5981481481481481 0.5583333333333333 0.5944444444444444 0.565625 0.5916666666666667 0.571875 0.5805555555555556 0.5817708333333333 0.5509259259259259 0.5854166666666667 0.5462962962962963 0.5890625 0.5324074074074074 0.59375 0.5231481481481481 0.5947916666666667 0.49444444444444446 0.6005208333333333 0.44907407407407407 0.6104166666666667 0.4305555555555556 0.61875 0.4027777777777778 0.6234375 0.3962962962962963 0.6307291666666667 0.39351851851851855 0.6359375 0.3851851851851852 0.6432291666666666 0.3648148148148148 0.64375 0.34444444444444444 0.6390625 0.3296296296296296 0.6380208333333334 0.31574074074074077 0.64375 0.2916666666666667 0.6489583333333333 0.28055555555555556 0.6536458333333334 0.25462962962962965 0.6494791666666667 0.23796296296296296 0.6432291666666666 0.1962962962962963 0.6395833333333333 0.18796296296296297 0.6369791666666667 0.1712962962962963 0.6265625 0.14166666666666666 0.6229166666666667 0.11388888888888889 0.609375 0.06944444444444445 0.6 0.05185185185185185 0.5953125 0.03611111111111111 0.5911458333333334 0.002777777777777778 0.5791666666666667 0.002777777777777778 0.5760416666666667 0 0.5557291666666667 0 0.5494791666666666 0.002777777777777778 0.5354166666666667 0.002777777777777778 0.5322916666666667 0 0.3458333333333333 0 0.3380208333333333 0.002777777777777778 0.33489583333333334 0 0.32760416666666664 0 0.31927083333333334 0.005555555555555556 0.30416666666666664 0.025 0.29322916666666665 0.032407407407407406 0.278125 0.05555555555555555 0.26510416666666664 0.06851851851851852 0.2557291666666667 0.08888888888888889 0.2515625 0.09166666666666666 0.2484375 0.10092592592592593 0.2375 0.11666666666666667 0.23229166666666667 0.13240740740740742 0.2296875 0.1574074074074074 0.2265625 0.1638888888888889 0.22447916666666667 0.17592592592592593 0.2203125 0.18611111111111112 0.21875 0.19814814814814816 0.2125 0.21666666666666667 0.20989583333333334 0.2388888888888889 0.209375 0.2638888888888889 0.19947916666666668 0.30092592592592593 0.19375 0.31574074074074077 0.19166666666666668 0.3416666666666667 0.1890625 0.3527777777777778
4 0.40208333333333335 0.9731481481481481 0.4015625 0.9935185185185185 0.4036458333333333 0.9981481481481481 0.46145833333333336 0.9981481481481481 0.46822916666666664 0.9935185185185185 0.4703125 0.987037037037037 0.478125 0.9888888888888889 0.4822916666666667 0.9981481481481481 0.4984375 0.9981481481481481 0.5010416666666667 0.9935185185185185 0.4984375 0.9731481481481481 0.484375 0.9398148148148148 0.47239583333333335 0.9203703703703704 0.4765625 0.9120370370370371 0.4859375 0.9092592592592592 0.5005208333333333 0.8981481481481481 0.503125 0.8935185185185185 0.503125 0.8851851851851852 0.4984375 0.8759259259259259 0.4822916666666667 0.8712962962962963 0.4744791666666667 0.862037037037037 0.46979166666666666 0.8601851851851852 0.4552083333333333 0.862037037037037 0.4375 0.8712962962962963 0.4125 0.9055555555555556 0.40677083333333336 0.9268518518518518 0.40208333333333335 0.9731481481481481
4 0.5822916666666667 0.8824074074074074 0.58125 0.9101851851851852 0.5927083333333333 0.9407407407407408 0.6041666666666666 0.9490740740740741 0.6317708333333333 0.987037037037037 0.64375 0.9981481481481481 0.7895833333333333 0.9981481481481481 0.7864583333333334 0.987037037037037 0.7791666666666667 0.975925925925926 0.7666666666666667 0.9731481481481481 0.7541666666666667 0.9777777777777777 0.7416666666666667 0.9601851851851851 0.7270833333333333 0.950925925925926 0.7135416666666666 0.9351851851851852 0.69375 0.9009259259259259 0.6770833333333334 0.8842592592592593 0.6661458333333333 0.8638888888888889 0.64375 0.8416666666666667 0.6364583333333333 0.8388888888888889 0.6057291666666667 0.8398148148148148 0.6005208333333333 0.8435185185185186 0.5885416666666666 0.8638888888888889 0.5822916666666667 0.8824074074074074
1 0.5255208333333333 0.6138888888888889 0.5213541666666667 0.6324074074074074 0.5192708333333333 0.6675925925925926 0.5119791666666667 0.6685185185185185 0.5078125 0.6731481481481482 0.5072916666666667 0.6805555555555556 0.5041666666666667 0.6888888888888889 0.4979166666666667 0.6935185185185185 0.5072916666666667 0.7101851851851851 0.5197916666666667 0.7166666666666667 0.5296875 0.7351851851851852 0.53125 0.7398148148148148 0.53125 0.7592592592592593 0.5265625 0.775 0.5286458333333334 0.7824074074074074 0.5515625 0.7935185185185185 0.5671875 0.7916666666666666 0.5770833333333333 0.7796296296296297 0.5828125 0.7685185185185185 0.58125 0.7481481481481481 0.5776041666666667 0.7361111111111112 0.5859375 0.7101851851851851 0.5869791666666667 0.700925925925926 0.5729166666666666 0.6703703703703704 0.56875 0.6675925925925926 0.565625 0.6462962962962963 0.5598958333333334 0.6324074074074074 0.5526041666666667 0.6277777777777778 0.55 0.6388888888888888 0.5453125 0.6324074074074074 0.5447916666666667 0.6166666666666667 0.5421875 0.6055555555555555 0.5322916666666667 0.6055555555555555 0.5255208333333333 0.6138888888888889
1 0.4588541666666667 0.8462962962962963 0.4588541666666667 0.8555555555555555 0.4713541666666667 0.8555555555555555 0.48072916666666665 0.8592592592592593 0.49114583333333334 0.8481481481481481 0.49270833333333336 0.8398148148148148 0.4859375 0.825925925925926 0.48072916666666665 0.8194444444444444 0.4765625 0.8194444444444444 0.46822916666666664 0.837037037037037 0.4630208333333333 0.8388888888888889 0.4588541666666667 0.8462962962962963
1 0.5255208333333333 0.6138888888888889 0.5213541666666667 0.6305555555555555 0.5192708333333333 0.6601851851851852 0.5067708333333333 0.6712962962962963 0.5 0.687037037037037 0.4942708333333333 0.6916666666666667 0.5067708333333333 0.7101851851851851 0.5166666666666667 0.7138888888888889 0.5208333333333334 0.7185185185185186 0.525 0.7296296296296296 0.5291666666666667 0.7342592592592593 0.53125 0.7425925925925926 0.53125 0.7555555555555555 0.5260416666666666 0.774074074074074 0.5265625 0.7805555555555556 0.5328125 0.7870370370370371 0.54375 0.7888888888888889 0.5505208333333333 0.7935185185185185 0.565625 0.7935185185185185 0.5786458333333333 0.7777777777777778 0.5833333333333334 0.7685185185185185 0.5833333333333334 0.7601851851851852 0.578125 0.7361111111111112 0.5828125 0.7175925925925926 0.5864583333333333 0.7101851851851851 0.5869791666666667 0.6990740740740741 0.571875 0.6685185185185185 0.56875 0.6675925925925926 0.5661458333333333 0.6481481481481481 0.5598958333333334 0.6324074074074074 0.5536458333333333 0.6277777777777778 0.5505208333333333 0.6407407407407407 0.5453125 0.6324074074074074 0.5447916666666667 0.6148148148148148 0.5421875 0.6055555555555555 0.5322916666666667 0.6055555555555555 0.5255208333333333 0.6138888888888889
3 0.4041666666666667 0.9518518518518518 0.40208333333333335 0.9824074074074074 0.403125 0.9981481481481481 0.4625 0.9981481481481481 0.46927083333333336 0.9851851851851852 0.478125 0.9805555555555555 0.48072916666666665 0.9805555555555555 0.4822916666666667 0.9842592592592593 0.48072916666666665 0.9916666666666667 0.4822916666666667 0.9981481481481481 0.49947916666666664 0.9981481481481481 0.5 0.9824074074074074 0.496875 0.9666666666666667 0.4890625 0.9546296296296296 0.48020833333333335 0.9324074074074075 0.4734375 0.9231481481481482 0.4713541666666667 0.9231481481481482 0.4703125 0.9194444444444444 0.47604166666666664 0.9120370370370371 0.484375 0.9092592592592592 0.5 0.8981481481481481 0.5020833333333333 0.8898148148148148 0.5015625 0.8842592592592593 0.496875 0.8759259259259259 0.4796875 0.8712962962962963 0.4739583333333333 0.862037037037037 0.46979166666666666 0.8601851851851852 0.46145833333333336 0.8601851851851852 0.4401041666666667 0.8694444444444445 0.43125 0.8777777777777778 0.4119791666666667 0.9074074074074074 0.40729166666666666 0.9259259259259259 0.4041666666666667 0.9518518518518518
3 0.5817708333333333 0.8870370370370371 0.58125 0.9074074074074074 0.5828125 0.9166666666666666 0.5911458333333334 0.9333333333333333 0.6010416666666667 0.9462962962962963 0.609375 0.9527777777777777 0.6328125 0.987037037037037 0.6375 0.9888888888888889 0.6447916666666667 0.9981481481481481 0.7458333333333333 0.9981481481481481 0.7484375 0.9962962962962963 0.753125 0.9851851851851852 0.7515625 0.9777777777777777 0.7427083333333333 0.962037037037037 0.73125 0.9555555555555556 0.7197916666666667 0.9435185185185185 0.6859375 0.8916666666666667 0.6760416666666667 0.8851851851851852 0.6677083333333333 0.8666666666666667 0.6541666666666667 0.850925925925926 0.6427083333333333 0.8416666666666667 0.6328125 0.8388888888888889 0.6104166666666667 0.8388888888888889 0.6010416666666667 0.8435185185185186 0.5953125 0.850925925925926 0.59375 0.8574074074074074 0.5848958333333333 0.8731481481481481 0.5817708333333333 0.8870370370370371
3 0.3067708333333333 0.6574074074074074 0.30625 0.675 0.3104166666666667 0.6824074074074075 0.3140625 0.7055555555555556 0.3203125 0.7185185185185186 0.33177083333333335 0.7277777777777777 0.340625 0.7388888888888889 0.37447916666666664 0.7388888888888889 0.3963541666666667 0.7777777777777778 0.4078125 0.7935185185185185 0.43125 0.8185185185185185 0.45 0.8305555555555556 0.4583333333333333 0.8342592592592593 0.4661458333333333 0.8305555555555556 0.4703125 0.8148148148148148 0.4796875 0.812037037037037 0.4822916666666667 0.8055555555555556 0.4875 0.8 0.5010416666666667 0.7981481481481482 0.5052083333333334 0.7935185185185185 0.50625 0.7861111111111111 0.5114583333333333 0.7759259259259259 0.5223958333333333 0.7759259259259259 0.5291666666666667 0.7592592592592593 0.5286458333333334 0.7388888888888889 0.5182291666666666 0.7185185185185186 0.5072916666666667 0.7138888888888889 0.5 0.7055555555555556 0.4666666666666667 0.6509259259259259 0.45416666666666666 0.6416666666666667 0.4453125 0.6388888888888888 0.42239583333333336 0.6166666666666667 0.3729166666666667 0.5824074074074074 0.34427083333333336 0.5777777777777777 0.3328125 0.5805555555555556 0.32708333333333334 0.5898148148148148 0.3234375 0.6046296296296296 0.31979166666666664 0.612037037037037 0.31614583333333335 0.6370370370370371 0.31302083333333336 0.6398148148148148 0.3067708333333333 0.6574074074074074
3 0.5276041666666667 0.4962962962962963 0.5291666666666667 0.5027777777777778 0.5421875 0.5231481481481481 0.5395833333333333 0.5481481481481482 0.5291666666666667 0.5481481481481482 0.5260416666666666 0.5555555555555556 0.5322916666666667 0.587037037037037 0.5390625 0.5981481481481481 0.5494791666666666 0.6027777777777777 0.5609375 0.6 0.5677083333333334 0.5935185185185186 0.59375 0.5259259259259259 0.6 0.45185185185185184 0.609375 0.4324074074074074 0.6151041666666667 0.40925925925925927 0.6125 0.38055555555555554 0.609375 0.3712962962962963 0.6 0.36203703703703705 0.5880208333333333 0.3648148148148148 0.5833333333333334 0.3712962962962963 0.5760416666666667 0.38796296296296295 0.5729166666666666 0.41759259259259257 0.5703125 0.42314814814814816 0.5682291666666667 0.4398148148148148 0.5614583333333333 0.4388888888888889 0.5625 0.41388888888888886 0.5604166666666667 0.41203703703703703 0.5572916666666666 0.4148148148148148 0.54375 0.4361111111111111 0.5395833333333333 0.44814814814814813 0.5380208333333333 0.4666666666666667 0.5317708333333333 0.47685185185185186 0.5276041666666667 0.4962962962962963
3 0.5817708333333333 0.8851851851851852 0.5817708333333333 0.9111111111111111 0.5875 0.9277777777777778 0.5942708333333333 0.9388888888888889 0.609375 0.9527777777777777 0.6260416666666667 0.9777777777777777 0.6328125 0.9851851851851852 0.6401041666666667 0.9888888888888889 0.6484375 0.9777777777777777 0.6546875 0.9638888888888889 0.6567708333333333 0.9148148148148149 0.665625 0.8944444444444445 0.675 0.8824074074074074 0.6682291666666667 0.8666666666666667 0.646875 0.8435185185185186 0.6359375 0.8388888888888889 0.6083333333333333 0.8388888888888889 0.6005208333333333 0.8435185185185186 0.5953125 0.850925925925926 0.5848958333333333 0.8722222222222222 0.5817708333333333 0.8851851851851852