4 0.052083333333333336 0 0.14791666666666667 0 0.1515625 0.002777777777777778 0.1578125 0 0.24739583333333334 0 0.25833333333333336 0.019444444444444445 0.2640625 0.025 0.2755208333333333 0.05925925925925926 0.2869791666666667 0.07962962962962963 0.29270833333333335 0.11944444444444445 0.29739583333333336 0.12777777777777777 0.3098958333333333 0.1287037037037037 0.3265625 0.11666666666666667 0.35052083333333334 0.10555555555555556 0.3776041666666667 0.10185185185185185 0.4015625 0.1111111111111111 0.41875 0.13055555555555556 0.4557291666666667 0.1638888888888889 0.5098958333333333 0.22777777777777777 0.5177083333333333 0.24537037037037038 0.5354166666666667 0.275 0.5390625 0.29814814814814816 0.5458333333333333 0.3731481481481482 0.55625 0.40555555555555556 0.5541666666666667 0.4305555555555556 0.5489583333333333 0.44722222222222224 0.5395833333333333 0.46574074074074073 0.5390625 0.49537037037037035 0.5416666666666666 0.5074074074074074 0.565625 0.5509259259259259 0.571875 0.5675925925925925 0.5708333333333333 0.5768518518518518 0.5630208333333333 0.5833333333333334 0.55 0.5805555555555556 0.5432291666666667 0.5833333333333334 0.5401041666666667 0.5981481481481481 0.5364583333333334 0.6018518518518519 0.5364583333333334 0.6055555555555555 0.5145833333333333 0.6037037037037037 0.5171875 0.6453703703703704 0.5109375 0.675 0.5119791666666667 0.6824074074074075 0.5098958333333333 0.7101851851851851 0.5026041666666666 0.7296296296296296 0.49375 0.737037037037037 0.4864583333333333 0.7379629629629629 0.47708333333333336 0.7333333333333333 0.46510416666666665 0.725 0.45989583333333334 0.7175925925925926 0.4557291666666667 0.7305555555555555 0.4427083333333333 0.7453703703703703 0.428125 0.7462962962962963 0.4276041666666667 0.7490740740740741 0.4322916666666667 0.7509259259259259 0.4322916666666667 0.7555555555555555 0.43020833333333336 0.7583333333333333 0.425 0.7583333333333333 0.4270833333333333 0.7546296296296297 0.42552083333333335 0.7518518518518519 0.421875 0.7509259259259259 0.4197916666666667 0.7462962962962963 0.40989583333333335 0.7425925925925926 0.3984375 0.7444444444444445 0.38958333333333334 0.7518518518518519 0.3854166666666667 0.7481481481481481 0.36822916666666666 0.7462962962962963 0.3609375 0.7416666666666667 0.3489583333333333 0.7462962962962963 0.3390625 0.7564814814814815 0.3302083333333333 0.7592592592592593 0.3177083333333333 0.7712962962962963 0.29322916666666665 0.7759259259259259 0.2760416666666667 0.7842592592592592 0.2671875 0.7842592592592592 0.24791666666666667 0.7703703703703704 0.23489583333333333 0.7675925925925926 0.23072916666666668 0.7648148148148148 0.21979166666666666 0.7472222222222222 0.2109375 0.7462962962962963 0.20260416666666667 0.7407407407407407 0.19427083333333334 0.7212962962962963 0.18958333333333333 0.7018518518518518 0.1796875 0.6759259259259259 0.1625 0.6185185185185185 0.14270833333333333 0.5453703703703704 0.13333333333333333 0.49537037037037035 0.13333333333333333 0.45555555555555555 0.13541666666666666 0.4351851851851852 0.1453125 0.387037037037037 0.1609375 0.3416666666666667 0.16197916666666667 0.30277777777777776 0.16770833333333332 0.2898148148148148 0.14635416666666667 0.23981481481481481 0.1375 0.23333333333333334 0.121875 0.23148148148148148 0.10208333333333333 0.2175925925925926 0.0953125 0.20277777777777778 0.09479166666666666 0.18518518518518517 0.08541666666666667 0.16666666666666666 0.08125 0.15925925925925927 0.06197916666666667 0.14351851851851852 0.051041666666666666 0.10277777777777777 0.04791666666666667 0.0787037037037037 0.04739583333333333 0.03333333333333333 0.052083333333333336 0.000925925925925926
4 0.6578125 0 0.8432291666666667 0 0.8442708333333333 0.005555555555555556 0.840625 0.017592592592592594 0.8442708333333333 0.03888888888888889 0.8666666666666667 0.08148148148148149 0.8723958333333334 0.08518518518518518 0.8869791666666667 0.07777777777777778 0.8994791666666667 0.07592592592592592 0.9119791666666667 0.06111111111111111 0.9192708333333334 0.04814814814814815 0.9359375 0.03611111111111111 0.946875 0.021296296296296296 0.959375 0.012962962962962963 0.9682291666666667 0.012037037037037037 0.9734375 0.01574074074074074 0.9848958333333333 0.04259259259259259 0.9880208333333333 0.06759259259259259 0.9875 0.08148148148148149 0.9833333333333333 0.09074074074074075 0.9697916666666667 0.09722222222222222 0.9489583333333333 0.1 0.9416666666666667 0.11574074074074074 0.925 0.1388888888888889 0.9244791666666666 0.18333333333333332 0.9130208333333333 0.21296296296296297 0.9088541666666666 0.23981481481481481 0.8927083333333333 0.2712962962962963 0.8755208333333333 0.2861111111111111 0.8729166666666667 0.29259259259259257 0.871875 0.28888888888888886 0.86875 0.287962962962963 0.8661458333333333 0.2935185185185185 0.8380208333333333 0.2935185185185185 0.8244791666666667 0.2824074074074074 0.8067708333333333 0.2611111111111111 0.7963541666666667 0.2611111111111111 0.771875 0.3 0.7416666666666667 0.33240740740740743 0.7333333333333333 0.34629629629629627 0.690625 0.4009259259259259 0.6640625 0.4287037037037037 0.6614583333333334 0.4222222222222222 0.6645833333333333 0.3537037037037037 0.6630208333333333 0.3194444444444444 0.6661458333333333 0.30092592592592593 0.6671875 0.24074074074074073 0.675 0.21388888888888888 0.6755208333333333 0.18518518518518517 0.6703125 0.1675925925925926 0.6692708333333334 0.15185185185185185 0.665625 0.1425925925925926 0.6614583333333334 0.11574074074074074 0.6604166666666667 0.06018518518518518 0.6557291666666667 0.02962962962962963 0.6578125 0.000925925925925926
4 0.6333333333333333 0.8722222222222222 0.6401041666666667 0.8731481481481481 0.6411458333333333 0.8777777777777778 0.6458333333333334 0.8805555555555555 0.6458333333333334 0.8851851851851852 0.6515625 0.8962962962962963 0.6916666666666667 0.9009259259259259 0.703125 0.9138888888888889 0.7166666666666667 0.9231481481481482 0.7239583333333334 0.9259259259259259 0.7354166666666667 0.924074074074074 0.7442708333333333 0.9296296296296296 0.7708333333333334 0.9259259259259259 0.7869791666666667 0.9314814814814815 0.7927083333333333 0.9361111111111111 0.8130208333333333 0.9712962962962963 0.8260416666666667 0.9796296296296296 0.8453125 0.9851851851851852 0.8520833333333333 0.9916666666666667 0.8541666666666666 0.9990740740740741 0.5802083333333333 0.9990740740740741 0.5734375 0.9944444444444445 0.5755208333333334 0.9907407407407407 0.5734375 0.9768518518518519 0.5760416666666667 0.9611111111111111 0.5807291666666666 0.950925925925926 0.5796875 0.9416666666666667 0.5828125 0.9268518518518518 0.5822916666666667 0.9138888888888889 0.5848958333333333 0.9083333333333333 0.5817708333333333 0.9037037037037037 0.5921875 0.899074074074074 0.5989583333333334 0.8870370370370371 0.6125 0.8731481481481481 0.6296875 0.8777777777777778 0.6395833333333333 0.8768518518518519 0.6395833333333333 0.8731481481481481 0.6328125 0.8731481481481481
1 0.5098958333333333 0.7435185185185185 0.5171875 0.7472222222222222 0.5291666666666667 0.7592592592592593 0.5317708333333333 0.7759259259259259 0.5161458333333333 0.7842592592592592 0.49895833333333334 0.8009259259259259 0.49583333333333335 0.799074074074074 0.4921875 0.7842592592592592 0.4921875 0.7620370370370371 0.4947916666666667 0.7555555555555555 0.496875 0.7564814814814815 0.5098958333333333 0.775 0.5119791666666667 0.7814814814814814 0.5140625 0.7805555555555556 0.5130208333333334 0.7712962962962963 0.50625 0.7555555555555555 0.5057291666666667 0.7462962962962963 0.509375 0.7435185185185185
0 0.8119791666666667 0.41944444444444445 0.8348958333333333 0.42777777777777776 0.8380208333333333 0.44351851851851853 0.8416666666666667 0.44722222222222224 0.8510416666666667 0.4444444444444444 0.859375 0.45092592592592595 0.8640625 0.46574074074074073 0.8651041666666667 0.49074074074074076 0.871875 0.5083333333333333 0.8760416666666667 0.5111111111111111 0.9020833333333333 0.5092592592592593 0.9057291666666667 0.512962962962963 0.9041666666666667 0.525 0.8895833333333333 0.5537037037037037 0.878125 0.5574074074074075 0.8609375 0.5722222222222222 0.8427083333333333 0.5703703703703704 0.8385416666666666 0.5675925925925925 0.8385416666666666 0.5648148148148148 0.8416666666666667 0.5601851851851852 0.8697916666666666 0.5435185185185185 0.871875 0.5361111111111111 0.86875 0.5314814814814814 0.8458333333333333 0.5370370370370371 0.8307291666666666 0.5509259259259259 0.8171875 0.5564814814814815 0.8104166666666667 0.5555555555555556 0.8036458333333333 0.5361111111111111 0.7994791666666666 0.5175925925925926 0.7989583333333333 0.5055555555555555 0.8072916666666666 0.49537037037037035 0.8088541666666667 0.487962962962963 0.8005208333333333 0.46574074074074073 0.8046875 0.4425925925925926 0.7958333333333333 0.4351851851851852 0.7942708333333334 0.4305555555555556 0.8005208333333333 0.4185185185185185 0.8114583333333333 0.41944444444444445
0 0.6229166666666667 0.6314814814814815 0.6333333333333333 0.6398148148148148 0.6369791666666667 0.6509259259259259 0.6338541666666667 0.6648148148148149 0.628125 0.6777777777777778 0.628125 0.6842592592592592 0.634375 0.6925925925925925 0.6411458333333333 0.7083333333333334 0.6427083333333333 0.7268518518518519 0.6395833333333333 0.7333333333333333 0.6307291666666667 0.7814814814814814 0.6208333333333333 0.8027777777777778 0.6197916666666666 0.8111111111111111 0.6125 0.8324074074074074 0.6125 0.8379629629629629 0.6072916666666667 0.8546296296296296 0.6072916666666667 0.8694444444444445 0.5947916666666667 0.8907407407407407 0.5802083333333333 0.9046296296296297 0.5791666666666667 0.9314814814814815 0.5770833333333333 0.937962962962963 0.5786458333333333 0.95 0.5729166666666666 0.9629629629629629 0.5708333333333333 0.9796296296296296 0.565625 0.9935185185185185 0.5588541666666667 0.9990740740740741 0.5130208333333334 0.9944444444444445 0.5197916666666667 0.9907407407407407 0.5166666666666667 0.9842592592592593 0.5177083333333333 0.9805555555555555 0.528125 0.9601851851851851 0.5359375 0.9342592592592592 0.540625 0.925 0.5432291666666667 0.9074074074074074 0.55 0.8888888888888888 0.5677083333333334 0.875 0.5744791666666667 0.8629629629629629 0.5770833333333333 0.8444444444444444 0.5739583333333333 0.8416666666666667 0.5703125 0.8314814814814815 0.5755208333333334 0.8277777777777777 0.575 0.8212962962962963 0.5807291666666666 0.8175925925925925 0.5802083333333333 0.8101851851851852 0.5828125 0.8064814814814815 0.5791666666666667 0.7851851851851852 0.5713541666666667 0.7787037037037037 0.571875 0.775 0.5682291666666667 0.7712962962962963 0.5666666666666667 0.7722222222222223 0.5671875 0.7759259259259259 0.5697916666666667 0.7787037037037037 0.5640625 0.7796296296296297 0.5510416666666667 0.7759259259259259 0.5432291666666667 0.7787037037037037 0.5395833333333333 0.775 0.540625 0.7638888888888888 0.5380208333333333 0.7351851851851852 0.5401041666666667 0.7305555555555555 0.5385416666666667 0.7268518518518519 0.540625 0.7240740740740741 0.5416666666666666 0.7027777777777777 0.5432291666666667 0.6990740740740741 0.5541666666666667 0.6953703703703704 0.5953125 0.6953703703703704 0.6 0.6916666666666667 0.6041666666666666 0.6861111111111111 0.6088541666666667 0.6712962962962963 0.61875 0.6555555555555556 0.6223958333333334 0.6435185185185185 0.6223958333333334 0.6324074074074074
0 0.47291666666666665 0.7379629629629629 0.4875 0.7472222222222222 0.4901041666666667 0.7574074074074074 0.4947916666666667 0.7648148148148148 0.4942708333333333 0.774074074074074 0.496875 0.7703703703703704 0.5015625 0.7722222222222223 0.509375 0.7824074074074074 0.5015625 0.7962962962962963 0.4947916666666667 0.7935185185185185 0.4875 0.8037037037037037 0.4791666666666667 0.8018518518518518 0.4786458333333333 0.7972222222222223 0.4828125 0.7898148148148149 0.4796875 0.7861111111111111 0.4703125 0.7888888888888889 0.46875 0.8 0.4421875 0.7953703703703704 0.4395833333333333 0.8027777777777778 0.43854166666666666 0.8157407407407408 0.42604166666666665 0.8212962962962963 0.4270833333333333 0.8240740740740741 0.4348958333333333 0.8231481481481482 0.4421875 0.8268518518518518 0.4395833333333333 0.8333333333333334 0.44166666666666665 0.837037037037037 0.45 0.8351851851851851 0.4635416666666667 0.825925925925926 0.48020833333333335 0.8222222222222222 0.48385416666666664 0.8240740740740741 0.4817708333333333 0.8268518518518518 0.47604166666666664 0.8555555555555555 0.46822916666666664 0.8731481481481481 0.45989583333333334 0.9074074074074074 0.4473958333333333 0.9333333333333333 0.4390625 0.9435185185185185 0.43802083333333336 0.9388888888888889 0.44114583333333335 0.9287037037037037 0.4390625 0.9222222222222223 0.4296875 0.9083333333333333 0.41822916666666665 0.9009259259259259 0.396875 0.8796296296296297 0.3932291666666667 0.8740740740740741 0.3921875 0.8657407407407407 0.39739583333333334 0.8583333333333333 0.4036458333333333 0.8564814814814815 0.40729166666666666 0.85 0.4078125 0.8444444444444444 0.4125 0.8379629629629629 0.41510416666666666 0.8212962962962963 0.41302083333333334 0.8175925925925925 0.4140625 0.8046296296296296 0.41770833333333335 0.7935185185185185 0.42135416666666664 0.7888888888888889 0.42135416666666664 0.7814814814814814 0.4244791666666667 0.7759259259259259 0.43697916666666664 0.7657407407407407 0.4552083333333333 0.7407407407407407 0.4666666666666667 0.7361111111111112 0.47239583333333335 0.7379629629629629
3 0.9635416666666666 0.010185185185185186 0.9734375 0.013888888888888888 0.9859375 0.04259259259259259 0.9885416666666667 0.06759259259259259 0.9885416666666667 0.07962962962962963 0.9859375 0.08888888888888889 0.975 0.0962962962962963 0.9494791666666667 0.09814814814814815 0.9442708333333333 0.07777777777777778 0.9291666666666667 0.04722222222222222 0.9291666666666667 0.04259259259259259 0.9489583333333333 0.018518518518518517 0.9630208333333333 0.011111111111111112
3 0.6177083333333333 0.875 0.6395833333333333 0.8796296296296297 0.6510416666666666 0.8962962962962963 0.6921875 0.9009259259259259 0.7104166666666667 0.9203703703703704 0.7213541666666666 0.925 0.7354166666666667 0.924074074074074 0.7442708333333333 0.9314814814814815 0.7479166666666667 0.937962962962963 0.7479166666666667 0.9481481481481482 0.7447916666666666 0.9648148148148148 0.7411458333333333 0.9768518518518519 0.7270833333333333 0.9990740740740741 0.58125 0.9990740740740741 0.5770833333333333 0.9935185185185185 0.5739583333333333 0.975925925925926 0.5776041666666667 0.9592592592592593 0.58125 0.9527777777777777 0.5807291666666666 0.9398148148148148 0.5833333333333334 0.9111111111111111 0.6010416666666667 0.8861111111111111 0.6125 0.875 0.6171875 0.875
3 0.4265625 0.5592592592592592 0.42864583333333334 0.5712962962962963 0.42604166666666665 0.5814814814814815 0.4114583333333333 0.6092592592592593 0.3859375 0.6481481481481481 0.37604166666666666 0.6694444444444444 0.36666666666666664 0.6787037037037037 0.3494791666666667 0.687037037037037 0.3177083333333333 0.6814814814814815 0.3151041666666667 0.674074074074074 0.3104166666666667 0.6712962962962963 0.30885416666666665 0.6648148148148149 0.2994791666666667 0.6481481481481481 0.2994791666666667 0.612037037037037 0.30520833333333336 0.5916666666666667 0.3067708333333333 0.5722222222222222 0.309375 0.5666666666666667 0.3145833333333333 0.5638888888888889 0.3234375 0.5703703703703704 0.328125 0.5814814814814815 0.32864583333333336 0.6018518518518519 0.33125 0.6055555555555555 0.35260416666666666 0.6083333333333333 0.359375 0.6064814814814815 0.35989583333333336 0.6027777777777777 0.34427083333333336 0.5935185185185186 0.3385416666666667 0.5861111111111111 0.33489583333333334 0.5777777777777777 0.3380208333333333 0.5657407407407408 0.3489583333333333 0.5648148148148148 0.3697916666666667 0.5703703703703704 0.3776041666666667 0.5768518518518518 0.38125 0.5833333333333334 0.3828125 0.5944444444444444 0.38645833333333335 0.5962962962962963 0.4140625 0.5592592592592592 0.41770833333333335 0.5564814814814815 0.42604166666666665 0.5592592592592592
3 0.540625 0.7805555555555556 0.5484375 0.7851851851851852 0.5776041666666667 0.7861111111111111 0.5822916666666667 0.812962962962963 0.5796875 0.8203703703703704 0.5875 0.8240740740740741 0.5859375 0.8305555555555556 0.5760416666666667 0.8444444444444444 0.5713541666666667 0.862037037037037 0.5447916666666667 0.8925925925925926 0.5270833333333333 0.9583333333333334 0.5 0.9944444444444445 0.4390625 0.9953703703703703 0.43697916666666664 0.9990740740740741 0.42916666666666664 0.9990740740740741 0.425 0.9944444444444445 0.42135416666666664 0.987037037037037 0.42135416666666664 0.9796296296296296 0.43125 0.9592592592592593 0.44114583333333335 0.9481481481481482 0.4552083333333333 0.925 0.4640625 0.9009259259259259 0.46927083333333336 0.8759259259259259 0.48541666666666666 0.8240740740740741 0.4973958333333333 0.8046296296296296 0.5151041666666667 0.787962962962963 0.5317708333333333 0.7796296296296297 0.5401041666666667 0.7805555555555556
3 0.4234375 0.5564814814814815 0.42864583333333334 0.5657407407407408 0.428125 0.575925925925926 0.4119791666666667 0.6083333333333333 0.3859375 0.6481481481481481 0.37552083333333336 0.6703703703703704 0.36666666666666664 0.6787037037037037 0.3463541666666667 0.6898148148148148 0.3390625 0.7101851851851851 0.32447916666666665 0.7333333333333333 0.32083333333333336 0.7351851851851852 0.3 0.7314814814814815 0.29322916666666665 0.7268518518518519 0.28541666666666665 0.7138888888888889 0.28229166666666666 0.6990740740740741 0.2828125 0.6824074074074075 0.2994791666666667 0.6388888888888888 0.2994791666666667 0.6111111111111112 0.3046875 0.5925925925925926 0.3067708333333333 0.5722222222222222 0.309375 0.5666666666666667 0.3171875 0.5648148148148148 0.3255208333333333 0.5740740740740741 0.32864583333333336 0.5833333333333334 0.32864583333333336 0.6018518518518519 0.3302083333333333 0.6046296296296296 0.3385416666666667 0.6083333333333333 0.35260416666666666 0.6083333333333333 0.359375 0.6064814814814815 0.35989583333333336 0.6027777777777777 0.34791666666666665 0.5962962962962963 0.3380208333333333 0.5851851851851851 0.33541666666666664 0.5731481481481482 0.3385416666666667 0.5657407407407408 0.3484375 0.5648148148148148 0.3692708333333333 0.5703703703703704 0.378125 0.5777777777777777 0.38177083333333334 0.5851851851851851 0.3828125 0.5953703703703703 0.38697916666666665 0.5962962962962963 0.41354166666666664 0.5601851851851852 0.42291666666666666 0.5564814814814815
3 0.49635416666666665 0.46944444444444444 0.5052083333333334 0.47314814814814815 0.515625 0.48703703703703705 0.5197916666666667 0.5 0.5213541666666667 0.5287037037037037 0.5166666666666667 0.5444444444444444 0.5125 0.5740740740740741 0.5130208333333334 0.6037037037037037 0.5177083333333333 0.6527777777777778 0.5125 0.6787037037037037 0.5119791666666667 0.7027777777777777 0.5052083333333334 0.7305555555555555 0.4942708333333333 0.7425925925925926 0.4796875 0.7379629629629629 0.46927083333333336 0.7305555555555555 0.46197916666666666 0.7203703703703703 0.4609375 0.7101851851851851 0.4630208333333333 0.7055555555555556 0.47604166666666664 0.7037037037037037 0.4875 0.6962962962962963 0.48854166666666665 0.6814814814814815 0.4828125 0.6620370370370371 0.4703125 0.662962962962963 0.4671875 0.6731481481481482 0.46458333333333335 0.675 0.45208333333333334 0.6694444444444444 0.4484375 0.6648148148148149 0.446875 0.65 0.44947916666666665 0.6324074074074074 0.44583333333333336 0.6129629629629629 0.44583333333333336 0.5962962962962963 0.44947916666666665 0.5861111111111111 0.4546875 0.5814814814814815 0.4661458333333333 0.6240740740740741 0.46770833333333334 0.6231481481481481 0.4703125 0.6129629629629629 0.46875 0.6092592592592593 0.46979166666666666 0.6055555555555555 0.4666666666666667 0.5879629629629629 0.46197916666666666 0.575925925925926 0.46041666666666664 0.562962962962963 0.46770833333333334 0.5324074074074074 0.4796875 0.4962962962962963 0.48072916666666665 0.4842592592592593 0.48333333333333334 0.47685185185185186 0.4875 0.47129629629629627 0.49583333333333335 0.46944444444444444