4 0.9932291666666667 0.9685185185185186 0.9859375 0.9694444444444444 0.9875 0.9731481481481481 0.990625 0.9731481481481481 0.9927083333333333 0.9694444444444444 0.99375 0.9731481481481481 0.9947916666666666 0.9694444444444444 0.9932291666666667 0.9685185185185186
4 0.8723958333333334 0.20462962962962963 0.8682291666666667 0.20555555555555555 0.8682291666666667 0.20925925925925926 0.875 0.2101851851851852 0.8760416666666667 0.20555555555555555 0.8723958333333334 0.20462962962962963
4 0.70625 0.7722222222222223 0.70625 0.8037037037037037 0.7098958333333333 0.8138888888888889 0.7140625 0.8185185185185185 0.7265625 0.8231481481481482 0.7411458333333333 0.8212962962962963 0.7541666666666667 0.8101851851851852 0.7645833333333333 0.7953703703703704 0.7744791666666667 0.774074074074074 0.7802083333333333 0.7666666666666667 0.7885416666666667 0.7444444444444445 0.7979166666666667 0.7296296296296296 0.8057291666666667 0.7092592592592593 0.8177083333333334 0.6888888888888889 0.825 0.6685185185185185 0.8307291666666666 0.6601851851851852 0.83125 0.6555555555555556 0.8505208333333333 0.6138888888888889 0.859375 0.6046296296296296 0.8661458333333333 0.6055555555555555 0.8796875 0.6166666666666667 0.8802083333333334 0.6546296296296297 0.8828125 0.6712962962962963 0.9015625 0.7064814814814815 0.9223958333333333 0.737037037037037 0.9223958333333333 0.7518518518518519 0.9182291666666667 0.7685185185185185 0.9119791666666667 0.7805555555555556 0.9072916666666667 0.7870370370370371 0.9020833333333333 0.7888888888888889 0.8989583333333333 0.7981481481481482 0.8953125 0.8009259259259259 0.8885416666666667 0.812962962962963 0.88125 0.8305555555555556 0.8760416666666667 0.837037037037037 0.8510416666666667 0.8888888888888888 0.8442708333333333 0.9268518518518518 0.8447916666666667 0.9611111111111111 0.85 0.987037037037037 0.853125 0.9888888888888889 0.8546875 0.9935185185185185 0.8630208333333333 0.9962962962962963 0.8848958333333333 0.9935185185185185 0.8875 0.9888888888888889 0.9046875 0.975925925925926 0.9067708333333333 0.9712962962962963 0.9125 0.9685185185185186 0.9276041666666667 0.9462962962962963 0.9296875 0.9462962962962963 0.9395833333333333 0.9324074074074075 0.9536458333333333 0.9185185185185185 0.9604166666666667 0.9027777777777778 0.9692708333333333 0.8888888888888888 0.9802083333333333 0.8805555555555555 0.9828125 0.8759259259259259 0.9875 0.875 0.9994791666666667 0.8574074074074074 0.9994791666666667 0.8296296296296296 0.9973958333333334 0.8277777777777777 0.9979166666666667 0.8222222222222222 0.9994791666666667 0.8212962962962963 0.9973958333333334 0.8175925925925925 0.9973958333333334 0.8083333333333333 0.9994791666666667 0.8055555555555556 0.9994791666666667 0.7805555555555556 0.9973958333333334 0.7787037037037037 0.9973958333333334 0.774074074074074 0.9994791666666667 0.7712962962962963 0.9994791666666667 0.7444444444444445 0.9973958333333334 0.7435185185185185 0.9973958333333334 0.7222222222222222 0.9994791666666667 0.7185185185185186 0.9994791666666667 0.31851851851851853 0.9973958333333334 0.31666666666666665 0.9958333333333333 0.30462962962962964 0.9973958333333334 0.24166666666666667 0.9953125 0.1814814814814815 0.9958333333333333 0.1425925925925926 0.9973958333333334 0.13240740740740742 0.9958333333333333 0.058333333333333334 0.9973958333333334 0.012037037037037037 0.9947916666666666 0.002777777777777778 0.8645833333333334 0.004629629629629629 0.8635416666666667 0.028703703703703703 0.8651041666666667 0.05277777777777778 0.8734375 0.075 0.88125 0.10277777777777777 0.88125 0.1111111111111111 0.8833333333333333 0.11851851851851852 0.8869791666666667 0.12314814814814815 0.8895833333333333 0.13425925925925927 0.8953125 0.14629629629629629 0.9041666666666667 0.1527777777777778 0.9072916666666667 0.15925925925925927 0.9125 0.1638888888888889 0.9255208333333333 0.18981481481481483 0.9322916666666666 0.20833333333333334 0.9385416666666667 0.21666666666666667 0.946875 0.21851851851851853 0.9598958333333333 0.2351851851851852 0.9651041666666667 0.2462962962962963 0.9697916666666667 0.25 0.975 0.2601851851851852 0.9755208333333333 0.26851851851851855 0.9807291666666667 0.28055555555555556 0.9817708333333334 0.2916666666666667 0.9640625 0.30092592592592593 0.9369791666666667 0.33055555555555555 0.9369791666666667 0.33425925925925926 0.9291666666666667 0.34444444444444444 0.9177083333333333 0.3768518518518518 0.9130208333333333 0.38425925925925924 0.89375 0.4027777777777778 0.8848958333333333 0.4185185185185185 0.8828125 0.4185185185185185 0.8739583333333333 0.4324074074074074 0.8572916666666667 0.4462962962962963 0.83125 0.48703703703703705 0.8197916666666667 0.5009259259259259 0.8098958333333334 0.5203703703703704 0.8098958333333334 0.5259259259259259 0.8229166666666666 0.5324074074074074 0.8375 0.5324074074074074 0.846875 0.5370370370370371 0.8973958333333333 0.5388888888888889 0.8994791666666667 0.5416666666666666 0.8989583333333333 0.5574074074074075 0.8864583333333333 0.5601851851851852 0.8786458333333333 0.5666666666666667 0.8765625 0.5712962962962963 0.8661458333333333 0.5731481481481482 0.8635416666666667 0.5777777777777777 0.8348958333333333 0.5796296296296296 0.8302083333333333 0.5777777777777777 0.8276041666666667 0.5731481481481482 0.8171875 0.5731481481481482 0.8072916666666666 0.5666666666666667 0.7864583333333334 0.5666666666666667 0.7817708333333333 0.5740740740740741 0.7786458333333334 0.5953703703703703 0.7645833333333333 0.6305555555555555 0.75625 0.6601851851851852 0.7401041666666667 0.687037037037037 0.728125 0.725925925925926 0.7140625 0.7481481481481481 0.70625 0.7722222222222223
4 0.0010416666666666667 0.4638888888888889 0 0.48055555555555557 0.0015625 0.4777777777777778 0.0010416666666666667 0.4638888888888889
4 0.0005208333333333333 0.39444444444444443 0 0.40493796296296297 0.0015625 0.4064814814814815 0 0.4101851851851852 0.0020833333333333333 0.4074074074074074 0.0005208333333333333 0.39444444444444443
4 0.0020833333333333333 0.3351851851851852 0 0.3351851851851852 0 0.3416666666666667 0.0036458333333333334 0.3388888888888889 0.0020833333333333333 0.3351851851851852
4 0.00078125 0.3314814814814815 0.0015625 0.001851851851851852
4 0.0010416666666666667 0.24444444444444444 0 0.25555555555555554 0.0020833333333333333 0.25462962962962965 0.0010416666666666667 0.24444444444444444
4 0.0005208333333333333 0.1935185185185185 0 0.20092592592592592 0.004166666666666667 0.2 0.0046875 0.19814814814814816 0.0005208333333333333 0.1935185185185185
4 0.3729166666666667 0.004629629629629629 0.371875 0.007407407407407408 0.375 0.016666666666666666 0.3796875 0.023148148148148147 0.38333333333333336 0.03888888888888889 0.38958333333333334 0.05277777777777778 0.4 0.06851851851851852 0.4010416666666667 0.07407407407407407 0.41041666666666665 0.08981481481481482 0.41510416666666666 0.10277777777777777 0.4276041666666667 0.11851851851851852 0.43854166666666666 0.11388888888888889 0.44375 0.125 0.4432291666666667 0.13240740740740742 0.4453125 0.14074074074074075 0.45625 0.15092592592592594 0.4671875 0.15092592592592594 0.48333333333333334 0.1388888888888889 0.4890625 0.1259259259259259 0.49947916666666664 0.11203703703703703 0.5 0.10833333333333334 0.51875 0.07592592592592592 0.5192708333333333 0.06574074074074074 0.5223958333333333 0.05555555555555555 0.5223958333333333 0.019444444444444445 0.5213541666666667 0.009259259259259259 0.51875 0.002777777777777778 0.509375 0 0.4890625 0 0.48125 0.002777777777777778 0.46875 0 0.40572916666666664 0 0.3729166666666667 0.004629629629629629
4 0.3020833333333333 0 0.17291666666666666 0 0.16927083333333334 0.002777777777777778 0.14427083333333332 0.002777777777777778 0.1421875 0 0 0 0 0.18981481481481483 0.0046875 0.18518518518518517 0.010416666666666666 0.1962962962962963 0.015104166666666667 0.1962962962962963 0.01875 0.20092592592592592 0.0296875 0.20092592592592592 0.035416666666666666 0.20462962962962963 0.04010416666666667 0.20277777777777778 0.04895833333333333 0.2101851851851852 0.05416666666666667 0.2101851851851852 0.07135416666666666 0.22777777777777777 0.07864583333333333 0.2388888888888889 0.08177083333333333 0.24814814814814815 0.08802083333333334 0.25462962962962965 0.10833333333333334 0.2638888888888889 0.11822916666666666 0.2759259259259259 0.12291666666666666 0.2777777777777778 0.12604166666666666 0.28425925925925927 0.1484375 0.30092592592592593 0.1578125 0.31666666666666665 0.1609375 0.31851851851851853 0.16510416666666666 0.3277777777777778 0.1890625 0.3574074074074074 0.21458333333333332 0.3685185185185185 0.22552083333333334 0.3685185185185185 0.240625 0.36203703703703705 0.2552083333333333 0.34629629629629627 0.26197916666666665 0.33055555555555555 0.2635416666666667 0.29814814814814816 0.2598958333333333 0.25833333333333336 0.2598958333333333 0.22870370370370371 0.2625 0.21388888888888888 0.2682291666666667 0.20277777777777778 0.26979166666666665 0.1935185185185185 0.2734375 0.18888888888888888 0.2765625 0.17592592592592593 0.2791666666666667 0.17314814814814813 0.290625 0.17314814814814813 0.30364583333333334 0.1814814814814815 0.3125 0.20555555555555555 0.32447916666666665 0.2212962962962963 0.3255208333333333 0.22592592592592592 0.3359375 0.24166666666666667 0.3416666666666667 0.24814814814814815 0.3453125 0.24814814814814815 0.3484375 0.2462962962962963 0.36666666666666664 0.2175925925925926 0.3807291666666667 0.18518518518518517 0.4 0.15925925925925927 0.39791666666666664 0.14629629629629629 0.3796875 0.11481481481481481 0.3645833333333333 0.09722222222222222 0.3625 0.08981481481481482 0.353125 0.07592592592592592 0.3640625 0.05925925925925926 0.37083333333333335 0.06851851851851852 0.375 0.06944444444444445 0.3770833333333333 0.06851851851851852 0.3770833333333333 0.062037037037037036 0.3692708333333333 0.04351851851851852 0.3651041666666667 0.03981481481481482 0.3619791666666667 0.032407407407407406 0.3572916666666667 0.030555555555555555 0.35572916666666665 0.025 0.353125 0.027777777777777776 0.3515625 0.025925925925925925 0.35572916666666665 0.019444444444444445 0.35572916666666665 0.013888888888888888 0.3489583333333333 0.002777777777777778 0.32708333333333334 0.002777777777777778 0.32447916666666665 0.007407407407407408 0.3243489583333333 0.002777777777777778 0.30520833333333336 0.002777777777777778 0.3020833333333333 0
4 0.8072916666666666 0.3435185185185185 0.8067708333333333 0.34629629629629627 0.8072916666666666 0.3435185185185185
4 0.8177083333333334 0.3347222222222222 0.0010416666666666667 0.000925925925925926
4 0.7973958333333333 0.32592592592592595 0.796875 0.33055555555555555 0.7989583333333333 0.33240740740740743 0.8015625 0.3296296296296296 0.80625 0.3388888888888889 0.8098958333333334 0.3351851851851852 0.8072916666666666 0.33055555555555555 0.7973958333333333 0.32592592592592595
4 0.8333333333333334 0.32314814814814813 0.8270833333333333 0.32314814814814813 0.8333333333333334 0.32314814814814813
4 0.8510416666666667 0.28888888888888886 0.846875 0.28888888888888886 0.8510416666666667 0.28888888888888886
4 0.7692708333333333 0.2759259259259259 0.76875 0.28055555555555556 0.7744791666666667 0.2851851851851852 0.7744791666666667 0.2935185185185185 0.7760416666666666 0.2935185185185185 0.7776041666666667 0.2824074074074074 0.775 0.28055555555555556 0.7734375 0.28425925925925927 0.7692708333333333 0.2759259259259259
4 0.884375 0.26851851851851855 0.8822916666666667 0.26851851851851855 0.8859375 0.275 0.8859375 0.2824074074074074 0.8942708333333333 0.2824074074074074 0.8989583333333333 0.2759259259259259 0.8979166666666667 0.27314814814814814 0.8885416666666667 0.27314814814814814 0.8875 0.26944444444444443 0.8854166666666666 0.27314814814814814 0.884375 0.26851851851851855
4 0.784375 0.26666666666666666 0.784375 0.2712962962962963 0.7880208333333333 0.275 0.7880208333333333 0.2851851851851852 0.7895833333333333 0.28888888888888886 0.7885416666666667 0.29259259259259257 0.7916666666666666 0.2962962962962963 0.7895833333333333 0.30277777777777776 0.7932291666666667 0.30277777777777776 0.7953125 0.29814814814814816 0.8 0.3 0.8010416666666667 0.2962962962962963 0.7994791666666666 0.29259259259259257 0.8015625 0.28888888888888886 0.8078125 0.28888888888888886 0.8098958333333334 0.2851851851851852 0.8171875 0.28888888888888886 0.8182291666666667 0.2935185185185185 0.8244791666666667 0.2935185185185185 0.8270833333333333 0.29814814814814816 0.8286458333333333 0.2962962962962963 0.8270833333333333 0.28055555555555556 0.8166666666666667 0.2796296296296296 0.8145833333333333 0.28703703703703703 0.8114583333333333 0.28425925925925927 0.8125 0.28055555555555556 0.809375 0.28425925925925927 0.80625 0.2824074074074074 0.8046875 0.27870370370370373 0.8057291666666667 0.2759259259259259 0.8010416666666667 0.27037037037037037 0.8 0.26481481481481484 0.784375 0.26666666666666666
4 0.7755208333333333 0.25277777777777777 0.775 0.25462962962962965 0.7776041666666667 0.25462962962962965 0.7755208333333333 0.25277777777777777
4 0.8098958333333334 0.25277777777777777 0.8083333333333333 0.25462962962962965 0.8098958333333334 0.2564814814814815 0.8088541666666667 0.26851851851851855 0.8125 0.2759259259259259 0.8161458333333333 0.2759259259259259 0.8171875 0.27314814814814814 0.81875 0.2759259259259259 0.8223958333333333 0.2759259259259259 0.8145833333333333 0.2611111111111111 0.815625 0.25462962962962965 0.8098958333333334 0.25277777777777777
4 0.8125 0.2462962962962963 0.8114583333333333 0.24814814814814815 0.8140625 0.24814814814814815 0.8125 0.2462962962962963
4 0.7859375 0.2462962962962963 0.7869791666666667 0.25092592592592594 0.7854166666666667 0.25462962962962965 0.7890625 0.25925925925925924 0.7973958333333333 0.2638888888888889 0.8010416666666667 0.262037037037037 0.8 0.25277777777777777 0.7953125 0.25 0.7921875 0.24351851851851852 0.7890625 0.24166666666666667 0.7859375 0.2462962962962963
4 0.8416666666666667 0.23981481481481481 0.8364583333333333 0.23981481481481481 0.8390625 0.25555555555555554 0.8416666666666667 0.2574074074074074 0.8520833333333333 0.25462962962962965 0.8494791666666667 0.2462962962962963 0.8416666666666667 0.23981481481481481
4 0.8645833333333334 0.2351851851851852 0.8625 0.23981481481481481 0.8645833333333334 0.23981481481481481 0.8677083333333333 0.2324074074074074 0.8682291666666667 0.2388888888888889 0.8739583333333333 0.23055555555555557 0.8692708333333333 0.22777777777777777 0.8645833333333334 0.2351851851851852
4 0.8 0.22777777777777777 0.7984375 0.23055555555555557 0.8052083333333333 0.23055555555555557 0.8036458333333333 0.22777777777777777 0.8 0.22777777777777777
4 0.8901041666666667 0.22592592592592592 0.884375 0.22962962962962963 0.8842015624999999 0.22592592592592592 0.88125 0.22777777777777777 0.8848958333333333 0.23055555555555557 0.884375 0.23333333333333334 0.8869791666666667 0.23703703703703705 0.8911458333333333 0.23703703703703705 0.8901041666666667 0.22592592592592592
4 0.7697916666666667 0.22407407407407406 0.7692708333333333 0.2351851851851852 0.7723958333333333 0.2388888888888889 0.7765625 0.23425925925925925 0.775 0.22592592592592592 0.7802083333333333 0.22777777777777777 0.7734375 0.22314814814814815 0.7697916666666667 0.22407407407407406
4 0.7890625 0.21944444444444444 0.7864583333333334 0.22592592592592592 0.7869791666666667 0.23055555555555557 0.79375 0.23055555555555557 0.7932291666666667 0.21851851851851853 0.7890625 0.21944444444444444
4 0.8671875 0.20462962962962963 0.8635416666666667 0.20555555555555555 0.8645833333333334 0.20925925925925926 0.86875 0.21203703703703702 0.8734375 0.21203703703703702 0.8765625 0.2074074074074074 0.8755208333333333 0.20462962962962963 0.8671875 0.20462962962962963
4 0.7895833333333333 0.1962962962962963 0.7880208333333333 0.20185185185185187 0.7890625 0.20833333333333334 0.7973958333333333 0.21203703703703702 0.8005208333333333 0.21203703703703702 0.8036458333333333 0.20092592592592592 0.8052083333333333 0.2074074074074074 0.8098958333333334 0.20925925925925926 0.815625 0.20277777777777778 0.8197916666666667 0.2074074074074074 0.821875 0.20555555555555555 0.8182291666666667 0.20462962962962963 0.8177083333333334 0.20092592592592592 0.8125 0.20277777777777778 0.8067708333333333 0.19814814814814816 0.7989583333333333 0.19814814814814816 0.7958333333333333 0.20092592592592592 0.7932291666666667 0.19166666666666668 0.7916666666666666 0.1962962962962963 0.7895833333333333 0.1962962962962963
4 0.83125 0.17777777777777778 0.8265625 0.17777777777777778 0.8276041666666667 0.18055555555555555 0.83125 0.17777777777777778
4 0.8041666666666667 0.1574074074074074 0.8 0.1574074074074074 0.803125 0.16018518518518518 0.8041666666666667 0.1574074074074074
4 0.7864583333333334 0.15555555555555556 0.784375 0.1574074074074074 0.7859375 0.16018518518518518 0.7932291666666667 0.16018518518518518 0.7942708333333334 0.1574074074074074 0.7864583333333334 0.15555555555555556
4 0.7723958333333333 0.15092592592592594 0.7713541666666667 0.1574074074074074 0.7739583333333333 0.16018518518518518 0.7723958333333333 0.1638888888888889 0.7807291666666667 0.1574074074074074 0.7768229166666667 0.15555555555555556 0.7755208333333333 0.15925925925925927 0.7723958333333333 0.15092592592592594
4 0.7708333333333334 0.13518518518518519 0.7703125 0.13703703703703704 0.7729166666666667 0.13703703703703704 0.7708333333333334 0.13518518518518519
4 0.453125 0.1361111111111111 0.0010416666666666667 0.001851851851851852
4 0.459375 0.10185185185185185 0.0010416666666666667 0.001851851851851852
4 0.8067708333333333 0.07962962962962963 0.80625 0.0824074074074074 0.8088541666666667 0.08055555555555556 0.8067708333333333 0.07962962962962963
4 0.8661458333333333 0.06851851851851852 0.8651041666666667 0.06944444444444445 0.8671875 0.06944444444444445 0.8661458333333333 0.06851851851851852
4 0.85 0.004629629629629629 0.8473958333333333 0.004629629629629629 0.85 0.004629629629629629
4 0.8348958333333333 0.004629629629629629 0.8286458333333333 0.005555555555555556 0.8348958333333333 0.004629629629629629
4 0.8270833333333333 0.004629629629629629 0.8 0.004629629629629629 0.80625 0.009259259259259259 0.8244791666666667 0.007407407407407408 0.8270833333333333 0.004629629629629629
4 0.4192708333333333 0.004629629629629629 0.4119791666666667 0.005555555555555556 0.4140625 0.009259259259259259 0.41458333333333336 0.006481481481481481 0.4192708333333333 0.004629629629629629
4 0.7875 0.002777777777777778 0.7864583333333334 0.005555555555555556 0.7791666666666667 0.004629629629629629 0.7885416666666667 0.009259259259259259 0.7890625 0.018518518518518517 0.790625 0.016666666666666666 0.7885416666666667 0.012962962962962963 0.7916666666666666 0.008333333333333333 0.7994791666666666 0.004629629629629629 0.7947916666666667 0.002777777777777778 0.7921875 0.007407407407407408 0.7911458333333333 0.002777777777777778 0.7875 0.002777777777777778
4 0.39739583333333334 0.002777777777777778 0.39479166666666665 0.008333333333333333 0.39361979166666666 0.004629629629629629 0.3854166666666667 0.004629629629629629 0.39375 0.013888888888888888 0.3953125 0.018518518518518517 0.39739583333333334 0.028703703703703703 0.39375 0.03796296296296296 0.39427083333333335 0.04351851851851852 0.39739583333333334 0.05 0.4109375 0.05 0.41354166666666664 0.05555555555555555 0.4109375 0.06018518518518518 0.4119791666666667 0.06388888888888888 0.4088541666666667 0.07314814814814814 0.4109375 0.07592592592592592 0.4109375 0.08333333333333333 0.41822916666666665 0.09814814814814815 0.41770833333333335 0.10185185185185185 0.4203125 0.10555555555555556 0.42864583333333334 0.10740740740740741 0.43125 0.11203703703703703 0.4348958333333333 0.10925925925925926 0.4348958333333333 0.1037037037037037 0.4395833333333333 0.0962962962962963 0.4395833333333333 0.08055555555555556 0.4375 0.08055555555555556 0.4317708333333333 0.07222222222222222 0.42916666666666664 0.06666666666666667 0.4296875 0.062037037037037036 0.4265625 0.05925925925925926 0.4265625 0.053703703703703705 0.4276041666666667 0.05092592592592592 0.434375 0.05 0.4395833333333333 0.041666666666666664 0.4390625 0.03796296296296296 0.4453125 0.03518518518518519 0.446875 0.030555555555555555 0.4432291666666667 0.028703703703703703 0.4453125 0.025925925925925925 0.4401041666666667 0.023148148148148147 0.4296875 0.023148148148148147 0.42864583333333334 0.025925925925925925 0.42552083333333335 0.021296296296296296 0.4192708333333333 0.023148148148148147 0.41770833333333335 0.018518518518518517 0.40729166666666666 0.020370370370370372 0.40625 0.017592592592592594 0.40989583333333335 0.005555555555555556 0.40729166666666666 0.010185185185185186 0.40520833333333334 0.002777777777777778 0.39739583333333334 0.002777777777777778
4 0.70625 0.7787037037037037 0.7057291666666666 0.7925925925925926 0.7072916666666667 0.8018518518518518 0.7098958333333333 0.8101851851851852 0.7166666666666667 0.8185185185185185 0.7328125 0.8212962962962963 0.7416666666666667 0.8185185185185185 0.7546875 0.8074074074074075 0.7651041666666667 0.7916666666666666 0.7713541666666667 0.7759259259259259 0.7791666666666667 0.7657407407407407 0.7875 0.7444444444444445 0.8041666666666667 0.712037037037037 0.8088541666666667 0.6981481481481482 0.821875 0.675 0.8244791666666667 0.6638888888888889 0.8364583333333333 0.6435185185185185 0.8385416666666666 0.6333333333333333 0.8515625 0.6083333333333333 0.8578125 0.6 0.8625 0.5981481481481481 0.8692708333333333 0.6055555555555555 0.8729166666666667 0.6027777777777777 0.8765625 0.6092592592592593 0.8807291666666667 0.6111111111111112 0.8822916666666667 0.6194444444444445 0.8822916666666667 0.65 0.884375 0.6527777777777778 0.8869791666666667 0.6685185185185185 0.8963541666666667 0.687962962962963 0.8994791666666667 0.6898148148148148 0.9005208333333333 0.6962962962962963 0.9098958333333333 0.7101851851851851 0.9140625 0.7212962962962963 0.925 0.7333333333333333 0.9260416666666667 0.7481481481481481 0.9234375 0.7638888888888888 0.91875 0.775 0.9145833333333333 0.7796296296296297 0.9119791666666667 0.7870370370370371 0.9067708333333333 0.7898148148148149 0.8875 0.8212962962962963 0.8848958333333333 0.8296296296296296 0.8572916666666667 0.8787037037037037 0.8510416666666667 0.8981481481481481 0.8453125 0.9333333333333333 0.8453125 0.9481481481481482 0.8510416666666667 0.9796296296296296 0.8546875 0.987037037037037 0.8625 0.9935185185185185 0.8755208333333333 0.9935185185185185 0.9041666666666667 0.9731481481481481 0.9432291666666667 0.9259259259259259 0.953125 0.9111111111111111 0.9588541666666667 0.8981481481481481 0.9703125 0.8824074074074074 0.99375 0.862037037037037 0.9953125 0.8555555555555555 0.9953125 0.8083333333333333 0.9973958333333334 0.7962962962962963 0.9958333333333333 0.7796296296296297 0.9953125 0.7287037037037037 0.9963541666666667 0.7064814814814815 0.9994791666666667 0.700925925925926 0.9958333333333333 0.6787037037037037 0.9963541666666667 0.6722222222222223 0.9994791666666667 0.6685185185185185 0.9973958333333334 0.6638888888888889 0.9994791666666667 0.6620370370370371 0.9994791666666667 0.6388888888888888 0.9973958333333334 0.637962962962963 0.9947916666666666 0.6296296296296297 0.9958333333333333 0.575925925925926 0.9942708333333333 0.5592592592592592 0.9973958333333334 0.5444444444444444 0.9994791666666667 0.5435185185185185 0.9994791666666667 0.5324074074074074 0.9963541666666667 0.5287037037037037 0.9953125 0.5185185185185185 0.9973958333333334 0.5055555555555555 0.9973958333333334 0.4898148148148148 0.9963541666666667 0.4759259259259259 0.9927083333333333 0.45925925925925926 0.9973958333333334 0.44814814814814813 0.9953125 0.41759259259259257 0.9963541666666667 0.38425925925925924 0.9947916666666666 0.3787037037037037 0.9979166666666667 0.3648148148148148 0.9963541666666667 0.36203703703703705 0.9958333333333333 0.3509259259259259 0.9994791666666667 0.34814814814814815 0.9973958333333334 0.34629629629629627 0.9994791666666667 0.337037037037037 0.9973958333333334 0.33611111111111114 0.9947916666666666 0.3277777777777778 0.9942708333333333 0.2361111111111111 0.9958333333333333 0.20555555555555555 0.9947916666666666 0.14629629629629629 0.9927083333333333 0.1398148148148148 0.9953125 0.13240740740740742 0.9953125 0.013888888888888888 0.99375 0.002777777777777778 0.9557291666666666 0.002777777777777778 0.9458333333333333 0.007407407407407408 0.9432291666666667 0.004629629629629629 0.9322916666666666 0.002777777777777778 0.8682291666666667 0.002777777777777778 0.8640625 0.005555555555555556 0.8635416666666667 0.013888888888888888 0.8666666666666667 0.019444444444444445 0.8677083333333333 0.04259259259259259 0.8671875 0.05 0.8651041666666667 0.05277777777777778 0.8692708333333333 0.06296296296296296 0.8697916666666666 0.07037037037037037 0.8744791666666667 0.07592592592592592 0.8765625 0.09166666666666666 0.88125 0.10277777777777777 0.88125 0.11018518518518519 0.8901041666666667 0.12314814814814815 0.8895833333333333 0.13055555555555556 0.8916666666666667 0.13240740740740742 0.8911458333333333 0.1361111111111111 0.9046875 0.15555555555555556 0.915625 0.16574074074074074 0.9229166666666667 0.18703703703703703 0.9359375 0.21388888888888888 0.9473958333333333 0.21851851851851853 0.953125 0.225 0.9572916666666667 0.23425925925925925 0.9739583333333334 0.25462962962962965 0.984375 0.28425925925925927 0.9916666666666667 0.2898148148148148 0.990625 0.2935185185185185 0.984375 0.29814814814814816 0.9739583333333334 0.2962962962962963 0.9666666666666667 0.30092592592592593 0.9625 0.3 0.9546875 0.3101851851851852 0.9479166666666666 0.3138888888888889 0.9453125 0.3194444444444444 0.9401041666666666 0.3212962962962963 0.9395833333333333 0.31666666666666665 0.9359375 0.3138888888888889 0.9317708333333333 0.31666666666666665 0.9354166666666667 0.32314814814814813 0.9421875 0.3277777777777778 0.9411458333333333 0.33055555555555555 0.9375 0.33055555555555555 0.9390625 0.3351851851851852 0.9328125 0.337037037037037 0.9338541666666667 0.3416666666666667 0.9307291666666667 0.34444444444444444 0.9161458333333333 0.3851851851851852 0.9140625 0.3851851851851852 0.9046875 0.39814814814814814 0.8994791666666667 0.4009259259259259 0.8927083333333333 0.41388888888888886 0.8833333333333333 0.4212962962962963 0.8765625 0.4324074074074074 0.8572916666666667 0.44814814814814813 0.8286458333333333 0.4935185185185185 0.8208333333333333 0.5009259259259259 0.8125 0.5185185185185185 0.8140625 0.5259259259259259 0.8197916666666667 0.5259259259259259 0.8270833333333333 0.5305555555555556 0.859375 0.5305555555555556 0.875 0.5342592592592592 0.9057291666666667 0.5324074074074074 0.925 0.5351851851851852 0.9322916666666666 0.5425925925925926 0.9307291666666667 0.5462962962962963 0.9494791666666667 0.549074074074074 0.9515625 0.5564814814814815 0.9473958333333333 0.5601851851851852 0.9489583333333333 0.5638888888888889 0.9447916666666667 0.5601851851851852 0.9454166666666667 0.575925925925926 0.9380208333333333 0.5740740740740741 0.9354166666666667 0.5777777777777777 0.9333333333333333 0.5731481481481482 0.9204859375000001 0.5712962962962963 0.9182291666666667 0.5666666666666667 0.9171875 0.5685185185185185 0.9114583333333334 0.5638888888888889 0.9072916666666667 0.5638888888888889 0.9052083333333333 0.5712962962962963 0.9 0.5731481481481482 0.8927083333333333 0.5731481481481482 0.8927083333333333 0.5666666666666667 0.8869791666666667 0.5666666666666667 0.8854166666666666 0.5777777777777777 0.88125 0.5805555555555556 0.88125 0.5898148148148148 0.8770833333333333 0.5944444444444444 0.8796875 0.5981481481481481 0.875 0.600925925925926 0.8708333333333333 0.5935185185185186 0.8578125 0.5935185185185186 0.8557291666666667 0.5907407407407408 0.8552083333333333 0.5805555555555556 0.8296875 0.5805555555555556 0.8276041666666667 0.5777777777777777 0.8161458333333333 0.5796296296296296 0.8098958333333334 0.5777777777777777 0.8046875 0.5712962962962963 0.7875 0.5712962962962963 0.7822916666666667 0.5777777777777777 0.7802083333333333 0.5962962962962963 0.76875 0.6231481481481481 0.7578125 0.6592592592592592 0.7385416666666667 0.6953703703703704 0.7291666666666666 0.7277777777777777 0.721875 0.737037037037037 0.7125 0.7555555555555555 0.7119791666666667 0.7620370370370371 0.70625 0.7787037037037037
4 0.4510416666666667 0.027777777777777776 0.459375 0.03981481481481482 0.4588541666666667 0.046296296296296294 0.4625 0.05 0.4625 0.05555555555555555 0.45677083333333335 0.06018518518518518 0.45729166666666665 0.06666666666666667 0.4546875 0.075 0.4510416666666667 0.07962962962962963 0.4453125 0.08148148148148149 0.4432291666666667 0.08703703703703704 0.44427083333333334 0.1 0.4421875 0.10277777777777777 0.44375 0.10925925925925926 0.4395833333333333 0.10925925925925926 0.44375 0.11388888888888889 0.4427083333333333 0.11851851851851852 0.44635416666666666 0.11388888888888889 0.45 0.12129629629629629 0.45729166666666665 0.125 0.45677083333333335 0.12962962962962962 0.4609375 0.12685185185185185 0.4630208333333333 0.1361111111111111 0.45729166666666665 0.14351851851851852 0.4625 0.14351851851851852 0.4635416666666667 0.13703703703703704 0.46597239583333333 0.14166666666666666 0.4734375 0.14351851851851852 0.47708333333333336 0.13240740740740742 0.48333333333333334 0.13240740740740742 0.4828125 0.12777777777777777 0.4875 0.12777777777777777 0.4890625 0.11574074074074074 0.5015625 0.10555555555555556 0.50625 0.08796296296296297 0.5078125 0.08518518518518518 0.5119791666666667 0.08518518518518518 0.51875 0.06851851851851852 0.5208333333333334 0.027777777777777776 0.5166666666666667 0.005555555555555556 0.5145833333333333 0.002777777777777778 0.4713541666666667 0.002777777777777778 0.46458333333333335 0.012037037037037037 0.4661458333333333 0.018518518518518517 0.46041666666666664 0.027777777777777776 0.46041666666666664 0.032407407407407406 0.45729166666666665 0.027777777777777776 0.4510416666666667 0.027777777777777776
4 0.0015625 0 0.0020833333333333333 0.025 0.0015625 0.03425925925925926 0 0.03518518518518519 0 0.05092592592592592 0.0015625 0.05277777777777778 0 0.05555555555555555 0 0.0712962962962963 0.003125 0.07314814814814814 0.0036458333333333334 0.07777777777777778 0 0.08518518518518518 0 0.14814814814814814 0.0015625 0.14907407407407408 0.005729166666666666 0.1787037037037037 0.0140625 0.18425925925925926 0.027604166666666666 0.18055555555555555 0.04114583333333333 0.1962962962962963 0.049479166666666664 0.1962962962962963 0.0609375 0.20092592592592592 0.0640625 0.20555555555555555 0.0640625 0.20925925925925926 0.07395833333333333 0.21944444444444444 0.07760416666666667 0.22777777777777777 0.08645833333333333 0.2361111111111111 0.09479166666666666 0.25 0.11510416666666666 0.2638888888888889 0.12604166666666666 0.2796296296296296 0.14583333333333334 0.29444444444444445 0.15989583333333332 0.31203703703703706 0.16822916666666668 0.3277777777777778 0.1734375 0.33055555555555555 0.17447916666666666 0.3351851851851852 0.18854166666666666 0.3527777777777778 0.2015625 0.36203703703703705 0.21666666666666667 0.3648148148148148 0.23489583333333333 0.36203703703703705 0.23854166666666668 0.3574074074074074 0.24791666666666667 0.3527777777777778 0.25416666666666665 0.3416666666666667 0.2557291666666667 0.33055555555555555 0.2598958333333333 0.32314814814814813 0.26197916666666665 0.3074074074074074 0.26197916666666665 0.2916666666666667 0.2598958333333333 0.28425925925925927 0.25677083333333334 0.24259259259259258 0.2578125 0.22407407407407406 0.26614583333333336 0.19814814814814816 0.26979166666666665 0.17592592592592593 0.27447916666666666 0.16944444444444445 0.2859375 0.1685185185185185 0.2875 0.1712962962962963 0.29583333333333334 0.1712962962962963 0.30572916666666666 0.17777777777777778 0.30625 0.18518518518518517 0.3104166666666667 0.18981481481481483 0.3140625 0.20555555555555555 0.3234375 0.2175925925925926 0.33177083333333335 0.23425925925925925 0.3385416666666667 0.24166666666666667 0.34375 0.24351851851851852 0.3489583333333333 0.24166666666666667 0.35208333333333336 0.23055555555555557 0.3619791666666667 0.22314814814814815 0.3640625 0.21296296296296297 0.3692708333333333 0.20925925925925926 0.36875 0.2037037037037037 0.3723958333333333 0.19074074074074074 0.38229166666666664 0.18055555555555555 0.3875 0.1712962962962963 0.38958333333333334 0.1712962962962963 0.3921875 0.16666666666666666 0.3932291666666667 0.15648148148148147 0.3958333333333333 0.15462962962962962 0.39375 0.14629629629629629 0.3890625 0.14166666666666666 0.38697916666666665 0.13518518518518519 0.384375 0.13425925925925927 0.37916666666666665 0.12129629629629629 0.3640625 0.11018518518518519 0.3625 0.10092592592592593 0.36041666666666666 0.10277777777777777 0.35989583333333336 0.09814814814814815 0.3541666666666667 0.08981481481481482 0.35104166666666664 0.08888888888888889 0.353125 0.08425925925925926 0.34791666666666665 0.07592592592592592 0.34479166666666666 0.07592592592592592 0.3416666666666667 0.06481481481481481 0.3307291666666667 0.062037037037037036 0.33125 0.05277777777777778 0.32864583333333336 0.046296296296296294 0.32864583333333336 0.03888888888888889 0.3229166666666667 0.03888888888888889 0.3203125 0.032407407407407406 0.3078125 0.030555555555555555 0.30520833333333336 0.017592592592592594 0.30572916666666666 0.005555555555555556 0.30052083333333335 0.002777777777777778 0.25416666666666665 0.002777777777777778 0.25104166666666666 0 0.246875 0.002777777777777778 0.23958333333333334 0.002777777777777778 0.23697916666666666 0 0.22552083333333334 0.002777777777777778 0.13125 0.002777777777777778 0.12708333333333333 0 0.03333333333333333 0.002777777777777778 0.029166666666666667 0 0.0015625 0
1 0.6947916666666667 0.5962962962962963 0.6947916666666667 0.6055555555555555 0.7046875 0.600925925925926 0.7151041666666667 0.6 0.7375 0.6027777777777777 0.7645833333333333 0.5981481481481481 0.7651041666666667 0.587037037037037 0.7609375 0.5731481481481482 0.7546875 0.5648148148148148 0.7296875 0.5574074074074075 0.7203125 0.5601851851851852 0.7119791666666667 0.5666666666666667 0.6947916666666667 0.5962962962962963
1 0.46145833333333336 0.9916666666666667 0.4609375 0.9935185185185185 0.4661458333333333 0.9935185185185185 0.46145833333333336 0.9916666666666667
1 0.7260416666666667 0.9962962962962963 0.725 0.9981481481481481 0.7864583333333334 0.9962962962962963 0.7875 0.9898148148148148 0.7822916666666667 0.9851851851851852 0.775 0.9879629629629629 0.759375 0.987037037037037 0.7432291666666667 0.9898148148148148 0.7369791666666666 0.9962962962962963 0.7361109375 0.9916666666666667 0.7260416666666667 0.9962962962962963
1 0.26145833333333335 0.9800925925925926 0.0020833333333333333 0.000925925925925926
1 0.25 0.9796296296296296 0.24791666666666667 0.9805555555555555 0.2526041666666667 0.9805555555555555 0.25 0.9796296296296296
1 0.26458333333333334 0.9731481481481481 0.2630208333333333 0.9731481481481481 0.26458333333333334 0.975925925925926 0.26458333333333334 0.9731481481481481
1 0.2578125 0.9694444444444444 0.2515625 0.9731481481481481 0.2609375 0.9731481481481481 0.2578125 0.9694444444444444
1 0.24270833333333333 0.9685185185185186 0.24375 0.9712962962962963 0.246875 0.9694444444444444 0.24270833333333333 0.9685185185185186
1 0.2794270833333333 0.9629629629629629 0.0005208333333333333 0.001851851851851852
1 0.25078125 0.9629629629629629 0.0015625 0.001851851851851852
1 0.5458333333333333 0.9916666666666667 0.5447916666666667 0.9935185185185185 0.546875 0.9944444444444445 0.5487848958333333 0.9916666666666667 0.55 0.9944444444444445 0.5546875 0.9916666666666667 0.5552083333333333 0.9944444444444445 0.5625 0.9981481481481481 0.6723958333333333 0.9981481481481481 0.6755208333333333 0.9935185185185185 0.6708333333333333 0.9842592592592593 0.6682291666666667 0.9731481481481481 0.6557291666666667 0.9546296296296296 0.6411458333333333 0.9416666666666667 0.6302083333333334 0.937037037037037 0.6109375 0.937037037037037 0.5822916666666667 0.9462962962962963 0.5744791666666667 0.9527777777777777 0.5651041666666666 0.9722222222222222 0.5598958333333334 0.975925925925926 0.5619791666666667 0.9805555555555555 0.5609375 0.987037037037037 0.5458333333333333 0.9916666666666667
1 0.1015625 0.9601851851851851 0.1 0.962037037037037 0.1015625 0.9824074074074074 0.10260416666666666 0.987037037037037 0.1078125 0.9935185185185185 0.2296875 0.9935185185185185 0.2328125 0.987037037037037 0.2359375 0.987037037037037 0.2390625 0.9824074074074074 0.23854166666666668 0.975925925925926 0.24140625 0.975925925925926 0.24322916666666666 0.9805555555555555 0.24427083333333333 0.975925925925926 0.2359375 0.975 0.23020833333333332 0.9796296296296296 0.22708333333333333 0.9777777777777777 0.22083333333333333 0.9638888888888889 0.2125 0.9527777777777777 0.21145833333333333 0.9444444444444444 0.20520833333333333 0.9324074074074075 0.19739583333333333 0.9296296296296296 0.1765625 0.9305555555555556 0.16979166666666667 0.9351851851851852 0.165625 0.9453703703703704 0.15625 0.9481481481481482 0.15520833333333334 0.950925925925926 0.11666666666666667 0.9527777777777777 0.10572916666666667 0.9555555555555556 0.1015625 0.9601851851851851
1 0.28958333333333336 0.9435185185185185 0.28854166666666664 0.9462962962962963 0.29270833333333335 0.9481481481481482 0.296875 0.9555555555555556 0.2942708333333333 0.9574074074074074 0.2953125 0.962037037037037 0.303125 0.9555555555555556 0.30833333333333335 0.9638888888888889 0.309375 0.9694444444444444 0.30052083333333335 0.9898148148148148 0.30052083333333335 0.9935185185185185 0.31145833333333334 0.9981481481481481 0.34791666666666665 0.9981481481481481 0.35989583333333336 0.9935185185185185 0.38125 0.9935185185185185 0.38229166666666664 0.9898148148148148 0.3859375 0.9935185185185185 0.4015625 0.9935185185185185 0.39947916666666666 0.9888888888888889 0.4 0.9833333333333333 0.4036458333333333 0.9805555555555555 0.4078125 0.9842592592592593 0.40625 0.9851851851851852 0.40729166666666666 0.9935185185185185 0.41041666666666665 0.9916666666666667 0.4140625 0.9944444444444445 0.4401041666666667 0.9916666666666667 0.44947916666666665 0.9935185185185185 0.45364583333333336 0.9888888888888889 0.46447916666666667 0.9888888888888889 0.4671875 0.9935185185185185 0.46770833333333334 0.9907407407407407 0.478125 0.9981481481481481 0.5145833333333333 0.9981481481481481 0.5307291666666667 0.9935185185185185 0.525 0.9888888888888889 0.5244791666666667 0.9388888888888889 0.5223958333333333 0.9231481481481482 0.5151041666666667 0.8981481481481481 0.5119791666666667 0.8916666666666667 0.5072916666666667 0.8888888888888888 0.45208333333333334 0.8888888888888888 0.43645833333333334 0.8981481481481481 0.4083333333333333 0.9055555555555556 0.39947916666666666 0.9120370370370371 0.38697916666666665 0.9138888888888889 0.37447916666666664 0.9231481481481482 0.3494791666666667 0.9305555555555556 0.34479166666666666 0.9351851851851852 0.33645833333333336 0.9305555555555556 0.3125 0.9305555555555556 0.3072916666666667 0.9324074074074075 0.3046875 0.9388888888888889 0.28958333333333336 0.9435185185185185
1 0.7083333333333334 0.6287037037037037 0.7078125 0.6453703703703704 0.7104166666666667 0.6509259259259259 0.7223958333333333 0.6481481481481481 0.7270833333333333 0.6435185185185185 0.7302083333333333 0.6342592592592593 0.7296875 0.6212962962962963 0.7265625 0.6138888888888889 0.7177083333333333 0.6138888888888889 0.7135416666666666 0.6166666666666667 0.7083333333333334 0.6287037037037037
1 0.6427083333333333 0.4287037037037037 0.6416666666666667 0.44166666666666665 0.6442708333333333 0.44814814814814813 0.6520833333333333 0.44814814814814813 0.6578125 0.44166666666666665 0.6645833333333333 0.44166666666666665 0.675 0.45555555555555555 0.6979166666666666 0.45555555555555555 0.7046875 0.44166666666666665 0.7036458333333333 0.4324074074074074 0.69375 0.42592592592592593 0.68125 0.42777777777777776 0.6708333333333333 0.4212962962962963 0.6609375 0.425 0.6552083333333333 0.41944444444444445 0.6489583333333333 0.4185185185185185 0.6427083333333333 0.4287037037037037
1 0.36875 0.31666666666666665 0.3671875 0.32314814814814813 0.3692708333333333 0.33240740740740743 0.39479166666666665 0.3527777777777778 0.4239583333333333 0.3638888888888889 0.44427083333333334 0.36666666666666664 0.45416666666666666 0.3638888888888889 0.45729166666666665 0.36666666666666664 0.4640625 0.36666666666666664 0.4791666666666667 0.3592592592592593 0.48333333333333334 0.34814814814814815 0.48020833333333335 0.3351851851851852 0.47708333333333336 0.3333333333333333 0.4765625 0.3277777777777778 0.4739583333333333 0.32314814814814813 0.46875 0.3212962962962963 0.4708333333333333 0.3148148148148148 0.47604166666666664 0.3138888888888889 0.48125 0.30833333333333335 0.4828125 0.30277777777777776 0.48072916666666665 0.29444444444444445 0.4744791666666667 0.2851851851851852 0.465625 0.2574074074074074 0.4552083333333333 0.23981481481481481 0.44947916666666665 0.23703703703703705 0.4401041666666667 0.2388888888888889 0.4276041666666667 0.24814814814814815 0.415625 0.26481481481481484 0.4046875 0.27314814814814814 0.38958333333333334 0.2935185185185185 0.37447916666666664 0.3074074074074074 0.36875 0.31666666666666665
1 0.49947916666666664 0.22314814814814815 0.49947916666666664 0.22962962962962963 0.4947916666666667 0.2351851851851852 0.4973958333333333 0.24722222222222223 0.4979166666666667 0.28888888888888886 0.5 0.30277777777777776 0.5072916666666667 0.32314814814814813 0.5119791666666667 0.32314814814814813 0.5135416666666667 0.3194444444444444 0.5265625 0.31203703703703706 0.5359375 0.3138888888888889 0.5520833333333334 0.3351851851851852 0.55625 0.34814814814814815 0.5619791666666667 0.3537037037037037 0.5635416666666667 0.3638888888888889 0.5661458333333333 0.36574074074074076 0.5697916666666667 0.37962962962962965 0.5739583333333333 0.3824074074074074 0.6072916666666667 0.38055555555555554 0.6109375 0.37777777777777777 0.6192708333333333 0.37777777777777777 0.6229166666666667 0.3712962962962963 0.6315973958333333 0.3731481481481482 0.6333333333333333 0.36944444444444446 0.6348958333333333 0.3731481481481482 0.6432291666666666 0.34629629629629627 0.6505208333333333 0.34629629629629627 0.65625 0.3592592592592593 0.6807291666666667 0.37777777777777777 0.7041666666666667 0.36944444444444446 0.7515625 0.36018518518518516 0.7541666666666667 0.3592592592592593 0.7567708333333333 0.3527777777777778 0.7619791666666667 0.30925925925925923 0.7619791666666667 0.275 0.7604166666666666 0.2675925925925926 0.7630208333333334 0.2601851851851852 0.7619791666666667 0.24444444444444444 0.75625 0.2462962962962963 0.7552083333333334 0.24351851851851852 0.7583333333333333 0.23703703703703705 0.7546875 0.23703703703703705 0.7536458333333333 0.23981481481481481 0.7510416666666667 0.23703703703703705 0.7479166666666667 0.24351851851851852 0.7432291666666667 0.2638888888888889 0.7338541666666667 0.2722222222222222 0.7307291666666667 0.26666666666666666 0.7260416666666667 0.26666666666666666 0.7182291666666667 0.25277777777777777 0.7135416666666666 0.25 0.7046875 0.2324074074074074 0.7005208333333334 0.23055555555555557 0.6979166666666666 0.22592592592592592 0.6645833333333333 0.21203703703703702 0.5932291666666667 0.2074074074074074 0.58125 0.20555555555555555 0.5703125 0.19814814814814816 0.5614583333333333 0.19814814814814816 0.5567708333333333 0.19444444444444445 0.5359375 0.1935185185185185 0.5317708333333333 0.1962962962962963 0.53125 0.2 0.5244791666666667 0.19814814814814816 0.5104166666666666 0.20555555555555555 0.5052083333333334 0.21203703703703702 0.5046875 0.21666666666666667 0.5072916666666667 0.21666666666666667 0.50625 0.22314814814814815 0.503125 0.22407407407407406 0.5020833333333333 0.21944444444444444 0.49947916666666664 0.22314814814814815
1 0.28177083333333336 0.42777777777777776 0.28125 0.4388888888888889 0.2838541666666667 0.44351851851851853 0.28802083333333334 0.4462962962962963 0.29791666666666666 0.4462962962962963 0.309375 0.4388888888888889 0.31979166666666664 0.42592592592592593 0.32395833333333335 0.425 0.325 0.4166666666666667 0.3223958333333333 0.4101851851851852 0.3177083333333333 0.4074074074074074 0.3046875 0.40555555555555556 0.2875 0.4166666666666667 0.28177083333333336 0.42777777777777776
3 0.70625 0.774074074074074 0.70625 0.8037037037037037 0.7088541666666667 0.812037037037037 0.7135416666666666 0.8185185185185185 0.7182291666666667 0.8212962962962963 0.7401041666666667 0.8212962962962963 0.7546875 0.8092592592592592 0.76875 0.7870370370370371 0.7869791666666667 0.7509259259259259 0.7885416666666667 0.7435185185185185 0.7989583333333333 0.7277777777777777 0.8020833333333334 0.7166666666666667 0.81875 0.687037037037037 0.8479166666666667 0.6185185185185185 0.8583333333333333 0.6027777777777777 0.8640625 0.6027777777777777 0.8802083333333334 0.6166666666666667 0.8796875 0.6518518518518519 0.8822916666666667 0.6685185185185185 0.9078125 0.7166666666666667 0.9229166666666667 0.737037037037037 0.9223958333333333 0.7564814814814815 0.91875 0.7703703703703704 0.9104166666666667 0.7851851851851852 0.9026041666666667 0.7898148148148149 0.8572916666666667 0.8740740740740741 0.8515625 0.887962962962963 0.8458333333333333 0.9148148148148149 0.8442708333333333 0.95 0.8453125 0.9629629629629629 0.8520833333333333 0.987037037037037 0.8557291666666667 0.9888888888888889 0.8567708333333334 0.9935185185185185 0.8828125 0.9935185185185185 0.8854166666666666 0.9888888888888889 0.9036458333333334 0.975 0.9177083333333333 0.9601851851851851 0.9307291666666667 0.9416666666666667 0.9458333333333333 0.9231481481481482 0.9479166666666666 0.9231481481481482 0.9520833333333333 0.9148148148148149 0.9546875 0.9138888888888889 0.9583333333333334 0.9027777777777778 0.9708333333333333 0.8851851851851852 0.9875 0.8731481481481481 0.9942708333333333 0.8638888888888889 0.9973958333333334 0.8574074074074074 0.9973958333333334 0.8009259259259259 0.9994791666666667 0.8 0.9994791666666667 0.7888888888888889 0.9973958333333334 0.7870370370370371 0.9973958333333334 0.7666666666666667 0.9994791666666667 0.7648148148148148 0.9994791666666667 0.7481481481481481 0.9973958333333334 0.7462962962962963 0.9963541666666667 0.7342592592592593 0.9973958333333334 0.7166666666666667 0.9994791666666667 0.7138888888888889 0.9994791666666667 0.6305555555555555 0.9973958333333334 0.6287037037037037 0.9973958333333334 0.6203703703703703 0.9994791666666667 0.6185185185185185 0.9994791666666667 0.5916666666666667 0.9973958333333334 0.5888888888888889 0.9973958333333334 0.5777777777777777 0.9994791666666667 0.575925925925926 0.9973958333333334 0.5712962962962963 0.9973958333333334 0.5666666666666667 0.9994791666666667 0.5638888888888889 0.9994791666666667 0.4324074074074074 0.9979166666666667 0.43148148148148147 0.9979166666666667 0.42685185185185187 0.9994791666666667 0.42592592592592593 0.9994791666666667 0.40555555555555556 0.9973958333333334 0.4046296296296296 0.9973958333333334 0.39814814814814814 0.9994791666666667 0.3962962962962963 0.9994791666666667 0.33425925925925926 0.9973958333333334 0.33240740740740743 0.9994791666666667 0.3277777777777778 0.9973958333333334 0.32592592592592595 0.9973958333333334 0.31666666666666665 0.9942708333333333 0.3037037037037037 0.9854166666666667 0.29814814814814816 0.9755208333333333 0.29814814814814816 0.9661458333333334 0.3055555555555556 0.9536458333333333 0.32592592592592595 0.9395833333333333 0.337037037037037 0.9203125 0.36944444444444446 0.9114583333333334 0.39166666666666666 0.9010416666666666 0.39814814814814814 0.8895833333333333 0.412962962962963 0.8869791666666667 0.41944444444444445 0.8765625 0.42777777777777776 0.86875 0.4388888888888889 0.8583333333333333 0.4462962962962963 0.8364583333333333 0.48055555555555557 0.8203125 0.5009259259259259 0.8104166666666667 0.5194444444444445 0.8098958333333334 0.5259259259259259 0.8244791666666667 0.5342592592592592 0.8296875 0.5342592592592592 0.8286458333333333 0.575925925925926 0.8182291666666667 0.575925925925926 0.8041666666666667 0.5666666666666667 0.7875 0.5685185185185185 0.7854166666666667 0.5712962962962963 0.78125 0.5796296296296296 0.7786458333333334 0.5981481481481481 0.7645833333333333 0.6305555555555555 0.75625 0.6611111111111111 0.7390625 0.6898148148148148 0.7291666666666666 0.725 0.7145833333333333 0.7481481481481481 0.70625 0.774074074074074
3 0.28072916666666664 0.15555555555555556 0.28020833333333334 0.1638888888888889 0.28177083333333336 0.1712962962962963 0.29635416666666664 0.17407407407407408 0.3026041666666667 0.17962962962962964 0.31354166666666666 0.20925925925925926 0.32395833333333335 0.2222222222222222 0.32708333333333334 0.23055555555555557 0.3416666666666667 0.25092592592592594 0.3453125 0.25092592592592594 0.3489583333333333 0.24814814814814815 0.3494791666666667 0.24444444444444444 0.3647567708333333 0.22191388888888888 0.375 0.19814814814814816 0.4 0.15925925925925927 0.4005208333333333 0.1527777777777778 0.39739583333333334 0.14351851851851852 0.37916666666666665 0.11203703703703703 0.35520833333333335 0.07962962962962963 0.3333333333333333 0.03981481481481482 0.32135416666666666 0.028703703703703703 0.3171875 0.021296296296296296 0.315625 0.025925925925925925 0.3072916666666667 0.030555555555555555 0.3 0.046296296296296294 0.28958333333333336 0.09351851851851851 0.28072916666666664 0.15555555555555556
3 0.35208333333333336 0.025925925925925925 0.35208333333333336 0.032407407407407406 0.36354166666666665 0.05925925925925926 0.3692708333333333 0.06851851851851852 0.3734375 0.0712962962962963 0.37604166666666666 0.07777777777777778 0.37864583333333335 0.07777777777777778 0.3807291666666667 0.07314814814814814 0.3802083333333333 0.06944444444444445 0.3651041666666667 0.03518518518518519 0.3625 0.030555555555555555 0.35833333333333334 0.02962962962962963 0.35572916666666665 0.025 0.35572916666666665 0.018518518518518517 0.35208333333333336 0.025925925925925925
3 0.3489583333333333 0.004629629629629629 0.3458333333333333 0.007407407407407408 0.3455729166666667 0.004629629629629629 0.3421875 0.004629629629629629 0.3458333333333333 0.009259259259259259 0.34322916666666664 0.013888888888888888 0.34427083333333336 0.012037037037037037 0.3458333333333333 0.014814814814814815 0.3515625 0.013888888888888888 0.35572916666666665 0.016666666666666666 0.35572916666666665 0.013888888888888888 0.3494791666666667 0.010185185185185186 0.3489583333333333 0.004629629629629629
3 0.37083333333333335 0.006481481481481481 0.37864583333333335 0.021296296296296296 0.38958333333333334 0.05277777777777778 0.3927083333333333 0.05555555555555555 0.39479166666666665 0.06388888888888888 0.39791666666666664 0.06574074074074074 0.42083333333333334 0.11388888888888889 0.4270833333333333 0.12129629629629629 0.43125 0.12129629629629629 0.43854166666666666 0.11203703703703703 0.44114583333333335 0.1175925925925926 0.44114583333333335 0.12685185185185185 0.44427083333333334 0.14074074074074075 0.4505208333333333 0.15 0.4552083333333333 0.1527777777777778 0.46979166666666666 0.15092592592592594 0.48489583333333336 0.1388888888888889 0.49583333333333335 0.11851851851851852 0.5057291666666667 0.10555555555555556 0.5171875 0.08055555555555556 0.5229166666666667 0.05740740740740741 0.5234375 0.009259259259259259 0.5223958333333333 0.002777777777777778 0.5203125 0.000925925925925926 0.4734375 0 0.46770833333333334 0.002777777777777778 0.46458333333333335 0 0.43020833333333336 0 0.42083333333333334 0.002777777777777778 0.4161458333333333 0 0.39427083333333335 0 0.39166666666666666 0.002777777777777778 0.37864583333333335 0.002777777777777778 0.37083333333333335 0.006481481481481481