1 0.7364583333333333 0.5185185185185185 0.7375 0.5259259259259259 0.7458333333333333 0.5305555555555556 0.7875 0.5416666666666666 0.8453125 0.562037037037037 0.8807291666666667 0.562037037037037 0.8911458333333333 0.5666666666666667 0.9078125 0.5685185185185185 0.9130208333333333 0.5666666666666667 0.9182291666666667 0.5574074074074075 0.9171875 0.549074074074074 0.9135416666666667 0.5416666666666666 0.8989583333333333 0.5222222222222223 0.8786458333333333 0.5009259259259259 0.8713541666666667 0.4962962962962963 0.8604166666666667 0.4824074074074074 0.8359375 0.4685185185185185 0.8286458333333333 0.4601851851851852 0.8255208333333334 0.4601851851851852 0.8203125 0.45092592592592595 0.8140625 0.4527777777777778 0.8104166666666667 0.4601851851851852 0.8015625 0.4601851851851852 0.7880208333333333 0.4666666666666667 0.7796875 0.48055555555555557 0.7677083333333333 0.4824074074074074 0.7536458333333333 0.5027777777777778 0.7510416666666667 0.5027777777777778 0.7489583333333333 0.5074074074074074 0.7432291666666667 0.5101851851851852 0.7364583333333333 0.5185185185185185
1 0.8854166666666666 0.4027777777777778 0.8854166666666666 0.4101851851851852 0.8895833333333333 0.4185185185185185 0.9114583333333334 0.4388888888888889 0.946875 0.4777777777777778 0.9494791666666667 0.4777777777777778 0.9375 0.44166666666666665 0.9354166666666667 0.42314814814814816 0.9307291666666667 0.4074074074074074 0.9291666666666667 0.39351851851851855 0.925 0.3824074074074074 0.9234375 0.36574074074074076 0.9255208333333333 0.3592592592592593 0.9234375 0.36203703703703705 0.921875 0.3592592592592593 0.9197916666666667 0.36203703703703705 0.9130208333333333 0.36203703703703705 0.9072916666666667 0.36666666666666664 0.8901041666666667 0.39166666666666666 0.8854166666666666 0.4027777777777778
1 0.9317708333333333 0.3509259259259259 0.9322916666666666 0.3592592592592593 0.9296875 0.36574074074074076 0.9328125 0.36944444444444446 0.9338541666666667 0.37592592592592594 0.9432291666666667 0.3731481481481482 0.96875 0.387037037037037 0.9911458333333333 0.39351851851851855 0.9932291666666667 0.3962962962962963 0.9994791666666667 0.3962962962962963 0.9994791666666667 0.3509259259259259 0.9890625 0.34629629629629627 0.9786458333333333 0.337037037037037 0.9635416666666666 0.33055555555555555 0.9541666666666667 0.3212962962962963 0.9453125 0.3277777777777778 0.9416666666666667 0.3351851851851852 0.9338541666666667 0.3435185185185185 0.9317708333333333 0.3509259259259259
1 0.9640625 0.2935185185185185 0.9630208333333333 0.3 0.9666666666666667 0.30462962962962964 0.96875 0.30092592592592593 0.9739583333333334 0.30092592592592593 0.9994791666666667 0.3138888888888889 0.9994791666666667 0.28703703703703703 0.9880208333333333 0.2824074074074074 0.984375 0.2777777777777778 0.9770833333333333 0.2777777777777778 0.9739583333333334 0.2712962962962963 0.9697916666666667 0.27685185185185185 0.9640625 0.2935185185185185
1 0.4140625 0.23981481481481481 0.4125 0.2462962962962963 0.4109375 0.2462962962962963 0.4114583333333333 0.25 0.415625 0.24814814814814815 0.4140625 0.23981481481481481
1 0.2453125 0.2601851851851852 0.24479166666666666 0.262037037037037 0.2557291666666667 0.26666666666666666 0.2630208333333333 0.262037037037037 0.26458333333333334 0.2638888888888889 0.2625 0.2564814814814815 0.26875 0.25462962962962965 0.26979166666666665 0.2601851851851852 0.2791666666666667 0.262037037037037 0.2869791666666667 0.28055555555555556 0.29583333333333334 0.31666666666666665 0.30833333333333335 0.3435185185185185 0.3265625 0.3527777777777778 0.33645833333333336 0.3527777777777778 0.359375 0.36203703703703705 0.36875 0.3712962962962963 0.37552083333333336 0.3731481481481482 0.38645833333333335 0.38425925925925924 0.4140625 0.38055555555555554 0.4197916666666667 0.3851851851851852 0.4354166666666667 0.3851851851851852 0.4359375 0.3712962962962963 0.43125 0.3592592592592593 0.425 0.32685185185185184 0.425 0.29907407407407405 0.4270833333333333 0.28888888888888886 0.4244791666666667 0.2740740740740741 0.4203125 0.26666666666666666 0.4119791666666667 0.26481481481481484 0.4119791666666667 0.2916666666666667 0.40989583333333335 0.3074074074074074 0.4005208333333333 0.32222222222222224 0.3984375 0.3194444444444444 0.39895833333333336 0.31666666666666665 0.3927083333333333 0.3148148148148148 0.39010416666666664 0.3101851851851852 0.3890625 0.29259259259259257 0.39166666666666666 0.2601851851851852 0.38958333333333334 0.24074074074074073 0.39114583333333336 0.2351851851851852 0.38958333333333334 0.21666666666666667 0.38697916666666665 0.20555555555555555 0.3807291666666667 0.19814814814814816 0.37552083333333336 0.1962962962962963 0.37395833333333334 0.19166666666666668 0.36875 0.18703703703703703 0.359375 0.18425925925925926 0.3484375 0.18703703703703703 0.34270833333333334 0.1962962962962963 0.3375 0.19814814814814816 0.33489583333333334 0.20462962962962963 0.33125 0.20462962962962963 0.32447916666666665 0.21203703703703702 0.3140625 0.21666666666666667 0.30833333333333335 0.22314814814814815 0.2942708333333333 0.22592592592592592 0.284375 0.2324074074074074 0.28020833333333334 0.2324074074074074 0.27395833333333336 0.2388888888888889 0.2578125 0.24444444444444444 0.25052083333333336 0.262037037037037 0.2453125 0.2601851851851852
1 0.4078125 0.17777777777777778 0.40677083333333336 0.20462962962962963 0.40729166666666666 0.20925925925925926 0.40989583333333335 0.21203703703703702 0.4109375 0.23055555555555557 0.41822916666666665 0.2324074074074074 0.4197916666666667 0.22962962962962963 0.4203125 0.21666666666666667 0.42239583333333336 0.21944444444444444 0.4203125 0.2111111111111111 0.4244791666666667 0.2074074074074074 0.4322916666666667 0.21203703703703702 0.43333333333333335 0.20555555555555555 0.43125 0.20277777777777778 0.42604166666666665 0.2074074074074074 0.4239583333333333 0.20277777777777778 0.425 0.19814814814814816 0.4203125 0.19814814814814816 0.4140625 0.18333333333333332 0.41354166666666664 0.17777777777777778 0.4078125 0.17777777777777778
1 0.44479166666666664 0.17222222222222222 0.4432291666666667 0.17777777777777778 0.4453125 0.1824074074074074 0.4479166666666667 0.17777777777777778 0.44479166666666664 0.17222222222222222
1 0.975 0.11481481481481481 0.9734375 0.1175925925925926 0.975 0.1259259259259259 0.9921875 0.13055555555555556 0.996875 0.13518518518518519 0.9979166666666667 0.14166666666666666 0.9994791666666667 0.14166666666666666 0.9979166666666667 0.13703703703703704 0.9994791666666667 0.1367287037037037 0.9994791666666667 0.11203703703703703 0.9807291666666667 0.11203703703703703 0.975 0.11481481481481481
1 0.9317708333333333 0.12314814814814815 0.9333333333333333 0.15462962962962962 0.9307291666666667 0.1638888888888889 0.9140625 0.19166666666666668 0.9135416666666667 0.2 0.9234375 0.1935185185185185 0.9369791666666667 0.1935185185185185 0.9494791666666667 0.2 0.9572916666666667 0.20092592592592592 0.9640625 0.2101851851851852 0.9697916666666667 0.23425925925925925 0.9729166666666667 0.23703703703703705 0.9734375 0.24166666666666667 0.9765625 0.23703703703703705 0.9807291666666667 0.23703703703703705 0.9833333333333333 0.2324074074074074 0.9911458333333333 0.23055555555555557 0.9994791666666667 0.21851851851851853 0.9994791666666667 0.21388888888888888 0.9822916666666667 0.20555555555555555 0.975 0.19537037037037036 0.9739583333333334 0.17777777777777778 0.9708333333333333 0.17407407407407408 0.9723958333333333 0.16666666666666666 0.9697916666666667 0.16203703703703703 0.96875 0.15 0.9661458333333334 0.14351851851851852 0.9619791666666667 0.1398148148148148 0.9604166666666667 0.13240740740740742 0.95625 0.125 0.9541666666666667 0.11203703703703703 0.9416666666666667 0.11018518518518519 0.9317708333333333 0.12314814814814815
1 0.2578125 0.1050925925925926 0.0010416666666666667 0.000925925925925926
1 0.25729166666666664 0.08981481481481482 0.25677083333333334 0.09166666666666666 0.2598958333333333 0.09166666666666666 0.25729166666666664 0.08981481481481482
1 0.234375 0.0824074074074074 0.2296875 0.08703703703703704 0.23697916666666666 0.08888888888888889 0.23697916666666666 0.08518518518518518 0.234375 0.0824074074074074
1 0.25729166666666664 0.08055555555555556 0.2578125 0.08518518518518518 0.25729166666666664 0.08055555555555556
1 0.24401041666666667 0.07685185185185185 0.0005208333333333333 0.001851851851851852
1 0.26901041666666664 0.07407407407407407 0.0005208333333333333 0.001851851851851852
1 0.2421875 0.07407407407407407 0.0020833333333333333 0.001851851851851852