4 0.8854166666666666 0.9138888888888889 0.8828125 0.9259259259259259 0.8869791666666667 0.937037037037037 0.9208333333333333 0.9527777777777777 0.9526041666666667 0.950925925925926 0.9625 0.9462962962962963 0.9994791666666667 0.9462962962962963 0.9994791666666667 0.8592592592592593 0.9942708333333333 0.8574074074074074 0.9927083333333333 0.8601851851851852 0.9869791666666666 0.8601851851851852 0.9828125 0.8666666666666667 0.9598958333333333 0.8759259259259259 0.9557291666666666 0.8805555555555555 0.9458333333333333 0.8805555555555555 0.9244791666666666 0.8935185185185185 0.8947916666666667 0.9009259259259259 0.8895833333333333 0.9055555555555556 0.8854166666666666 0.9138888888888889
4 0.5041666666666667 0.20555555555555555 0.5057291666666667 0.21388888888888888 0.5 0.22314814814814815 0.5010416666666667 0.23055555555555557 0.50625 0.2324074074074074 0.5078125 0.24351851851851852 0.5109375 0.24814814814814815 0.5119791666666667 0.25555555555555554 0.51875 0.26666666666666666 0.525 0.2851851851851852 0.5291666666666667 0.2916666666666667 0.5645833333333333 0.29444444444444445 0.5770833333333333 0.3 0.6067708333333334 0.3055555555555556 0.6526041666666667 0.33425925925925926 0.6682291666666667 0.3416666666666667 0.6734375 0.3398148148148148 0.675 0.3388888888888889 0.6776041666666667 0.3212962962962963 0.6807291666666667 0.3138888888888889 0.6838541666666667 0.2796296296296296 0.6875 0.26481481481481484 0.6953125 0.2074074074074074 0.6947916666666667 0.19444444444444445 0.696875 0.18888888888888888 0.696875 0.175 0.6994791666666667 0.15833333333333333 0.7046875 0.14629629629629629 0.7067708333333333 0.1287037037037037 0.7114583333333333 0.1259259259259259 0.7125 0.11851851851851852 0.7161458333333334 0.11851851851851852 0.7171875 0.12129629629629629 0.7171875 0.18703703703703703 0.725 0.24166666666666667 0.7307291666666667 0.25925925925925924 0.7390625 0.3037037037037037 0.7416666666666667 0.3074074074074074 0.7463541666666667 0.33425925925925926 0.7494791666666667 0.3398148148148148 0.75625 0.37592592592592594 0.7598958333333333 0.3824074074074074 0.7697916666666667 0.4287037037037037 0.7734375 0.43796296296296294 0.7744791666666667 0.44814814814814813 0.7796875 0.4601851851851852 0.7817708333333333 0.47129629629629627 0.7869791666666667 0.47962962962962963 0.7927083333333333 0.4824074074074074 0.7927083333333333 0.48518518518518516 0.7744791666666667 0.48518518518518516 0.7645833333333333 0.49166666666666664 0.7567708333333333 0.5027777777777778 0.7552083333333334 0.5092592592592593 0.7520833333333333 0.5120370370370371 0.75 0.5212962962962963 0.7390625 0.5416666666666666 0.7385416666666667 0.5462962962962963 0.7411458333333333 0.5555555555555556 0.7458333333333333 0.5638888888888889 0.7520833333333333 0.5694444444444444 0.7552083333333334 0.5851851851851851 0.7515625 0.5972222222222222 0.7453125 0.6092592592592593 0.7416666666666667 0.6231481481481481 0.725 0.6509259259259259 0.725 0.6620370370370371 0.7307291666666667 0.6787037037037037 0.7369791666666666 0.7074074074074074 0.7390625 0.7611111111111111 0.734375 0.7888888888888889 0.71875 0.8305555555555556 0.7203125 0.8416666666666667 0.7317708333333334 0.8462962962962963 0.75 0.8416666666666667 0.765625 0.8444444444444444 0.7791666666666667 0.8527777777777777 0.7911458333333333 0.8685185185185185 0.8416666666666667 0.8685185185185185 0.8447916666666667 0.8638888888888889 0.8546875 0.8592592592592593 0.8630208333333333 0.8435185185185186 0.8682291666666667 0.8416666666666667 0.8703125 0.8361111111111111 0.8796875 0.825925925925926 0.89375 0.8009259259259259 0.8947916666666667 0.7925925925925926 0.9 0.7851851851851852 0.9203125 0.7731481481481481 0.9307291666666667 0.7712962962962963 0.9421875 0.7731481481481481 0.9458333333333333 0.7824074074074074 0.9458333333333333 0.774074074074074 0.9489583333333333 0.7666666666666667 0.95625 0.7685185185185185 0.9609375 0.7638888888888888 0.9604166666666667 0.7601851851851852 0.9666666666666667 0.7583333333333333 0.9739583333333334 0.7601851851851852 0.9796875 0.7685185185185185 0.9796875 0.7712962962962963 0.984375 0.7694444444444445 0.9875 0.774074074074074 0.9885416666666667 0.7805555555555556 0.9911458333333333 0.7777777777777778 0.9927083333333333 0.799074074074074 0.9994791666666667 0.8 0.9994791666666667 0.7824074074074074 0.9973958333333334 0.7814814814814814 0.99375 0.7694444444444445 0.9890625 0.7694444444444445 0.9875 0.762962962962963 0.9880208333333333 0.7601851851851852 0.9932291666666667 0.7574074074074074 0.9942708333333333 0.7509259259259259 0.9973958333333334 0.7462962962962963 0.9947916666666666 0.7194444444444444 0.9963541666666667 0.712037037037037 0.9994791666666667 0.7092592592592593 0.9994791666666667 0.6685185185185185 0.9963541666666667 0.6648148148148149 0.9947916666666666 0.6546296296296297 0.9947916666666666 0.649074074074074 0.9994791666666667 0.6435185185185185 0.9994791666666667 0.6305555555555555 0.9973958333333334 0.6296296296296297 0.9973958333333334 0.6231481481481481 0.9994791666666667 0.6212962962962963 0.9994791666666667 0.39444444444444443 0.9947916666666666 0.3888888888888889 0.9963541666666667 0.37777777777777777 0.9994791666666667 0.37592592592592594 0.9994791666666667 0.14444444444444443 0.9963541666666667 0.14074074074074075 0.9963541666666667 0.13796296296296295 0.9994791666666667 0.13518518518518519 0.9994791666666667 0.07314814814814814 0.9979166666666667 0.07314814814814814 0.9963541666666667 0.06759259259259259 0.9979166666666667 0.06388888888888888 0.9963541666666667 0.058333333333333334 0.9994791666666667 0.05555555555555555 0.9994791666666667 0.013888888888888888 0.9963541666666667 0.007407407407407408 0.9921875 0.002777777777777778 0.9489583333333333 0.002777777777777778 0.9322916666666666 0 0.9244791666666666 0.002777777777777778 0.9119791666666667 0.002777777777777778 0.909375 0 0.8390625 0 0.8364583333333333 0.002777777777777778 0.8265625 0.002777777777777778 0.8234375 0 0.7401041666666667 0 0.7322916666666667 0.002777777777777778 0.7234375 0.002777777777777778 0.7223958333333333 0 0.6994791666666667 0 0.6973958333333333 0.002777777777777778 0.6880208333333333 0.002777777777777778 0.6854166666666667 0 0.6177083333333333 0 0.6125 0.013888888888888888 0.6 0.06851851851851852 0.5927083333333333 0.08055555555555556 0.5744791666666667 0.09351851851851851 0.5604166666666667 0.11018518518518519 0.54375 0.1388888888888889 0.5359375 0.16018518518518518 0.5161458333333333 0.18888888888888888 0.5083333333333333 0.19444444444444445 0.5041666666666667 0.20555555555555555
4 0.35989583333333336 0.9009259259259259 0.3578125 0.9009259259259259 0.3578125 0.9037037037037037 0.359375 0.9046296296296297 0.35989583333333336 0.9009259259259259
4 0.37083333333333335 0.7898148148148149 0.371875 0.812037037037037 0.3890625 0.8481481481481481 0.3963541666666667 0.8546296296296296 0.4119791666666667 0.8546296296296296 0.4328125 0.8481481481481481 0.46197916666666666 0.8481481481481481 0.4739583333333333 0.8555555555555555 0.48541666666666666 0.8555555555555555 0.4875 0.8592592592592593 0.490625 0.8574074074074074 0.5010416666666667 0.8638888888888889 0.5052083333333334 0.8555555555555555 0.509375 0.8527777777777777 0.5151041666666667 0.8546296296296296 0.5260416666666666 0.837037037037037 0.5546875 0.8324074074074074 0.5604166666666667 0.837037037037037 0.5791666666666667 0.8388888888888889 0.6119791666666666 0.8546296296296296 0.6296875 0.8574074074074074 0.6416666666666667 0.8555555555555555 0.6510416666666666 0.85 0.6598958333333333 0.837037037037037 0.6645833333333333 0.8194444444444444 0.6619791666666667 0.8027777777777778 0.65625 0.7935185185185185 0.6494791666666667 0.7851851851851852 0.6348958333333333 0.774074074074074 0.6223958333333334 0.7712962962962963 0.6072916666666667 0.7601851851851852 0.5979166666666667 0.7592592592592593 0.5776041666666667 0.7509259259259259 0.5723958333333333 0.7462962962962963 0.5473958333333333 0.7388888888888889 0.5411458333333333 0.7324074074074074 0.509375 0.7166666666666667 0.44947916666666665 0.7101851851851851 0.4453125 0.7074074074074074 0.4166666666666667 0.7101851851851851 0.40729166666666666 0.7138888888888889 0.3828125 0.7342592592592593 0.384375 0.7398148148148148 0.3807291666666667 0.7472222222222222 0.37916666666666665 0.7564814814814815 0.3802083333333333 0.7620370370370371 0.37395833333333334 0.7842592592592592 0.37083333333333335 0.7898148148148149
4 0.428125 0.43148148148148147 0.0010416666666666667 0.001851851851851852
4 0.42473958333333334 0.4287037037037037 0.0005208333333333333 0.001851851851851852
4 0.43072916666666666 0.4166666666666667 0.4265625 0.4185185185185185 0.4317708333333333 0.4212962962962963 0.43072916666666666 0.4166666666666667
4 0.425 0.40925925925925927 0.425 0.41388888888888886 0.43020833333333336 0.4101851851851852 0.42552083333333335 0.41203703703703703 0.425 0.40925925925925927
4 0.003125 0.007407407407407408 0 0.013888888888888888 0 0.05277777777777778 0.0015625 0.053703703703703705 0 0.05740740740740741 0 0.08981481481481482 0.0046875 0.09444444444444444 0.0046875 0.09814814814814815 0 0.10555555555555556 0 0.21851851851851853 0.0015625 0.21944444444444444 0.0015625 0.22314814814814815 0 0.22407407407407406 0 0.9898148148148148 0.03177083333333333 0.9805555555555555 0.0546875 0.9805555555555555 0.06145833333333333 0.9777777777777777 0.07395833333333333 0.9685185185185186 0.07916666666666666 0.9685185185185186 0.09947916666666666 0.9574074074074074 0.11822916666666666 0.950925925925926 0.13072916666666667 0.937037037037037 0.13697916666666668 0.9185185185185185 0.1453125 0.9138888888888889 0.15677083333333333 0.9138888888888889 0.175 0.9055555555555556 0.1953125 0.9046296296296297 0.2 0.9009259259259259 0.21927083333333333 0.8685185185185185 0.22239583333333332 0.8666666666666667 0.2328125 0.8435185185185186 0.2359375 0.8416666666666667 0.23958333333333334 0.8305555555555556 0.24270833333333333 0.8277777777777777 0.2453125 0.8166666666666667 0.24947916666666667 0.812037037037037 0.25 0.8027777777777778 0.25364583333333335 0.8 0.25677083333333334 0.7907407407407407 0.26666666666666666 0.7851851851851852 0.2755208333333333 0.7731481481481481 0.2796875 0.7731481481481481 0.28802083333333334 0.7601851851851852 0.29270833333333335 0.7592592592592593 0.2994791666666667 0.7509259259259259 0.30104166666666665 0.737037037037037 0.3 0.7324074074074074 0.2833333333333333 0.7296296296296296 0.2791666666666667 0.725925925925926 0.26927083333333335 0.725 0.25729166666666664 0.7185185185185186 0.21666666666666667 0.7101851851851851 0.20572916666666666 0.700925925925926 0.19322916666666667 0.6981481481481482 0.184375 0.6814814814814815 0.1859375 0.6777777777777778 0.19635416666666666 0.6731481481481482 0.1984375 0.6694444444444444 0.2046875 0.6685185185185185 0.20572916666666666 0.6638888888888889 0.20364583333333333 0.6601851851851852 0.20833333333333334 0.6546296296296297 0.20677083333333332 0.649074074074074 0.21614583333333334 0.6481481481481481 0.21875 0.6333333333333333 0.22395833333333334 0.6324074074074074 0.22395833333333334 0.612037037037037 0.21875 0.612037037037037 0.215625 0.6055555555555555 0.20625 0.6055555555555555 0.20572916666666666 0.600925925925926 0.20625 0.5953703703703703 0.2109375 0.5916666666666667 0.2125 0.5814814814814815 0.2234375 0.575925925925926 0.22447916666666667 0.5666666666666667 0.22864583333333333 0.5601851851851852 0.23072916666666668 0.55 0.22552083333333334 0.5462962962962963 0.22552083333333334 0.5388888888888889 0.23072916666666668 0.5351851851851852 0.23125 0.5120370370370371 0.23333333333333334 0.5074074074074074 0.253125 0.5055555555555555 0.2546875 0.5027777777777778 0.2677083333333333 0.5 0.2713541666666667 0.4962962962962963 0.30520833333333336 0.49166666666666664 0.3171875 0.4740740740740741 0.32447916666666665 0.4759259259259259 0.32864583333333336 0.47129629629629627 0.3302083333333333 0.46296296296296297 0.3338541666666667 0.462037037037037 0.33645833333333336 0.4537037037037037 0.34479166666666666 0.44166666666666665 0.353125 0.4388888888888889 0.3572916666666667 0.4324074074074074 0.36822916666666666 0.4305555555555556 0.3723958333333333 0.4074074074074074 0.37864583333333335 0.4027777777777778 0.37447916666666664 0.3685185185185185 0.36770833333333336 0.3314814814814815 0.36875 0.32592592592592595 0.37395833333333334 0.3296296296296296 0.37552083333333336 0.3351851851851852 0.3927083333333333 0.3388888888888889 0.39895833333333336 0.3490740740740741 0.4041666666666667 0.36666666666666664 0.40625 0.3675925925925926 0.40729166666666666 0.37592592592592594 0.4083333333333333 0.3712962962962963 0.4114583333333333 0.3712962962962963 0.41458333333333336 0.37962962962962965 0.42135416666666664 0.3824074074074074 0.421875 0.38425925925925924 0.4192708333333333 0.387037037037037 0.41458333333333336 0.38796296296296295 0.4140625 0.39351851851851855 0.41770833333333335 0.3962962962962963 0.421875 0.39351851851851855 0.4234375 0.3962962962962963 0.42291666666666666 0.39166666666666666 0.42916666666666664 0.3888888888888889 0.42630208333333336 0.3962962962962963 0.4322916666666667 0.39814814814814814 0.43645833333333334 0.4027777777777778 0.4375 0.4305555555555556 0.4546875 0.4388888888888889 0.46770833333333334 0.4351851851851852 0.46927083333333336 0.4324074074074074 0.4739583333333333 0.43425925925925923 0.4817708333333333 0.4324074074074074 0.4828125 0.42962962962962964 0.4875 0.4305555555555556 0.4901041666666667 0.41944444444444445 0.4979166666666667 0.4185185185185185 0.5010416666666667 0.41388888888888886 0.503125 0.4046296296296296 0.5020833333333333 0.4009259259259259 0.5046875 0.3962962962962963 0.5078125 0.39814814814814814 0.5151041666666667 0.39351851851851855 0.5125 0.3907407407407407 0.5119791666666667 0.3851851851851852 0.5302083333333333 0.3824074074074074 0.5322916666666667 0.37777777777777777 0.55 0.37592592592592594 0.55 0.3685185185185185 0.5479166666666667 0.36666666666666664 0.5479166666666667 0.36203703703703705 0.5333333333333333 0.3277777777777778 0.5234375 0.29444444444444445 0.5192708333333333 0.287962962962963 0.5119791666666667 0.2638888888888889 0.4822916666666667 0.2101851851851852 0.4744791666666667 0.17592592592592593 0.46927083333333336 0.16666666666666666 0.46197916666666666 0.14629629629629629 0.44895833333333335 0.13055555555555556 0.41458333333333336 0.10925925925925926 0.40625 0.10092592592592593 0.40625 0.0962962962962963 0.4119791666666667 0.08981481481481482 0.41302083333333334 0.07685185185185185 0.41822916666666665 0.06018518518518518 0.4161458333333333 0.041666666666666664 0.4125 0.028703703703703703 0.4114583333333333 0.013888888888888888 0.4036458333333333 0 0.38333333333333336 0 0.37552083333333336 0.005555555555555556 0.3651041666666667 0 0.3375 0 0.33489583333333334 0.002777777777777778 0.32916666666666666 0 0.2947916666666667 0 0.29270833333333335 0.002777777777777778 0.2791666666666667 0 0.1875 0 0.16770833333333332 0.005555555555555556 0.15 0 0.134375 0.002777777777777778 0.096875 0 0.0875 0.004629629629629629 0.084375 0.012037037037037037 0.06770833333333333 0.010185185185185186 0.05364583333333333 0 0.013541666666666667 0 0.003125 0.007407407407407408
4 0.18020833333333333 0.9861111111111112 0.1796875 0.9981481481481481 0.3619791666666667 0.9981481481481481 0.3697916666666667 0.9935185185185185 0.3734375 0.9796296296296296 0.375 0.9629629629629629 0.3802083333333333 0.9462962962962963 0.38229166666666664 0.9268518518518518 0.3859375 0.9166666666666666 0.3890625 0.8574074074074074 0.384375 0.8416666666666667 0.37447916666666664 0.8240740740740741 0.3645833333333333 0.8166666666666667 0.3625 0.812037037037037 0.3572916666666667 0.812037037037037 0.35104166666666664 0.8166666666666667 0.34791666666666665 0.812962962962963 0.35 0.8074074074074075 0.35 0.7972222222222223 0.3536458333333333 0.7935185185185185 0.3546875 0.7824074074074074 0.3572916666666667 0.7796296296296297 0.35833333333333334 0.7712962962962963 0.36041666666666666 0.7685185185185185 0.3614583333333333 0.7564814814814815 0.36822916666666666 0.737037037037037 0.35989583333333336 0.6851851851851852 0.353125 0.6805555555555556 0.3411458333333333 0.6796296296296296 0.3338541666666667 0.6805555555555556 0.3260416666666667 0.687037037037037 0.3104166666666667 0.712037037037037 0.3046875 0.7305555555555555 0.3026041666666667 0.7324074074074074 0.29791666666666666 0.7518518518518519 0.28854166666666664 0.7601851851851852 0.27291666666666664 0.7805555555555556 0.2635416666666667 0.7870370370370371 0.2557291666666667 0.7981481481481482 0.24375 0.8296296296296296 0.23229166666666667 0.8481481481481481 0.23125 0.8546296296296296 0.20052083333333334 0.9083333333333333 0.19375 0.9287037037037037 0.1875 0.9629629629629629 0.18020833333333333 0.9861111111111112
1 0.7 0.8462962962962963 0.6802083333333333 0.8759259259259259 0.6572916666666667 0.8888888888888888 0.6572916666666667 0.8953703703703704 0.6598958333333333 0.9037037037037037 0.6723958333333333 0.9101851851851852 0.6765625 0.9055555555555556 0.6848958333333334 0.9046296296296297 0.7057291666666666 0.8935185185185185 0.725 0.8935185185185185 0.7432291666666667 0.8870370370370371 0.7432291666666667 0.8759259259259259 0.7364583333333333 0.8601851851851852 0.7197916666666667 0.8546296296296296 0.7104166666666667 0.8435185185185186 0.7 0.8462962962962963
1 0.4427083333333333 0.6648148148148149 0.4421875 0.6666666666666666 0.44479166666666664 0.6666666666666666 0.4427083333333333 0.6648148148148149
1 0.3375 0.5305555555555556 0.3380208333333333 0.5370370370370371 0.34270833333333334 0.5370370370370371 0.3421875 0.5305555555555556 0.3375 0.5305555555555556
1 0.36875 0.4824074074074074 0.36770833333333336 0.48703703703703705 0.3697916666666667 0.48703703703703705 0.36875 0.4824074074074074
1 0.34739583333333335 0.48055555555555557 0.3463541666666667 0.48703703703703705 0.3489583333333333 0.48703703703703705 0.3489583333333333 0.48055555555555557 0.34739583333333335 0.48055555555555557
1 0.3390625 0.6509259259259259 0.3375 0.6638888888888889 0.33958333333333335 0.6685185185185185 0.3609375 0.6712962962962963 0.3697916666666667 0.6814814814814815 0.37083333333333335 0.6916666666666667 0.36875 0.6990740740740741 0.36875 0.712037037037037 0.375 0.7212962962962963 0.39010416666666664 0.7185185185185186 0.403125 0.7074074074074074 0.40208333333333335 0.6981481481481482 0.40520833333333334 0.6851851851851852 0.40625 0.6638888888888889 0.3963541666666667 0.6203703703703703 0.3963541666666667 0.5824074074074074 0.40208333333333335 0.5462962962962963 0.4125 0.5185185185185185 0.41770833333333335 0.5120370370370371 0.4192708333333333 0.5009259259259259 0.41822916666666665 0.48518518518518516 0.4109375 0.4777777777777778 0.4041666666666667 0.4842592592592593 0.4005208333333333 0.47962962962962963 0.3984375 0.48518518518518516 0.39947916666666666 0.4888888888888889 0.3963541666666667 0.4888888888888889 0.3951390625 0.48518518518518516 0.38645833333333335 0.48703703703703705 0.3958333333333333 0.4981481481481482 0.3932291666666667 0.5027777777777778 0.3875 0.5046296296296297 0.3890625 0.5120370370370371 0.3776041666666667 0.524074074074074 0.36614583333333334 0.5731481481481482 0.3609375 0.5824074074074074 0.3640625 0.5962962962962963 0.3640625 0.6055555555555555 0.3692708333333333 0.6138888888888889 0.36875 0.6185185185185185 0.365625 0.6259259259259259 0.359375 0.6287037037037037 0.359375 0.6398148148148148 0.3390625 0.6509259259259259
1 0.38333333333333336 0.37962962962962965 0.3828125 0.38425925925925924 0.38333333333333336 0.37962962962962965
1 0.5375 0.31203703703703706 0.5359375 0.3175925925925926 0.5385416666666667 0.3277777777777778 0.5458333333333333 0.3416666666666667 0.5489583333333333 0.3435185185185185 0.5703125 0.3888888888888889 0.5802083333333333 0.4 0.5947916666666667 0.42592592592592593 0.6411458333333333 0.4685185185185185 0.6692708333333334 0.5055555555555555 0.675 0.5101851851851852 0.6932291666666667 0.5398148148148149 0.7036458333333333 0.5648148148148148 0.7114583333333333 0.6018518518518519 0.7140625 0.6305555555555555 0.7197916666666667 0.6462962962962963 0.7302083333333333 0.6342592592592593 0.7333333333333333 0.6259259259259259 0.7364583333333333 0.6231481481481481 0.7333333333333333 0.6175925925925926 0.7302083333333333 0.600925925925926 0.7265625 0.5953703703703703 0.7333333333333333 0.5888888888888889 0.7375 0.5888888888888889 0.7333333333333333 0.587037037037037 0.7307291666666667 0.5768518518518518 0.7333333333333333 0.5694444444444444 0.7333333333333333 0.5481481481481482 0.7375 0.5314814814814814 0.7484375 0.5120370370370371 0.7494791666666667 0.5055555555555555 0.7546875 0.4981481481481482 0.7552083333333334 0.4935185185185185 0.7619791666666667 0.48703703703703705 0.7630208333333334 0.48055555555555557 0.7619791666666667 0.46944444444444444 0.7515625 0.45185185185185184 0.7473958333333334 0.4398148148148148 0.7395833333333334 0.4351851851851852 0.7333333333333333 0.41944444444444445 0.7260416666666667 0.4185185185185185 0.7239583333333334 0.41388888888888886 0.7182291666666667 0.41203703703703703 0.7088541666666667 0.39351851851851855 0.70625 0.3925925925925926 0.70625 0.38981481481481484 0.6979166666666666 0.38425925925925924 0.6921875 0.3712962962962963 0.6833333333333333 0.3685185185185185 0.6666666666666666 0.3509259259259259 0.6489583333333333 0.3435185185185185 0.6442708333333333 0.337037037037037 0.6322916666666667 0.33425925925925926 0.6307291666666667 0.33055555555555555 0.6229166666666667 0.32592592592592595 0.6057291666666667 0.3212962962962963 0.6010416666666667 0.31666666666666665 0.5755208333333334 0.3074074074074074 0.5572916666666666 0.3055555555555556 0.5375 0.31203703703703706
3 0.7234375 0.6564814814814814 0.7239583333333334 0.6638888888888889 0.73125 0.6842592592592592 0.7333333333333333 0.700925925925926 0.7364583333333333 0.7111111111111111 0.7380208333333333 0.7601851851851852 0.7302083333333333 0.8 0.7161458333333334 0.8333333333333334 0.71875 0.8453703703703703 0.721875 0.8481481481481481 0.7364583333333333 0.8527777777777777 0.7473958333333334 0.8481481481481481 0.7614583333333333 0.8481481481481481 0.7807291666666667 0.8601851851851852 0.7895833333333333 0.8712962962962963 0.7958333333333333 0.8731481481481481 0.8359375 0.8712962962962963 0.8541666666666666 0.8574074074074074 0.8708333333333333 0.8324074074074074 0.8729166666666667 0.8324074074074074 0.8875 0.8046296296296296 0.8880208333333334 0.7944444444444444 0.9 0.7759259259259259 0.9015625 0.7638888888888888 0.8989583333333333 0.7481481481481481 0.8932291666666666 0.7305555555555555 0.8901041666666667 0.725925925925926 0.8755208333333333 0.6675925925925926 0.8723958333333334 0.6305555555555555 0.8692708333333333 0.6175925925925926 0.8677083333333333 0.5712962962962963 0.8651041666666667 0.5564814814814815 0.8651041666666667 0.5138888888888888 0.8598958333333333 0.5101851851851852 0.8427083333333333 0.5055555555555555 0.8166666666666667 0.49166666666666664 0.80625 0.49166666666666664 0.8020833333333334 0.4888888888888889 0.7734375 0.48703703703703705 0.7619791666666667 0.4935185185185185 0.7375 0.5407407407407407 0.7375 0.5592592592592592 0.74375 0.562037037037037 0.7520833333333333 0.5731481481481482 0.7546875 0.5805555555555556 0.753125 0.5898148148148148 0.7484375 0.6074074074074074 0.7244791666666667 0.6509259259259259 0.7234375 0.6564814814814814
3 0.19322916666666667 0.9388888888888889 0.19166666666666668 0.9546296296296296 0.18177083333333333 0.9907407407407407 0.18333333333333332 0.9962962962962963 0.25 0.9981481481481481 0.28072916666666664 0.9944444444444445 0.28541666666666665 0.9981481481481481 0.29322916666666665 0.9981481481481481 0.2994791666666667 0.9944444444444445 0.3098958333333333 0.9981481481481481 0.35833333333333334 0.9981481481481481 0.3671875 0.9935185185185185 0.36666666666666664 0.9898148148148148 0.3703125 0.9805555555555555 0.3723958333333333 0.9648148148148148 0.3770833333333333 0.9462962962962963 0.3807291666666667 0.9388888888888889 0.38229166666666664 0.9175925925925926 0.38697916666666665 0.8981481481481481 0.38697916666666665 0.8527777777777777 0.3729166666666667 0.825925925925926 0.36666666666666664 0.8231481481481482 0.3625 0.8240740740740741 0.359375 0.8296296296296296 0.3515625 0.8305555555555556 0.35 0.8351851851851851 0.3416666666666667 0.8435185185185186 0.3380208333333333 0.8435185185185186 0.3307291666666667 0.8361111111111111 0.33177083333333335 0.8231481481481482 0.34427083333333336 0.8055555555555556 0.35572916666666665 0.7777777777777778 0.3578125 0.7601851851851852 0.36666666666666664 0.7305555555555555 0.36302083333333335 0.7129629629629629 0.3625 0.700925925925926 0.35833333333333334 0.6888888888888889 0.3494791666666667 0.6805555555555556 0.3390625 0.6805555555555556 0.32760416666666664 0.687037037037037 0.3151041666666667 0.7055555555555556 0.30052083333333335 0.7425925925925926 0.2994791666666667 0.7527777777777778 0.29583333333333334 0.7592592592592593 0.28177083333333336 0.7712962962962963 0.2760416666666667 0.7796296296296297 0.2630208333333333 0.7888888888888889 0.25677083333333334 0.7972222222222223 0.24739583333333334 0.825925925925926 0.2015625 0.9101851851851852 0.19322916666666667 0.9388888888888889
3 0.06822916666666666 0.35555555555555557 0.06927083333333334 0.37962962962962965 0.08020833333333334 0.41388888888888886 0.08489583333333334 0.44351851851851853 0.09010416666666667 0.5342592592592592 0.09375 0.55 0.0953125 0.5731481481481482 0.09895833333333333 0.5824074074074074 0.10416666666666667 0.5842592592592593 0.1078125 0.5824074074074074 0.1203125 0.5601851851851852 0.12447916666666667 0.5574074074074075 0.13072916666666667 0.5462962962962963 0.1359375 0.5435185185185185 0.14479166666666668 0.5324074074074074 0.14791666666666667 0.5324074074074074 0.1515625 0.5259259259259259 0.1921875 0.5138888888888888 0.20052083333333334 0.5074074074074074 0.21145833333333333 0.5055555555555555 0.2171875 0.5009259259259259 0.24270833333333333 0.5027777777777778 0.27239583333333334 0.4981481481481482 0.2833333333333333 0.4935185185185185 0.30416666666666664 0.49166666666666664 0.3098958333333333 0.48703703703703705 0.3203125 0.4685185185185185 0.32395833333333335 0.4685185185185185 0.34479166666666666 0.44166666666666665 0.36614583333333334 0.4305555555555556 0.3692708333333333 0.42314814814814816 0.37083333333333335 0.4101851851851852 0.37864583333333335 0.40370370370370373 0.3796875 0.4 0.36770833333333336 0.33055555555555555 0.35989583333333336 0.3055555555555556 0.35052083333333334 0.2851851851851852 0.33541666666666664 0.24351851851851852 0.325 0.2222222222222222 0.31875 0.21388888888888888 0.30052083333333335 0.2074074074074074 0.2828125 0.19444444444444445 0.2546875 0.1962962962962963 0.23125 0.2074074074074074 0.21875 0.21666666666666667 0.19427083333333334 0.24444444444444444 0.18072916666666666 0.2777777777777778 0.15989583333333332 0.3138888888888889 0.15572916666666667 0.31666666666666665 0.14583333333333334 0.31666666666666665 0.12291666666666666 0.3296296296296296 0.11145833333333334 0.33055555555555555 0.10572916666666667 0.3351851851851852 0.08697916666666666 0.3388888888888889 0.0796875 0.34629629629629627 0.075 0.34629629629629627 0.06822916666666666 0.35555555555555557
3 0.3703125 0.7981481481481482 0.37083333333333335 0.812037037037037 0.39375 0.8546296296296296 0.41302083333333334 0.8555555555555555 0.46145833333333336 0.850925925925926 0.5020833333333333 0.8685185185185185 0.5145833333333333 0.8666666666666667 0.525 0.8481481481481481 0.5302083333333333 0.8462962962962963 0.5322916666666667 0.8416666666666667 0.5494791666666666 0.837037037037037 0.5848958333333333 0.8444444444444444 0.6067708333333334 0.8555555555555555 0.6208333333333333 0.8592592592592593 0.6375 0.8592592592592593 0.6484375 0.8546296296296296 0.6552083333333333 0.8481481481481481 0.6619791666666667 0.8361111111111111 0.6635416666666667 0.8240740740740741 0.665625 0.8212962962962963 0.6604166666666667 0.7962962962962963 0.6473958333333333 0.7805555555555556 0.6369791666666667 0.7731481481481481 0.6286458333333333 0.7712962962962963 0.6067708333333334 0.7574074074074074 0.5880208333333333 0.7527777777777778 0.5614583333333333 0.7398148148148148 0.5453125 0.7351851851851852 0.5291666666666667 0.7231481481481481 0.5119791666666667 0.7148148148148148 0.4625 0.7074074074074074 0.41875 0.7074074074074074 0.40625 0.712037037037037 0.39479166666666665 0.7212962962962963 0.3859375 0.7333333333333333 0.3807291666666667 0.7546296296296297 0.37552083333333336 0.7648148148148148 0.371875 0.7953703703703704 0.3703125 0.7981481481481482
3 0.43125 0.41944444444444445 0.43020833333333336 0.4212962962962963 0.43333333333333335 0.4212962962962963 0.43125 0.41944444444444445
3 0.42239583333333336 0.41944444444444445 0.4203125 0.4212962962962963 0.42291666666666666 0.4212962962962963 0.42239583333333336 0.41944444444444445
3 0.42421875 0.35833333333333334 0.0015625 0.001851851851851852
3 0.4078125 0.20277777777777778 0.40989583333333335 0.20555555555555555 0.4083333333333333 0.20833333333333334 0.4088541666666667 0.21388888888888888 0.4114583333333333 0.21851851851851853 0.4119791666666667 0.2361111111111111 0.4088541666666667 0.25092592592592594 0.4088541666666667 0.26944444444444443 0.4119791666666667 0.28055555555555556 0.4125 0.29259259259259257 0.4140625 0.3 0.4171875 0.30277777777777776 0.4203125 0.32314814814814813 0.42916666666666664 0.3351851851851852 0.4296875 0.34074074074074073 0.41875 0.3509259259259259 0.4171875 0.3398148148148148 0.4015625 0.3398148148148148 0.39895833333333336 0.34444444444444444 0.4 0.35185185185185186 0.4041666666666667 0.36666666666666664 0.40677083333333336 0.36944444444444446 0.40729166666666666 0.387037037037037 0.4140625 0.39444444444444443 0.41822916666666665 0.4148148148148148 0.42083333333333334 0.4101851851851852 0.425 0.41203703703703703 0.4359375 0.4074074074074074 0.4375 0.4027777777777778 0.44114583333333335 0.4009259259259259 0.4421875 0.3962962962962963 0.446875 0.39814814814814814 0.4484375 0.40370370370370373 0.4484375 0.41759259259259257 0.44583333333333336 0.42777777777777776 0.4473958333333333 0.44166666666666665 0.4453125 0.4444444444444444 0.4432291666666667 0.45555555555555555 0.44427083333333334 0.46111111111111114 0.45260416666666664 0.45740740740740743 0.45416666666666666 0.462037037037037 0.46041666666666664 0.4638888888888889 0.46145833333333336 0.4564814814814815 0.4635416666666667 0.4546296296296296 0.48020833333333335 0.4527777777777778 0.4817708333333333 0.44907407407407407 0.49166666666666664 0.44166666666666665 0.5083333333333333 0.41203703703703703 0.5328125 0.39351851851851855 0.5484375 0.38981481481481484 0.56875 0.4027777777777778 0.56875 0.39166666666666666 0.5671875 0.387037037037037 0.5567708333333333 0.37037037037037035 0.5375 0.3314814814814815 0.509375 0.25555555555555554 0.4817708333333333 0.20925925925925926 0.478125 0.19166666666666668 0.4739583333333333 0.18611111111111112 0.47239583333333335 0.17777777777777778 0.45625 0.17592592592592593 0.44375 0.1685185185185185 0.4270833333333333 0.1685185185185185 0.425 0.16944444444444445 0.41875 0.1824074074074074 0.4114583333333333 0.18981481481481483 0.40989583333333335 0.2 0.4078125 0.20277777777777778
3 0.6661458333333333 0.21296296296296297 0.665625 0.21666666666666667 0.6682291666666667 0.21851851851851853 0.6692708333333334 0.21203703703703702 0.6661458333333333 0.21296296296296297
3 0.6682291666666667 0.18703703703703703 0.6682291666666667 0.1935185185185185 0.6682291666666667 0.18703703703703703
3 0.49583333333333335 0.20555555555555555 0.49375 0.21203703703703702 0.4953125 0.22314814814814815 0.5109375 0.25277777777777777 0.5197916666666667 0.27685185185185185 0.5317708333333333 0.2962962962962963 0.5682291666666667 0.29814814814814816 0.5932291666666667 0.3074074074074074 0.6 0.3074074074074074 0.6145833333333334 0.3138888888888889 0.6317708333333333 0.32592592592592595 0.6479166666666667 0.33055555555555555 0.6625 0.3416666666666667 0.6682291666666667 0.3416666666666667 0.675 0.3314814814814815 0.6791666666666667 0.31203703703703706 0.6817708333333333 0.2814814814814815 0.6859375 0.26666666666666666 0.6854166666666667 0.2490740740740741 0.6875 0.23055555555555557 0.690625 0.22314814814814815 0.6880208333333333 0.21481481481481482 0.6921875 0.2101851851851852 0.6932291666666667 0.1935185185185185 0.6875 0.19166666666666668 0.6864583333333333 0.18703703703703703 0.6885416666666667 0.18518518518518517 0.6848958333333334 0.18518518518518517 0.6838541666666667 0.19166666666666668 0.68125 0.1962962962962963 0.6786458333333333 0.1962962962962963 0.6791666666666667 0.20092592592592592 0.6682291666666667 0.18425925925925926 0.6703125 0.17777777777777778 0.6697916666666667 0.17407407407407408 0.6765625 0.1638888888888889 0.6734375 0.1638888888888889 0.6697916666666667 0.15925925925925927 0.6682291666666667 0.15462962962962962 0.6677083333333333 0.13703703703703704 0.6614583333333334 0.13425925925925927 0.6578125 0.1259259259259259 0.6572916666666667 0.11851851851851852 0.6614583333333334 0.11481481481481481 0.6614583333333334 0.10925925925925926 0.6552083333333333 0.09814814814814815 0.64375 0.09351851851851851 0.6380208333333334 0.08703703703703704 0.6177083333333333 0.08518518518518518 0.5989583333333334 0.07777777777777778 0.5682291666666667 0.10092592592592593 0.5572916666666666 0.11481481481481481 0.5489583333333333 0.13240740740740742 0.5458333333333333 0.13518518518518519 0.5369791666666667 0.15648148148148147 0.5229166666666667 0.17777777777777778 0.5109375 0.19166666666666668 0.5005208333333333 0.19814814814814816 0.49583333333333335 0.20555555555555555