4 0.7515625 0 0.7802083333333333 0 0.8046875 0.005555555555555556 0.821875 0.002777777777777778 0.8239583333333333 0 0.8625 0 0.865625 0.002777777777777778 0.8770833333333333 0 0.9395833333333333 0 0.9416666666666667 0.004629629629629629 0.9395833333333333 0.03518518518518519 0.9177083333333333 0.044444444444444446 0.9140625 0.05462962962962963 0.9197916666666667 0.15185185185185185 0.9166666666666666 0.15555555555555556 0.9083333333333333 0.15648148148148147 0.9130208333333333 0.1675925925925926 0.9119791666666667 0.175 0.9041666666666667 0.175 0.8833333333333333 0.15 0.8817708333333333 0.14351851851851852 0.8854166666666666 0.1398148148148148 0.8869791666666667 0.13333333333333333 0.8744791666666667 0.11574074074074074 0.8755208333333333 0.11203703703703703 0.8802083333333334 0.11018518518518519 0.8807291666666667 0.10185185185185185 0.8739583333333333 0.09537037037037037 0.8755208333333333 0.09166666666666666 0.8734375 0.08796296296296297 0.8703125 0.09537037037037037 0.8635416666666667 0.09537037037037037 0.8536458333333333 0.08981481481481482 0.8473958333333333 0.09166666666666666 0.84375 0.10555555555555556 0.8494791666666667 0.11203703703703703 0.8567708333333334 0.12777777777777777 0.8630208333333333 0.16944444444444445 0.8598958333333333 0.20925925925925926 0.8567708333333334 0.21481481481481482 0.8520833333333333 0.21481481481481482 0.8416666666666667 0.20925925925925926 0.8385416666666666 0.20092592592592592 0.8171875 0.16944444444444445 0.8072916666666666 0.1425925925925926 0.7958333333333333 0.12962962962962962 0.7890625 0.11481481481481481 0.7786458333333334 0.10092592592592593 0.7630208333333334 0.06018518518518518 0.7619791666666667 0.03888888888888889 0.7526041666666666 0.01574074074074074 0.75 0.005555555555555556 0.7515625 0.000925925925925926
4 0.5869791666666667 0.2712962962962963 0.5921875 0.28055555555555556 0.5958333333333333 0.3 0.6078125 0.31666666666666665 0.6104166666666667 0.33055555555555555 0.6098958333333333 0.3425925925925926 0.6057291666666667 0.35555555555555557 0.6057291666666667 0.37037037037037035 0.6015625 0.3768518518518518 0.6125 0.38333333333333336 0.6166666666666667 0.38981481481481484 0.6104166666666667 0.4074074074074074 0.6072916666666667 0.4324074074074074 0.5979166666666667 0.45740740740740743 0.5932291666666667 0.4787037037037037 0.578125 0.5083333333333333 0.5390625 0.5370370370370371 0.5302083333333333 0.5527777777777778 0.5015625 0.5796296296296296 0.490625 0.5944444444444444 0.47604166666666664 0.6333333333333333 0.45729166666666665 0.6666666666666666 0.43645833333333334 0.6953703703703704 0.43697916666666664 0.7092592592592593 0.42083333333333334 0.7620370370370371 0.4197916666666667 0.7768518518518519 0.39947916666666666 0.8472222222222222 0.3854166666666667 0.8861111111111111 0.3614583333333333 0.9351851851851852 0.3380208333333333 0.975925925925926 0.3359375 0.9925925925925926 0.31666666666666665 0.9953703703703703 0.221875 0.9944444444444445 0.19739583333333333 0.9962962962962963 0.19375 0.9990740740740741 0.15520833333333334 0.9962962962962963 0.1515625 0.9944444444444445 0.1515625 0.9907407407407407 0.17552083333333332 0.924074074074074 0.178125 0.9055555555555556 0.203125 0.8555555555555555 0.2265625 0.7842592592592592 0.24427083333333333 0.75 0.28489583333333335 0.6907407407407408 0.31666666666666665 0.6361111111111111 0.32083333333333336 0.6324074074074074 0.33229166666666665 0.6092592592592593 0.346875 0.5935185185185186 0.3546875 0.5675925925925925 0.3729166666666667 0.5675925925925925 0.38177083333333334 0.5555555555555556 0.3921875 0.5287037037037037 0.403125 0.5138888888888888 0.41302083333333334 0.49444444444444446 0.4166666666666667 0.47685185185185186 0.42083333333333334 0.4666666666666667 0.44479166666666664 0.45555555555555555 0.446875 0.4388888888888889 0.44947916666666665 0.43333333333333335 0.45729166666666665 0.3925925925925926 0.46458333333333335 0.37592592592592594 0.46822916666666664 0.35555555555555557 0.47552083333333334 0.33796296296296297 0.4786458333333333 0.31851851851851853 0.484375 0.3037037037037037 0.4947916666666667 0.2916666666666667 0.5333333333333333 0.27314814814814814 0.5536458333333333 0.2722222222222222 0.5703125 0.2638888888888889 0.5786458333333333 0.26481481481481484 0.5864583333333333 0.2712962962962963
4 0.20572916666666666 0 0.24166666666666667 0 0.25 0.003703703703703704 0.2864583333333333 0 0.3020833333333333 0.004629629629629629 0.3145833333333333 0 0.3265625 0 0.32916666666666666 0.002777777777777778 0.34791666666666665 0.002777777777777778 0.35104166666666664 0 0.47760416666666666 0 0.4817708333333333 0.002777777777777778 0.4890625 0 0.5671875 0 0.5703125 0.004629629629629629 0.5744791666666667 0 0.6010416666666667 0 0.609375 0.006481481481481481 0.6260416666666667 0.002777777777777778 0.6276041666666666 0 0.6583333333333333 0 0.6598958333333333 0.003703703703703704 0.659375 0.012037037037037037 0.6557291666666667 0.018518518518518517 0.65 0.03981481481481482 0.6453125 0.075 0.6385416666666667 0.10462962962962963 0.6338541666666667 0.14351851851851852 0.6291666666666667 0.1638888888888889 0.6286458333333333 0.1824074074074074 0.6302083333333334 0.18518518518518517 0.6348958333333333 0.18425925925925926 0.6458333333333334 0.16666666666666666 0.6505208333333333 0.15462962962962962 0.6505208333333333 0.11666666666666667 0.653125 0.09259259259259259 0.6588541666666666 0.0712962962962963 0.6640625 0.040740740740740744 0.6635416666666667 0.03425925925925926 0.6671875 0.02962962962962963 0.6755208333333333 0.032407407407407406 0.6729166666666667 0.03981481481481482 0.6791666666666667 0.05740740740740741 0.6833333333333333 0.06296296296296296 0.6838541666666667 0.07037037037037037 0.68125 0.07777777777777778 0.6822916666666666 0.08796296296296297 0.6765625 0.09166666666666666 0.6744791666666666 0.09907407407407408 0.6776041666666667 0.10925925925925926 0.6864583333333333 0.12129629629629629 0.6963541666666667 0.15462962962962962 0.6911458333333333 0.18888888888888888 0.6796875 0.21481481481481482 0.6427083333333333 0.24537037037037038 0.6328125 0.2611111111111111 0.6260416666666667 0.2657407407407407 0.6239583333333333 0.25925925925925924 0.6239583333333333 0.24722222222222223 0.6270833333333333 0.23425925925925925 0.6088541666666667 0.22685185185185186 0.6052083333333333 0.22037037037037038 0.6067708333333334 0.2074074074074074 0.6057291666666667 0.20092592592592592 0.5942708333333333 0.2074074074074074 0.5885416666666666 0.20277777777777778 0.5848958333333333 0.1935185185185185 0.5817708333333333 0.19722222222222222 0.5744791666666667 0.22037037037037038 0.5760416666666667 0.23703703703703705 0.5744791666666667 0.2388888888888889 0.5723958333333333 0.23796296296296296 0.5723958333333333 0.2222222222222222 0.5677083333333334 0.21851851851851853 0.565625 0.2212962962962963 0.5572916666666666 0.21944444444444444 0.5541666666666667 0.21203703703703702 0.55 0.18703703703703703 0.5505208333333333 0.17777777777777778 0.5447916666666667 0.13703703703703704 0.5401041666666667 0.12129629629629629 0.5348958333333333 0.12222222222222222 0.5260416666666666 0.12962962962962962 0.5302083333333333 0.14166666666666666 0.5322916666666667 0.1648148148148148 0.5421875 0.21574074074074073 0.5432291666666667 0.25 0.5260416666666666 0.25462962962962965 0.509375 0.27870370370370373 0.49583333333333335 0.2833333333333333 0.48072916666666665 0.3 0.47604166666666664 0.30185185185185187 0.46979166666666666 0.30185185185185187 0.4666666666666667 0.29814814814814816 0.46510416666666665 0.2722222222222222 0.46197916666666666 0.26666666666666666 0.4484375 0.2574074074074074 0.4427083333333333 0.2574074074074074 0.43385416666666665 0.26851851851851855 0.4322916666666667 0.2851851851851852 0.42864583333333334 0.2861111111111111 0.42083333333333334 0.30185185185185187 0.40729166666666666 0.3074074074074074 0.39375 0.32407407407407407 0.3828125 0.32407407407407407 0.37604166666666666 0.3101851851851852 0.375 0.30277777777777776 0.3765625 0.3 0.36875 0.2972222222222222 0.3697916666666667 0.29259259259259257 0.36770833333333336 0.28703703703703703 0.3567708333333333 0.2824074074074074 0.3572916666666667 0.2657407407407407 0.3458333333333333 0.2574074074074074 0.3416666666666667 0.24074074074074073 0.3411458333333333 0.21944444444444444 0.35104166666666664 0.2111111111111111 0.35989583333333336 0.19537037037037036 0.3536458333333333 0.19444444444444445 0.3416666666666667 0.20185185185185187 0.334375 0.20185185185185187 0.3177083333333333 0.19166666666666668 0.28958333333333336 0.17037037037037037 0.27395833333333336 0.14907407407407408 0.25416666666666665 0.13425925925925927 0.23385416666666667 0.10277777777777777 0.2203125 0.09351851851851851 0.20989583333333334 0.06296296296296296 0.20885416666666667 0.049074074074074076 0.20520833333333333 0.03425925925925926 0.203125 0.004629629629629629 0.20572916666666666 0.000925925925925926
0 0.5953125 0.5 0.5984375 0.5055555555555555 0.603125 0.525 0.60625 0.5259259259259259 0.6067708333333334 0.5296296296296297 0.609375 0.5305555555555556 0.6234375 0.5527777777777778 0.6328125 0.5592592592592592 0.6421875 0.5777777777777777 0.640625 0.5861111111111111 0.6322916666666667 0.587037037037037 0.6338541666666667 0.6055555555555555 0.6395833333333333 0.6111111111111112 0.6375 0.6157407407407407 0.6380208333333334 0.6287037037037037 0.6270833333333333 0.6361111111111111 0.6234375 0.6416666666666667 0.6166666666666667 0.6407407407407407 0.6161458333333333 0.6435185185185185 0.6130208333333333 0.6435185185185185 0.6010416666666667 0.6277777777777778 0.5916666666666667 0.6296296296296297 0.5895833333333333 0.6268518518518519 0.5744791666666667 0.625 0.5614583333333333 0.65 0.5484375 0.6638888888888889 0.5442708333333334 0.6777777777777778 0.5390625 0.687037037037037 0.5322916666666667 0.6925925925925925 0.5177083333333333 0.6953703703703704 0.5083333333333333 0.6935185185185185 0.4973958333333333 0.675 0.4979166666666667 0.6611111111111111 0.5041666666666667 0.6351851851851852 0.50625 0.6157407407407407 0.5098958333333333 0.6055555555555555 0.5229166666666667 0.5805555555555556 0.5302083333333333 0.575 0.5307291666666667 0.5675925925925925 0.5364583333333334 0.5601851851851852 0.5625 0.5555555555555556 0.5791666666666667 0.5444444444444444 0.59375 0.5185185185185185 0.5859375 0.5120370370370371 0.5916666666666667 0.49907407407407406 0.5947916666666667 0.5
0 0.8536458333333333 0.21944444444444444 0.8645833333333334 0.2361111111111111 0.8765625 0.2462962962962963 0.8885416666666667 0.26944444444444443 0.8895833333333333 0.2796296296296296 0.8880208333333334 0.30092592592592593 0.8921875 0.3314814814814815 0.8973958333333333 0.33796296296296297 0.921875 0.3472222222222222 0.925 0.3509259259259259 0.91875 0.36203703703703705 0.9078125 0.3712962962962963 0.88125 0.36574074074074076 0.8729166666666667 0.35648148148148145 0.8666666666666667 0.34444444444444444 0.8447916666666667 0.32222222222222224 0.8380208333333333 0.3101851851851852 0.8385416666666666 0.29259259259259257 0.8328125 0.2851851851851852 0.8322916666666667 0.25925925925925924 0.8291666666666667 0.24074074074074073 0.83125 0.2351851851851852 0.8411458333333334 0.2351851851851852 0.8484375 0.22037037037037038 0.853125 0.21944444444444444
0 0.59375 0.5018518518518519 0.5989583333333334 0.5064814814814815 0.6020833333333333 0.5277777777777778 0.60625 0.5259259259259259 0.6166666666666667 0.5407407407407407 0.6234375 0.5546296296296296 0.628125 0.5574074074074075 0.6255208333333333 0.5601851851851852 0.6265625 0.562962962962963 0.6302083333333334 0.5592592592592592 0.6369791666666667 0.5675925925925925 0.6416666666666667 0.5777777777777777 0.6421875 0.5879629629629629 0.6328125 0.587037037037037 0.6348958333333333 0.6055555555555555 0.640625 0.6083333333333333 0.6432291666666666 0.6055555555555555 0.6427083333333333 0.6018518518518519 0.6473958333333333 0.6 0.6473958333333333 0.6111111111111112 0.640625 0.6129629629629629 0.6390625 0.6157407407407407 0.6385416666666667 0.6314814814814815 0.6244791666666667 0.6444444444444445 0.6109375 0.6444444444444445 0.603125 0.6351851851851852 0.5744791666666667 0.6259259259259259 0.565625 0.6398148148148148 0.5619791666666667 0.65 0.5494791666666666 0.6638888888888889 0.5390625 0.687962962962963 0.5333333333333333 0.6925925925925925 0.5171875 0.6962962962962963 0.5072916666666667 0.6925925925925925 0.4979166666666667 0.6777777777777778 0.4973958333333333 0.662962962962963 0.5036458333333333 0.6342592592592593 0.5036458333333333 0.6287037037037037 0.49270833333333336 0.6148148148148148 0.49270833333333336 0.6092592592592593 0.4979166666666667 0.5953703703703703 0.5046875 0.5925925925925926 0.5130208333333334 0.5814814814814815 0.5182291666666666 0.5787037037037037 0.525 0.5675925925925925 0.5395833333333333 0.5518518518518518 0.5453125 0.5509259259259259 0.55 0.5444444444444444 0.5578125 0.5444444444444444 0.5598958333333334 0.5398148148148149 0.565625 0.5370370370370371 0.5677083333333334 0.5259259259259259 0.5765625 0.524074074074074 0.58125 0.5166666666666667 0.58125 0.5120370370370371 0.5864583333333333 0.5092592592592593 0.5916666666666667 0.5 0.5932291666666667 0.5018518518518519
3 0.5791666666666667 0.26296296296296295 0.5854166666666667 0.26666666666666666 0.590625 0.275 0.5963541666666666 0.29907407407407405 0.6052083333333333 0.30925925925925923 0.6104166666666667 0.32407407407407407 0.6109375 0.34444444444444444 0.6078125 0.35833333333333334 0.6083333333333333 0.3685185185185185 0.6015625 0.3768518518518518 0.6145833333333334 0.37962962962962965 0.61875 0.38981481481481484 0.6109375 0.4148148148148148 0.6057291666666667 0.44351851851851853 0.5921875 0.48518518518518516 0.5848958333333333 0.5009259259259259 0.5796875 0.5092592592592593 0.5572916666666666 0.5296296296296297 0.5432291666666667 0.5370370370370371 0.5359375 0.5148148148148148 0.5270833333333333 0.49907407407407406 0.515625 0.48703703703703705 0.484375 0.46574074074074073 0.4609375 0.4564814814814815 0.44583333333333336 0.4546296296296296 0.44375 0.45 0.44427083333333334 0.4425925925925926 0.4515625 0.4185185185185185 0.45625 0.39166666666666666 0.4625 0.3768518518518518 0.4640625 0.3648148148148148 0.4713541666666667 0.3416666666666667 0.47604166666666664 0.33240740740740743 0.47760416666666666 0.31666666666666665 0.4864583333333333 0.29814814814814816 0.4973958333333333 0.28888888888888886 0.5322916666666667 0.2722222222222222 0.5510416666666667 0.2712962962962963 0.5645833333333333 0.2638888888888889 0.5786458333333333 0.26296296296296295
3 0.5822916666666667 0.26481481481481484 0.5890625 0.2722222222222222 0.5942708333333333 0.28703703703703703 0.5958333333333333 0.29907407407407405 0.6067708333333334 0.31296296296296294 0.6104166666666667 0.32592592592592595 0.6109375 0.3435185185185185 0.6083333333333333 0.35555555555555557 0.609375 0.36574074074074076 0.6072916666666667 0.3712962962962963 0.6020833333333333 0.375 0.6015625 0.37962962962962965 0.6135416666666667 0.37962962962962965 0.61875 0.38981481481481484 0.6109375 0.41388888888888886 0.6083333333333333 0.43425925925925923 0.5921875 0.4842592592592593 0.5807291666666666 0.5074074074074074 0.5567708333333333 0.5314814814814814 0.5395833333333333 0.5388888888888889 0.5348958333333333 0.55 0.496875 0.587037037037037 0.48802083333333335 0.6018518518518519 0.4734375 0.6398148148148148 0.46041666666666664 0.6555555555555556 0.44583333333333336 0.6814814814814815 0.43645833333333334 0.6925925925925925 0.4270833333333333 0.6888888888888889 0.41458333333333336 0.6731481481481482 0.38697916666666665 0.6203703703703703 0.3765625 0.5805555555555556 0.3765625 0.5657407407407408 0.3859375 0.55 0.39010416666666664 0.5342592592592592 0.4046875 0.5120370370370371 0.41354166666666664 0.4935185185185185 0.41822916666666665 0.4685185185185185 0.428125 0.462037037037037 0.43854166666666666 0.4601851851851852 0.4421875 0.45555555555555555 0.4427083333333333 0.44351851851851853 0.4515625 0.41759259259259257 0.453125 0.4009259259259259 0.46197916666666666 0.3768518518518518 0.4630208333333333 0.36574074074074076 0.4703125 0.3435185185185185 0.475 0.3351851851851852 0.47708333333333336 0.31666666666666665 0.4859375 0.29907407407407405 0.4979166666666667 0.28888888888888886 0.5338541666666666 0.2722222222222222 0.5526041666666667 0.2712962962962963 0.5697916666666667 0.26296296296296295 0.5817708333333333 0.26481481481481484
3 0.7552083333333334 0.524074074074074 0.7651041666666667 0.5324074074074074 0.7796875 0.5342592592592592 0.7895833333333333 0.5407407407407407 0.8182291666666667 0.5824074074074074 0.8234375 0.5944444444444444 0.8348958333333333 0.6018518518518519 0.853125 0.6296296296296297 0.8635416666666667 0.6361111111111111 0.8739583333333333 0.6527777777777778 0.890625 0.6537037037037037 0.8953125 0.6657407407407407 0.9020833333333333 0.674074074074074 0.9041666666666667 0.6814814814814815 0.9041666666666667 0.7 0.9005208333333333 0.7314814814814815 0.89375 0.7583333333333333 0.8833333333333333 0.7787037037037037 0.8661458333333333 0.8 0.8458333333333333 0.8148148148148148 0.834375 0.812037037037037 0.8192708333333333 0.7916666666666666 0.7984375 0.774074074074074 0.7671875 0.7722222222222223 0.728125 0.7592592592592593 0.7 0.7546296296296297 0.6911458333333333 0.7509259259259259 0.6854166666666667 0.7444444444444445 0.6833333333333333 0.7342592592592593 0.6833333333333333 0.7203703703703703 0.6869791666666667 0.7064814814814815 0.6942708333333333 0.6962962962962963 0.7130208333333333 0.6833333333333333 0.7145833333333333 0.6777777777777778 0.7114583333333333 0.6296296296296297 0.7057291666666666 0.6194444444444445 0.6911458333333333 0.612037037037037 0.6895833333333333 0.5953703703703703 0.6921875 0.5842592592592593 0.7161458333333334 0.55 0.7307291666666667 0.5425925925925926 0.7463541666666667 0.525 0.7546875 0.524074074074074
3 0.24270833333333333 0.12129629629629629 0.25729166666666664 0.14351851851851852 0.27395833333333336 0.15462962962962962 0.275 0.16203703703703703 0.26927083333333335 0.1814814814814815 0.25364583333333335 0.17685185185185184 0.24375 0.1787037037037037 0.24114583333333334 0.175 0.2375 0.15648148148148147 0.23645833333333333 0.1388888888888889 0.23802083333333332 0.12407407407407407 0.24010416666666667 0.12037037037037036 0.2421875 0.12129629629629629
3 0.8104166666666667 0.0787037037037037 0.81875 0.09259259259259259 0.8463541666666666 0.11018518518518519 0.8526041666666667 0.12129629629629629 0.8619791666666666 0.16018518518518518 0.8614583333333333 0.1962962962962963 0.859375 0.20925925925925926 0.8557291666666667 0.21666666666666667 0.8416666666666667 0.2101851851851852 0.8380208333333333 0.19907407407407407 0.828125 0.18888888888888888 0.8166666666666667 0.1675925925925926 0.8088541666666667 0.14537037037037037 0.7953125 0.12685185185185185 0.7890625 0.10925925925925926 0.7880208333333333 0.09814814814814815 0.79375 0.08796296296296297 0.803125 0.0787037037037037 0.8098958333333334 0.0787037037037037
3 0.4390625 0 0.5677083333333334 0 0.56875 0.010185185185185186 0.5682291666666667 0.022222222222222223 0.5625 0.03518518518518519 0.5557291666666667 0.06481481481481481 0.5567708333333333 0.08796296296296297 0.5536458333333333 0.10185185185185185 0.5375 0.12129629629629629 0.51875 0.13055555555555556 0.5104166666666666 0.13055555555555556 0.4557291666666667 0.10277777777777777 0.4348958333333333 0.10462962962962963 0.43072916666666666 0.10185185185185185 0.4359375 0.09166666666666666 0.4322916666666667 0.08888888888888889 0.4239583333333333 0.07314814814814814 0.41302083333333334 0.07407407407407407 0.4125 0.06666666666666667 0.41822916666666665 0.05648148148148148 0.4192708333333333 0.046296296296296294 0.42239583333333336 0.04259259259259259 0.4390625 0.000925925925925926
3 0.9046875 0.05277777777777778 0.9114583333333334 0.05925925925925926 0.9119791666666667 0.08611111111111111 0.9182291666666667 0.11851851851851852 0.9171875 0.1537037037037037 0.9088541666666666 0.1574074074074074 0.9130208333333333 0.1675925925925926 0.9125 0.17314814814814813 0.909375 0.17592592592592593 0.9046875 0.175 0.8973958333333333 0.16203703703703703 0.8838541666666667 0.15092592592592594 0.8848958333333333 0.1425925925925926 0.8911458333333333 0.1398148148148148 0.8828125 0.12407407407407407 0.884375 0.07314814814814814 0.8864583333333333 0.06111111111111111 0.89375 0.05277777777777778 0.9041666666666667 0.05277777777777778
3 0.7526041666666666 0.5222222222222223 0.7677083333333333 0.5333333333333333 0.7859375 0.5361111111111111 0.8223958333333333 0.5907407407407408 0.81875 0.5944444444444444 0.796875 0.5944444444444444 0.7796875 0.6 0.7682291666666666 0.6175925925925926 0.7609375 0.6351851851851852 0.7510416666666667 0.674074074074074 0.7484375 0.7027777777777777 0.7489583333333333 0.7166666666666667 0.7536458333333333 0.7388888888888889 0.7614583333333333 0.7620370370370371 0.7619791666666667 0.7666666666666667 0.7598958333333333 0.7694444444444445 0.6921875 0.7509259259259259 0.6859375 0.7435185185185185 0.6838541666666667 0.7287037037037037 0.6854166666666667 0.7129629629629629 0.6895833333333333 0.7027777777777777 0.6958333333333333 0.6953703703703704 0.7098958333333333 0.687962962962963 0.7151041666666667 0.6796296296296296 0.7114583333333333 0.6305555555555555 0.7067708333333333 0.6212962962962963 0.6921875 0.6148148148148148 0.6901041666666666 0.6111111111111112 0.6890625 0.5953703703703703 0.690625 0.5879629629629629 0.6953125 0.5768518518518518 0.7151041666666667 0.55 0.73125 0.5416666666666666 0.7453125 0.525 0.7520833333333333 0.5222222222222223
3 0.6401041666666667 0.07592592592592592 0.6432291666666666 0.07962962962962963 0.6432291666666666 0.08333333333333333 0.6291666666666667 0.1712962962962963 0.628125 0.18425925925925926 0.6296875 0.18703703703703703 0.6447916666666667 0.16944444444444445 0.65 0.1574074074074074 0.65 0.11203703703703703 0.6541666666666667 0.08981481481481482 0.6578125 0.08888888888888889 0.6677083333333333 0.0962962962962963 0.6848958333333334 0.11851851851851852 0.6890625 0.12685185185185185 0.6973958333333333 0.16018518518518518 0.6916666666666667 0.19074074074074074 0.6796875 0.21666666666666667 0.6453125 0.24351851851851852 0.6296875 0.2675925925925926 0.6260416666666667 0.2675925925925926 0.6239583333333333 0.26296296296296295 0.6239583333333333 0.25277777777777777 0.6276041666666666 0.2324074074074074 0.6114583333333333 0.23055555555555557 0.6078125 0.22407407407407406 0.6088541666666667 0.13055555555555556 0.6104166666666667 0.11944444444444445 0.6177083333333333 0.10092592592592593 0.6223958333333334 0.08148148148148149 0.6322916666666667 0.075 0.6395833333333333 0.07592592592592592