4 0.946875 0 0.9994791666666667 0 0.9994791666666667 0.18055555555555555 0.9973958333333334 0.1824074074074074 0.9953125 0.20277777777777778 0.9958333333333333 0.20925925925925926 0.9994791666666667 0.21388888888888888 0.9994791666666667 0.3861111111111111 0.9947916666666666 0.39351851851851855 0.9916666666666667 0.39444444444444443 0.9875 0.40555555555555556 0.9770833333333333 0.4212962962962963 0.9729166666666667 0.4546296296296296 0.9729166666666667 0.47685185185185186 0.9765625 0.49444444444444446 0.9875 0.5333333333333333 0.9901041666666667 0.5509259259259259 0.996875 0.5675925925925925 0.9973958333333334 0.5740740740740741 0.9994791666666667 0.575925925925926 0.9994791666666667 0.6074074074074074 0.9963541666666667 0.6111111111111112 0.9973958333333334 0.6166666666666667 0.9994791666666667 0.6175925925925926 0.9994791666666667 0.6462962962962963 0.9953125 0.6509259259259259 0.9947916666666666 0.6657407407407407 0.9994791666666667 0.6722222222222223 0.9994791666666667 0.7074074074074074 0.9963541666666667 0.712037037037037 0.9953125 0.7194444444444444 0.996875 0.7277777777777777 0.9994791666666667 0.7296296296296296 0.9994791666666667 0.7398148148148148 0.9973958333333334 0.7407407407407407 0.9994791666666667 0.7435185185185185 0.9994791666666667 0.7527777777777778 0.9973958333333334 0.7537037037037037 0.9947916666666666 0.7620370370370371 0.996875 0.7694444444444445 0.9994791666666667 0.7712962962962963 0.9994791666666667 0.8583333333333333 0.9973958333333334 0.8592592592592593 0.9994791666666667 0.8601851851851852 0.9994791666666667 0.9203703703703704 0.9979166666666667 0.9212962962962963 0.9994791666666667 0.925 0.9958333333333333 0.9268518518518518 0.9921875 0.937962962962963 0.9942708333333333 0.9416666666666667 0.9942708333333333 0.9472222222222222 0.9911458333333333 0.9481481481481482 0.9880208333333333 0.9546296296296296 0.9729166666666667 0.9648148148148148 0.9630208333333333 0.9648148148148148 0.95625 0.9685185185185186 0.95 0.9657407407407408 0.9510416666666667 0.9481481481481482 0.9609375 0.9268518518518518 0.9614583333333333 0.9166666666666666 0.9651041666666667 0.9037037037037037 0.9651041666666667 0.8601851851851852 0.9625 0.8453703703703703 0.9635416666666666 0.8342592592592593 0.9604166666666667 0.8222222222222222 0.9552083333333333 0.8138888888888889 0.9526041666666667 0.8 0.95 0.8064814814814815 0.9473958333333333 0.8018518518518518 0.9421875 0.8 0.940625 0.7870370370370371 0.9354166666666667 0.7796296296296297 0.940625 0.7722222222222223 0.9354166666666667 0.7657407407407407 0.9322916666666666 0.7564814814814815 0.9328125 0.7481481481481481 0.9265625 0.7444444444444445 0.9203125 0.7305555555555555 0.9020833333333333 0.7231481481481481 0.8890625 0.7129629629629629 0.8864583333333333 0.7129629629629629 0.8833333333333333 0.7185185185185186 0.8833333333333333 0.7064814814814815 0.8864583333333333 0.7 0.8848958333333333 0.6935185185185185 0.8864583333333333 0.687037037037037 0.8942708333333333 0.6842592592592592 0.9020833333333333 0.687962962962963 0.9119791666666667 0.687962962962963 0.9161458333333333 0.6861111111111111 0.9161458333333333 0.6833333333333333 0.9078125 0.6731481481481482 0.890625 0.6768518518518518 0.8838541666666667 0.675 0.8697916666666666 0.6527777777777778 0.85625 0.6472222222222223 0.853125 0.6398148148148148 0.8526041666666667 0.5833333333333334 0.8494791666666667 0.5805555555555556 0.8442708333333333 0.5666666666666667 0.8375 0.5611111111111111 0.8276041666666667 0.5398148148148149 0.8197916666666667 0.5416666666666666 0.8114583333333333 0.5370370370370371 0.78125 0.5324074074074074 0.7619791666666667 0.5212962962962963 0.7098958333333333 0.5185185185185185 0.70625 0.5120370370370371 0.709375 0.5009259259259259 0.7192708333333333 0.48518518518518516 0.734375 0.45092592592592595 0.7375 0.4388888888888889 0.7411458333333333 0.43148148148148147 0.7479166666666667 0.42592592592592593 0.7552083333333334 0.4111111111111111 0.7557291666666667 0.4046296296296296 0.7734375 0.3527777777777778 0.7776041666666667 0.3212962962962963 0.790625 0.27037037037037037 0.7932291666666667 0.2537037037037037 0.8109375 0.18888888888888888 0.8203125 0.16574074074074074 0.8348958333333333 0.14351851851851852 0.8578125 0.12777777777777777 0.8703125 0.12407407407407407 0.909375 0.12407407407407407 0.9166666666666666 0.12037037037037036 0.921875 0.10925925925925926 0.9291666666666667 0.06851851851851852 0.9364583333333333 0.046296296296296294 0.9416666666666667 0.008333333333333333 0.946875 0.000925925925925926
4 0.9494791666666667 0 0.9994791666666667 0.001851851851851852 0.9994791666666667 0.1787037037037037 0.9973958333333334 0.17962962962962964 0.9963541666666667 0.19444444444444445 0.990625 0.20833333333333334 0.9911458333333333 0.2111111111111111 0.9953125 0.2111111111111111 0.9994791666666667 0.21944444444444444 0.9994791666666667 0.30092592592592593 0.9979166666666667 0.30185185185185187 0.9979166666666667 0.30833333333333335 0.9994791666666667 0.30925925925925923 0.9994791666666667 0.375 0.9979166666666667 0.37592592592592594 0.9994791666666667 0.3768518518518518 0.9994791666666667 0.3851851851851852 0.9911458333333333 0.39351851851851855 0.9760416666666667 0.4203703703703704 0.9713541666666666 0.45740740740740743 0.9713541666666666 0.47685185185185186 0.9739583333333334 0.48518518518518516 0.9744791666666667 0.5027777777777778 0.9640625 0.5157407407407407 0.9614583333333333 0.525 0.9630208333333333 0.5296296296296297 0.9682291666666667 0.5305555555555556 0.975 0.5435185185185185 0.9739583333333334 0.5462962962962963 0.9630208333333333 0.5444444444444444 0.9609375 0.55 0.9692708333333333 0.5537037037037037 0.9635416666666666 0.5666666666666667 0.9729166666666667 0.5703703703703704 0.9739583333333334 0.5740740740740741 0.971875 0.5787037037037037 0.9744791666666667 0.5851851851851851 0.9640625 0.5842592592592593 0.965625 0.5777777777777777 0.9619791666666667 0.575 0.9526041666666667 0.5777777777777777 0.95 0.5907407407407408 0.9505208333333334 0.6222222222222222 0.9479166666666666 0.6388888888888888 0.9411458333333333 0.6574074074074074 0.925 0.6805555555555556 0.9140625 0.6805555555555556 0.909375 0.675 0.9078125 0.6685185185185185 0.8947916666666667 0.6759259259259259 0.8859375 0.674074074074074 0.8697916666666666 0.6518518518518519 0.8588541666666667 0.6472222222222223 0.8546875 0.6416666666666667 0.853125 0.6296296296296297 0.8541666666666666 0.587037037037037 0.8526041666666667 0.5787037037037037 0.8453125 0.5666666666666667 0.8375 0.5601851851851852 0.828125 0.5388888888888889 0.7833333333333333 0.5324074074074074 0.7609375 0.5203703703703704 0.7098958333333333 0.5175925925925926 0.7072916666666667 0.5138888888888888 0.7098958333333333 0.5009259259259259 0.721875 0.48148148148148145 0.7385416666666667 0.4388888888888889 0.7505208333333333 0.42314814814814816 0.7546875 0.41388888888888886 0.7588541666666667 0.3962962962962963 0.7739583333333333 0.3537037037037037 0.7796875 0.31203703703703706 0.79375 0.2537037037037037 0.8104166666666667 0.19166666666666668 0.8197916666666667 0.1675925925925926 0.8348958333333333 0.14351851851851852 0.8578125 0.12777777777777777 0.8729166666666667 0.12407407407407407 0.9114583333333334 0.1259259259259259 0.9182291666666667 0.12037037037037036 0.9223958333333333 0.10833333333333334 0.9296875 0.06944444444444445 0.9359375 0.05092592592592592 0.94375 0.004629629629629629 0.9494791666666667 0.000925925925925926
4 0.3020833333333333 0 0.4010416666666667 0 0.4041666666666667 0.002777777777777778 0.4140625 0 0.4828125 0 0.48385416666666664 0.002777777777777778 0.4869791666666667 0 0.6088541666666667 0 0.6109375 0.002777777777777778 0.6739583333333333 0 0.6880208333333333 0.02962962962962963 0.6942708333333333 0.05092592592592592 0.7010416666666667 0.09907407407407408 0.7020833333333333 0.11851851851851852 0.7078125 0.14537037037037037 0.7104166666666667 0.16944444444444445 0.7130208333333333 0.262037037037037 0.7177083333333333 0.30925925925925923 0.7161458333333334 0.3194444444444444 0.7 0.34074074074074073 0.6932291666666667 0.35555555555555557 0.6927083333333334 0.362962962962963 0.6973958333333333 0.39166666666666666 0.696875 0.4064814814814815 0.6947916666666667 0.41388888888888886 0.6828125 0.43703703703703706 0.675 0.44351851851851853 0.671875 0.44166666666666665 0.665625 0.4638888888888889 0.6536458333333334 0.48055555555555557 0.65 0.49907407407407406 0.6473958333333333 0.5472222222222223 0.64375 0.5675925925925925 0.609375 0.6277777777777778 0.5984375 0.6314814814814815 0.5916666666666667 0.6296296296296297 0.58125 0.6212962962962963 0.5786458333333333 0.6129629629629629 0.5760416666666667 0.5814814814814815 0.5802083333333333 0.5777777777777777 0.5859375 0.5861111111111111 0.5947916666666667 0.5888888888888889 0.6083333333333333 0.5990740740740741 0.6130208333333333 0.5990740740740741 0.6197916666666666 0.5842592592592593 0.6197916666666666 0.5675925925925925 0.6151041666666667 0.5527777777777778 0.6088541666666667 0.5481481481481482 0.5953125 0.5509259259259259 0.5838541666666667 0.5324074074074074 0.5802083333333333 0.5166666666666667 0.5723958333333333 0.5185185185185185 0.565625 0.5259259259259259 0.5625 0.5398148148148149 0.5625 0.5601851851851852 0.5390625 0.562962962962963 0.5208333333333334 0.5768518518518518 0.496875 0.5731481481481482 0.4947916666666667 0.5675925925925925 0.4947916666666667 0.5472222222222223 0.48854166666666665 0.5324074074074074 0.48489583333333336 0.5296296296296297 0.47291666666666665 0.5314814814814814 0.46458333333333335 0.55 0.44583333333333336 0.5398148148148149 0.4375 0.5425925925925926 0.4328125 0.549074074074074 0.42916666666666664 0.5648148148148148 0.4296875 0.5777777777777777 0.4317708333333333 0.5814814814814815 0.42083333333333334 0.5944444444444444 0.43125 0.6129629629629629 0.45260416666666664 0.6361111111111111 0.484375 0.6555555555555556 0.4947916666666667 0.6694444444444444 0.4979166666666667 0.6925925925925925 0.5083333333333333 0.7092592592592593 0.515625 0.7129629629629629 0.51875 0.7231481481481481 0.5135416666666667 0.7268518518518519 0.5098958333333333 0.737037037037037 0.5161458333333333 0.7592592592592593 0.5229166666666667 0.7694444444444445 0.5239583333333333 0.7796296296296297 0.521875 0.7851851851851852 0.5151041666666667 0.7870370370370371 0.5015625 0.7981481481481482 0.49635416666666665 0.812962962962963 0.49114583333333334 0.8175925925925925 0.46770833333333334 0.8222222222222222 0.45625 0.8277777777777777 0.43854166666666666 0.825 0.42864583333333334 0.8194444444444444 0.4046875 0.7824074074074074 0.3796875 0.7333333333333333 0.36822916666666666 0.7287037037037037 0.3489583333333333 0.7296296296296296 0.32760416666666664 0.7018518518518518 0.32083333333333336 0.687962962962963 0.31145833333333334 0.6981481481481482 0.3020833333333333 0.7037037037037037 0.2828125 0.7064814814814815 0.27291666666666664 0.7018518518518518 0.25625 0.6833333333333333 0.24114583333333334 0.6518518518518519 0.23854166666666668 0.6203703703703703 0.22552083333333334 0.562037037037037 0.21822916666666667 0.549074074074074 0.21666666666666667 0.5259259259259259 0.20520833333333333 0.5074074074074074 0.2 0.49444444444444446 0.19166666666666668 0.46111111111111114 0.18958333333333333 0.43425925925925923 0.19427083333333334 0.3712962962962963 0.19791666666666666 0.34814814814814815 0.2125 0.2962962962962963 0.21510416666666668 0.23981481481481481 0.21770833333333334 0.2212962962962963 0.228125 0.18703703703703703 0.240625 0.1675925925925926 0.2552083333333333 0.13703703703703704 0.25625 0.1111111111111111 0.26197916666666665 0.09074074074074075 0.2796875 0.05 0.29635416666666664 0.022222222222222223 0.3020833333333333 0.000925925925925926
4 0.6276041666666666 0.737037037037037 0.6416666666666667 0.7518518518518519 0.6453125 0.7777777777777778 0.6541666666666667 0.8009259259259259 0.6578125 0.8009259259259259 0.6744791666666666 0.7861111111111111 0.696875 0.775 0.7067708333333333 0.7731481481481481 0.7328125 0.7944444444444444 0.7692708333333333 0.8157407407407408 0.8072916666666666 0.8518518518518519 0.8625 0.9185185185185185 0.9052083333333333 0.9564814814814815 0.93125 0.9888888888888889 0.9338541666666667 0.9944444444444445 0.9291666666666667 0.9990740740740741 0.8927083333333333 0.9962962962962963 0.8291666666666667 0.9990740740740741 0.8223958333333333 0.9953703703703703 0.7614583333333333 0.9972222222222222 0.6661458333333333 0.9944444444444445 0.6640625 0.9861111111111112 0.6505208333333333 0.9796296296296296 0.6432291666666666 0.9601851851851851 0.6302083333333334 0.9435185185185185 0.6208333333333333 0.9203703703703704 0.6026041666666667 0.9046296296296297 0.5911458333333334 0.8898148148148148 0.5776041666666667 0.8583333333333333 0.571875 0.8694444444444445 0.5640625 0.8731481481481481 0.5598958333333334 0.8814814814814815 0.5526041666666667 0.9185185185185185 0.540625 0.9444444444444444 0.5328125 0.9518518518518518 0.5145833333333333 0.9787037037037037 0.5052083333333334 0.9842592592592593 0.4947916666666667 0.9953703703703703 0.4864583333333333 0.9990740740740741 0.3984375 0.9990740740740741 0.39114583333333336 0.9953703703703703 0.3541666666666667 0.9962962962962963 0.34739583333333335 0.9990740740740741 0.33958333333333335 0.9962962962962963 0.3333333333333333 0.9962962962962963 0.33125 0.9990740740740741 0.28802083333333334 0.9990740740740741 0.2864583333333333 0.9944444444444445 0.31302083333333336 0.9796296296296296 0.3484375 0.9518518518518518 0.38385416666666666 0.937037037037037 0.39791666666666664 0.925 0.4119791666666667 0.9268518518518518 0.4203125 0.9138888888888889 0.43854166666666666 0.9018518518518519 0.453125 0.8796296296296297 0.44947916666666665 0.8731481481481481 0.44583333333333336 0.8583333333333333 0.44635416666666666 0.8453703703703703 0.453125 0.8388888888888889 0.4609375 0.8379629629629629 0.4666666666666667 0.8314814814814815 0.4942708333333333 0.825 0.5046875 0.8055555555555556 0.5229166666666667 0.8037037037037037 0.5338541666666666 0.812037037037037 0.5453125 0.8138888888888889 0.5526041666666667 0.8203703703703704 0.5578125 0.8305555555555556 0.5609375 0.8314814814814815 0.5604166666666667 0.8351851851851851 0.565625 0.8361111111111111 0.5671875 0.8425925925925926 0.5776041666666667 0.8444444444444444 0.5786458333333333 0.7925925925925926 0.5744791666666667 0.7824074074074074 0.5770833333333333 0.7601851851851852 0.58125 0.7537037037037037 0.5953125 0.7583333333333333 0.6125 0.7398148148148148 0.6270833333333333 0.737037037037037
1 0.5328125 0.6851851851851852 0.546875 0.6712962962962963 0.553125 0.6509259259259259 0.5604166666666667 0.6398148148148148 0.5677083333333334 0.6333333333333333 0.5744791666666667 0.6333333333333333 0.5760416666666667 0.6361111111111111 0.5755208333333334 0.6537037037037037 0.5786458333333333 0.6648148148148149 0.5786458333333333 0.6759259259259259 0.5739583333333333 0.737037037037037 0.5791666666666667 0.737037037037037 0.5895833333333333 0.7194444444444444 0.5916666666666667 0.712037037037037 0.6010416666666667 0.7129629629629629 0.6088541666666667 0.7333333333333333 0.6072916666666667 0.7407407407407407 0.5958333333333333 0.7537037037037037 0.5838541666666667 0.7490740740740741 0.5755208333333334 0.7546296296296297 0.56875 0.7787037037037037 0.575 0.7981481481481482 0.5760416666666667 0.8268518518518518 0.5744791666666667 0.8333333333333334 0.5692708333333333 0.8314814814814815 0.55 0.8138888888888889 0.5338541666666666 0.7824074074074074 0.5333333333333333 0.775 0.5453125 0.774074074074074 0.5458333333333333 0.7712962962962963 0.5338541666666666 0.7666666666666667 0.5255208333333333 0.7546296296296297 0.525 0.7055555555555556 0.5328125 0.6861111111111111
3 0.5244791666666667 0.8027777777777778 0.5348958333333333 0.8111111111111111 0.546875 0.8138888888888889 0.5713541666666667 0.8379629629629629 0.575 0.8453703703703703 0.5770833333333333 0.8592592592592593 0.5765625 0.8694444444444445 0.5630208333333333 0.8805555555555555 0.5598958333333334 0.8861111111111111 0.55 0.9259259259259259 0.5421875 0.9407407407407408 0.5307291666666667 0.9537037037037037 0.51875 0.9740740740740741 0.4953125 0.9944444444444445 0.48489583333333336 0.9972222222222222 0.4317708333333333 0.9962962962962963 0.4265625 0.9731481481481481 0.4140625 0.9388888888888889 0.4140625 0.9268518518518518 0.42135416666666664 0.9138888888888889 0.43802083333333336 0.9027777777777778 0.45260416666666664 0.8814814814814815 0.44583333333333336 0.8666666666666667 0.44375 0.8555555555555555 0.4453125 0.8444444444444444 0.45 0.8388888888888889 0.4609375 0.8361111111111111 0.4703125 0.8277777777777777 0.49322916666666666 0.8231481481481482 0.5046875 0.8037037037037037 0.5239583333333333 0.8027777777777778
3 0.6583333333333333 0.4009259259259259 0.6645833333333333 0.4101851851851852 0.6682291666666667 0.42407407407407405 0.6697916666666667 0.43333333333333335 0.6692708333333334 0.45 0.665625 0.4638888888888889 0.653125 0.4861111111111111 0.6453125 0.5666666666666667 0.6125 0.6277777777777778 0.5953125 0.6370370370370371 0.5807291666666666 0.6268518518518519 0.5765625 0.6175925925925926 0.5729166666666666 0.5879629629629629 0.5744791666666667 0.5740740740740741 0.5822916666666667 0.5740740740740741 0.590625 0.5814814814814815 0.5916666666666667 0.5851851851851851 0.5979166666666667 0.587037037037037 0.6015625 0.5925925925925926 0.6088541666666667 0.5962962962962963 0.6166666666666667 0.5879629629629629 0.6177083333333333 0.5648148148148148 0.6130208333333333 0.5518518518518518 0.6052083333333333 0.5509259259259259 0.5979166666666667 0.5546296296296296 0.5885416666666666 0.5444444444444444 0.5807291666666666 0.525 0.58125 0.5120370370370371 0.5859375 0.49722222222222223 0.59375 0.49166666666666664 0.5989583333333334 0.4675925925925926 0.603125 0.45925925925925926 0.6192708333333333 0.4351851851851852 0.6333333333333333 0.4203703703703704 0.634375 0.42962962962962964 0.6317708333333333 0.44537037037037036 0.6276041666666666 0.45555555555555555 0.6119791666666666 0.5157407407407407 0.6125 0.5194444444444445 0.6177083333333333 0.5166666666666667 0.6234375 0.5037037037037037 0.6270833333333333 0.4842592592592593 0.6458333333333334 0.42962962962962964 0.65 0.41203703703703703 0.6546875 0.40185185185185185 0.6578125 0.4009259259259259
3 0.9328125 0.5370370370370371 0.9447916666666667 0.5416666666666666 0.95 0.5481481481481482 0.9494791666666667 0.625 0.9463541666666667 0.6416666666666667 0.9395833333333333 0.6611111111111111 0.9322916666666666 0.6731481481481482 0.921875 0.6824074074074075 0.9145833333333333 0.6824074074074075 0.909375 0.675 0.9177083333333333 0.649074074074074 0.9223958333333333 0.6435185185185185 0.9213541666666667 0.6370370370370371 0.9109375 0.6425925925925926 0.9088541666666666 0.6361111111111111 0.909375 0.6240740740740741 0.9177083333333333 0.5805555555555556 0.9322916666666666 0.5370370370370371
3 0.4609375 0.6416666666666667 0.484375 0.6546296296296297 0.4942708333333333 0.6638888888888889 0.503125 0.6972222222222222 0.5083333333333333 0.7074074074074074 0.51875 0.7148148148148148 0.5197916666666667 0.7333333333333333 0.5145833333333333 0.7518518518518519 0.5161458333333333 0.7583333333333333 0.5234375 0.7685185185185185 0.5255208333333333 0.7833333333333333 0.5182291666666666 0.7962962962962963 0.5020833333333333 0.8 0.49947916666666664 0.8101851851851852 0.49375 0.8185185185185185 0.4703125 0.8231481481481482 0.46041666666666664 0.8296296296296296 0.43697916666666664 0.825925925925926 0.4276041666666667 0.8203703703703704 0.3953125 0.7675925925925926 0.3807291666666667 0.7342592592592593 0.3723958333333333 0.7268518518518519 0.38229166666666664 0.6953703703703704 0.38697916666666665 0.6851851851851852 0.3932291666666667 0.6787037037037037 0.4041666666666667 0.6722222222222223 0.4234375 0.6703703703703704 0.43645833333333334 0.6638888888888889 0.44479166666666664 0.6555555555555556 0.45260416666666664 0.6398148148148148 0.46041666666666664 0.6416666666666667
3 0.36770833333333336 0.5527777777777778 0.39375 0.5694444444444444 0.4114583333333333 0.5851851851851851 0.4390625 0.6194444444444445 0.4630208333333333 0.6435185185185185 0.4859375 0.6555555555555556 0.4947916666666667 0.6638888888888889 0.5041666666666667 0.6981481481481482 0.5083333333333333 0.7037037037037037 0.51875 0.7074074074074074 0.5213541666666667 0.7379629629629629 0.5151041666666667 0.7546296296296297 0.5260416666666666 0.7759259259259259 0.525 0.7861111111111111 0.5177083333333333 0.7962962962962963 0.5015625 0.799074074074074 0.4984375 0.8101851851851852 0.49375 0.8175925925925925 0.46927083333333336 0.8231481481481482 0.4583333333333333 0.8296296296296296 0.4354166666666667 0.825 0.4270833333333333 0.8194444444444444 0.3963541666666667 0.7685185185185185 0.38125 0.7351851851851852 0.365625 0.7277777777777777 0.3484375 0.7305555555555555 0.328125 0.7037037037037037 0.3203125 0.6861111111111111 0.31927083333333334 0.6675925925925926 0.3145833333333333 0.6546296296296297 0.31614583333333335 0.6444444444444445 0.3328125 0.612037037037037 0.33489583333333334 0.5990740740740741 0.3484375 0.5611111111111111 0.3578125 0.55 0.3671875 0.5527777777777778
3 0.8692708333333333 0.5231481481481481 0.8911458333333333 0.562962962962963 0.8963541666666667 0.5777777777777777 0.9114583333333334 0.6509259259259259 0.9098958333333333 0.6611111111111111 0.8979166666666667 0.6759259259259259 0.8859375 0.6768518518518518 0.8765625 0.6666666666666666 0.8697916666666666 0.6546296296296297 0.8588541666666667 0.6509259259259259 0.8541666666666666 0.6462962962962963 0.853125 0.6231481481481481 0.8546875 0.5879629629629629 0.853125 0.5787037037037037 0.8473958333333333 0.5666666666666667 0.8463541666666666 0.5537037037037037 0.8494791666666667 0.5425925925925926 0.8557291666666667 0.5314814814814814 0.86875 0.524074074074074
3 0.6296875 0.737037037037037 0.6375 0.7444444444444445 0.64375 0.7555555555555555 0.6447916666666667 0.7731481481481481 0.6526041666666667 0.8046296296296296 0.6473958333333333 0.8231481481481482 0.6380208333333334 0.8379629629629629 0.63125 0.8546296296296296 0.6234375 0.9037037037037037 0.6161458333333333 0.9175925925925926 0.6057291666666667 0.9083333333333333 0.5916666666666667 0.8898148148148148 0.5828125 0.8712962962962963 0.5776041666666667 0.8388888888888889 0.5770833333333333 0.7953703703703704 0.5739583333333333 0.7888888888888889 0.5729166666666666 0.7787037037037037 0.575 0.7620370370370371 0.578125 0.7546296296296297 0.5864583333333333 0.7518518518518519 0.5953125 0.7583333333333333 0.6151041666666667 0.737037037037037 0.6291666666666667 0.737037037037037