4 0.8401041666666667 0.7648148148148148 0.840625 0.7722222222222223 0.89375 0.8231481481481482 0.921875 0.8277777777777777 0.9307291666666667 0.8342592592592593 0.9473958333333333 0.8342592592592593 0.9494791666666667 0.8305555555555556 0.95625 0.8277777777777777 0.9598958333333333 0.8212962962962963 0.9661458333333334 0.8212962962962963 0.9692708333333333 0.8305555555555556 0.971875 0.8314814814814815 0.9755208333333333 0.8388888888888889 0.9890625 0.8435185185185186 0.9994791666666667 0.8416666666666667 0.9994791666666667 0.5712962962962963 0.9932291666666667 0.5685185185185185 0.9802083333333333 0.5796296296296296 0.9734375 0.5796296296296296 0.9526041666666667 0.5712962962962963 0.9473958333333333 0.5666666666666667 0.9276041666666667 0.5648148148148148 0.9145833333333333 0.5694444444444444 0.9067708333333333 0.5787037037037037 0.9057291666666667 0.5861111111111111 0.8973958333333333 0.5935185185185186 0.8828125 0.5981481481481481 0.8796875 0.6027777777777777 0.875 0.6222222222222222 0.8723958333333334 0.6611111111111111 0.86875 0.6703703703703704 0.8682291666666667 0.6796296296296296 0.8578125 0.6972222222222222 0.8546875 0.7101851851851851 0.8515625 0.7129629629629629 0.8473958333333333 0.7287037037037037 0.8473958333333333 0.737037037037037 0.84375 0.7555555555555555 0.8401041666666667 0.7648148148148148
4 0.4395833333333333 0.22962962962962963 0.44166666666666665 0.24259259259259258 0.43645833333333334 0.27037037037037037 0.4359375 0.30092592592592593 0.4375 0.33055555555555555 0.4427083333333333 0.3435185185185185 0.4432291666666667 0.3490740740740741 0.42604166666666665 0.4027777777777778 0.4234375 0.4287037037037037 0.42552083333333335 0.4601851851851852 0.43125 0.4824074074074074 0.4359375 0.4898148148148148 0.44166666666666665 0.48703703703703705 0.44375 0.48055555555555557 0.45208333333333334 0.4685185185185185 0.45989583333333334 0.4666666666666667 0.46822916666666664 0.5027777777777778 0.46979166666666666 0.5277777777777778 0.4661458333333333 0.5351851851851852 0.46875 0.5388888888888889 0.46875 0.5462962962962963 0.484375 0.5638888888888889 0.49114583333333334 0.5638888888888889 0.49375 0.5574074074074075 0.49166666666666664 0.5259259259259259 0.4895833333333333 0.5203703703703704 0.49114583333333334 0.5055555555555555 0.4859375 0.47314814814814815 0.4859375 0.4638888888888889 0.5057291666666667 0.4638888888888889 0.5135416666666667 0.49722222222222223 0.5182291666666666 0.5009259259259259 0.5239583333333333 0.5009259259259259 0.5260416666666666 0.4962962962962963 0.5255208333333333 0.49074074074074076 0.5291666666666667 0.47962962962962963 0.53125 0.4648148148148148 0.534375 0.45925925925925926 0.5354166666666667 0.4324074074074074 0.5385416666666667 0.4361111111111111 0.5442708333333334 0.45555555555555555 0.5526041666666667 0.4666666666666667 0.559375 0.4685185185185185 0.5625 0.47314814814814815 0.5703125 0.5074074074074074 0.575 0.5138888888888888 0.596875 0.5277777777777778 0.6020833333333333 0.5388888888888889 0.6135416666666667 0.5527777777777778 0.6364583333333333 0.5574074074074075 0.65625 0.5777777777777777 0.6817708333333333 0.575925925925926 0.6994791666666667 0.5638888888888889 0.70625 0.5555555555555556 0.7296875 0.5416666666666666 0.7567708333333333 0.5305555555555556 0.7739583333333333 0.5287037037037037 0.7739583333333333 0.5407407407407407 0.7697916666666667 0.5527777777777778 0.7671875 0.5722222222222222 0.76875 0.6148148148148148 0.7666666666666667 0.6259259259259259 0.7661458333333333 0.6453703703703704 0.7625 0.6666666666666666 0.7744791666666667 0.6851851851851852 0.7729166666666667 0.7092592592592593 0.7697916666666667 0.712037037037037 0.7567708333333333 0.7398148148148148 0.7541666666666667 0.7509259259259259 0.7463541666666667 0.7638888888888888 0.7458333333333333 0.7685185185185185 0.7380208333333333 0.7777777777777778 0.7354166666666667 0.7888888888888889 0.7385416666666667 0.7944444444444444 0.7369791666666666 0.8009259259259259 0.7333333333333333 0.8055555555555556 0.7307291666666667 0.7981481481481482 0.7192708333333333 0.7981481481481482 0.7161458333333334 0.8027777777777778 0.7166666666666667 0.8138888888888889 0.7125 0.8277777777777777 0.7166666666666667 0.8296296296296296 0.7192708333333333 0.8342592592592593 0.7197916666666667 0.8444444444444444 0.7239583333333334 0.850925925925926 0.7380208333333333 0.8481481481481481 0.7421875 0.8527777777777777 0.7484375 0.8648148148148148 0.75 0.8731481481481481 0.75625 0.8870370370370371 0.7479166666666667 0.8898148148148148 0.7447916666666666 0.8851851851851852 0.7348958333333333 0.8851851851851852 0.73125 0.8981481481481481 0.7328125 0.9046296296296297 0.7427083333333333 0.9101851851851852 0.7479166666666667 0.9185185185185185 0.7796875 0.9185185185185185 0.7880208333333333 0.9101851851851852 0.7932291666666667 0.8962962962962963 0.79375 0.8888888888888888 0.8041666666666667 0.8759259259259259 0.8052083333333333 0.8685185185185185 0.7932291666666667 0.862037037037037 0.7791666666666667 0.8601851851851852 0.7786458333333334 0.8574074074074074 0.7817708333333333 0.8527777777777777 0.7895833333333333 0.850925925925926 0.8104166666666667 0.850925925925926 0.8182291666666667 0.8148148148148148 0.8208333333333333 0.7888888888888889 0.8265625 0.7777777777777778 0.8354166666666667 0.7685185185185185 0.8421875 0.7462962962962963 0.8442708333333333 0.7148148148148148 0.8489583333333334 0.712037037037037 0.8541666666666666 0.700925925925926 0.8567708333333334 0.6898148148148148 0.8625 0.6805555555555556 0.8682291666666667 0.6620370370370371 0.8703125 0.6314814814814815 0.875 0.6138888888888889 0.8755208333333333 0.6018518518518519 0.8802083333333334 0.5935185185185186 0.8911458333333333 0.5916666666666667 0.89375 0.587037037037037 0.8989583333333333 0.5842592592592593 0.9020833333333333 0.5731481481481482 0.9177083333333333 0.5601851851851852 0.925 0.5388888888888889 0.94375 0.5018518518518519 0.9744791666666667 0.44814814814814813 0.9828125 0.425 0.9833333333333333 0.4148148148148148 0.9875 0.40925925925925927 0.9963541666666667 0.3675925925925926 0.9994791666666667 0.36203703703703705 0.9979166666666667 0.35648148148148145 0.9979166666666667 0.35185185185185186 0.9994791666666667 0.3509259259259259 0.9994791666666667 0.2916666666666667 0.9973958333333334 0.29074074074074074 0.9973958333333334 0.287962962962963 0.9994791666666667 0.28703703703703703 0.9994791666666667 0.2351851851851852 0.9973958333333334 0.2324074074074074 0.9994791666666667 0.22962962962962963 0.9979166666666667 0.22962962962962963 0.9963541666666667 0.22407407407407406 0.9973958333333334 0.21944444444444444 0.9994791666666667 0.21851851851851853 0.9994791666666667 0.21388888888888888 0.9963541666666667 0.20833333333333334 0.9963541666666667 0.19166666666666668 0.9921875 0.16018518518518518 0.98125 0.11574074074074074 0.975 0.08148148148148149 0.975 0.06296296296296296 0.978125 0.046296296296296294 0.975 0.026851851851851852 0.978125 0.021296296296296296 0.9875 0.016666666666666666 0.9958333333333333 0.007407407407407408 0.99375 0.002777777777777778 0.9729166666666667 0.002777777777777778 0.9703125 0 0.9380208333333333 0.002777777777777778 0.9317708333333333 0.012037037037037037 0.9276041666666667 0.012037037037037037 0.9244791666666666 0.004629629629629629 0.9067708333333333 0 0.8708333333333333 0 0.8671875 0.002777777777777778 0.8416666666666667 0.002777777777777778 0.8375 0 0.7791666666666667 0 0.7755208333333333 0.002777777777777778 0.7453125 0 0.7161458333333334 0 0.7114583333333333 0.002777777777777778 0.6619791666666667 0.002777777777777778 0.6598958333333333 0 0.6427083333333333 0 0.6359375 0.002777777777777778 0.6182291666666667 0.002777777777777778 0.6161458333333333 0 0.5557291666666667 0 0.5479166666666667 0.002777777777777778 0.5208333333333334 0.002777777777777778 0.5171875 0 0.503125 0 0.49583333333333335 0.002777777777777778 0.46875 0.002777777777777778 0.4640625 0.012037037037037037 0.46197916666666666 0.037037037037037035 0.4552083333333333 0.05740740740740741 0.45625 0.07222222222222222 0.46041666666666664 0.08148148148148149 0.46145833333333336 0.09074074074074075 0.45416666666666666 0.11851851851851852 0.45 0.12407407407407407 0.44947916666666665 0.14537037037037037 0.44479166666666664 0.18518518518518517 0.4453125 0.20925925925925926 0.4395833333333333 0.22962962962962963
4 0.48046875 0.9791666666666666 0.0005208333333333333 0.002777777777777778
4 0.496875 0.9685185185185186 0.49583333333333335 0.9712962962962963 0.4984375 0.9731481481481481 0.49895833333333334 0.9694444444444444 0.496875 0.9685185185185186
4 0.5708333333333333 0.9685185185185186 0.5671875 0.9703703703703703 0.5708333333333333 0.9712962962962963 0.5708333333333333 0.9685185185185186
4 0.5104166666666666 0.9601851851851851 0.5015625 0.962037037037037 0.5015625 0.9685185185185186 0.5046875 0.975925925925926 0.5020833333333333 0.9805555555555555 0.5057291666666667 0.9842592592592593 0.5046875 0.9935185185185185 0.51875 0.9935185185185185 0.5223958333333333 0.9888888888888889 0.5291666666666667 0.987037037037037 0.5328125 0.9685185185185186 0.525 0.9685185185185186 0.5229166666666667 0.9648148148148148 0.51875 0.9666666666666667 0.5166666666666667 0.962037037037037 0.5104166666666666 0.9601851851851851
4 0.58125 0.950925925925926 0.5807291666666666 0.9527777777777777 0.5822916666666667 0.9527777777777777 0.58125 0.950925925925926
4 0.5635416666666667 0.9259259259259259 0.5630208333333333 0.9277777777777778 0.5635416666666667 0.9259259259259259
4 0.5265625 0.925 0.5239583333333333 0.9324074074074075 0.525 0.9296296296296296 0.5270833333333333 0.9324074074074075 0.5307291666666667 0.9277777777777778 0.5364583333333334 0.9277777777777778 0.5369791666666667 0.9231481481481482 0.5359375 0.9212962962962963 0.5348958333333333 0.9259259259259259 0.53125 0.9259259259259259 0.5296875 0.9212962962962963 0.5265625 0.925
4 0.534375 0.9166666666666666 0.534375 0.9194444444444444 0.5395833333333333 0.9166666666666666 0.534375 0.9166666666666666
4 0.6203125 0.9712962962962963 0.6197916666666666 0.9861111111111112 0.6234375 0.9935185185185185 0.6864583333333333 0.9935185185185185 0.6854166666666667 0.9592592592592593 0.6828125 0.9555555555555556 0.6838541666666667 0.9481481481481482 0.68125 0.9444444444444444 0.6859375 0.9305555555555556 0.68125 0.9166666666666666 0.6807291666666667 0.9 0.6854166666666667 0.8916666666666667 0.6885416666666667 0.8805555555555555 0.6786458333333333 0.8777777777777778 0.6692708333333334 0.8916666666666667 0.6635416666666667 0.8935185185185185 0.6546875 0.9120370370370371 0.6505208333333333 0.9138888888888889 0.6479166666666667 0.9212962962962963 0.6369791666666667 0.9324074074074075 0.6307291666666667 0.9527777777777777 0.6223958333333334 0.9574074074074074 0.6223958333333334 0.9657407407407408 0.6203125 0.9712962962962963
4 0.9869791666666666 0.8564814814814815 0.9864583333333333 0.862037037037037 0.984375 0.8648148148148148 0.9864583333333333 0.875 0.9927083333333333 0.8685185185185185 0.9942708333333333 0.8638888888888889 0.9927083333333333 0.8555555555555555 0.9869791666666666 0.8564814814814815
4 0.7572916666666667 0.8009259259259259 0.7546875 0.8027777777777778 0.7546875 0.8074074074074075 0.7578125 0.8055555555555556 0.7572916666666667 0.8009259259259259
4 0.7005208333333334 0.8870370370370371 0.7 0.8962962962962963 0.7026041666666667 0.9037037037037037 0.7005208333333334 0.9194444444444444 0.7020833333333333 0.987037037037037 0.7036458333333333 0.9935185185185185 0.70625 0.9962962962962963 0.76875 0.9981481481481481 0.7796875 0.9842592592592593 0.7833333333333333 0.9694444444444444 0.7869791666666667 0.9638888888888889 0.7880208333333333 0.9555555555555556 0.7921875 0.9527777777777777 0.7942708333333334 0.9462962962962963 0.796875 0.9462962962962963 0.8036458333333333 0.9388888888888889 0.8135416666666667 0.9416666666666667 0.8197916666666667 0.9351851851851852 0.8239583333333333 0.937037037037037 0.8296875 0.9481481481481482 0.8296875 0.9712962962962963 0.8260416666666667 0.987037037037037 0.8270833333333333 0.9944444444444445 0.8411458333333334 0.9916666666666667 0.8552083333333333 0.9962962962962963 0.8791666666666667 0.9962962962962963 0.8796875 0.9898148148148148 0.8869791666666667 0.975925925925926 0.8963541666666667 0.9666666666666667 0.9 0.9685185185185186 0.909375 0.9814814814814815 0.9140625 0.9935185185185185 0.9182291666666667 0.9944444444444445 0.9807291666666667 0.9935185185185185 0.9833333333333333 0.9814814814814815 0.9875 0.9787037037037037 0.9947916666666666 0.9805555555555555 0.9901041666666667 0.9731481481481481 0.9875 0.9629629629629629 0.9890625 0.9490740740740741 0.9911458333333333 0.9462962962962963 0.9927083333333333 0.937037037037037 0.9921875 0.9212962962962963 0.98125 0.8981481481481481 0.9625 0.8842592592592593 0.9484375 0.8666666666666667 0.9390625 0.862037037037037 0.9317708333333333 0.8527777777777777 0.91875 0.8462962962962963 0.9010416666666666 0.8324074074074074 0.8880208333333334 0.8277777777777777 0.8760416666666667 0.812037037037037 0.8661458333333333 0.8055555555555556 0.8609375 0.7981481481481482 0.8411458333333334 0.7805555555555556 0.83125 0.7805555555555556 0.8265625 0.7888888888888889 0.8239583333333333 0.799074074074074 0.8182291666666667 0.837037037037037 0.8197916666666667 0.8481481481481481 0.8234375 0.85 0.81875 0.8777777777777778 0.8104166666666667 0.8777777777777778 0.8067708333333333 0.8805555555555555 0.7953125 0.8981481481481481 0.7916666666666666 0.9120370370370371 0.7854166666666667 0.9212962962962963 0.7697916666666667 0.9231481481481482 0.7614583333333333 0.9277777777777778 0.7489583333333333 0.9277777777777778 0.7333333333333333 0.9138888888888889 0.7223958333333333 0.8935185185185185 0.7161458333333334 0.8916666666666667 0.7083333333333334 0.899074074074074 0.7057291666666666 0.8972222222222223 0.70625 0.8870370370370371 0.7005208333333334 0.8870370370370371
4 0.61875 0.5648148148148148 0.6182291666666667 0.5694444444444444 0.6229166666666667 0.5796296296296296 0.6276041666666666 0.5814814814814815 0.6359375 0.5944444444444444 0.6354166666666666 0.612037037037037 0.6421875 0.6231481481481481 0.6416666666666667 0.6388888888888888 0.6442708333333333 0.6425925925925926 0.64375 0.6462962962962963 0.6453125 0.649074074074074 0.64375 0.6555555555555556 0.6505208333333333 0.6638888888888889 0.6541666666666667 0.6638888888888889 0.6635416666666667 0.6824074074074075 0.6635416666666667 0.7101851851851851 0.6677083333333333 0.7101851851851851 0.6697916666666667 0.7166666666666667 0.6729166666666667 0.7185185185185186 0.6729166666666667 0.725925925925926 0.6703125 0.7305555555555555 0.6729166666666667 0.7324074074074074 0.6708333333333333 0.737037037037037 0.6708333333333333 0.7481481481481481 0.675 0.7601851851851852 0.6791666666666667 0.7601851851851852 0.6786458333333333 0.7685185185185185 0.6822916666666666 0.774074074074074 0.6807291666666667 0.7777777777777778 0.6807291666666667 0.7888888888888889 0.6885416666666667 0.7916666666666666 0.6927083333333334 0.7962962962962963 0.6958333333333333 0.7944444444444444 0.6994791666666667 0.8 0.7067708333333333 0.8 0.7083333333333334 0.7962962962962963 0.7161458333333334 0.7935185185185185 0.7197916666666667 0.7870370370370371 0.7234375 0.7870370370370371 0.7286458333333333 0.7805555555555556 0.7338541666666667 0.7787037037037037 0.7348958333333333 0.774074074074074 0.7375 0.7731481481481481 0.74375 0.7620370370370371 0.7505208333333333 0.7398148148148148 0.75 0.737037037037037 0.759375 0.7212962962962963 0.7661458333333333 0.6981481481481482 0.7651041666666667 0.6916666666666667 0.759375 0.6861111111111111 0.7588541666666667 0.674074074074074 0.7567708333333333 0.6712962962962963 0.7463541666666667 0.6712962962962963 0.7442708333333333 0.675 0.7364583333333333 0.6712962962962963 0.7270833333333333 0.6712962962962963 0.7171875 0.6481481481481481 0.6984375 0.6185185185185185 0.6921875 0.612037037037037 0.675 0.5962962962962963 0.6583333333333333 0.5935185185185186 0.6515625 0.587037037037037 0.64375 0.5731481481481482 0.6359375 0.5666666666666667 0.61875 0.5648148148148148
4 0.019270833333333334 0.4009259259259259 0.008854166666666666 0.4351851851851852 0.003125 0.44814814814814813 0 0.45092592592592595 0 0.5916666666666667 0.003125 0.5944444444444444 0.003125 0.5981481481481481 0 0.600925925925926 0 0.8009259259259259 0.003125 0.8027777777777778 0 0.8092592592592592 0 0.9342592592592592 0.007291666666666667 0.9416666666666667 0.03229166666666667 0.9851851851851852 0.043229166666666666 0.9935185185185185 0.10104166666666667 0.9981481481481481 0.19375 0.9981481481481481 0.22395833333333334 0.9944444444444445 0.2833333333333333 0.9962962962962963 0.2953125 0.9935185185185185 0.309375 0.9962962962962963 0.3536458333333333 0.9962962962962963 0.3609375 0.9935185185185185 0.4354166666666667 0.9962962962962963 0.45364583333333336 0.9916666666666667 0.4609375 0.987037037037037 0.4630208333333333 0.9805555555555555 0.4666666666666667 0.9842592592592593 0.4713541666666667 0.9824074074074074 0.4739583333333333 0.9851851851851852 0.4765625 0.9731481481481481 0.4875 0.9796296296296296 0.4901041666666667 0.9685185185185186 0.4953125 0.9685185185185186 0.4953125 0.9657407407407408 0.4973958333333333 0.962037037037037 0.5 0.962037037037037 0.5041666666666667 0.9527777777777777 0.5109375 0.9527777777777777 0.5119791666666667 0.9481481481481482 0.5177083333333333 0.9425925925925925 0.51875 0.9398148148148148 0.5174479166666667 0.937037037037037 0.5229166666666667 0.9388888888888889 0.48385416666666664 0.9361111111111111 0.4765625 0.9231481481481482 0.4630208333333333 0.9305555555555556 0.4578125 0.9305555555555556 0.446875 0.925 0.440625 0.9157407407407407 0.4390625 0.912962962962963 0.4401041666666667 0.8925925925925926 0.4432291666666667 0.8777777777777778 0.44583333333333336 0.8731481481481481 0.44947916666666665 0.8555555555555555 0.45625 0.8444444444444444 0.4510416666666667 0.8342592592592593 0.45260416666666664 0.8305555555555556 0.45 0.8277777777777777 0.4515625 0.8240740740740741 0.4588541666666667 0.8212962962962963 0.46041666666666664 0.8166666666666667 0.45625 0.8138888888888889 0.4552083333333333 0.8101851851851852 0.4479166666666667 0.8064814814814815 0.4484375 0.8 0.44479166666666664 0.7861111111111111 0.446875 0.7777777777777778 0.44166666666666665 0.7648148148148148 0.428125 0.7546296296296297 0.41822916666666665 0.7509259259259259 0.40989583333333335 0.7416666666666667 0.40208333333333335 0.737037037037037 0.4015625 0.7203703703703703 0.4041666666666667 0.7138888888888889 0.4036458333333333 0.7064814814814815 0.4078125 0.6916666666666667 0.4119791666666667 0.6851851851851852 0.4317708333333333 0.6916666666666667 0.44166666666666665 0.6888888888888889 0.44479166666666664 0.6851851851851852 0.45989583333333334 0.6842592592592592 0.465625 0.6759259259259259 0.48072916666666665 0.675 0.47708333333333336 0.6712962962962963 0.49375 0.6620370370370371 0.4947916666666667 0.6564814814814814 0.4979166666666667 0.6527777777777778 0.5010416666666667 0.6546296296296297 0.5036458333333333 0.6435185185185185 0.5067708333333333 0.6388888888888888 0.5067708333333333 0.6324074074074074 0.5036458333333333 0.6212962962962963 0.4973958333333333 0.6092592592592593 0.49583333333333335 0.5805555555555556 0.4640625 0.5574074074074075 0.45 0.5370370370370371 0.4427083333333333 0.5370370370370371 0.4395833333333333 0.5388888888888889 0.43125 0.5527777777777778 0.428125 0.562962962962963 0.41354166666666664 0.5805555555555556 0.4119791666666667 0.5879629629629629 0.4041666666666667 0.5981481481481481 0.39739583333333334 0.600925925925926 0.390625 0.6138888888888889 0.3796875 0.6277777777777778 0.3729166666666667 0.6314814814814815 0.3692708333333333 0.6277777777777778 0.3692708333333333 0.6222222222222222 0.375 0.6083333333333333 0.42239583333333336 0.5212962962962963 0.42552083333333335 0.5111111111111111 0.4296875 0.5074074074074074 0.4322916666666667 0.4981481481481482 0.4296875 0.48518518518518516 0.42604166666666665 0.48055555555555557 0.42291666666666666 0.45555555555555555 0.41822916666666665 0.44074074074074077 0.41770833333333335 0.42685185185185187 0.41822916666666665 0.41759259259259257 0.4234375 0.40925925925925927 0.42552083333333335 0.3925925925925926 0.4317708333333333 0.37592592592592594 0.4354166666666667 0.35462962962962963 0.4322916666666667 0.3472222222222222 0.425 0.3416666666666667 0.4197916666666667 0.3416666666666667 0.41302083333333334 0.3333333333333333 0.4166666666666667 0.3277777777777778 0.4192708333333333 0.31666666666666665 0.41770833333333335 0.2953703703703704 0.42083333333333334 0.2777777777777778 0.4192708333333333 0.2722222222222222 0.4203125 0.2574074074074074 0.41875 0.2462962962962963 0.42291666666666666 0.23703703703703705 0.42864583333333334 0.23425925925925925 0.4359375 0.22314814814814815 0.43854166666666666 0.2074074074074074 0.43854166666666666 0.20277777777777778 0.43697916666666664 0.20277777777777778 0.43645833333333334 0.19907407407407407 0.43854166666666666 0.1962962962962963 0.4395833333333333 0.18888888888888888 0.43854166666666666 0.16944444444444445 0.44114583333333335 0.15925925925925927 0.44114583333333335 0.15092592592592594 0.4348958333333333 0.1398148148148148 0.4197916666666667 0.12777777777777777 0.4161458333333333 0.12129629629629629 0.3953125 0.1 0.3770833333333333 0.07037037037037037 0.3619791666666667 0.03888888888888889 0.35052083333333334 0.025925925925925925 0.3380208333333333 0.002777777777777778 0.33489583333333334 0 0.2296875 0 0.225 0.004629629629629629 0.21614583333333334 0.021296296296296296 0.2140625 0.021296296296296296 0.20416666666666666 0.03888888888888889 0.19635416666666666 0.04814814814814815 0.18854166666666666 0.06388888888888888 0.15885416666666666 0.10740740740740741 0.1375 0.14537037037037037 0.12864583333333332 0.16666666666666666 0.10104166666666667 0.21203703703703702 0.0875 0.2388888888888889 0.0796875 0.262037037037037 0.06927083333333334 0.2824074074074074 0.065625 0.2962962962962963 0.044270833333333336 0.3388888888888889 0.026041666666666668 0.3851851851851852 0.024479166666666666 0.39351851851851855 0.019270833333333334 0.4009259259259259
3 0.7072916666666667 0.8231481481481482 0.7067708333333333 0.8379629629629629 0.7088541666666667 0.8490740740740741 0.71875 0.8555555555555555 0.734375 0.8601851851851852 0.7421875 0.8712962962962963 0.7421875 0.8777777777777778 0.728125 0.8777777777777778 0.7260416666666667 0.8824074074074074 0.7270833333333333 0.8981481481481481 0.73125 0.9074074074074074 0.7401041666666667 0.9185185185185185 0.7505208333333333 0.925 0.759375 0.925 0.7864583333333334 0.9166666666666666 0.8072916666666666 0.8694444444444445 0.8041666666666667 0.8648148148148148 0.7921875 0.8601851851851852 0.7890625 0.8555555555555555 0.7921875 0.8527777777777777 0.8125 0.8546296296296296 0.815625 0.8481481481481481 0.81875 0.8157407407407408 0.8255208333333334 0.7824074074074074 0.8333333333333334 0.7685185185185185 0.8354166666666667 0.7685185185185185 0.8421875 0.75 0.84375 0.7185185185185186 0.8416666666666667 0.6990740740740741 0.8380208333333333 0.6851851851851852 0.8302083333333333 0.6712962962962963 0.8166666666666667 0.6601851851851852 0.7921875 0.6601851851851852 0.7822916666666667 0.6694444444444444 0.78125 0.6759259259259259 0.775 0.6888888888888889 0.7744791666666667 0.6962962962962963 0.7692708333333333 0.7129629629629629 0.7515625 0.7444444444444445 0.7494791666666667 0.7574074074074074 0.7369791666666666 0.7851851851851852 0.7348958333333333 0.7888888888888889 0.7208333333333333 0.7944444444444444 0.7135416666666666 0.8027777777777778 0.7088541666666667 0.8138888888888889 0.7072916666666667 0.8231481481481482
3 0.45989583333333334 0.9888888888888889 0.45729166666666665 0.9935185185185185 0.4588541666666667 0.9981481481481481 0.6125 0.9981481481481481 0.6182291666666667 0.9935185185185185 0.6161458333333333 0.9861111111111112 0.6177083333333333 0.9648148148148148 0.6166666666666667 0.9527777777777777 0.6104166666666667 0.9388888888888889 0.6057291666666667 0.9351851851851852 0.590625 0.9388888888888889 0.5895833333333333 0.9231481481481482 0.5854166666666667 0.9138888888888889 0.5802083333333333 0.9101851851851852 0.5697916666666667 0.9101851851851852 0.5604166666666667 0.9138888888888889 0.5557291666666667 0.9074074074074074 0.5385416666666667 0.9055555555555556 0.5260416666666666 0.9138888888888889 0.5171875 0.9259259259259259 0.5145833333333333 0.9259259259259259 0.5052083333333334 0.937037037037037 0.48854166666666665 0.950925925925926 0.46822916666666664 0.9805555555555555 0.45989583333333334 0.9888888888888889
3 0.050520833333333334 0.010185185185185186 0.05 0.022222222222222223 0.05260416666666667 0.03888888888888889 0.0578125 0.046296296296296294 0.06666666666666667 0.046296296296296294 0.07395833333333333 0.037037037037037035 0.0859375 0.014814814814814815 0.09010416666666667 0.004629629629629629 0.09010416666666667 0 0.057291666666666664 0 0.05572916666666667 0.003703703703703704 0.057291666666666664 0.007407407407407408 0.05625 0.011111111111111112 0.050520833333333334 0.010185185185185186
3 0.5067708333333333 0.4305555555555556 0.50625 0.4685185185185185 0.5119791666666667 0.49722222222222223 0.5151041666666667 0.5027777777777778 0.5244791666666667 0.5046296296296297 0.5296875 0.4962962962962963 0.53125 0.46944444444444444 0.534375 0.45092592592592595 0.534375 0.4212962962962963 0.5322916666666667 0.39444444444444443 0.5296875 0.39166666666666666 0.5276041666666667 0.39351851851851855 0.5234375 0.4027777777777778 0.5161458333333333 0.4111111111111111 0.5067708333333333 0.4305555555555556
3 0.43854166666666666 0.27314814814814814 0.43645833333333334 0.2953703703703704 0.4375 0.32037037037037036 0.4401041666666667 0.337037037037037 0.4432291666666667 0.3435185185185185 0.4432291666666667 0.3490740740740741 0.43333333333333335 0.3731481481481482 0.4296875 0.39166666666666666 0.42552083333333335 0.4027777777777778 0.421875 0.42777777777777776 0.421875 0.44074074074074077 0.42552083333333335 0.46574074074074073 0.43072916666666666 0.4842592592592593 0.43854166666666666 0.4962962962962963 0.4421875 0.4935185185185185 0.4453125 0.4824074074074074 0.4510416666666667 0.47314814814814815 0.4557291666666667 0.4685185185185185 0.459375 0.4685185185185185 0.465625 0.4981481481481482 0.465625 0.5074074074074074 0.4578125 0.5212962962962963 0.4583333333333333 0.5361111111111111 0.46979166666666666 0.5555555555555556 0.48333333333333334 0.5666666666666667 0.49375 0.5685185185185185 0.49583333333333335 0.5555555555555556 0.49270833333333336 0.5046296296296297 0.4875 0.4787037037037037 0.4869791666666667 0.45555555555555555 0.48489583333333336 0.44074074074074077 0.48541666666666666 0.42685185185185187 0.49114583333333334 0.4111111111111111 0.5114583333333333 0.38055555555555554 0.5171875 0.37037037037037035 0.5192708333333333 0.36203703703703705 0.5130208333333334 0.33425925925925926 0.5119791666666667 0.3055555555555556 0.509375 0.30092592592592593 0.5078125 0.2777777777777778 0.5052083333333334 0.2722222222222222 0.5052083333333334 0.25092592592592594 0.5041666666666667 0.24814814814814815 0.5005208333333333 0.25277777777777777 0.4984375 0.2462962962962963 0.4979166666666667 0.2351851851851852 0.4947916666666667 0.23425925925925925 0.49114583333333334 0.22777777777777777 0.46979166666666666 0.22962962962962963 0.46145833333333336 0.23703703703703705 0.45625 0.23703703703703705 0.4588541666666667 0.24444444444444444 0.45 0.2462962962962963 0.4473958333333333 0.25555555555555554 0.44427083333333334 0.25462962962962965 0.4427083333333333 0.25092592592592594 0.43854166666666666 0.27314814814814814