4 0.9270833333333334 0.027777777777777776 0.9598958333333333 0.06851851851851852 0.9796875 0.08611111111111111 0.9994791666666667 0.12129629629629629 0.9994791666666667 0.3074074074074074 0.996875 0.3101851851851852 0.9963541666666667 0.31574074074074077 0.9973958333333334 0.32407407407407407 0.9994791666666667 0.32592592592592595 0.9963541666666667 0.3314814814814815 0.9973958333333334 0.33611111111111114 0.9994791666666667 0.33611111111111114 0.9994791666666667 0.38333333333333336 0.996875 0.387037037037037 0.9994791666666667 0.39166666666666666 0.9994791666666667 0.42592592592592593 0.9963541666666667 0.4287037037037037 0.9994791666666667 0.4361111111111111 0.9994791666666667 0.48518518518518516 0.9973958333333334 0.4861111111111111 0.9963541666666667 0.49537037037037035 0.9963541666666667 0.5120370370370371 0.9994791666666667 0.5166666666666667 0.9994791666666667 0.6055555555555555 0.9963541666666667 0.6083333333333333 0.9963541666666667 0.6129629629629629 0.9994791666666667 0.6157407407407407 0.9994791666666667 0.7490740740740741 0.996875 0.7509259259259259 0.996875 0.7546296296296297 0.9994791666666667 0.7574074074074074 0.9994791666666667 0.8462962962962963 0.9973958333333334 0.8472222222222222 0.9953125 0.8555555555555555 0.990625 0.850925925925926 0.9786458333333333 0.862037037037037 0.9885416666666667 0.8787037037037037 0.9890625 0.8972222222222223 0.9921875 0.9037037037037037 0.9885416666666667 0.9111111111111111 0.9875 0.9277777777777778 0.9666666666666667 0.925 0.9651041666666667 0.9203703703703704 0.9614583333333333 0.9185185185185185 0.9380208333333333 0.9157407407407407 0.9296875 0.9083333333333333 0.9015625 0.9037037037037037 0.8802083333333334 0.8935185185185185 0.8765625 0.887962962962963 0.8765625 0.8685185185185185 0.8901041666666667 0.8740740740740741 0.8875 0.8601851851851852 0.8791666666666667 0.8546296296296296 0.8765625 0.8481481481481481 0.8625 0.8444444444444444 0.859375 0.8398148148148148 0.8572916666666667 0.8444444444444444 0.85625 0.8694444444444445 0.8489583333333334 0.8768518518518519 0.8166666666666667 0.8685185185185185 0.7765625 0.850925925925926 0.7734375 0.8425925925925926 0.7729166666666667 0.8194444444444444 0.7692708333333333 0.812037037037037 0.7651041666666667 0.812962962962963 0.7619791666666667 0.8064814814814815 0.7578125 0.8074074074074075 0.7546875 0.8027777777777778 0.7510416666666667 0.8101851851851852 0.7447916666666666 0.8037037037037037 0.7442708333333333 0.7972222222222223 0.7416666666666667 0.7925925925925926 0.7432291666666667 0.7824074074074074 0.7411458333333333 0.7712962962962963 0.728125 0.7611111111111111 0.7026041666666667 0.7611111111111111 0.6994791666666667 0.7564814814814815 0.6911458333333333 0.7583333333333333 0.6890625 0.7657407407407407 0.6854166666666667 0.7574074074074074 0.6828125 0.7611111111111111 0.6828125 0.7694444444444445 0.6744791666666666 0.7666666666666667 0.6729166666666667 0.7648148148148148 0.6734375 0.7546296296296297 0.68125 0.7453703703703703 0.6838541666666667 0.7462962962962963 0.6854166666666667 0.7527777777777778 0.6859375 0.7416666666666667 0.6807291666666667 0.7407407407407407 0.6859375 0.7407407407407407 0.6875 0.737037037037037 0.684375 0.7314814814814815 0.6677083333333333 0.7240740740740741 0.6682291666666667 0.7055555555555556 0.6703125 0.7027777777777777 0.671875 0.6916666666666667 0.6807291666666667 0.6787037037037037 0.6911458333333333 0.6731481481481482 0.703125 0.674074074074074 0.7333333333333333 0.6981481481481482 0.7447916666666666 0.7 0.7619791666666667 0.7111111111111111 0.76875 0.7064814814814815 0.7734375 0.6990740740740741 0.7760416666666666 0.675 0.7739583333333333 0.6370370370370371 0.775 0.5592592592592592 0.778125 0.5185185185185185 0.7828125 0.4898148148148148 0.8052083333333333 0.4462962962962963 0.83125 0.412962962962963 0.8453125 0.38796296296296295 0.8364583333333333 0.37222222222222223 0.83125 0.35555555555555557 0.8255208333333334 0.33240740740740743 0.8260416666666667 0.3277777777777778 0.8213541666666667 0.31666666666666665 0.8223958333333333 0.3055555555555556 0.8182291666666667 0.3 0.8182291666666667 0.2824074074074074 0.8151041666666666 0.2777777777777778 0.8135416666666667 0.2675925925925926 0.8135416666666667 0.262037037037037 0.8192708333333333 0.24537037037037038 0.81875 0.24074074074074073 0.8208333333333333 0.23796296296296296 0.81875 0.22314814814814815 0.8177083333333334 0.1787037037037037 0.8223958333333333 0.14351851851851852 0.8208333333333333 0.12222222222222222 0.821875 0.10555555555555556 0.8276041666666667 0.08611111111111111 0.8359375 0.06944444444444445 0.8557291666666667 0.04351851851851852 0.8671875 0.03333333333333333 0.8911458333333333 0.023148148148148147 0.9161458333333333 0.022222222222222223 0.9265625 0.027777777777777776
4 0.5119791666666667 0.3296296296296296 0.5161458333333333 0.3333333333333333 0.5192708333333333 0.35555555555555557 0.53125 0.3731481481481482 0.53125 0.40185185185185185 0.5234375 0.4212962962962963 0.5182291666666666 0.425 0.5151041666666667 0.4444444444444444 0.49895833333333334 0.44907407407407407 0.4578125 0.44907407407407407 0.45260416666666664 0.44537037037037036 0.4505208333333333 0.42777777777777776 0.4557291666666667 0.4111111111111111 0.4557291666666667 0.4009259259259259 0.46041666666666664 0.38333333333333336 0.46197916666666666 0.36574074074074076 0.46770833333333334 0.3509259259259259 0.4713541666666667 0.3453703703703704 0.48385416666666664 0.3388888888888889 0.503125 0.3296296296296296 0.5114583333333333 0.3296296296296296
4 0.43072916666666666 0.15462962962962962 0.4401041666666667 0.16203703703703703 0.4630208333333333 0.1935185185185185 0.4828125 0.24444444444444444 0.4890625 0.26851851851851855 0.4890625 0.2833333333333333 0.48489583333333336 0.32037037037037036 0.4510416666666667 0.3398148148148148 0.4276041666666667 0.3824074074074074 0.42239583333333336 0.40370370370370373 0.41302083333333334 0.425 0.4140625 0.4361111111111111 0.425 0.45740740740740743 0.42604166666666665 0.47314814814814815 0.43072916666666666 0.4925925925925926 0.4515625 0.5388888888888889 0.45208333333333334 0.5685185185185185 0.4552083333333333 0.5842592592592593 0.4609375 0.5981481481481481 0.45989583333333334 0.6064814814814815 0.4557291666666667 0.6064814814814815 0.45260416666666664 0.6157407407407407 0.446875 0.6231481481481481 0.4473958333333333 0.6370370370370371 0.44583333333333336 0.6453703703703704 0.44114583333333335 0.6398148148148148 0.42916666666666664 0.6361111111111111 0.4244791666666667 0.637962962962963 0.42135416666666664 0.6444444444444445 0.421875 0.6361111111111111 0.41770833333333335 0.6305555555555555 0.41875 0.6157407407407407 0.41510416666666666 0.6138888888888889 0.4078125 0.6018518518518519 0.40677083333333336 0.6055555555555555 0.40729166666666666 0.6111111111111112 0.41041666666666665 0.6138888888888889 0.4140625 0.6407407407407407 0.4166666666666667 0.6435185185185185 0.41875 0.6564814814814814 0.4166666666666667 0.6814814814814815 0.42916666666666664 0.7018518518518518 0.43645833333333334 0.7203703703703703 0.4401041666666667 0.7240740740740741 0.44583333333333336 0.7416666666666667 0.43854166666666666 0.7462962962962963 0.421875 0.7481481481481481 0.4109375 0.7592592592592593 0.4 0.7648148148148148 0.3692708333333333 0.7777777777777778 0.35625 0.7796296296296297 0.34479166666666666 0.7861111111111111 0.334375 0.8009259259259259 0.33125 0.8018518518518518 0.32708333333333334 0.8111111111111111 0.32083333333333336 0.8157407407407408 0.31666666666666665 0.8240740740740741 0.3125 0.8453703703703703 0.30052083333333335 0.8796296296296297 0.3015625 0.8870370370370371 0.29739583333333336 0.9120370370370371 0.2869791666666667 0.9351851851851852 0.26979166666666665 0.9935185185185185 0.24583333333333332 0.9990740740740741 0.23854166666666668 0.9962962962962963 0.2234375 0.9990740740740741 0.21302083333333333 0.9990740740740741 0.2109375 0.9962962962962963 0.20625 0.9990740740740741 0.1265625 0.9990740740740741 0.12447916666666667 0.9944444444444445 0.12760416666666666 0.9342592592592592 0.1390625 0.8379629629629629 0.15885416666666666 0.7240740740740741 0.17447916666666666 0.6675925925925926 0.17864583333333334 0.6296296296296297 0.18385416666666668 0.6111111111111112 0.19427083333333334 0.5944444444444444 0.19895833333333332 0.5805555555555556 0.20260416666666667 0.5527777777777778 0.20208333333333334 0.5370370370370371 0.20416666666666666 0.5287037037037037 0.22239583333333332 0.487962962962963 0.23489583333333333 0.46574074074074073 0.24635416666666668 0.41388888888888886 0.26875 0.34629629629629627 0.28072916666666664 0.32222222222222224 0.29583333333333334 0.3037037037037037 0.32135416666666666 0.2833333333333333 0.340625 0.27870370370370373 0.340625 0.2675925925925926 0.3359375 0.24814814814814815 0.33697916666666666 0.24444444444444444 0.3302083333333333 0.21481481481481482 0.3302083333333333 0.1925925925925926 0.3338541666666667 0.16944444444444445 0.3489583333333333 0.16666666666666666 0.3859375 0.17314814814814813 0.4119791666666667 0.15462962962962962 0.43020833333333336 0.15462962962962962
4 0.5947916666666667 0.06759259259259259 0.6026041666666667 0.07222222222222222 0.6145833333333334 0.08703703703703704 0.6333333333333333 0.09074074074074075 0.6395833333333333 0.1037037037037037 0.6604166666666667 0.13055555555555556 0.6739583333333333 0.15833333333333333 0.6854166666666667 0.19537037037037036 0.690625 0.22592592592592592 0.6927083333333334 0.2462962962962963 0.6911458333333333 0.2740740740740741 0.6921875 0.2851851851851852 0.7276041666666667 0.3333333333333333 0.7328125 0.3435185185185185 0.7401041666666667 0.36574074074074076 0.7401041666666667 0.3731481481481482 0.7442708333333333 0.3907407407407407 0.7619791666666667 0.4425925925925926 0.7677083333333333 0.47314814814814815 0.7661458333333333 0.5296296296296297 0.7682291666666666 0.5527777777777778 0.7677083333333333 0.5796296296296296 0.7609375 0.6185185185185185 0.7546875 0.6416666666666667 0.7520833333333333 0.6657407407407407 0.7427083333333333 0.687962962962963 0.7395833333333334 0.6907407407407408 0.7270833333333333 0.687037037037037 0.709375 0.6703703703703704 0.6979166666666666 0.6657407407407407 0.6859375 0.6685185185185185 0.6755208333333333 0.6768518518518518 0.6671875 0.6925925925925925 0.6635416666666667 0.7092592592592593 0.6614583333333334 0.7472222222222222 0.6625 0.7685185185185185 0.6609375 0.775 0.6546875 0.7787037037037037 0.6333333333333333 0.7675925925925926 0.6166666666666667 0.7657407407407407 0.6 0.7592592592592593 0.5671875 0.7388888888888889 0.55 0.7361111111111112 0.5265625 0.7231481481481481 0.5223958333333333 0.7296296296296296 0.5067708333333333 0.7296296296296296 0.49635416666666665 0.7333333333333333 0.4895833333333333 0.7314814814814815 0.46510416666666665 0.7203703703703703 0.4583333333333333 0.700925925925926 0.46145833333333336 0.674074074074074 0.4791666666666667 0.6361111111111111 0.48125 0.6092592592592593 0.48854166666666665 0.5944444444444444 0.49895833333333334 0.5814814814814815 0.5041666666666667 0.5675925925925925 0.5057291666666667 0.5592592592592592 0.5041666666666667 0.5342592592592592 0.5067708333333333 0.5175925925925926 0.5145833333333333 0.49537037037037035 0.515625 0.4842592592592593 0.521875 0.47314814814814815 0.5276041666666667 0.4527777777777778 0.5364583333333334 0.4388888888888889 0.5411458333333333 0.425 0.5479166666666667 0.387037037037037 0.5598958333333334 0.35 0.5609375 0.337037037037037 0.5578125 0.28888888888888886 0.5473958333333333 0.2638888888888889 0.5380208333333333 0.22592592592592592 0.5375 0.1962962962962963 0.540625 0.17037037037037037 0.5640625 0.11203703703703703 0.5776041666666667 0.0962962962962963 0.5864583333333333 0.0824074074074074 0.5916666666666667 0.06759259259259259 0.5942708333333333 0.06759259259259259
3 0.703125 0.6712962962962963 0.73125 0.6944444444444444 0.75 0.7018518518518518 0.7588541666666667 0.7138888888888889 0.7614583333333333 0.7231481481481481 0.7552083333333334 0.7481481481481481 0.7447916666666666 0.7648148148148148 0.7192708333333333 0.7638888888888888 0.703125 0.7694444444444445 0.6994791666666667 0.775 0.6984375 0.7851851851851852 0.69375 0.7907407407407407 0.6791666666666667 0.787962962962963 0.671875 0.7824074074074074 0.6682291666666667 0.775 0.6645833333333333 0.712037037037037 0.6708333333333333 0.687037037037037 0.6765625 0.6777777777777778 0.6916666666666667 0.6694444444444444 0.7026041666666667 0.6712962962962963
3 0.9114583333333334 0.7175925925925926 0.9244791666666666 0.7222222222222222 0.9692708333333333 0.7518518518518519 0.9713541666666666 0.7546296296296297 0.9765625 0.7861111111111111 0.975 0.8 0.9776041666666667 0.812962962962963 0.9770833333333333 0.837037037037037 0.9744791666666667 0.850925925925926 0.965625 0.8675925925925926 0.9536458333333333 0.8833333333333333 0.9328125 0.8907407407407407 0.9177083333333333 0.8907407407407407 0.9015625 0.8814814814814815 0.89375 0.8731481481481481 0.8833333333333333 0.8546296296296296 0.8729166666666667 0.8472222222222222 0.8625 0.8444444444444444 0.8588541666666667 0.8388888888888889 0.8572916666666667 0.8305555555555556 0.8598958333333333 0.7833333333333333 0.8625 0.7703703703703704 0.8708333333333333 0.7638888888888888 0.88125 0.7685185185185185 0.8921875 0.762962962962963 0.8989583333333333 0.7453703703703703 0.9036458333333334 0.7231481481481481 0.9109375 0.7175925925925926
3 0.4197916666666667 0.6888888888888889 0.42552083333333335 0.6925925925925925 0.44166666666666665 0.7203703703703703 0.47760416666666666 0.7305555555555555 0.4822916666666667 0.7342592592592593 0.484375 0.7398148148148148 0.4671875 0.7481481481481481 0.434375 0.7555555555555555 0.42135416666666664 0.7555555555555555 0.4171875 0.7518518518518519 0.4161458333333333 0.6990740740740741 0.41458333333333336 0.6935185185185185 0.4192708333333333 0.6888888888888889
3 0.54375 0.6601851851851852 0.5796875 0.6648148148148149 0.5911458333333334 0.6768518518518518 0.5916666666666667 0.6814814814814815 0.5880208333333333 0.6842592592592592 0.5875 0.6888888888888889 0.5921875 0.6898148148148148 0.5942708333333333 0.7055555555555556 0.5869791666666667 0.7064814814814815 0.58125 0.7111111111111111 0.578125 0.7342592592592593 0.5713541666666667 0.7407407407407407 0.5489583333333333 0.7361111111111112 0.5328125 0.7287037037037037 0.5286458333333334 0.7203703703703703 0.5265625 0.7074074074074074 0.5192708333333333 0.6962962962962963 0.5177083333333333 0.6898148148148148 0.5182291666666666 0.6675925925925926 0.53125 0.6611111111111111 0.5432291666666667 0.6601851851851852
3 0.4979166666666667 0.5879629629629629 0.5052083333333334 0.5925925925925926 0.5104166666666666 0.6 0.5166666666666667 0.6018518518518519 0.51875 0.6083333333333333 0.5260416666666666 0.6111111111111112 0.5255208333333333 0.6194444444444445 0.5286458333333334 0.6268518518518519 0.5223958333333333 0.6601851851851852 0.4864583333333333 0.6768518518518518 0.4786458333333333 0.6861111111111111 0.4635416666666667 0.712037037037037 0.459375 0.712037037037037 0.45677083333333335 0.7083333333333334 0.45625 0.6925925925925925 0.4609375 0.6703703703703704 0.47239583333333335 0.6509259259259259 0.47760416666666666 0.6370370370370371 0.4796875 0.6101851851851852 0.4875 0.5962962962962963 0.4973958333333333 0.5888888888888889
3 0.5166666666666667 0.6675925925925926 0.5171875 0.6898148148148148 0.5244791666666667 0.7074074074074074 0.525 0.7287037037037037 0.5229166666666667 0.7342592592592593 0.509375 0.7379629629629629 0.49114583333333334 0.737037037037037 0.4791666666666667 0.7287037037037037 0.4630208333333333 0.7240740740740741 0.459375 0.7194444444444444 0.4828125 0.6777777777777778 0.5161458333333333 0.6675925925925926
3 0.43697916666666664 0.5574074074074075 0.4505208333333333 0.5666666666666667 0.45677083333333335 0.5833333333333334 0.46822916666666664 0.6018518518518519 0.4708333333333333 0.6175925925925926 0.4744791666666667 0.6222222222222222 0.4744791666666667 0.6268518518518519 0.4703125 0.6333333333333333 0.471875 0.6398148148148148 0.46770833333333334 0.6537037037037037 0.4546875 0.6842592592592592 0.45 0.6814814814814815 0.4390625 0.6620370370370371 0.4359375 0.6620370370370371 0.42916666666666664 0.675 0.425 0.6768518518518518 0.421875 0.6722222222222223 0.41822916666666665 0.6546296296296297 0.4166666666666667 0.6259259259259259 0.4239583333333333 0.6027777777777777 0.428125 0.5814814814814815 0.42552083333333335 0.5731481481481482 0.4317708333333333 0.5592592592592592 0.43645833333333334 0.5574074074074075