4 0.9447916666666667 0.002777777777777778 0.9942708333333333 0.003703703703703704 0.9994791666666667 0.008333333333333333 0.9994791666666667 0.03518518518518519 0.9953125 0.04259259259259259 0.9973958333333334 0.05555555555555555 0.9994791666666667 0.05740740740740741 0.9994791666666667 0.06388888888888888 0.9973958333333334 0.06666666666666667 0.9994791666666667 0.07037037037037037 0.9994791666666667 0.09166666666666666 0.9973958333333334 0.09537037037037037 0.9994791666666667 0.1 0.9994791666666667 0.1287037037037037 0.9973958333333334 0.13148148148148148 0.9973958333333334 0.17407407407407408 0.9994791666666667 0.17592592592592593 0.9994791666666667 0.19814814814814816 0.9973958333333334 0.20277777777777778 0.9973958333333334 0.2101851851851852 0.9994791666666667 0.21203703703703702 0.9994791666666667 0.2611111111111111 0.9979166666666667 0.262037037037037 0.9994791666666667 0.2657407407407407 0.9994791666666667 0.2861111111111111 0.9973958333333334 0.287962962962963 0.9979166666666667 0.30462962962962964 0.9994791666666667 0.3055555555555556 0.9994791666666667 0.3296296296296296 0.9973958333333334 0.3314814814814815 0.9994791666666667 0.3333333333333333 0.9994791666666667 0.5101851851851852 0.9973958333333334 0.5120370370370371 0.9994791666666667 0.5157407407407407 0.9994791666666667 0.675 0.9973958333333334 0.6777777777777778 0.9963541666666667 0.6907407407407408 0.996875 0.7611111111111111 0.9973958333333334 0.774074074074074 0.9994791666666667 0.7768518518518519 0.9973958333333334 0.7814814814814814 0.9994791666666667 0.8 0.9973958333333334 0.8018518518518518 0.996875 0.8074074074074075 0.996875 0.8740740740740741 0.9979166666666667 0.8870370370370371 0.9994791666666667 0.887962962962963 0.9994791666666667 0.9083333333333333 0.9973958333333334 0.9101851851851852 0.9973958333333334 0.9175925925925926 0.9994791666666667 0.9194444444444444 0.9994791666666667 0.9277777777777778 0.9979166666666667 0.9287037037037037 0.9958333333333333 0.9407407407407408 0.9973958333333334 0.9574074074074074 0.9994791666666667 0.9592592592592593 0.9994791666666667 0.9916666666666667 0.9942708333333333 0.9953703703703703 0.8479166666666667 0.9935185185185185 0.8416666666666667 0.9842592592592593 0.8416666666666667 0.9777777777777777 0.8380208333333333 0.9685185185185186 0.8333333333333334 0.9425925925925925 0.834375 0.9351851851851852 0.8484375 0.9101851851851852 0.8625 0.8935185185185185 0.8770833333333333 0.8796296296296297 0.8828125 0.8777777777777778 0.884375 0.8740740740740741 0.88125 0.8703703703703703 0.8692708333333333 0.8666666666666667 0.7932291666666667 0.8555555555555555 0.7791666666666667 0.8425925925925926 0.7651041666666667 0.8240740740740741 0.7578125 0.8101851851851852 0.7546875 0.7972222222222223 0.7536458333333333 0.775 0.7489583333333333 0.7638888888888888 0.7151041666666667 0.7379629629629629 0.7109375 0.7287037037037037 0.7109375 0.7194444444444444 0.7130208333333333 0.7129629629629629 0.7239583333333334 0.6990740740740741 0.7588541666666667 0.700925925925926 0.7682291666666666 0.6925925925925925 0.7791666666666667 0.6759259259259259 0.790625 0.6638888888888889 0.821875 0.6472222222222223 0.8213541666666667 0.5990740740740741 0.8192708333333333 0.5916666666666667 0.8182291666666667 0.5666666666666667 0.8260416666666667 0.5083333333333333 0.8265625 0.49166666666666664 0.8177083333333334 0.3824074074074074 0.7901041666666667 0.39814814814814814 0.7682291666666666 0.4046296296296296 0.7583333333333333 0.4 0.7546875 0.3925925925925926 0.7526041666666666 0.38055555555555554 0.7479166666666667 0.37777777777777777 0.7427083333333333 0.387037037037037 0.7354166666666667 0.4111111111111111 0.7203125 0.4388888888888889 0.7109375 0.4462962962962963 0.7041666666666667 0.44537037037037036 0.7010416666666667 0.44166666666666665 0.7005208333333334 0.42777777777777776 0.7036458333333333 0.42314814814814816 0.7041666666666667 0.4148148148148148 0.7135416666666666 0.39444444444444443 0.7177083333333333 0.3787037037037037 0.728125 0.3074074074074074 0.7390625 0.2611111111111111 0.746875 0.21481481481481482 0.7520833333333333 0.2074074074074074 0.825 0.14537037037037037 0.8328125 0.13425925925925927 0.8526041666666667 0.03981481481481482 0.8640625 0.005555555555555556 0.9442708333333333 0.002777777777777778
4 0.025 0.002777777777777778 0.3177083333333333 0.004629629629629629 0.3223958333333333 0.03981481481481482 0.32395833333333335 0.07777777777777778 0.3359375 0.21296296296296297 0.3375 0.30277777777777776 0.33541666666666664 0.33425925925925926 0.33645833333333336 0.35833333333333334 0.3338541666666667 0.3861111111111111 0.3375 0.40555555555555556 0.3359375 0.4148148148148148 0.41875 0.39351851851851855 0.4296875 0.39351851851851855 0.4375 0.3962962962962963 0.4427083333333333 0.40185185185185185 0.4473958333333333 0.4009259259259259 0.42916666666666664 0.38333333333333336 0.4265625 0.36574074074074076 0.4270833333333333 0.3509259259259259 0.43125 0.3296296296296296 0.43333333333333335 0.2898148148148148 0.44375 0.23796296296296296 0.44427083333333334 0.21944444444444444 0.4401041666666667 0.20462962962962963 0.42916666666666664 0.18888888888888888 0.42916666666666664 0.18425925925925926 0.42552083333333335 0.17777777777777778 0.42552083333333335 0.17037037037037037 0.4203125 0.1675925925925926 0.42135416666666664 0.16296296296296298 0.4119791666666667 0.16111111111111112 0.4078125 0.1537037037037037 0.409375 0.15 0.4078125 0.1425925925925926 0.3963541666666667 0.14907407407407408 0.39375 0.14166666666666666 0.3958333333333333 0.13703703703703704 0.38958333333333334 0.12962962962962962 0.3885416666666667 0.11018518518518519 0.3854166666666667 0.10277777777777777 0.38697916666666665 0.09537037037037037 0.38333333333333336 0.08425925925925926 0.38385416666666666 0.06851851851851852 0.38177083333333334 0.05 0.3859375 0.04259259259259259 0.3848958333333333 0.03796296296296296 0.38697916666666665 0.030555555555555555 0.39375 0.03148148148148148 0.3963541666666667 0.028703703703703703 0.39427083333333335 0.022222222222222223 0.3958333333333333 0.018518518518518517 0.39114583333333336 0.013888888888888888 0.38697916666666665 0.01574074074074074 0.38697916666666665 0.012037037037037037 0.39166666666666666 0.011111111111111112 0.39375 0.013888888888888888 0.39947916666666666 0.004629629629629629 0.4078125 0.003703703703703704 0.4859375 0.003703703703703704 0.5072916666666667 0.007407407407407408 0.5104166666666666 0.012037037037037037 0.5036458333333333 0.021296296296296296 0.5036458333333333 0.03981481481481482 0.5140625 0.05 0.5244791666666667 0.07777777777777778 0.5364583333333334 0.10185185185185185 0.5484375 0.14722222222222223 0.5598958333333334 0.17685185185185184 0.5901041666666667 0.22870370370370371 0.6125 0.262037037037037 0.628125 0.2777777777777778 0.6536458333333334 0.2962962962962963 0.6645833333333333 0.32037037037037036 0.6640625 0.33055555555555555 0.6682291666666667 0.3416666666666667 0.6697916666666667 0.35833333333333334 0.6697916666666667 0.3814814814814815 0.6682291666666667 0.38981481481481484 0.6651041666666667 0.39351851851851855 0.6666666666666666 0.4009259259259259 0.6640625 0.4166666666666667 0.65625 0.4287037037037037 0.6567708333333333 0.43148148148148147 0.6515625 0.44166666666666665 0.6473958333333333 0.46296296296296297 0.640625 0.47685185185185186 0.61875 0.48703703703703705 0.6161458333333333 0.5212962962962963 0.6125 0.5416666666666666 0.6130208333333333 0.55 0.609375 0.5722222222222222 0.60625 0.5842592592592593 0.5984375 0.5925925925925926 0.5953125 0.5907407407407408 0.590625 0.5787037037037037 0.5911458333333334 0.5416666666666666 0.5885416666666666 0.5342592592592592 0.5864583333333333 0.4981481481481482 0.5822916666666667 0.4861111111111111 0.5822916666666667 0.47962962962962963 0.5765625 0.45555555555555555 0.5640625 0.43148148148148147 0.5572916666666666 0.4305555555555556 0.5552083333333333 0.43796296296296294 0.5541666666666667 0.4685185185185185 0.5567708333333333 0.5018518518518519 0.5536458333333333 0.5648148148148148 0.55 0.5740740740740741 0.5427083333333333 0.5796296296296296 0.5338541666666666 0.5722222222222222 0.528125 0.562037037037037 0.5291666666666667 0.5083333333333333 0.5270833333333333 0.49722222222222223 0.5302083333333333 0.4842592592592593 0.5223958333333333 0.47962962962962963 0.5234375 0.47314814814814815 0.5177083333333333 0.45925925925925926 0.5182291666666666 0.45 0.5145833333333333 0.425 0.5046875 0.3962962962962963 0.4979166666666667 0.38796296296296295 0.4921875 0.3888888888888889 0.4817708333333333 0.39351851851851855 0.4635416666666667 0.40925925925925927 0.46145833333333336 0.4185185185185185 0.4661458333333333 0.42592592592592593 0.46979166666666666 0.4444444444444444 0.48385416666666664 0.4722222222222222 0.4947916666666667 0.487962962962963 0.5 0.5111111111111111 0.5057291666666667 0.524074074074074 0.5098958333333333 0.5277777777777778 0.5234375 0.562962962962963 0.5265625 0.5796296296296296 0.5255208333333333 0.5916666666666667 0.5208333333333334 0.5990740740740741 0.5151041666666667 0.600925925925926 0.5015625 0.5916666666666667 0.4979166666666667 0.5925925925925926 0.49322916666666666 0.6037037037037037 0.4895833333333333 0.6259259259259259 0.48072916666666665 0.6444444444444445 0.46875 0.6592592592592592 0.46875 0.6666666666666666 0.48072916666666665 0.6925925925925925 0.48020833333333335 0.7092592592592593 0.4708333333333333 0.7175925925925926 0.45989583333333334 0.7157407407407408 0.43697916666666664 0.6842592592592592 0.41875 0.6712962962962963 0.3734375 0.6694444444444444 0.3177083333333333 0.6518518518518519 0.3151041666666667 0.6555555555555556 0.3151041666666667 0.6907407407407408 0.31145833333333334 0.6990740740740741 0.3125 0.7305555555555555 0.3104166666666667 0.737037037037037 0.3140625 0.7435185185185185 0.3125 0.7472222222222222 0.3125 0.7564814814814815 0.3145833333333333 0.7620370370370371 0.31354166666666666 0.7925925925925926 0.31927083333333334 0.8101851851851852 0.3182291666666667 0.8277777777777777 0.31979166666666664 0.8314814814814815 0.31614583333333335 0.837037037037037 0.3171875 0.8425925925925926 0.3140625 0.8481481481481481 0.3140625 0.8527777777777777 0.3098958333333333 0.8574074074074074 0.3020833333333333 0.8814814814814815 0.29739583333333336 0.8870370370370371 0.2875 0.9111111111111111 0.2833333333333333 0.9138888888888889 0.27395833333333336 0.9314814814814815 0.24791666666666667 0.962037037037037 0.23802083333333332 0.9898148148148148 0.23072916666666668 0.9944444444444445 0.09583333333333334 0.9944444444444445 0.0875 0.9907407407407407 0.078125 0.9953703703703703 0.029166666666666667 0.9944444444444445 0.014583333333333334 0.9925925925925926 0.008854166666666666 0.9879629629629629 0.0046875 0.9916666666666667 0.003125 0.9740740740740741 0.003125 0.8666666666666667 0.005729166666666666 0.8194444444444444 0.004166666666666667 0.7620370370370371 0.0015625 0.7518518518518519 0.0020833333333333333 0.737037037037037 0 0.7351851851851852 0 0.6703703703703704 0.0020833333333333333 0.6685185185185185 0 0.6638888888888889 0 0.6407407407407407 0.0020833333333333333 0.6370370370370371 0 0.6351851851851852 0 0.612037037037037 0.0020833333333333333 0.6101851851851852 0.0020833333333333333 0.6055555555555555 0 0.6037037037037037 0.0020833333333333333 0.5777777777777777 0.0020833333333333333 0.5416666666666666 0 0.5407407407407407 0 0.5333333333333333 0.0015625 0.5324074074074074 0 0.525 0.0020833333333333333 0.5222222222222223 0.0020833333333333333 0.49907407407407406 0 0.4962962962962963 0 0.49166666666666664 0.0015625 0.49074074074074076 0 0.4898148148148148 0 0.4759259259259259 0.0020833333333333333 0.4740740740740741 0 0.3888888888888889 0.0020833333333333333 0.387037037037037 0.0026041666666666665 0.3712962962962963 0.0020833333333333333 0.33611111111111114 0 0.33425925925925926 0 0.32685185185185184 0.0020833333333333333 0.325 0.0020833333333333333 0.287962962962963 0 0.2861111111111111 0 0.27037037037037037 0.0020833333333333333 0.26851851851851855 0.0026041666666666665 0.2537037037037037 0 0.22777777777777777 0.0020833333333333333 0.225 0.003125 0.1824074074074074 0.0020833333333333333 0.15462962962962962 0 0.1527777777777778 0 0.14814814814814814 0.0026041666666666665 0.14537037037037037 0 0.1388888888888889 0 0.1287037037037037 0.0026041666666666665 0.12685185185185185 0.0026041666666666665 0.11481481481481481 0 0.1111111111111111 0 0.1 0.0020833333333333333 0.09907407407407408 0.0026041666666666665 0.09074074074074075 0.0020833333333333333 0.0824074074074074 0 0.08148148148148149 0.0020833333333333333 0.0787037037037037 0 0.07314814814814814 0.0026041666666666665 0.06759259259259259 0.0026041666666666665 0.05277777777777778 0 0.05092592592592592 0.0026041666666666665 0.03425925925925926 0.0020833333333333333 0.026851851851851852 0 0.025 0 0.010185185185185186 0.004166666666666667 0.003703703703703704 0.024479166666666666 0.002777777777777778
1 0.6947916666666667 0.7824074074074074 0.70625 0.7888888888888889 0.7088541666666667 0.7925925925925926 0.7078125 0.7953703703703704 0.6932291666666667 0.799074074074074 0.6921875 0.8083333333333333 0.6885416666666667 0.8166666666666667 0.6776041666666667 0.8185185185185185 0.6666666666666666 0.825 0.6619791666666667 0.8240740740740741 0.6614583333333334 0.8194444444444444 0.6682291666666667 0.8018518518518518 0.6645833333333333 0.7972222222222223 0.65625 0.7953703703703704 0.675 0.7814814814814814 0.6942708333333333 0.7824074074074074
1 0.6130208333333333 0.7462962962962963 0.6203125 0.7509259259259259 0.6239583333333333 0.7592592592592593 0.6234375 0.7657407407407407 0.6145833333333334 0.7675925925925926 0.6 0.7638888888888888 0.5885416666666666 0.7657407407407407 0.5859375 0.7620370370370371 0.5890625 0.7546296296296297 0.6 0.7546296296296297 0.6125 0.7462962962962963
1 0.5776041666666667 0.5157407407407407 0.5838541666666667 0.5287037037037037 0.5869791666666667 0.5824074074074074 0.5911458333333334 0.5981481481481481 0.5947916666666667 0.6046296296296296 0.6036458333333333 0.6 0.6088541666666667 0.5916666666666667 0.6125 0.5777777777777777 0.6192708333333333 0.525 0.6239583333333333 0.5185185185185185 0.646875 0.5351851851851852 0.6505208333333333 0.5416666666666666 0.6546875 0.562962962962963 0.659375 0.5722222222222222 0.6640625 0.5787037037037037 0.675 0.5842592592592593 0.6822916666666666 0.612037037037037 0.6828125 0.6398148148148148 0.6802083333333333 0.6472222222222223 0.6786458333333333 0.6648148148148149 0.665625 0.7027777777777777 0.6432291666666666 0.7166666666666667 0.6197916666666666 0.7240740740740741 0.6015625 0.725925925925926 0.5526041666666667 0.7240740740740741 0.5296875 0.7166666666666667 0.5052083333333334 0.6990740740740741 0.4869791666666667 0.700925925925926 0.4786458333333333 0.6777777777777778 0.478125 0.6712962962962963 0.48072916666666665 0.6601851851851852 0.5010416666666667 0.6194444444444445 0.5052083333333334 0.6175925925925926 0.5255208333333333 0.6351851851851852 0.5322916666666667 0.637962962962963 0.5421875 0.649074074074074 0.559375 0.6574074074074074 0.5786458333333333 0.6805555555555556 0.5869791666666667 0.687037037037037 0.6057291666666667 0.6953703703703704 0.6140625 0.6944444444444444 0.6208333333333333 0.6898148148148148 0.6114583333333333 0.6833333333333333 0.596875 0.6657407407407407 0.578125 0.6509259259259259 0.5588541666666667 0.6296296296296297 0.5390625 0.6129629629629629 0.5322916666666667 0.6055555555555555 0.5291666666666667 0.5981481481481481 0.5328125 0.5879629629629629 0.5442708333333334 0.5916666666666667 0.5505208333333333 0.587037037037037 0.5583333333333333 0.5657407407407408 0.5588541666666667 0.5388888888888889 0.5619791666666667 0.5222222222222223 0.5677083333333334 0.5166666666666667 0.5770833333333333 0.5157407407407407
3 0.8416666666666667 0.6481481481481481 0.8640625 0.6564814814814814 0.9072916666666667 0.687037037037037 0.9348958333333334 0.6907407407407408 0.9791666666666666 0.6851851851851852 0.9911458333333333 0.6916666666666667 0.9953125 0.7046296296296296 0.996875 0.7666666666666667 0.9947916666666666 0.7962962962962963 0.9942708333333333 0.8555555555555555 0.990625 0.8537037037037037 0.9880208333333333 0.8574074074074074 0.9765625 0.8555555555555555 0.9604166666666667 0.8592592592592593 0.9026041666666667 0.862037037037037 0.8776041666666666 0.8675925925925926 0.8015625 0.8592592592592593 0.7932291666666667 0.8564814814814815 0.7796875 0.8462962962962963 0.7619791666666667 0.8222222222222222 0.7552083333333334 0.8074074074074075 0.7526041666666666 0.775 0.7479166666666667 0.7638888888888888 0.7161458333333334 0.7407407407407407 0.7098958333333333 0.7296296296296296 0.7098958333333333 0.7194444444444444 0.7135416666666666 0.7092592592592593 0.721875 0.6990740740740741 0.7307291666666667 0.6972222222222222 0.7432291666666667 0.700925925925926 0.7583333333333333 0.7 0.7692708333333333 0.6907407407407408 0.7822916666666667 0.6712962962962963 0.7989583333333333 0.6574074074074074 0.8234375 0.649074074074074 0.8411458333333334 0.6481481481481481
3 0.9640625 0.8657407407407407 0.9953125 0.8675925925925926 0.9994791666666667 0.875 0.9979166666666667 0.8787037037037037 0.9994791666666667 0.8805555555555555 0.9994791666666667 0.937962962962963 0.996875 0.9407407407407408 0.996875 0.9462962962962963 0.9994791666666667 0.95 0.9994791666666667 0.9935185185185185 0.9947916666666666 0.9962962962962963 0.9317708333333333 0.9962962962962963 0.915625 0.9990740740740741 0.8932291666666666 0.9962962962962963 0.8572916666666667 0.9990740740740741 0.8395833333333333 0.9907407407407407 0.834375 0.9666666666666667 0.8322916666666667 0.9425925925925925 0.8338541666666667 0.9324074074074075 0.8458333333333333 0.9111111111111111 0.8619791666666666 0.8916666666666667 0.8859375 0.8731481481481481 0.9052083333333333 0.8675925925925926 0.9635416666666666 0.8657407407407407
3 0.4390625 0.3990740740740741 0.4661458333333333 0.425 0.4739583333333333 0.44814814814814813 0.4984375 0.4898148148148148 0.5036458333333333 0.5148148148148148 0.5130208333333334 0.5305555555555556 0.5260416666666666 0.5731481481481482 0.5260416666666666 0.5962962962962963 0.5223958333333333 0.600925925925926 0.515625 0.6027777777777777 0.5020833333333333 0.5925925925925926 0.4973958333333333 0.5935185185185186 0.4947916666666667 0.600925925925926 0.49270833333333336 0.6194444444444445 0.4875 0.6361111111111111 0.46979166666666666 0.662962962962963 0.46979166666666666 0.6666666666666666 0.48020833333333335 0.6888888888888889 0.4822916666666667 0.7 0.4817708333333333 0.7083333333333334 0.4786458333333333 0.7148148148148148 0.46979166666666666 0.7212962962962963 0.46458333333333335 0.7212962962962963 0.4588541666666667 0.7166666666666667 0.43385416666666665 0.6824074074074075 0.42135416666666664 0.6731481481481482 0.3651041666666667 0.6694444444444444 0.3546875 0.662962962962963 0.3328125 0.6574074074074074 0.31302083333333336 0.6435185185185185 0.3171875 0.5981481481481481 0.3255208333333333 0.5444444444444444 0.3255208333333333 0.5120370370370371 0.32864583333333336 0.4861111111111111 0.328125 0.4212962962962963 0.3541666666666667 0.40925925925925927 0.409375 0.39351851851851855 0.42864583333333334 0.3925925925925926 0.43854166666666666 0.3990740740740741
3 0.43020833333333336 0.39351851851851855 0.44635416666666666 0.4046296296296296 0.459375 0.4203703703703704 0.465625 0.42407407407407405 0.46979166666666666 0.43148148148148147 0.475 0.44907407407407407 0.4979166666666667 0.487962962962963 0.5041666666666667 0.5148148148148148 0.5151041666666667 0.5361111111111111 0.5265625 0.575 0.5260416666666666 0.5962962962962963 0.5223958333333333 0.600925925925926 0.5135416666666667 0.6018518518518519 0.5020833333333333 0.5925925925925926 0.49895833333333334 0.5925925925925926 0.4953125 0.5981481481481481 0.49270833333333336 0.6185185185185185 0.4864583333333333 0.6388888888888888 0.46979166666666666 0.662962962962963 0.48020833333333335 0.6888888888888889 0.4822916666666667 0.7046296296296296 0.47760416666666666 0.7157407407407408 0.46822916666666664 0.7212962962962963 0.45989583333333334 0.7175925925925926 0.4354166666666667 0.6842592592592592 0.421875 0.6731481481481482 0.36614583333333334 0.6722222222222223 0.3536458333333333 0.662962962962963 0.33125 0.6574074074074074 0.31302083333333336 0.6472222222222223 0.3072916666666667 0.6481481481481481 0.2994791666666667 0.6555555555555556 0.27760416666666665 0.6555555555555556 0.26666666666666666 0.6611111111111111 0.25416666666666665 0.662962962962963 0.22395833333333334 0.6796296296296296 0.20416666666666666 0.6814814814814815 0.20260416666666667 0.6759259259259259 0.20208333333333334 0.6435185185185185 0.20364583333333333 0.6111111111111112 0.19895833333333332 0.5833333333333334 0.19739583333333333 0.5527777777777778 0.16510416666666666 0.4462962962962963 0.16875 0.4425925925925926 0.21197916666666666 0.4351851851851852 0.25677083333333334 0.43703703703703706 0.28177083333333336 0.43333333333333335 0.28958333333333336 0.4305555555555556 0.3072916666666667 0.4148148148148148 0.33541666666666664 0.4166666666666667 0.39375 0.3972222222222222 0.4161458333333333 0.3925925925925926 0.4296875 0.39351851851851855
3 0.825 0.14722222222222223 0.8260416666666667 0.1925925925925926 0.8244791666666667 0.2796296296296296 0.8161458333333333 0.3824074074074074 0.8130208333333333 0.387037037037037 0.7869791666666667 0.4009259259259259 0.7671875 0.40555555555555556 0.7614583333333333 0.40370370370370373 0.7557291666666667 0.3962962962962963 0.7536458333333333 0.36944444444444446 0.7510416666666667 0.3685185185185185 0.728125 0.4287037037037037 0.7213541666666666 0.44074074074074077 0.7098958333333333 0.44814814814814813 0.6994791666666667 0.4444444444444444 0.6989583333333333 0.42777777777777776 0.7171875 0.37777777777777777 0.7270833333333333 0.3111111111111111 0.7463541666666667 0.21388888888888888 0.75625 0.20185185185185187 0.8130208333333333 0.1537037037037037 0.8244791666666667 0.14722222222222223
3 0.5026041666666666 0.09351851851851851 0.5161458333333333 0.1 0.5296875 0.11296296296296296 0.5369791666666667 0.11574074074074074 0.5432291666666667 0.125 0.5515625 0.1574074074074074 0.56875 0.19074074074074074 0.6140625 0.26296296296296295 0.6307291666666667 0.2796296296296296 0.6421875 0.2851851851851852 0.6552083333333333 0.2962962962962963 0.6625 0.31203703703703706 0.6682291666666667 0.3333333333333333 0.6713541666666667 0.3574074074074074 0.6713541666666667 0.37777777777777777 0.6645833333333333 0.4212962962962963 0.6515625 0.44907407407407407 0.6473958333333333 0.4722222222222222 0.6432291666666666 0.48055555555555557 0.6192708333333333 0.4898148148148148 0.6125 0.5666666666666667 0.6057291666666667 0.5916666666666667 0.5989583333333334 0.5981481481481481 0.5921875 0.5916666666666667 0.5895833333333333 0.5833333333333334 0.5869791666666667 0.5324074074074074 0.5833333333333334 0.5037037037037037 0.575 0.4666666666666667 0.5640625 0.44074074074074077 0.559375 0.4398148148148148 0.5567708333333333 0.44722222222222224 0.5598958333333334 0.5055555555555555 0.55625 0.524074074074074 0.55625 0.5675925925925925 0.5494791666666666 0.5814814814814815 0.5427083333333333 0.5851851851851851 0.5328125 0.5777777777777777 0.5286458333333334 0.5657407407407408 0.525 0.5074074074074074 0.521875 0.49907407407407406 0.521875 0.48703703703703705 0.5151041666666667 0.45740740740740743 0.5109375 0.4203703703703704 0.5010416666666667 0.39351851851851855 0.4942708333333333 0.3907407407407407 0.48333333333333334 0.3972222222222222 0.46510416666666665 0.41944444444444445 0.4453125 0.3990740740740741 0.428125 0.387037037037037 0.425 0.3814814814814815 0.4239583333333333 0.36666666666666664 0.42864583333333334 0.31666666666666665 0.44427083333333334 0.22407407407407406 0.4421875 0.20555555555555555 0.4510416666666667 0.18055555555555555 0.4557291666666667 0.1574074074074074 0.4640625 0.13055555555555556 0.48385416666666664 0.09907407407407408 0.5020833333333333 0.09351851851851851