4 0.42239583333333336 0.43796296296296294 0.42916666666666664 0.4444444444444444 0.4328125 0.45740740740740743 0.43854166666666666 0.4675925925925926 0.44947916666666665 0.47314814814814815 0.46197916666666666 0.5055555555555555 0.46822916666666664 0.5555555555555556 0.46822916666666664 0.5703703703703704 0.46145833333333336 0.5907407407407408 0.44583333333333336 0.6101851851851852 0.4427083333333333 0.6268518518518519 0.4421875 0.6601851851851852 0.4401041666666667 0.6731481481481482 0.4270833333333333 0.7064814814814815 0.41875 0.7453703703703703 0.40989583333333335 0.8083333333333333 0.4005208333333333 0.8462962962962963 0.3984375 0.8675925925925926 0.39947916666666666 0.9037037037037037 0.3958333333333333 0.9148148148148149 0.39375 0.9407407407407408 0.3890625 0.9583333333333334 0.39114583333333336 0.962037037037037 0.39114583333333336 0.9740740740740741 0.3859375 0.9833333333333333 0.38385416666666666 0.9944444444444445 0.3609375 0.9990740740740741 0.32135416666666666 0.9935185185185185 0.28958333333333336 0.9990740740740741 0.259375 0.9990740740740741 0.24947916666666667 0.9953703703703703 0.23802083333333332 0.9953703703703703 0.23020833333333332 0.9990740740740741 0.21822916666666667 0.9990740740740741 0.2140625 0.9962962962962963 0.17864583333333334 0.9962962962962963 0.1765625 0.9990740740740741 0.14427083333333332 0.9990740740740741 0.14270833333333333 0.9962962962962963 0.13489583333333333 0.9962962962962963 0.12291666666666666 0.9990740740740741 0.12083333333333333 0.9962962962962963 0.10260416666666666 0.9953703703703703 0.03802083333333333 0.9990740740740741 0.0328125 0.9935185185185185 0.017708333333333333 0.9111111111111111 0.013541666666666667 0.8731481481481481 0.0171875 0.8601851851851852 0.03125 0.8407407407407408 0.059375 0.8101851851851852 0.08385416666666666 0.7925925925925926 0.10677083333333333 0.7657407407407407 0.13020833333333334 0.7453703703703703 0.15260416666666668 0.7148148148148148 0.1640625 0.6944444444444444 0.16666666666666666 0.6842592592592592 0.165625 0.6601851851851852 0.16927083333333334 0.6305555555555555 0.16979166666666667 0.6074074074074074 0.16458333333333333 0.5768518518518518 0.1609375 0.5351851851851852 0.14947916666666666 0.5055555555555555 0.1484375 0.48333333333333334 0.15104166666666666 0.4648148148148148 0.15416666666666667 0.4564814814814815 0.175 0.4564814814814815 0.18229166666666666 0.4666666666666667 0.18229166666666666 0.47314814814814815 0.18489583333333334 0.4777777777777778 0.19270833333333334 0.4842592592592593 0.18854166666666666 0.5 0.1875 0.5194444444444445 0.19375 0.5527777777777778 0.19895833333333332 0.5638888888888889 0.20104166666666667 0.5907407407407408 0.21354166666666666 0.6027777777777777 0.23177083333333334 0.612037037037037 0.2515625 0.6509259259259259 0.26510416666666664 0.6611111111111111 0.26875 0.6685185185185185 0.2734375 0.6712962962962963 0.27447916666666666 0.6824074074074075 0.2682291666666667 0.6935185185185185 0.26927083333333335 0.7083333333333334 0.26614583333333336 0.7166666666666667 0.265625 0.725 0.25885416666666666 0.7398148148148148 0.2515625 0.7481481481481481 0.24166666666666667 0.7898148148148149 0.23854166666666668 0.7944444444444444 0.23229166666666667 0.7953703703703704 0.225 0.8101851851851852 0.225 0.8203703703703704 0.2265625 0.8231481481481482 0.23802083333333332 0.8287037037037037 0.2520833333333333 0.8425925925925926 0.27239583333333334 0.8444444444444444 0.265625 0.8518518518518519 0.2552083333333333 0.85 0.24947916666666667 0.862037037037037 0.240625 0.8638888888888889 0.23177083333333334 0.8731481481481481 0.2328125 0.8870370370370371 0.2296875 0.8935185185185185 0.23020833333333332 0.9092592592592592 0.23385416666666667 0.9148148148148149 0.23072916666666668 0.9222222222222223 0.23229166666666667 0.9287037037037037 0.23177083333333334 0.9518518518518518 0.234375 0.9601851851851851 0.2375 0.9583333333333334 0.2421875 0.9657407407407408 0.24791666666666667 0.9657407407407408 0.2515625 0.962037037037037 0.25416666666666665 0.9555555555555556 0.25885416666666666 0.9537037037037037 0.2609375 0.9490740740740741 0.2609375 0.9351851851851852 0.25833333333333336 0.9287037037037037 0.2671875 0.9194444444444444 0.2713541666666667 0.9185185185185185 0.2833333333333333 0.9018518518518519 0.2791666666666667 0.8916666666666667 0.2833333333333333 0.8833333333333333 0.2760416666666667 0.8768518518518519 0.27291666666666664 0.8657407407407407 0.25416666666666665 0.8592592592592593 0.25833333333333336 0.8564814814814815 0.27291666666666664 0.8574074074074074 0.2755208333333333 0.8592592592592593 0.27447916666666666 0.8666666666666667 0.2791666666666667 0.8648148148148148 0.2859375 0.8703703703703703 0.29375 0.8601851851851852 0.29739583333333336 0.8277777777777777 0.29322916666666665 0.8212962962962963 0.2994791666666667 0.8138888888888889 0.30364583333333334 0.7962962962962963 0.303125 0.7898148148148149 0.3255208333333333 0.775 0.325 0.7685185185185185 0.32760416666666664 0.7601851851851852 0.33541666666666664 0.75 0.3359375 0.737037037037037 0.3390625 0.7333333333333333 0.33125 0.7296296296296296 0.328125 0.7203703703703703 0.33177083333333335 0.7148148148148148 0.3416666666666667 0.725 0.3453125 0.7212962962962963 0.3567708333333333 0.6796296296296296 0.36041666666666666 0.6509259259259259 0.36041666666666666 0.6083333333333333 0.3578125 0.5851851851851851 0.35885416666666664 0.5555555555555556 0.375 0.49074074074074076 0.3854166666666667 0.4703703703703704 0.40625 0.4462962962962963 0.41510416666666666 0.43796296296296294 0.421875 0.43796296296296294
4 0.6276041666666666 0.6990740740740741 0.640625 0.7111111111111111 0.6463541666666667 0.7212962962962963 0.6578125 0.7546296296296297 0.6614583333333334 0.7796296296296297 0.6734375 0.8009259259259259 0.6786458333333333 0.8092592592592592 0.6817708333333333 0.8092592592592592 0.6822916666666666 0.8138888888888889 0.6864583333333333 0.8185185185185185 0.7036458333333333 0.825925925925926 0.71875 0.8462962962962963 0.7348958333333333 0.8398148148148148 0.7421875 0.8305555555555556 0.753125 0.825 0.7828125 0.8231481481481482 0.8276041666666667 0.8055555555555556 0.8609375 0.8018518518518518 0.871875 0.8027777777777778 0.903125 0.8157407407407408 0.959375 0.85 0.9953125 0.8657407407407407 0.9994791666666667 0.8694444444444445 0.9994791666666667 0.9148148148148149 0.9927083333333333 0.9212962962962963 0.9942708333333333 0.925 0.9927083333333333 0.9287037037037037 0.9947916666666666 0.9472222222222222 0.9994791666666667 0.9555555555555556 0.9994791666666667 0.9925925925925926 0.9885416666666667 0.9990740740740741 0.9677083333333333 0.9990740740740741 0.9598958333333333 0.9953703703703703 0.9505208333333334 0.9990740740740741 0.8796875 0.9990740740740741 0.8776041666666666 0.9962962962962963 0.8661458333333333 0.9990740740740741 0.8151041666666666 0.9990740740740741 0.8088541666666667 0.9962962962962963 0.7729166666666667 0.9990740740740741 0.746875 0.9944444444444445 0.7296875 0.9944444444444445 0.7130208333333333 0.9990740740740741 0.6145833333333334 0.9990740740740741 0.6010416666666667 0.9944444444444445 0.5760416666666667 0.9546296296296296 0.5739583333333333 0.9425925925925925 0.5541666666666667 0.8842592592592593 0.5526041666666667 0.8657407407407407 0.5463541666666667 0.837037037037037 0.5453125 0.7861111111111111 0.5494791666666666 0.7685185185185185 0.5484375 0.7638888888888888 0.5520833333333334 0.7546296296296297 0.55 0.7518518518518519 0.5510416666666667 0.7481481481481481 0.5947916666666667 0.7092592592592593 0.6098958333333333 0.7083333333333334 0.6270833333333333 0.6990740740740741
4 0.12239583333333333 0 0.14114583333333333 0 0.1671875 0.007407407407407408 0.1796875 0.002777777777777778 0.20729166666666668 0.004629629629629629 0.215625 0 0.234375 0.011111111111111112 0.240625 0.008333333333333333 0.2515625 0.009259259259259259 0.26458333333333334 0 0.2864583333333333 0.003703703703703704 0.2890625 0.008333333333333333 0.2984375 0.001851851851851852 0.34739583333333335 0.004629629629629629 0.3953125 0.002777777777777778 0.4322916666666667 0.007407407407407408 0.44375 0.005555555555555556 0.4479166666666667 0 0.46041666666666664 0 0.46875 0.004629629629629629 0.5135416666666667 0.003703703703703704 0.5182291666666666 0 0.5276041666666667 0.003703703703703704 0.54375 0.003703703703703704 0.5520833333333334 0 0.5625 0 0.5640625 0.004629629629629629 0.5609375 0.010185185185185186 0.565625 0.021296296296296296 0.5604166666666667 0.026851851851851852 0.5552083333333333 0.025 0.5552083333333333 0.028703703703703703 0.5515625 0.03333333333333333 0.5567708333333333 0.03888888888888889 0.5604166666666667 0.03888888888888889 0.5619791666666667 0.04259259259259259 0.559375 0.046296296296296294 0.5598958333333334 0.049074074074074076 0.5682291666666667 0.05648148148148148 0.5583333333333333 0.062037037037037036 0.55 0.058333333333333334 0.5479166666666667 0.05277777777777778 0.5447916666666667 0.05185185185185185 0.5411458333333333 0.046296296296296294 0.5432291666666667 0.04351851851851852 0.5432291666666667 0.03888888888888889 0.5380208333333333 0.032407407407407406 0.5447916666666667 0.025925925925925925 0.5427083333333333 0.020370370370370372 0.5260416666666666 0.017592592592592594 0.5182291666666666 0.026851851851851852 0.5119791666666667 0.10925925925925926 0.5098958333333333 0.11666666666666667 0.509375 0.14074074074074075 0.5125 0.15648148148148147 0.5119791666666667 0.21388888888888888 0.5104166666666666 0.21851851851851853 0.5114583333333333 0.23796296296296296 0.5010416666666667 0.2953703703703704 0.5020833333333333 0.32407407407407407 0.496875 0.3314814814814815 0.5020833333333333 0.33796296296296297 0.49947916666666664 0.3388888888888889 0.4973958333333333 0.34444444444444444 0.5020833333333333 0.35185185185185186 0.4947916666666667 0.35462962962962963 0.4942708333333333 0.36574074074074076 0.4828125 0.3731481481481482 0.48072916666666665 0.3824074074074074 0.459375 0.4351851851851852 0.4390625 0.4462962962962963 0.4270833333333333 0.43333333333333335 0.4166666666666667 0.43148148148148147 0.39427083333333335 0.4527777777777778 0.3828125 0.4601851851851852 0.37864583333333335 0.45555555555555555 0.3802083333333333 0.4527777777777778 0.3770833333333333 0.44351851851851853 0.3729166666666667 0.44074074074074077 0.36666666666666664 0.4425925925925926 0.3536458333333333 0.43148148148148147 0.3541666666666667 0.4287037037037037 0.35052083333333334 0.4222222222222222 0.3489583333333333 0.4064814814814815 0.3453125 0.4064814814814815 0.3421875 0.4222222222222222 0.3390625 0.42777777777777776 0.33489583333333334 0.42962962962962964 0.3140625 0.42777777777777776 0.315625 0.425 0.3067708333333333 0.4148148148148148 0.3026041666666667 0.4351851851851852 0.30520833333333336 0.4398148148148148 0.3171875 0.44351851851851853 0.32864583333333336 0.44166666666666665 0.34270833333333334 0.44907407407407407 0.3421875 0.47314814814814815 0.3385416666666667 0.4842592592592593 0.33177083333333335 0.49074074074074076 0.31354166666666666 0.525 0.3 0.5361111111111111 0.28177083333333336 0.5407407407407407 0.27239583333333334 0.5351851851851852 0.2526041666666667 0.49907407407407406 0.2375 0.48518518518518516 0.23385416666666667 0.48703703703703705 0.2234375 0.5046296296296297 0.21458333333333332 0.5083333333333333 0.21041666666666667 0.5055555555555555 0.209375 0.49537037037037035 0.20520833333333333 0.48518518518518516 0.20364583333333333 0.4703703703703704 0.20729166666666668 0.4675925925925926 0.21145833333333333 0.4564814814814815 0.20416666666666666 0.45 0.19635416666666666 0.45 0.19739583333333333 0.4462962962962963 0.19479166666666667 0.4425925925925926 0.19583333333333333 0.4388888888888889 0.18958333333333333 0.42777777777777776 0.184375 0.42685185185185187 0.18229166666666666 0.41388888888888886 0.175 0.4101851851851852 0.1546875 0.387037037037037 0.15 0.35648148148148145 0.134375 0.35185185185185186 0.12760416666666666 0.33240740740740743 0.1234375 0.32685185185185184 0.12083333333333333 0.2898148148148148 0.11770833333333333 0.2824074074074074 0.12083333333333333 0.26851851851851855 0.115625 0.25833333333333336 0.115625 0.24444444444444444 0.10833333333333334 0.22870370370370371 0.10625 0.21666666666666667 0.10520833333333333 0.17685185185185184 0.1015625 0.14351851851851852 0.1015625 0.11388888888888889 0.10416666666666667 0.08611111111111111 0.10729166666666666 0.07685185185185185 0.1078125 0.06018518518518518 0.1109375 0.046296296296296294 0.11770833333333333 0.03518518518518519 0.11770833333333333 0.022222222222222223 0.12135416666666667 0.014814814814814815 0.12083333333333333 0.004629629629629629 0.12239583333333333 0.000925925925925926
4 0.41875 0.44074074074074077 0.42864583333333334 0.44907407407407407 0.4265625 0.4583333333333333 0.4276041666666667 0.46111111111111114 0.44895833333333335 0.47685185185185186 0.4578125 0.5009259259259259 0.4609375 0.5046296296296297 0.4635416666666667 0.5138888888888888 0.46458333333333335 0.5342592592592592 0.46041666666666664 0.5388888888888889 0.4552083333333333 0.537962962962963 0.45416666666666666 0.5435185185185185 0.45625 0.5462962962962963 0.45989583333333334 0.5435185185185185 0.4640625 0.5462962962962963 0.4635416666666667 0.549074074074074 0.4666666666666667 0.5518518518518518 0.4671875 0.5638888888888889 0.4666666666666667 0.5685185185185185 0.4635416666666667 0.5722222222222222 0.4630208333333333 0.5842592592592593 0.45677083333333335 0.587037037037037 0.45260416666666664 0.5981481481481481 0.4421875 0.6129629629629629 0.4427083333333333 0.6194444444444445 0.4401041666666667 0.625 0.4421875 0.6583333333333333 0.4395833333333333 0.674074074074074 0.4234375 0.7166666666666667 0.42135416666666664 0.737037037037037 0.4171875 0.7481481481481481 0.415625 0.7703703703703704 0.4119791666666667 0.7851851851851852 0.409375 0.8092592592592592 0.4015625 0.8296296296296296 0.4015625 0.8555555555555555 0.4 0.8648148148148148 0.4015625 0.8768518518518519 0.3963541666666667 0.9203703703703704 0.396875 0.9314814814814815 0.39479166666666665 0.9388888888888889 0.3953125 0.9555555555555556 0.3927083333333333 0.9787037037037037 0.3953125 0.9879629629629629 0.4036458333333333 0.9944444444444445 0.3875 0.9944444444444445 0.378125 0.9990740740740741 0.35208333333333336 0.9990740740740741 0.35 0.9962962962962963 0.32135416666666666 0.9925925925925926 0.2859375 0.9990740740740741 0.28020833333333334 0.9962962962962963 0.259375 0.9990740740740741 0.2484375 0.9953703703703703 0.1796875 0.9953703703703703 0.175 0.9990740740740741 0.16354166666666667 0.9962962962962963 0.15052083333333333 0.9990740740740741 0.13489583333333333 0.9953703703703703 0.1296875 0.9990740740740741 0.1265625 0.9962962962962963 0.10104166666666667 0.9944444444444445 0.03854166666666667 0.9990740740740741 0.033854166666666664 0.9944444444444445 0.01875 0.9138888888888889 0.0140625 0.8759259259259259 0.015625 0.8657407407407407 0.019270833333333334 0.8583333333333333 0.04375 0.8287037037037037 0.06197916666666667 0.8101851851851852 0.08333333333333333 0.7953703703703704 0.10989583333333333 0.7648148148148148 0.134375 0.7435185185185185 0.1625 0.7046296296296296 0.1703125 0.687037037037037 0.16979166666666667 0.6768518518518518 0.17135416666666667 0.6712962962962963 0.16822916666666668 0.6592592592592592 0.16979166666666667 0.6555555555555556 0.17083333333333334 0.6055555555555555 0.16822916666666668 0.5990740740740741 0.16822916666666668 0.5777777777777777 0.16458333333333333 0.5703703703703704 0.16197916666666667 0.5314814814814814 0.15104166666666666 0.5074074074074074 0.14947916666666666 0.4898148148148148 0.15260416666666668 0.46296296296296297 0.15833333333333333 0.4564814814814815 0.175 0.45925925925925926 0.17916666666666667 0.4638888888888889 0.18020833333333333 0.47314814814814815 0.18697916666666667 0.48518518518518516 0.1875 0.487962962962963 0.184375 0.49444444444444446 0.18645833333333334 0.5027777777777778 0.18489583333333334 0.5194444444444445 0.1859375 0.5324074074074074 0.18854166666666666 0.5351851851851852 0.19270833333333334 0.5564814814814815 0.19583333333333333 0.5601851851851852 0.20052083333333334 0.5916666666666667 0.21302083333333333 0.6046296296296296 0.2171875 0.6055555555555555 0.22291666666666668 0.6138888888888889 0.23072916666666668 0.6185185185185185 0.2328125 0.6296296296296297 0.24166666666666667 0.6453703703703704 0.24427083333333333 0.6462962962962963 0.2484375 0.6546296296296297 0.25833333333333336 0.6611111111111111 0.25885416666666666 0.6675925925925926 0.26666666666666666 0.6814814814814815 0.265625 0.6861111111111111 0.25885416666666666 0.6925925925925925 0.2625 0.7064814814814815 0.25729166666666664 0.7166666666666667 0.25729166666666664 0.7268518518518519 0.2515625 0.7287037037037037 0.24791666666666667 0.7240740740740741 0.24583333333333332 0.725 0.24010416666666667 0.7333333333333333 0.23958333333333334 0.737037037037037 0.2421875 0.7444444444444445 0.23802083333333332 0.7472222222222222 0.23385416666666667 0.7435185185185185 0.22708333333333333 0.7462962962962963 0.22552083333333334 0.7546296296296297 0.21979166666666666 0.7546296296296297 0.21614583333333334 0.7583333333333333 0.2140625 0.7648148148148148 0.21927083333333333 0.7722222222222223 0.21770833333333334 0.7796296296296297 0.22447916666666667 0.7925925925925926 0.21875 0.7962962962962963 0.21979166666666666 0.8046296296296296 0.2171875 0.8101851851851852 0.21822916666666667 0.8138888888888889 0.20885416666666667 0.825 0.22447916666666667 0.8240740740740741 0.22760416666666666 0.8277777777777777 0.23802083333333332 0.8296296296296296 0.24479166666666666 0.8379629629629629 0.265625 0.8425925925925926 0.2677083333333333 0.8444444444444444 0.2682291666666667 0.8537037037037037 0.275 0.8583333333333333 0.2760416666666667 0.8648148148148148 0.28072916666666664 0.8657407407407407 0.28229166666666666 0.8712962962962963 0.28958333333333336 0.8722222222222222 0.29375 0.862037037037037 0.29635416666666664 0.8407407407407408 0.30052083333333335 0.8314814814814815 0.3015625 0.8240740740740741 0.3 0.8175925925925925 0.31145833333333334 0.8 0.31302083333333336 0.7962962962962963 0.31145833333333334 0.7916666666666666 0.32083333333333336 0.7870370370370371 0.328125 0.774074074074074 0.328125 0.7648148148148148 0.33177083333333335 0.7648148148148148 0.3375 0.7407407407407407 0.3458333333333333 0.7231481481481481 0.3578125 0.6824074074074075 0.3619791666666667 0.6509259259259259 0.3619791666666667 0.5953703703703703 0.35885416666666664 0.5851851851851851 0.35989583333333336 0.562962962962963 0.3625 0.5444444444444444 0.37604166666666666 0.49074074074074076 0.390625 0.4666666666666667 0.4078125 0.44722222222222224 0.41822916666666665 0.44074074074074077
4 0.12239583333333333 0 0.1390625 0 0.16510416666666666 0.008333333333333333 0.18072916666666666 0.002777777777777778 0.20677083333333332 0.005555555555555556 0.2171875 0.001851851851851852 0.23333333333333334 0.012037037037037037 0.2520833333333333 0.010185185185185186 0.26614583333333336 0 0.2864583333333333 0.004629629629629629 0.2890625 0.009259259259259259 0.2984375 0.002777777777777778 0.3421875 0.003703703703703704 0.34479166666666666 0.006481481481481481 0.39739583333333334 0.003703703703703704 0.4322916666666667 0.008333333333333333 0.4354166666666667 0.005555555555555556 0.4432291666666667 0.006481481481481481 0.44895833333333335 0 0.459375 0 0.46979166666666666 0.005555555555555556 0.48854166666666665 0.006481481481481481 0.5130208333333334 0.004629629629629629 0.5208333333333334 0 0.5260416666666666 0.003703703703703704 0.5421875 0.002777777777777778 0.5447916666666667 0 0.5807291666666666 0 0.5958333333333333 0.003703703703703704 0.6020833333333333 0.017592592592592594 0.6140625 0.030555555555555555 0.6182291666666667 0.025925925925925925 0.6197916666666666 0.004629629629629629 0.6223958333333334 0 0.646875 0 0.6578125 0.03425925925925926 0.6619791666666667 0.032407407407407406 0.6682291666666667 0.03611111111111111 0.6854166666666667 0.05925925925925926 0.6921875 0.06388888888888888 0.6979166666666666 0.07407407407407407 0.7208333333333333 0.08425925925925926 0.7307291666666667 0.09351851851851851 0.7447916666666666 0.11666666666666667 0.7515625 0.1361111111111111 0.7526041666666666 0.14722222222222223 0.7515625 0.1574074074074074 0.7359375 0.16296296296296298 0.7244791666666667 0.16111111111111112 0.7130208333333333 0.15462962962962962 0.6979166666666666 0.14351851851851852 0.6765625 0.11388888888888889 0.6609375 0.10185185185185185 0.6515625 0.08611111111111111 0.6270833333333333 0.10185185185185185 0.6125 0.10555555555555556 0.603125 0.1 0.596875 0.09166666666666666 0.5895833333333333 0.09166666666666666 0.5708333333333333 0.0787037037037037 0.5645833333333333 0.06944444444444445 0.559375 0.0712962962962963 0.5463541666666667 0.05648148148148148 0.54375 0.06018518518518518 0.5395833333333333 0.058333333333333334 0.5427083333333333 0.053703703703703705 0.5427083333333333 0.05 0.5364583333333334 0.046296296296296294 0.5411458333333333 0.04351851851851852 0.5421875 0.03888888888888889 0.5348958333333333 0.03333333333333333 0.5416666666666666 0.025925925925925925 0.5390625 0.021296296296296296 0.5255208333333333 0.019444444444444445 0.5192708333333333 0.024074074074074074 0.5166666666666667 0.03611111111111111 0.5098958333333333 0.11574074074074074 0.509375 0.1425925925925926 0.5119791666666667 0.1537037037037037 0.5119791666666667 0.21388888888888888 0.5098958333333333 0.21944444444444444 0.5114583333333333 0.2351851851851852 0.5098958333333333 0.2518518518518518 0.5036458333333333 0.275 0.5010416666666667 0.2935185185185185 0.5020833333333333 0.32407407407407407 0.496875 0.3314814814814815 0.5015625 0.33611111111111114 0.4979166666666667 0.34444444444444444 0.503125 0.35185185185185186 0.4942708333333333 0.3675925925925926 0.48333333333333334 0.3731481481481482 0.46041666666666664 0.4351851851851852 0.44375 0.44537037037037036 0.43645833333333334 0.4444444444444444 0.4270833333333333 0.4324074074074074 0.415625 0.43148148148148147 0.3932291666666667 0.4527777777777778 0.38229166666666664 0.4583333333333333 0.3796875 0.4564814814814815 0.38177083333333334 0.4527777777777778 0.37395833333333334 0.44166666666666665 0.3645833333333333 0.44537037037037036 0.36302083333333335 0.44907407407407407 0.3541666666666667 0.44907407407407407 0.3546875 0.4425925925925926 0.35208333333333336 0.4388888888888889 0.35520833333333335 0.4351851851851852 0.3546875 0.4287037037037037 0.35104166666666664 0.42407407407407405 0.3484375 0.4083333333333333 0.34479166666666666 0.41203703703703703 0.34479166666666666 0.41759259259259257 0.3421875 0.42314814814814816 0.33541666666666664 0.4305555555555556 0.3229166666666667 0.4287037037037037 0.3104166666666667 0.41944444444444445 0.3072916666666667 0.4212962962962963 0.3026041666666667 0.4351851851851852 0.3046875 0.4398148148148148 0.3203125 0.4444444444444444 0.32864583333333336 0.44166666666666665 0.3328125 0.4462962962962963 0.3416666666666667 0.44814814814814813 0.34375 0.45555555555555555 0.3416666666666667 0.47685185185185186 0.3255208333333333 0.5027777777777778 0.3177083333333333 0.5203703703703704 0.30833333333333335 0.5314814814814814 0.28177083333333336 0.5407407407407407 0.27291666666666664 0.5361111111111111 0.2526041666666667 0.49907407407407406 0.2375 0.4861111111111111 0.23385416666666667 0.48703703703703705 0.2234375 0.5046296296296297 0.21614583333333334 0.5083333333333333 0.21041666666666667 0.5055555555555555 0.20260416666666667 0.4703703703703704 0.20677083333333332 0.4666666666666667 0.2078125 0.4564814814814815 0.20260416666666667 0.45 0.1984375 0.4564814814814815 0.19947916666666668 0.4527777777777778 0.1953125 0.44907407407407407 0.196875 0.4444444444444444 0.18958333333333333 0.42777777777777776 0.184375 0.425 0.184375 0.41759259259259257 0.18229166666666666 0.412962962962963 0.17604166666666668 0.4111111111111111 0.15677083333333333 0.3907407407407407 0.15260416666666668 0.37962962962962965 0.15208333333333332 0.36203703703703705 0.15 0.35648148148148145 0.13333333333333333 0.3509259259259259 0.12708333333333333 0.33240740740740743 0.121875 0.32407407407407407 0.12083333333333333 0.2898148148148148 0.11770833333333333 0.2833333333333333 0.1203125 0.26851851851851855 0.11510416666666666 0.2564814814814815 0.115625 0.24444444444444444 0.10885416666666667 0.22962962962962963 0.10520833333333333 0.2074074074074074 0.10520833333333333 0.1814814814814815 0.1015625 0.14444444444444443 0.1015625 0.11388888888888889 0.10364583333333334 0.08796296296296297 0.10729166666666666 0.07777777777777778 0.1078125 0.06018518518518518 0.11041666666666666 0.05462962962962963 0.11041666666666666 0.046296296296296294 0.11510416666666666 0.04259259259259259 0.11770833333333333 0.03611111111111111 0.11822916666666666 0.020370370370370372 0.12135416666666667 0.014814814814814815 0.12083333333333333 0.004629629629629629 0.12239583333333333 0.000925925925925926
1 0.4947916666666667 0.5740740740740741 0.5015625 0.5796296296296296 0.5369791666666667 0.5796296296296296 0.5395833333333333 0.5851851851851851 0.5421875 0.6046296296296296 0.5463541666666667 0.6101851851851852 0.5708333333333333 0.6305555555555555 0.5786458333333333 0.6277777777777778 0.5848958333333333 0.6148148148148148 0.6067708333333334 0.6537037037037037 0.60625 0.6685185185185185 0.5989583333333334 0.7 0.5640625 0.7314814814814815 0.5354166666666667 0.7305555555555555 0.5192708333333333 0.7203703703703703 0.5119791666666667 0.7064814814814815 0.5041666666666667 0.7 0.49947916666666664 0.687962962962963 0.4947916666666667 0.6888888888888889 0.47239583333333335 0.6444444444444445 0.46510416666666665 0.6175925925925926 0.46458333333333335 0.6064814814814815 0.4666666666666667 0.5916666666666667 0.47760416666666666 0.575 0.4942708333333333 0.5740740740740741
1 0.49322916666666666 0.5731481481481482 0.5020833333333333 0.5796296296296296 0.5364583333333334 0.5796296296296296 0.5390625 0.5842592592592593 0.540625 0.5990740740740741 0.5432291666666667 0.6064814814814815 0.5708333333333333 0.6296296296296297 0.578125 0.6277777777777778 0.5854166666666667 0.6157407407407407 0.60625 0.6537037037037037 0.6072916666666667 0.6574074074074074 0.6057291666666667 0.6694444444444444 0.5989583333333334 0.6990740740740741 0.5640625 0.7314814814814815 0.5359375 0.7305555555555555 0.5229166666666667 0.7231481481481481 0.5078125 0.6953703703703704 0.4895833333333333 0.6777777777777778 0.4734375 0.6462962962962963 0.46510416666666665 0.6166666666666667 0.4666666666666667 0.5953703703703703 0.47239583333333335 0.5814814814814815 0.478125 0.575 0.49270833333333336 0.5731481481481482
3 0.7354166666666667 0 0.7640625 0 0.7854166666666667 0.044444444444444446 0.7932291666666667 0.06944444444444445 0.7932291666666667 0.07407407407407407 0.7895833333333333 0.07592592592592592 0.7734375 0.07407407407407407 0.765625 0.08611111111111111 0.7583333333333333 0.08703703703703704 0.753125 0.05 0.7421875 0.03148148148148148 0.7359375 0.009259259259259259 0.7354166666666667 0.000925925925925926
3 0.4270833333333333 0.44074074074074077 0.4322916666666667 0.45 0.4359375 0.46296296296296297 0.440625 0.46944444444444444 0.44947916666666665 0.4740740740740741 0.459375 0.4981481481481482 0.4666666666666667 0.5324074074074074 0.46927083333333336 0.5675925925925925 0.4671875 0.5805555555555556 0.4635416666666667 0.5888888888888889 0.44479166666666664 0.6101851851851852 0.4427083333333333 0.6666666666666666 0.4265625 0.7129629629629629 0.41302083333333334 0.7777777777777778 0.4109375 0.8018518518518518 0.4041666666666667 0.8203703703703704 0.39427083333333335 0.8231481481481482 0.36041666666666666 0.8074074074074075 0.3338541666666667 0.7861111111111111 0.33125 0.7759259259259259 0.33489583333333334 0.7564814814814815 0.346875 0.7212962962962963 0.35885416666666664 0.674074074074074 0.36041666666666666 0.6564814814814814 0.35885416666666664 0.5546296296296296 0.37604166666666666 0.4888888888888889 0.38333333333333336 0.47314814814814815 0.41041666666666665 0.44166666666666665 0.42083333333333334 0.43703703703703706 0.4265625 0.44074074074074077
3 0.6270833333333333 0.6981481481481482 0.6375 0.7064814814814815 0.646875 0.7212962962962963 0.6630208333333333 0.7824074074074074 0.6671875 0.7898148148148149 0.6723958333333333 0.8074074074074075 0.6859375 0.8212962962962963 0.703125 0.8277777777777777 0.7145833333333333 0.8537037037037037 0.7135416666666666 0.8657407407407407 0.7005208333333334 0.9083333333333333 0.6864583333333333 0.9685185185185186 0.6833333333333333 0.9944444444444445 0.6302083333333334 0.9972222222222222 0.6109375 0.9962962962962963 0.6026041666666667 0.9916666666666667 0.5760416666666667 0.950925925925926 0.5536458333333333 0.8842592592592593 0.5463541666666667 0.8388888888888889 0.54375 0.8046296296296296 0.5442708333333334 0.7851851851851852 0.5489583333333333 0.7685185185185185 0.5473958333333333 0.762962962962963 0.55 0.7481481481481481 0.5536458333333333 0.7407407407407407 0.5671875 0.7342592592592593 0.5838541666666667 0.7166666666666667 0.5984375 0.7064814814814815 0.609375 0.7074074074074074 0.6265625 0.6981481481481482
3 0.4239583333333333 0.43703703703703706 0.4322916666666667 0.44722222222222224 0.4395833333333333 0.4675925925925926 0.4510416666666667 0.47314814814814815 0.4552083333333333 0.487962962962963 0.4625 0.5037037037037037 0.46875 0.5435185185185185 0.46927083333333336 0.5712962962962963 0.4666666666666667 0.5842592592592593 0.44895833333333335 0.6074074074074074 0.44166666666666665 0.6277777777777778 0.4078125 0.637962962962963 0.38697916666666665 0.6333333333333333 0.3625 0.6157407407407407 0.35989583333333336 0.6074074074074074 0.35885416666666664 0.5935185185185186 0.35885416666666664 0.5537037037037037 0.37447916666666664 0.4925925925925926 0.37916666666666665 0.48055555555555557 0.40989583333333335 0.44166666666666665 0.41822916666666665 0.4361111111111111 0.4234375 0.43703703703703706
3 0.6958333333333333 0.0712962962962963 0.7026041666666667 0.07685185185185185 0.7276041666666667 0.08703703703703704 0.7505208333333333 0.1259259259259259 0.75625 0.1527777777777778 0.7557291666666667 0.16018518518518518 0.7520833333333333 0.1638888888888889 0.734375 0.1685185185185185 0.6947916666666667 0.14444444444444443 0.675 0.11203703703703703 0.6744791666666666 0.10185185185185185 0.6807291666666667 0.08055555555555556 0.6875 0.07314814814814814 0.6953125 0.0712962962962963
3 0.25833333333333336 0.35185185185185186 0.2734375 0.35833333333333334 0.30052083333333335 0.35462962962962963 0.30104166666666665 0.3611111111111111 0.29375 0.3824074074074074 0.2947916666666667 0.387037037037037 0.296875 0.38796296296296295 0.30885416666666665 0.3685185185185185 0.3140625 0.3675925925925926 0.32083333333333336 0.3731481481481482 0.3411458333333333 0.4009259259259259 0.3453125 0.4111111111111111 0.3453125 0.4185185185185185 0.3421875 0.4287037037037037 0.3333333333333333 0.43425925925925923 0.33177083333333335 0.4388888888888889 0.32916666666666666 0.43425925925925923 0.31614583333333335 0.42777777777777776 0.3072916666666667 0.4287037037037037 0.303125 0.4351851851851852 0.30885416666666665 0.44074074074074077 0.34010416666666665 0.4462962962962963 0.3453125 0.45555555555555555 0.34427083333333336 0.47129629629629627 0.3416666666666667 0.48055555555555557 0.3328125 0.49166666666666664 0.3171875 0.5222222222222223 0.3072916666666667 0.5324074074074074 0.28541666666666665 0.5416666666666666 0.2765625 0.5407407407407407 0.26979166666666665 0.5351851851851852 0.25104166666666666 0.4981481481481482 0.22291666666666668 0.4583333333333333 0.21614583333333334 0.4527777777777778 0.2140625 0.4462962962962963 0.21302083333333333 0.39814814814814814 0.2203125 0.36666666666666664 0.23072916666666668 0.35462962962962963 0.2578125 0.35185185185185186
3 0.159375 0.4527777777777778 0.17604166666666668 0.45555555555555555 0.18177083333333333 0.46111111111111114 0.18958333333333333 0.4935185185185185 0.1890625 0.5259259259259259 0.175 0.5259259259259259 0.1625 0.5342592592592592 0.15833333333333333 0.5324074074074074 0.15364583333333334 0.5212962962962963 0.14947916666666666 0.5092592592592593 0.14791666666666667 0.4962962962962963 0.15 0.46296296296296297 0.15416666666666667 0.4527777777777778 0.15885416666666666 0.4527777777777778
3 0.621875 0 0.6473958333333333 0 0.653125 0.014814814814814815 0.6552083333333333 0.03425925925925926 0.6526041666666667 0.07314814814814814 0.6510416666666666 0.08333333333333333 0.6473958333333333 0.08888888888888889 0.6375 0.09351851851851851 0.621875 0.10648148148148148 0.6114583333333333 0.10833333333333334 0.578125 0.08796296296296297 0.5708333333333333 0.07962962962962963 0.5682291666666667 0.07037037037037037 0.5708333333333333 0.027777777777777776 0.5739583333333333 0.017592592592592594 0.5807291666666666 0.006481481481481481 0.5864583333333333 0.001851851851851852 0.5942708333333333 0.002777777777777778 0.5984375 0.009259259259259259 0.6078125 0.01574074074074074 0.6114583333333333 0.026851851851851852 0.6161458333333333 0.02962962962962963 0.6177083333333333 0.025 0.6171875 0.006481481481481481 0.621875 0.000925925925925926