4 0.9375 0.9916666666666667 0.9364583333333333 0.9935185185185185 0.9432291666666667 0.9935185185185185 0.9375 0.9916666666666667
4 0.0010416666666666667 0.937037037037037 0 0.9935185185185185 0.010416666666666666 0.9962962962962963 0.042708333333333334 0.9935185185185185 0.04114583333333333 0.9851851851851852 0.03229166666666667 0.9805555555555555 0.0296875 0.9712962962962963 0.025520833333333333 0.9685185185185186 0.022916666666666665 0.962037037037037 0.01875 0.9601851851851851 0.015625 0.9472222222222222 0.00625 0.9435185185185185 0.0010416666666666667 0.937037037037037
4 0.8721354166666667 0.924074074074074 0.0046875 0.001851851851851852
4 0.8731770833333333 0.9175925925925926 0.0005208333333333333 0.001851851851851852
4 0.9067708333333333 0.7851851851851852 0.90625 0.7888888888888889 0.9067708333333333 0.7851851851851852
4 0.9130208333333333 0.9805555555555555 0.915625 0.9833333333333333 0.915625 0.987037037037037 0.9130208333333333 0.9888888888888889 0.9119791666666667 0.9935185185185185 0.9182291666666667 0.9962962962962963 0.9302083333333333 0.9944444444444445 0.93125 0.9916666666666667 0.9338541666666667 0.9935185185185185 0.9354166666666667 0.987037037037037 0.9432291666666667 0.9805555555555555 0.9427083333333334 0.975925925925926 0.9567708333333333 0.9842592592592593 0.9567708333333333 0.9898148148148148 0.9515625 0.9888888888888889 0.95 0.9935185185185185 0.9552083333333333 0.9907407407407407 0.9557291666666666 0.9935185185185185 0.9614583333333333 0.9935185185185185 0.9677083333333333 0.9981481481481481 0.9864583333333333 0.9962962962962963 0.9895833333333334 0.9916666666666667 0.99375 0.9935185185185185 0.9953125 0.987037037037037 0.9994791666666667 0.987037037037037 0.9994791666666667 0.9694444444444444 0.99375 0.9648148148148148 0.9895833333333334 0.9666666666666667 0.9875 0.9583333333333334 0.9885416666666667 0.9472222222222222 0.9911458333333333 0.9444444444444444 0.9942708333333333 0.9462962962962963 0.9958333333333333 0.9407407407407408 0.9994791666666667 0.9388888888888889 0.9994791666666667 0.9120370370370371 0.996875 0.9111111111111111 0.9947916666666666 0.9055555555555556 0.9901041666666667 0.9074074074074074 0.9875 0.9009259259259259 0.9807291666666667 0.9 0.9828125 0.8759259259259259 0.9994791666666667 0.8759259259259259 0.9994791666666667 0.8231481481481482 0.9963541666666667 0.8203703703703704 0.9932291666666667 0.8037037037037037 0.9890625 0.8009259259259259 0.9864583333333333 0.7944444444444444 0.971875 0.7888888888888889 0.9677083333333333 0.7824074074074074 0.9625 0.7870370370370371 0.95625 0.812962962962963 0.9588541666666667 0.8166666666666667 0.9578125 0.825 0.9604166666666667 0.8277777777777777 0.9619791666666667 0.8388888888888889 0.9552083333333333 0.8481481481481481 0.9546875 0.8537037037037037 0.9453125 0.8574074074074074 0.9458333333333333 0.8685185185185185 0.9442708333333333 0.8712962962962963 0.94375 0.8870370370370371 0.9416666666666667 0.8898148148148148 0.9411458333333333 0.8962962962962963 0.9375 0.899074074074074 0.9385416666666667 0.9138888888888889 0.93125 0.9277777777777778 0.9291666666666667 0.937962962962963 0.9229166666666667 0.9444444444444444 0.9192708333333334 0.9583333333333334 0.9203125 0.9666666666666667 0.9177083333333333 0.9694444444444444 0.9177083333333333 0.975925925925926 0.9130208333333333 0.9805555555555555
4 0.4354166666666667 0.962037037037037 0.4348958333333333 0.9796296296296296 0.43697916666666664 0.9898148148148148 0.44479166666666664 0.9981481481481481 0.5822916666666667 0.9981481481481481 0.60625 0.9944444444444445 0.675 0.9944444444444445 0.6848958333333334 0.9981481481481481 0.7494791666666667 0.9981481481481481 0.7802083333333333 0.9944444444444445 0.821875 0.9944444444444445 0.83125 0.9981481481481481 0.8510416666666667 0.9962962962962963 0.8557291666666667 0.9935185185185185 0.8583333333333333 0.9777777777777777 0.8625 0.9694444444444444 0.8583333333333333 0.9657407407407408 0.8604166666666667 0.962037037037037 0.8572916666666667 0.9555555555555556 0.859375 0.9527777777777777 0.8661458333333333 0.9527777777777777 0.8692708333333333 0.9490740740740741 0.8677083333333333 0.9444444444444444 0.8713541666666667 0.9435185185185185 0.8661458333333333 0.9435185185185185 0.8625 0.9388888888888889 0.8645833333333334 0.9305555555555556 0.8640625 0.925 0.8677083333333333 0.925 0.865625 0.9009259259259259 0.8680557291666666 0.9009259259259259 0.86875 0.8981481481481481 0.8713541666666667 0.9009259259259259 0.8734375 0.8981481481481481 0.8822916666666667 0.9009259259259259 0.8828125 0.8935185185185185 0.8869791666666667 0.8824074074074074 0.8869791666666667 0.8722222222222222 0.8911458333333333 0.8666666666666667 0.8911458333333333 0.862037037037037 0.8895833333333333 0.8574074074074074 0.8848958333333333 0.8592592592592593 0.8765625 0.850925925925926 0.8677083333333333 0.8527777777777777 0.8645833333333334 0.8462962962962963 0.8567708333333334 0.8462962962962963 0.8552083333333333 0.8425925925925926 0.8557291666666667 0.837037037037037 0.8536458333333333 0.8361111111111111 0.8520833333333333 0.8305555555555556 0.853125 0.8277777777777777 0.8494791666666667 0.8185185185185185 0.8505208333333333 0.8157407407407408 0.8557291666666667 0.8166666666666667 0.8583333333333333 0.8101851851851852 0.8619791666666666 0.8092592592592592 0.8619791666666666 0.8064814814814815 0.865625 0.8027777777777778 0.8692708333333333 0.8046296296296296 0.8703125 0.8009259259259259 0.8682291666666667 0.8009259259259259 0.8682291666666667 0.7981481481481482 0.8760416666666667 0.7935185185185185 0.8864583333333333 0.7935185185185185 0.8885416666666667 0.7981481481481482 0.8921875 0.7981481481481482 0.89375 0.8055555555555556 0.8942708333333333 0.8 0.8984375 0.7962962962962963 0.9005208333333333 0.8092592592592592 0.9052083333333333 0.8101851851851852 0.9072916666666667 0.8074074074074075 0.9109375 0.8138888888888889 0.9130208333333333 0.8101851851851852 0.9114583333333334 0.8009259259259259 0.9057291666666667 0.7944444444444444 0.9052083333333333 0.7981481481481482 0.9036458333333334 0.7981481481481482 0.9005208333333333 0.7916666666666666 0.8989583333333333 0.7944444444444444 0.8973958333333333 0.7888888888888889 0.8932291666666666 0.7898148148148149 0.8895833333333333 0.7851851851851852 0.8958333333333334 0.7759259259259259 0.8958333333333334 0.7694444444444445 0.8979166666666667 0.7685185185185185 0.8984375 0.7712962962962963 0.903125 0.7712962962962963 0.9072916666666667 0.7777777777777778 0.9135416666666667 0.7731481481481481 0.9182291666666667 0.7759259259259259 0.9161458333333333 0.7731481481481481 0.91875 0.7694444444444445 0.9203125 0.7472222222222222 0.9229166666666667 0.7435185185185185 0.9203125 0.7398148148148148 0.9177083333333333 0.7231481481481481 0.9125 0.7185185185185186 0.9046875 0.7055555555555556 0.9005208333333333 0.7055555555555556 0.8973958333333333 0.6990740740740741 0.89375 0.6981481481481482 0.8869791666666667 0.6888888888888889 0.8822916666666667 0.6888888888888889 0.8765625 0.6805555555555556 0.8734375 0.6796296296296296 0.86875 0.6712962962962963 0.865625 0.6712962962962963 0.8557291666666667 0.6555555555555556 0.8557291666666667 0.6527777777777778 0.8505208333333333 0.6509259259259259 0.8411458333333334 0.6370370370370371 0.8375 0.6370370370370371 0.8328125 0.6324074074074074 0.8302083333333333 0.6259259259259259 0.8260416666666667 0.6231481481481481 0.8203125 0.6231481481481481 0.8182291666666667 0.6277777777777778 0.8166666666666667 0.6555555555555556 0.8203125 0.6666666666666666 0.81875 0.6712962962962963 0.8203125 0.6805555555555556 0.8291666666666667 0.6851851851851852 0.8307291666666666 0.6962962962962963 0.8239583333333333 0.6981481481481482 0.8239583333333333 0.7027777777777777 0.8260416666666667 0.7055555555555556 0.8244791666666667 0.7074074074074074 0.8265625 0.712037037037037 0.8255208333333334 0.7138888888888889 0.8208333333333333 0.7185185185185186 0.8135416666666667 0.7194444444444444 0.8135416666666667 0.725 0.8166666666666667 0.7305555555555555 0.8114583333333333 0.7351851851851852 0.8140625 0.7435185185185185 0.8125 0.7462962962962963 0.8109375 0.7638888888888888 0.815625 0.7712962962962963 0.815625 0.7768518518518519 0.8135416666666667 0.7759259259259259 0.8135416666666667 0.7824074074074074 0.8098958333333334 0.7851851851851852 0.8130208333333333 0.7888888888888889 0.8125 0.8009259259259259 0.8083333333333333 0.8009259259259259 0.8 0.7916666666666666 0.7958333333333333 0.7935185185185185 0.7859375 0.7842592592592592 0.7807291666666667 0.7759259259259259 0.7729166666666667 0.7712962962962963 0.7677083333333333 0.7638888888888888 0.7578125 0.7592592592592593 0.7510416666666667 0.7509259259259259 0.7380208333333333 0.7462962962962963 0.7302083333333333 0.7462962962962963 0.7135416666666666 0.7546296296296297 0.6942708333333333 0.7509259259259259 0.6911458333333333 0.7462962962962963 0.6848958333333334 0.7435185185185185 0.6791666666666667 0.7351851851851852 0.671875 0.7324074074074074 0.6614583333333334 0.7166666666666667 0.6572916666666667 0.7138888888888889 0.6557291666666667 0.7092592592592593 0.6494791666666667 0.7055555555555556 0.6463541666666667 0.6981481481481482 0.6432291666666666 0.6981481481481482 0.6385416666666667 0.6898148148148148 0.6302083333333334 0.687037037037037 0.6255208333333333 0.6805555555555556 0.6 0.6805555555555556 0.56875 0.6981481481481482 0.5609375 0.7074074074074074 0.5567708333333333 0.7185185185185186 0.5552083333333333 0.7324074074074074 0.5515625 0.7416666666666667 0.5489583333333333 0.7574074074074074 0.5432291666666667 0.7638888888888888 0.5453125 0.7675925925925926 0.546875 0.7935185185185185 0.5427083333333333 0.8222222222222222 0.540625 0.8555555555555555 0.5416666666666666 0.8601851851851852 0.5390625 0.8666666666666667 0.5322916666666667 0.8694444444444445 0.5291666666666667 0.8759259259259259 0.5260416666666666 0.8712962962962963 0.5140625 0.8685185185185185 0.5083333333333333 0.8712962962962963 0.48333333333333334 0.8731481481481481 0.48072916666666665 0.8777777777777778 0.4744791666666667 0.8805555555555555 0.4666666666666667 0.8935185185185185 0.46458333333333335 0.8935185185185185 0.4546875 0.9120370370370371 0.4510416666666667 0.9148148148148149 0.446875 0.9305555555555556 0.4395833333333333 0.9416666666666667 0.4354166666666667 0.962037037037037
4 0.20364583333333333 0.3574074074074074 0.20208333333333334 0.3592592592592593 0.20416666666666666 0.3592592592592593 0.20364583333333333 0.3574074074074074
4 0.025520833333333333 0.39166666666666666 0.023958333333333335 0.4 0.014583333333333334 0.41388888888888886 0.008854166666666666 0.42962962962962964 0 0.44166666666666665 0 0.4666666666666667 0.011979166666666667 0.4759259259259259 0.018229166666666668 0.4759259259259259 0.020833333333333332 0.48055555555555557 0.027083333333333334 0.48333333333333334 0.03697916666666667 0.4962962962962963 0.0796875 0.4935185185185185 0.08854166666666667 0.4898148148148148 0.11302083333333333 0.48703703703703705 0.12291666666666666 0.47314814814814815 0.12604166666666666 0.462037037037037 0.12604166666666666 0.45555555555555555 0.12864583333333332 0.4527777777777778 0.1328125 0.4388888888888889 0.13229166666666667 0.4351851851851852 0.13489583333333333 0.4324074074074074 0.13645833333333332 0.4222222222222222 0.13958333333333334 0.4212962962962963 0.13697916666666668 0.4212962962962963 0.13541666666666666 0.41759259259259257 0.1375 0.4009259259259259 0.13072916666666667 0.387037037037037 0.12083333333333333 0.37962962962962965 0.11197916666666667 0.3648148148148148 0.10833333333333334 0.3638888888888889 0.10364583333333334 0.3574074074074074 0.10052083333333334 0.3574074074074074 0.09791666666666667 0.3527777777777778 0.07239583333333334 0.3416666666666667 0.06614583333333333 0.3416666666666667 0.058854166666666666 0.34629629629629627 0.035416666666666666 0.38055555555555554 0.025520833333333333 0.39166666666666666
4 0.15130208333333334 0.3384259259259259 0.0015625 0.002777777777777778
4 0.21197916666666666 0.3472222222222222 0.21822916666666667 0.3509259259259259 0.21197916666666666 0.3638888888888889 0.20520833333333333 0.36574074074074076 0.20989583333333334 0.36944444444444446 0.21302083333333333 0.36666666666666664 0.21927083333333333 0.3685185185185185 0.225 0.3527777777777778 0.22395833333333334 0.3351851851851852 0.22239583333333332 0.3388888888888889 0.2203125 0.3351851851851852 0.22135416666666666 0.3435185185185185 0.2171875 0.34444444444444444 0.21510416666666668 0.34814814814814815 0.21197916666666666 0.3472222222222222
4 0.14791666666666667 0.3453703703703704 0.14947916666666666 0.35555555555555557 0.146875 0.3592592592592593 0.15 0.3638888888888889 0.1546875 0.3638888888888889 0.15729166666666666 0.37592592592592594 0.16458333333333333 0.387037037037037 0.16510416666666666 0.3962962962962963 0.16875 0.40925925925925927 0.16979166666666667 0.425 0.17864583333333334 0.44166666666666665 0.184375 0.4388888888888889 0.18489583333333334 0.4351851851851852 0.18802083333333333 0.4324074074074074 0.1921875 0.4324074074074074 0.20260416666666667 0.40925925925925927 0.20572916666666666 0.39444444444444443 0.20833333333333334 0.39351851851851855 0.2109375 0.387037037037037 0.2078125 0.3824074074074074 0.2 0.3851851851851852 0.18802083333333333 0.38333333333333336 0.18958333333333333 0.3685185185185185 0.18802083333333333 0.3611111111111111 0.1890625 0.3509259259259259 0.19114583333333332 0.34814814814814815 0.19010416666666666 0.34444444444444444 0.1921875 0.3416666666666667 0.19895833333333332 0.3416666666666667 0.19739583333333333 0.337037037037037 0.19947916666666668 0.33055555555555555 0.19791666666666666 0.3296296296296296 0.19739583333333333 0.3351851851851852 0.19427083333333334 0.3296296296296296 0.18802083333333333 0.33425925925925926 0.1875 0.33055555555555555 0.18177083333333333 0.3388888888888889 0.1703125 0.3398148148148148 0.16875 0.337037037037037 0.16041666666666668 0.337037037037037 0.15677083333333333 0.3398148148148148 0.15416666666666667 0.34629629629629627 0.15052083333333333 0.3416666666666667 0.14791666666666667 0.3453703703703704
4 0.21197916666666666 0.30277777777777776 0.20729166666666668 0.30277777777777776 0.21197916666666666 0.30277777777777776
4 0.20520833333333333 0.30277777777777776 0.2015625 0.30277777777777776 0.20260416666666667 0.3055555555555556 0.20520833333333333 0.30277777777777776
4 0.1671875 0.2777777777777778 0.15989583333333332 0.2777777777777778 0.1609375 0.28055555555555556 0.1671875 0.2777777777777778
4 0.20260416666666667 0.2300925925925926 0.0020833333333333333 0.000925925925925926
4 0.23645833333333333 0.16944444444444445 0.23489583333333333 0.17407407407407408 0.2375 0.17592592592592593 0.23645833333333333 0.16944444444444445
4 0.2578125 0.17592592592592593 0.2526041666666667 0.18055555555555555 0.2552083333333333 0.1824074074074074 0.25833333333333336 0.17777777777777778 0.2609375 0.18425925925925926 0.26666666666666666 0.18518518518518517 0.26875 0.1935185185185185 0.271875 0.19444444444444445 0.275 0.20092592592592592 0.2796875 0.20092592592592592 0.2833333333333333 0.18055555555555555 0.28020833333333334 0.17592592592592593 0.2791666666666667 0.16944444444444445 0.275 0.1685185185185185 0.2734375 0.17592592592592593 0.2578125 0.17592592592592593
4 0.043229166666666666 0 0.03229166666666667 0.002777777777777778 0.025520833333333333 0 0 0 0 0.14629629629629629 0.0036458333333333334 0.15092592592592594 0 0.15555555555555556 0 0.21851851851851853 0.0020833333333333333 0.21944444444444444 0.004166666666666667 0.22685185185185186 0.0036458333333333334 0.23703703703703705 0 0.23981481481481481 0 0.27314814814814814 0.0015625 0.275 0.0020833333333333333 0.2861111111111111 0.0020833333333333333 0.2916666666666667 0 0.2935185185185185 0 0.337037037037037 0.003125 0.337037037037037 0.005208333333333333 0.3416666666666667 0.014583333333333334 0.3435185185185185 0.0328125 0.33425925925925926 0.035416666666666666 0.33055555555555555 0.0359375 0.3194444444444444 0.03802083333333333 0.3138888888888889 0.042708333333333334 0.3138888888888889 0.04739583333333333 0.3055555555555556 0.05364583333333333 0.30462962962962964 0.058333333333333334 0.29444444444444445 0.0625 0.2935185185185185 0.0765625 0.262037037037037 0.090625 0.2601851851851852 0.09427083333333333 0.25277777777777777 0.09947916666666666 0.25462962962962965 0.1078125 0.26944444444444443 0.10677083333333333 0.2777777777777778 0.109375 0.2824074074074074 0.11302083333333333 0.28425925925925927 0.11666666666666667 0.2796296296296296 0.11822916666666666 0.2824074074074074 0.11666666666666667 0.28888888888888886 0.11927083333333334 0.2935185185185185 0.13020833333333334 0.2916666666666667 0.13645833333333332 0.29814814814814816 0.14010416666666667 0.2962962962962963 0.1453125 0.30925925925925923 0.1453125 0.3277777777777778 0.1453125 0.32314814814814813 0.14739583333333334 0.32314814814814813 0.14869791666666668 0.3277777777777778 0.15416666666666667 0.3296296296296296 0.15677083333333333 0.31296296296296294 0.15989583333333332 0.3101851851851852 0.16458333333333333 0.31203703703703706 0.16979166666666667 0.31851851851851853 0.17083333333333334 0.32592592592592595 0.17604166666666668 0.3277777777777778 0.17395833333333333 0.32037037037037036 0.1765625 0.3138888888888889 0.17604166666666668 0.30277777777777776 0.17291666666666666 0.30277777777777776 0.1703125 0.29907407407407405 0.16875 0.2851851851851852 0.16458333333333333 0.2824074074074074 0.15677083333333333 0.28425925925925927 0.15520833333333334 0.27685185185185185 0.15572916666666667 0.27314814814814814 0.16822916666666668 0.27314814814814814 0.1703125 0.2638888888888889 0.17552083333333332 0.262037037037037 0.17708333333333334 0.26481481481481484 0.18645833333333334 0.26666666666666666 0.1875 0.2712962962962963 0.19635416666666666 0.26666666666666666 0.20572916666666666 0.3212962962962963 0.20677083333333332 0.3175925925925926 0.2078125 0.3212962962962963 0.21145833333333333 0.3212962962962963 0.2140625 0.33425925925925926 0.21770833333333334 0.337037037037037 0.21927083333333333 0.3351851851851852 0.21927083333333333 0.3277777777777778 0.22395833333333334 0.33055555555555555 0.22604166666666667 0.32314814814814813 0.22864583333333333 0.325 0.22864583333333333 0.3277777777777778 0.23489583333333333 0.3296296296296296 0.23697916666666666 0.32314814814814813 0.23489583333333333 0.31851851851851853 0.2390625 0.3101851851851852 0.23697916666666666 0.3055555555555556 0.23854166666666668 0.30277777777777776 0.23697916666666666 0.30092592592592593 0.234375 0.3055555555555556 0.23125 0.3055555555555556 0.22447916666666667 0.2962962962962963 0.2265625 0.2916666666666667 0.2328125 0.28703703703703703 0.23802083333333332 0.28703703703703703 0.24427083333333333 0.2824074074074074 0.2453125 0.26944444444444443 0.2515625 0.26851851851851855 0.25364583333333335 0.2638888888888889 0.24947916666666667 0.25833333333333336 0.25104166666666666 0.25462962962962965 0.2453125 0.24814814814814815 0.246875 0.23981481481481481 0.24791666666666667 0.23796296296296296 0.25052083333333336 0.24166666666666667 0.2526041666666667 0.2324074074074074 0.25052083333333336 0.22777777777777777 0.24791666666666667 0.22962962962962963 0.2453125 0.21944444444444444 0.23463541666666668 0.21851851851851853 0.2328125 0.22314814814814815 0.23125 0.2212962962962963 0.23177083333333334 0.21851851851851853 0.2265625 0.21944444444444444 0.22395833333333334 0.2101851851851852 0.21927083333333333 0.20925925925925926 0.21822916666666667 0.20555555555555555 0.2140625 0.20555555555555555 0.209375 0.19722222222222222 0.2203125 0.1962962962962963 0.21875 0.18981481481481483 0.22083333333333333 0.18518518518518517 0.23177083333333334 0.18055555555555555 0.2296875 0.17777777777777778 0.23333333333333334 0.17407407407407408 0.23072916666666668 0.1685185185185185 0.23333333333333334 0.16111111111111112 0.2375 0.1574074074074074 0.23802083333333332 0.14166666666666666 0.234375 0.14166666666666666 0.22864583333333333 0.14907407407407408 0.22760416666666666 0.14629629629629629 0.22552083333333334 0.1527777777777778 0.2203125 0.1527777777777778 0.21875 0.14907407407407408 0.22083333333333333 0.14814814814814814 0.22135416666666666 0.14444444444444443 0.21979166666666666 0.14166666666666666 0.2125 0.14444444444444443 0.2140625 0.1388888888888889 0.21145833333333333 0.1361111111111111 0.2125 0.13240740740740742 0.21041666666666667 0.12962962962962962 0.20052083333333334 0.13055555555555556 0.1921875 0.14166666666666666 0.19010416666666666 0.1388888888888889 0.184375 0.1398148148148148 0.17291666666666666 0.12777777777777777 0.16666666666666666 0.11666666666666667 0.15729166666666666 0.11851851851851852 0.1546875 0.11388888888888889 0.15208333333333332 0.11388888888888889 0.14375 0.11851851851851852 0.13958333333333334 0.11296296296296296 0.1390625 0.10740740740740741 0.1328125 0.10277777777777777 0.12552083333333333 0.08888888888888889 0.11875 0.08888888888888889 0.11458333333333333 0.08055555555555556 0.115625 0.07777777777777778 0.1125 0.07314814814814814 0.1078125 0.07314814814814814 0.09791666666666667 0.05555555555555555 0.0921875 0.05 0.0875 0.041666666666666664 0.08072916666666667 0.021296296296296296 0.0625 0.007407407407407408 0.043229166666666666 0
3 0.43854166666666666 0.9555555555555556 0.43854166666666666 0.9861111111111112 0.4401041666666667 0.9888888888888889 0.4395833333333333 0.9935185185185185 0.4427083333333333 0.9981481481481481 0.5947916666666667 0.9981481481481481 0.6067708333333334 0.9944444444444445 0.6526041666666667 0.9981481481481481 0.6671875 0.9935185185185185 0.6786458333333333 0.9981481481481481 0.7776041666666667 0.9981481481481481 0.7979166666666667 0.9944444444444445 0.8458333333333333 0.9981481481481481 0.853125 0.9935185185185185 0.8505208333333333 0.9898148148148148 0.8494791666666667 0.9731481481481481 0.84375 0.9564814814814815 0.8442708333333333 0.9481481481481482 0.8369791666666667 0.937037037037037 0.8364583333333333 0.9305555555555556 0.8338541666666667 0.9277777777777778 0.8296875 0.9138888888888889 0.8265625 0.9120370370370371 0.8208333333333333 0.899074074074074 0.8161458333333333 0.8740740740740741 0.8171875 0.8648148148148148 0.8130208333333333 0.8555555555555555 0.8125 0.8407407407407408 0.8041666666666667 0.8009259259259259 0.7947916666666667 0.7962962962962963 0.7822916666666667 0.7777777777777778 0.7776041666666667 0.7759259259259259 0.76875 0.7648148148148148 0.7583333333333333 0.7592592592592593 0.7505208333333333 0.7509259259259259 0.7380208333333333 0.7462962962962963 0.7296875 0.7462962962962963 0.7130208333333333 0.7555555555555555 0.6947916666666667 0.7509259259259259 0.6854166666666667 0.7398148148148148 0.68125 0.7388888888888889 0.675 0.7324074074074074 0.6708333333333333 0.7324074074074074 0.6640625 0.7222222222222222 0.6619791666666667 0.712037037037037 0.6520833333333333 0.7046296296296296 0.6385416666666667 0.6851851851851852 0.6197916666666666 0.6796296296296296 0.6036458333333333 0.6805555555555556 0.5755208333333334 0.6935185185185185 0.5708333333333333 0.6962962962962963 0.5572916666666666 0.7166666666666667 0.5458333333333333 0.7796296296296297 0.5458333333333333 0.8055555555555556 0.5427083333333333 0.8222222222222222 0.5432291666666667 0.8444444444444444 0.5364583333333334 0.8694444444444445 0.53125 0.8712962962962963 0.5291666666666667 0.875 0.5119791666666667 0.8712962962962963 0.5046875 0.875 0.4895833333333333 0.8759259259259259 0.484375 0.8796296296296297 0.4744791666666667 0.8888888888888888 0.46145833333333336 0.9092592592592592 0.45364583333333336 0.9166666666666666 0.4432291666666667 0.937962962962963 0.4432291666666667 0.9481481481481482 0.43854166666666666 0.9555555555555556