4 0.64375 0.23333333333333334 0.64375 0.2462962962962963 0.6473958333333333 0.24166666666666667 0.6494791666666667 0.2462962962962963 0.6489583333333333 0.25092592592592594 0.6661458333333333 0.25092592592592594 0.6833333333333333 0.2462962962962963 0.6927083333333334 0.2388888888888889 0.7130208333333333 0.23703703703703705 0.7255208333333333 0.23055555555555557 0.7364583333333333 0.23055555555555557 0.7453125 0.22407407407407406 0.7578125 0.22314814814814815 0.76875 0.21388888888888888 0.7765625 0.21388888888888888 0.7953125 0.2074074074074074 0.8114583333333333 0.2074074074074074 0.8223958333333333 0.20277777777777778 0.8270833333333333 0.1962962962962963 0.8421875 0.18425925925925926 0.8453125 0.17777777777777778 0.853125 0.17314814814814813 0.8661458333333333 0.14444444444444443 0.878125 0.14166666666666666 0.8984375 0.14444444444444443 0.9026041666666667 0.15092592592592594 0.9130208333333333 0.14629629629629629 0.91875 0.14814814814814814 0.921875 0.15092592592592594 0.93125 0.1712962962962963 0.9453125 0.18703703703703703 0.9541666666666667 0.18055555555555555 0.9572916666666667 0.17407407407407408 0.9635416666666666 0.1685185185185185 0.9651041666666667 0.15925925925925927 0.96875 0.15092592592592594 0.96875 0.13518518518518519 0.9598958333333333 0.11666666666666667 0.9348958333333334 0.10092592592592593 0.9244791666666666 0.1 0.9197916666666667 0.09444444444444444 0.9208333333333333 0.09166666666666666 0.91875 0.08425925925925926 0.9182291666666667 0.07222222222222222 0.9203125 0.06666666666666667 0.925 0.06388888888888888 0.9302083333333333 0.05277777777777778 0.9333333333333333 0.03333333333333333 0.9375 0.025 0.9390625 0.016666666666666666 0.9375 0 0.9182291666666667 0 0.915625 0.002777777777777778 0.9104166666666667 0 0.8505208333333333 0 0.8489583333333334 0.002777777777777778 0.8380208333333333 0.004629629629629629 0.8239583333333333 0.002777777777777778 0.8223958333333333 0 0.8052083333333333 0 0.8010416666666667 0.002777777777777778 0.7885416666666667 0 0.6932291666666667 0 0.6869791666666667 0.007407407407407408 0.6833333333333333 0.03888888888888889 0.6848958333333334 0.05185185185185185 0.6817708333333333 0.07037037037037037 0.6817708333333333 0.09074074074074075 0.6828125 0.1037037037037037 0.6848958333333334 0.10925925925925926 0.68125 0.11481481481481481 0.6786458333333333 0.1259259259259259 0.6765625 0.14814814814814814 0.6739583333333333 0.1574074074074074 0.6625 0.18611111111111112 0.6572916666666667 0.19166666666666668 0.6557291666666667 0.20277777777777778 0.65 0.21296296296296297 0.6463541666666667 0.22962962962962963 0.64375 0.23333333333333334
4 0.659375 0.9925925925925926 0.00625 0.001851851851851852
4 0.5510416666666667 0.9814814814814815 0.5494791666666666 0.9861111111111112 0.5494791666666666 0.9935185185185185 0.5510416666666667 0.9944444444444445 0.6 0.9935185185185185 0.6052083333333333 0.9962962962962963 0.6369791666666667 0.9962962962962963 0.6364583333333333 0.9916666666666667 0.6393229166666666 0.9916666666666667 0.6401041666666667 0.9944444444444445 0.6484375 0.9935185185185185 0.6317708333333333 0.9888888888888889 0.6244791666666667 0.9796296296296296 0.5942708333333333 0.9824074074074074 0.5598958333333334 0.9805555555555555 0.5567708333333333 0.9777777777777777 0.5510416666666667 0.9814814814814815
4 0.6765625 0.6620370370370371 0.6760416666666667 0.6685185185185185 0.6807291666666667 0.6824074074074075 0.6864583333333333 0.6851851851851852 0.6994791666666667 0.6851851851851852 0.7067708333333333 0.6953703703703704 0.70625 0.6990740740740741 0.7083333333333334 0.7055555555555556 0.7078125 0.7175925925925926 0.7020833333333333 0.7407407407407407 0.7020833333333333 0.7518518518518519 0.70625 0.7620370370370371 0.7333333333333333 0.7796296296296297 0.7416666666666667 0.7805555555555556 0.75 0.7870370370370371 0.7619791666666667 0.7898148148148149 0.7932291666666667 0.7870370370370371 0.8052083333333333 0.7935185185185185 0.8125 0.8055555555555556 0.8239583333333333 0.8185185185185185 0.8442708333333333 0.8574074074074074 0.8786458333333333 0.8981481481481481 0.8848958333333333 0.9027777777777778 0.9052083333333333 0.9305555555555556 0.9067708333333333 0.9388888888888889 0.9109375 0.9462962962962963 0.9125 0.9592592592592593 0.9348958333333334 0.9935185185185185 0.978125 0.9962962962962963 0.9932291666666667 0.9935185185185185 0.9994791666666667 0.9851851851851852 0.9994791666666667 0.9481481481481482 0.9958333333333333 0.9453703703703704 0.9994791666666667 0.9416666666666667 0.9973958333333334 0.937037037037037 0.9973958333333334 0.9268518518518518 0.9994791666666667 0.9259259259259259 0.9994791666666667 0.9101851851851852 0.9973958333333334 0.9074074074074074 0.9994791666666667 0.9055555555555556 0.9994791666666667 0.8277777777777777 0.9973958333333334 0.8268518518518518 0.9963541666666667 0.8175925925925925 0.9994791666666667 0.8138888888888889 0.9973958333333334 0.8092592592592592 0.9973958333333334 0.8018518518518518 0.9994791666666667 0.8009259259259259 0.9994791666666667 0.7777777777777778 0.9932291666666667 0.7712962962962963 0.9828125 0.7666666666666667 0.9770833333333333 0.7592592592592593 0.9598958333333333 0.725 0.95 0.7101851851851851 0.9421875 0.6833333333333333 0.9359375 0.6712962962962963 0.91875 0.6620370370370371 0.9020833333333333 0.6638888888888889 0.8979166666666667 0.6601851851851852 0.8796875 0.6712962962962963 0.8755208333333333 0.6712962962962963 0.8703125 0.6666666666666666 0.8583333333333333 0.6685185185185185 0.8473958333333333 0.6527777777777778 0.8375 0.6481481481481481 0.8197916666666667 0.6259259259259259 0.8067708333333333 0.6212962962962963 0.7671875 0.5805555555555556 0.7625 0.5777777777777777 0.7479166666666667 0.5777777777777777 0.7385416666666667 0.5731481481481482 0.73125 0.575925925925926 0.7192708333333333 0.5916666666666667 0.70625 0.6027777777777777 0.6989583333333333 0.6148148148148148 0.69375 0.6305555555555555 0.6765625 0.6620370370370371
4 0.14583333333333334 0.9851851851851852 0.1453125 0.9935185185185185 0.14791666666666667 0.9962962962962963 0.16041666666666668 0.9981481481481481 0.2078125 0.9962962962962963 0.21666666666666667 0.9935185185185185 0.23697916666666666 0.9935185185185185 0.240625 0.9962962962962963 0.2630208333333333 0.9962962962962963 0.2734375 0.9935185185185185 0.3109375 0.9944444444444445 0.31979166666666664 0.9935185185185185 0.32447916666666665 0.9888888888888889 0.33125 0.9888888888888889 0.3338541666666667 0.9935185185185185 0.33645833333333336 0.9916666666666667 0.33697916666666666 0.9833333333333333 0.34270833333333334 0.9824074074074074 0.3489583333333333 0.9638888888888889 0.3494791666666667 0.950925925925926 0.3458333333333333 0.9444444444444444 0.35052083333333334 0.9277777777777778 0.3541666666666667 0.9231481481481482 0.36302083333333335 0.899074074074074 0.37395833333333334 0.8777777777777778 0.375 0.8712962962962963 0.37864583333333335 0.8666666666666667 0.3875 0.8416666666666667 0.3921875 0.8351851851851851 0.39479166666666665 0.825925925925926 0.4046875 0.8055555555555556 0.40677083333333336 0.7935185185185185 0.4119791666666667 0.7851851851851852 0.4197916666666667 0.7648148148148148 0.41822916666666665 0.7361111111111112 0.42083333333333334 0.7305555555555555 0.4234375 0.7296296296296296 0.425 0.7231481481481481 0.4375 0.7027777777777777 0.4375 0.6990740740740741 0.44947916666666665 0.6777777777777778 0.4505208333333333 0.6638888888888889 0.45625 0.65 0.4609375 0.6462962962962963 0.4708333333333333 0.6259259259259259 0.478125 0.6212962962962963 0.48854166666666665 0.6074074074074074 0.4947916666666667 0.6055555555555555 0.5140625 0.5888888888888889 0.5223958333333333 0.5851851851851851 0.5635416666666667 0.5194444444444445 0.5802083333333333 0.5101851851851852 0.5890625 0.5009259259259259 0.5916666666666667 0.4935185185185185 0.5916666666666667 0.48703703703703705 0.5875 0.4759259259259259 0.5802083333333333 0.4648148148148148 0.5744791666666667 0.44537037037037036 0.5682291666666667 0.41388888888888886 0.5630208333333333 0.3990740740740741 0.55 0.38055555555555554 0.5338541666666666 0.3685185185185185 0.4869791666666667 0.36666666666666664 0.47708333333333336 0.37592592592592594 0.46458333333333335 0.4101851851851852 0.46197916666666666 0.42314814814814816 0.45677083333333335 0.4324074074074074 0.45364583333333336 0.4444444444444444 0.4505208333333333 0.44814814814814813 0.4473958333333333 0.4601851851851852 0.44375 0.4666666666666667 0.4359375 0.5009259259259259 0.41354166666666664 0.5342592592592592 0.409375 0.5435185185185185 0.40729166666666666 0.5435185185185185 0.39791666666666664 0.5685185185185185 0.3890625 0.5787037037037037 0.3807291666666667 0.5935185185185186 0.37083333333333335 0.6037037037037037 0.36614583333333334 0.6185185185185185 0.35833333333333334 0.6324074074074074 0.3421875 0.6416666666666667 0.31197916666666664 0.6916666666666667 0.29791666666666666 0.7092592592592593 0.2911458333333333 0.7231481481481481 0.28177083333333336 0.7324074074074074 0.26875 0.7527777777777778 0.25104166666666666 0.774074074074074 0.2484375 0.7805555555555556 0.23802083333333332 0.7916666666666666 0.2234375 0.8148148148148148 0.19895833333333332 0.8638888888888889 0.18489583333333334 0.8851851851851852 0.18177083333333333 0.8870370370370371 0.17447916666666666 0.9009259259259259 0.17291666666666666 0.9101851851851852 0.1640625 0.9287037037037037 0.16354166666666667 0.937037037037037 0.15885416666666666 0.9527777777777777 0.14583333333333334 0.9851851851851852
4 0.38125 0.41944444444444445 0.3802083333333333 0.425 0.3776041666666667 0.42777777777777776 0.39166666666666666 0.425 0.3875 0.4222222222222222 0.3875 0.4166666666666667 0.38125 0.41944444444444445
4 0.35989583333333336 0.41759259259259257 0.005208333333333333 0.001851851851851852
4 0.359375 0.4027777777777778 0.35833333333333334 0.4046296296296296 0.35989583333333336 0.4046296296296296 0.359375 0.4027777777777778
4 0.3453125 0.36203703703703705 0.34375 0.362962962962963 0.3453125 0.36203703703703705
4 0.34270833333333334 0.337037037037037 0.3411458333333333 0.33796296296296297 0.34270833333333334 0.337037037037037
4 0.35 0.32592592592592595 0.3494791666666667 0.3277777777777778 0.3546875 0.3277777777777778 0.35 0.32592592592592595
4 0.19322916666666667 0.07592592592592592 0.19322916666666667 0.11018518518518519 0.19166666666666668 0.12407407407407407 0.19322916666666667 0.15462962962962962 0.21041666666666667 0.1824074074074074 0.21354166666666666 0.20925925925925926 0.234375 0.2351851851851852 0.24739583333333334 0.24351851851851852 0.2546875 0.2574074074074074 0.26927083333333335 0.2777777777777778 0.2890625 0.29814814814814816 0.2989583333333333 0.3138888888888889 0.31979166666666664 0.32314814814814813 0.3265625 0.32314814814814813 0.3385416666666667 0.3148148148148148 0.3390625 0.3416666666666667 0.3302083333333333 0.34814814814814815 0.33697916666666666 0.34814814814814815 0.33958333333333335 0.3435185185185185 0.340625 0.34814814814814815 0.34375 0.3453703703703704 0.3458333333333333 0.34814814814814815 0.3458333333333333 0.34444444444444444 0.3489583333333333 0.34814814814814815 0.3515625 0.3435185185185185 0.35208333333333336 0.3527777777777778 0.35 0.35555555555555557 0.3494791666666667 0.362962962962963 0.35052083333333334 0.39166666666666666 0.3536458333333333 0.39166666666666666 0.3572916666666667 0.3962962962962963 0.3640625 0.39351851851851855 0.37083333333333335 0.3962962962962963 0.37552083333333336 0.39444444444444443 0.38697916666666665 0.4046296296296296 0.39427083333333335 0.39814814814814814 0.41041666666666665 0.3962962962962963 0.4119791666666667 0.39351851851851855 0.4119791666666667 0.3814814814814815 0.4140625 0.37777777777777777 0.425 0.36944444444444446 0.43072916666666666 0.36944444444444446 0.4432291666666667 0.3824074074074074 0.45260416666666664 0.4027777777777778 0.4588541666666667 0.4027777777777778 0.4661458333333333 0.3962962962962963 0.4744791666666667 0.375 0.4744791666666667 0.3712962962962963 0.4817708333333333 0.36203703703703705 0.4947916666666667 0.3574074074074074 0.5078125 0.36018518518518516 0.5114583333333333 0.35555555555555557 0.5151041666666667 0.35555555555555557 0.5223958333333333 0.3592592592592593 0.5255208333333333 0.35555555555555557 0.5364583333333334 0.35462962962962963 0.5385416666666667 0.34814814814814815 0.5380208333333333 0.337037037037037 0.540625 0.3351851851851852 0.5390625 0.3314814814814815 0.5421875 0.3277777777777778 0.5458333333333333 0.33240740740740743 0.5458333333333333 0.337037037037037 0.5484375 0.3333333333333333 0.5557291666666667 0.3351851851851852 0.5572916666666666 0.3388888888888889 0.5614583333333333 0.3398148148148148 0.565625 0.3527777777777778 0.5739583333333333 0.3592592592592593 0.5796875 0.36018518518518516 0.58125 0.3648148148148148 0.5796875 0.3712962962962963 0.58125 0.3851851851851852 0.5854166666666667 0.3888888888888889 0.5911458333333334 0.3824074074074074 0.6010416666666667 0.3638888888888889 0.6114583333333333 0.3574074074074074 0.6322916666666667 0.33425925925925926 0.6369791666666667 0.32592592592592595 0.64375 0.3055555555555556 0.6453125 0.26481481481481484 0.6416666666666667 0.2537037037037037 0.6369791666666667 0.24814814814814815 0.6354166666666666 0.2351851851851852 0.6416666666666667 0.22314814814814815 0.65 0.18611111111111112 0.6552083333333333 0.17962962962962964 0.6578125 0.1712962962962963 0.6578125 0.1648148148148148 0.6598958333333333 0.16018518518518518 0.6609375 0.13333333333333333 0.665625 0.1259259259259259 0.66875 0.11203703703703703 0.6744791666666666 0.10092592592592593 0.6770833333333334 0.07407407407407407 0.6786458333333333 0.0712962962962963 0.6765625 0.06666666666666667 0.6744791666666666 0.049074074074074076 0.6765625 0.04814814814814815 0.6786458333333333 0.03888888888888889 0.6765625 0.025925925925925925 0.6796875 0.016666666666666666 0.6807291666666667 0.005555555555555556 0.671875 0 0.5984375 0 0.5875 0.007407407407407408 0.5854166666666667 0.016666666666666666 0.5807291666666666 0.016666666666666666 0.5796875 0.010185185185185186 0.56875 0 0.5427083333333333 0.004629629629629629 0.5317708333333333 0.002777777777777778 0.5302083333333333 0 0.5151041666666667 0 0.5119791666666667 0.005555555555555556 0.5067708333333333 0.004629629629629629 0.5005208333333333 0.009259259259259259 0.4895833333333333 0.002777777777777778 0.47708333333333336 0 0.465625 0.002777777777777778 0.421875 0 0.40729166666666666 0.005555555555555556 0.4046875 0.002777777777777778 0.3953125 0.002777777777777778 0.39375 0 0.36614583333333334 0 0.36302083333333335 0.002777777777777778 0.33125 0.002777777777777778 0.3296875 0 0.2953125 0 0.29270833333333335 0.002777777777777778 0.2708333333333333 0.002777777777777778 0.26875 0 0.2125 0 0.20572916666666666 0.005555555555555556 0.20572916666666666 0.009259259259259259 0.20208333333333334 0.01574074074074074 0.2 0.04259259259259259 0.19322916666666667 0.07592592592592592
1 0.5270833333333333 0.5814814814814815 0.5244791666666667 0.5861111111111111 0.5244791666666667 0.5925925925925926 0.5270833333333333 0.6 0.5411458333333333 0.6212962962962963 0.5567708333333333 0.6342592592592593 0.5583333333333333 0.6416666666666667 0.5635416666666667 0.6481481481481481 0.5708333333333333 0.6462962962962963 0.5661458333333333 0.6268518518518519 0.5645833333333333 0.6157407407407407 0.565625 0.6101851851851852 0.5739583333333333 0.6148148148148148 0.5765625 0.6277777777777778 0.58125 0.6388888888888888 0.5828125 0.6462962962962963 0.5817708333333333 0.6509259259259259 0.6020833333333333 0.6509259259259259 0.6078125 0.6481481481481481 0.6125 0.6388888888888888 0.6119791666666666 0.6324074074074074 0.6052083333333333 0.6240740740740741 0.6109375 0.6092592592592593 0.6130208333333333 0.6064814814814815 0.6151041666666667 0.6101851851851852 0.6125 0.6055555555555555 0.6114583333333333 0.587037037037037 0.6072916666666667 0.5842592592592593 0.6057291666666667 0.575925925925926 0.5994791666666667 0.5805555555555556 0.5953125 0.5777777777777777 0.5848958333333333 0.5574074074074075 0.5765625 0.549074074074074 0.5760416666666667 0.5407407407407407 0.58125 0.5212962962962963 0.5807291666666666 0.5166666666666667 0.5755208333333334 0.5166666666666667 0.5645833333333333 0.524074074074074 0.5604166666666667 0.5388888888888889 0.5505208333333333 0.5462962962962963 0.540625 0.5638888888888889 0.5270833333333333 0.5814814814814815
3 0.484375 0.6074074074074074 0.4828125 0.612037037037037 0.4895833333333333 0.6092592592592593 0.48854166666666665 0.6074074074074074 0.4864583333333333 0.6101851851851852 0.484375 0.6074074074074074
3 0.4375 0.48333333333333334 0.4354166666666667 0.4962962962962963 0.43645833333333334 0.5027777777777778 0.4453125 0.5027777777777778 0.45260416666666664 0.4962962962962963 0.46458333333333335 0.4962962962962963 0.48541666666666666 0.5120370370370371 0.49270833333333336 0.5277777777777778 0.49583333333333335 0.5435185185185185 0.5036458333333333 0.5648148148148148 0.5078125 0.5898148148148148 0.5041666666666667 0.5944444444444444 0.5046875 0.5962962962962963 0.5229166666666667 0.5851851851851851 0.540625 0.5611111111111111 0.54375 0.5527777777777778 0.5546875 0.5388888888888889 0.5604166666666667 0.5259259259259259 0.5671875 0.5185185185185185 0.5854166666666667 0.5074074074074074 0.5916666666666667 0.4981481481481482 0.5932291666666667 0.4898148148148148 0.5916666666666667 0.48055555555555557 0.58125 0.4666666666666667 0.5729166666666666 0.42777777777777776 0.56875 0.41759259259259257 0.565625 0.4027777777777778 0.5609375 0.39351851851851855 0.5557291666666667 0.3851851851851852 0.5411458333333333 0.3712962962962963 0.51875 0.3648148148148148 0.4973958333333333 0.3648148148148148 0.48125 0.3685185185185185 0.4765625 0.37592592592592594 0.46875 0.3962962962962963 0.46145833333333336 0.4212962962962963 0.4578125 0.42592592592592593 0.4375 0.48333333333333334
3 0.6776041666666667 0.6592592592592592 0.6760416666666667 0.662962962962963 0.6770833333333334 0.6768518518518518 0.6817708333333333 0.6842592592592592 0.6869791666666667 0.687037037037037 0.7015625 0.687037037037037 0.7026041666666667 0.6990740740740741 0.7067708333333333 0.7083333333333334 0.7057291666666666 0.7268518518518519 0.7015625 0.7416666666666667 0.7015625 0.7555555555555555 0.7072916666666667 0.7666666666666667 0.7239583333333334 0.7731481481481481 0.725 0.7759259259259259 0.75 0.7888888888888889 0.7994791666666666 0.7888888888888889 0.8109375 0.7962962962962963 0.8239583333333333 0.8185185185185185 0.8302083333333333 0.8185185185185185 0.8458333333333333 0.8064814814814815 0.8692708333333333 0.7759259259259259 0.8739583333333333 0.7657407407407407 0.8796875 0.7416666666666667 0.88125 0.7194444444444444 0.884375 0.7055555555555556 0.884375 0.6916666666666667 0.8734375 0.6694444444444444 0.86875 0.6666666666666666 0.8572916666666667 0.6685185185185185 0.846875 0.6527777777777778 0.8369791666666667 0.6481481481481481 0.821875 0.6277777777777778 0.80625 0.6212962962962963 0.7911458333333333 0.6027777777777777 0.7640625 0.5777777777777777 0.7494791666666667 0.5777777777777777 0.7411458333333333 0.5731481481481482 0.7322916666666667 0.5740740740740741 0.7166666666666667 0.5935185185185186 0.70625 0.600925925925926 0.6984375 0.6148148148148148 0.6916666666666667 0.6342592592592593 0.6776041666666667 0.6592592592592592
3 0.3619791666666667 0.6268518518518519 0.359375 0.6370370370370371 0.3625 0.6555555555555556 0.37864583333333335 0.6916666666666667 0.39010416666666664 0.712037037037037 0.4036458333333333 0.7305555555555555 0.41041666666666665 0.7351851851851852 0.41822916666666665 0.7351851851851852 0.421875 0.7296296296296296 0.425 0.7185185185185186 0.4322916666666667 0.7101851851851851 0.4401041666666667 0.6916666666666667 0.45208333333333334 0.6712962962962963 0.4546875 0.6564814814814814 0.4625 0.6462962962962963 0.46979166666666666 0.6305555555555555 0.47291666666666665 0.6305555555555555 0.49583333333333335 0.6055555555555555 0.49895833333333334 0.6055555555555555 0.5223958333333333 0.5851851851851851 0.5270833333333333 0.575925925925926 0.546875 0.55 0.5630208333333333 0.5212962962962963 0.5796875 0.5120370370370371 0.5875 0.5046296296296297 0.5921875 0.4962962962962963 0.5921875 0.4842592592592593 0.58125 0.4666666666666667 0.565625 0.4027777777777778 0.5536458333333333 0.38333333333333336 0.5427083333333333 0.3731481481481482 0.5286458333333334 0.36666666666666664 0.4822916666666667 0.3685185185185185 0.4744791666666667 0.3824074074074074 0.47239583333333335 0.39166666666666666 0.4640625 0.4101851851851852 0.46197916666666666 0.4203703703703704 0.44479166666666664 0.4601851851851852 0.43020833333333336 0.5092592592592593 0.42552083333333335 0.5120370370370371 0.41770833333333335 0.5277777777777778 0.40677083333333336 0.5398148148148149 0.3963541666666667 0.5685185185185185 0.3802083333333333 0.5935185185185186 0.37552083333333336 0.5962962962962963 0.3619791666666667 0.6268518518518519
3 0.5614583333333333 0.25555555555555554 0.5609375 0.28703703703703703 0.5630208333333333 0.34629629629629627 0.5692708333333333 0.3592592592592593 0.5817708333333333 0.3592592592592593 0.5802083333333333 0.38796296296296295 0.5822916666666667 0.39166666666666666 0.5890625 0.3888888888888889 0.6020833333333333 0.3648148148148148 0.6114583333333333 0.3592592592592593 0.6255208333333333 0.3416666666666667 0.634375 0.33425925925925926 0.64375 0.3101851851851852 0.6463541666666667 0.2759259259259259 0.6453125 0.2638888888888889 0.6260416666666667 0.22592592592592592 0.6119791666666666 0.21388888888888888 0.6057291666666667 0.21388888888888888 0.6005208333333333 0.21851851851851853 0.596875 0.24382685185185188 0.5859375 0.24166666666666667 0.5869791666666667 0.21666666666666667 0.5854166666666667 0.21203703703703702 0.5796875 0.21203703703703702 0.5635416666666667 0.24351851851851852 0.5614583333333333 0.25555555555555554
3 0.7833333333333333 0.10092592592592593 0.7817708333333333 0.11388888888888889 0.7828125 0.11666666666666667 0.79375 0.12777777777777777 0.8041666666666667 0.14351851851851852 0.8088541666666667 0.15462962962962962 0.8239583333333333 0.1712962962962963 0.83125 0.17407407407407408 0.8505208333333333 0.1712962962962963 0.8625 0.15092592592592594 0.8619791666666666 0.1398148148148148 0.8447916666666667 0.11388888888888889 0.8432291666666667 0.10648148148148148 0.8442708333333333 0.10277777777777777 0.8510416666666667 0.09814814814814815 0.8583333333333333 0.09814814814814815 0.8614583333333333 0.09166666666666666 0.8614583333333333 0.08703703703703704 0.859375 0.08518518518518518 0.8375 0.07777777777777778 0.80625 0.07777777777777778 0.7927083333333333 0.06944444444444445 0.7885416666666667 0.07592592592592592 0.7833333333333333 0.10092592592592593
3 0.39739583333333334 0.1259259259259259 0.4 0.13518518518518519 0.3984375 0.15925925925925927 0.3927083333333333 0.16944444444444445 0.38645833333333335 0.1935185185185185 0.39114583333333336 0.22314814814814815 0.3984375 0.22962962962962963 0.4010416666666667 0.2462962962962963 0.4244791666666667 0.25092592592592594 0.4479166666666667 0.2638888888888889 0.4625 0.2759259259259259 0.4744791666666667 0.2777777777777778 0.4973958333333333 0.2638888888888889 0.509375 0.24351851851851852 0.5104166666666666 0.22777777777777777 0.5083333333333333 0.21666666666666667 0.5119791666666667 0.20092592592592592 0.5135416666666667 0.18333333333333332 0.5177083333333333 0.1712962962962963 0.5177083333333333 0.1574074074074074 0.5119791666666667 0.1388888888888889 0.5114583333333333 0.1259259259259259 0.4984375 0.10555555555555556 0.4942708333333333 0.10277777777777777 0.48541666666666666 0.10277777777777777 0.4765625 0.11018518518518519 0.47291666666666665 0.11018518518518519 0.46979166666666666 0.10555555555555556 0.46875 0.09444444444444444 0.46510416666666665 0.0824074074074074 0.45677083333333335 0.07592592592592592 0.44947916666666665 0.07592592592592592 0.44427083333333334 0.08055555555555556 0.4473958333333333 0.08703703703703704 0.44635416666666666 0.09074074074074075 0.4432291666666667 0.08703703703703704 0.43802083333333336 0.08703703703703704 0.4270833333333333 0.10092592592592593 0.42552083333333335 0.11388888888888889 0.42291666666666666 0.10740740740740741 0.42083333333333334 0.10740740740740741 0.4015625 0.12129629629629629 0.3984375 0.12777777777777777 0.39739583333333334 0.1259259259259259
3 0.9067708333333333 0.12129629629629629 0.90625 0.13055555555555556 0.9083333333333333 0.13703703703703704 0.9244791666666666 0.14814814814814814 0.9270833333333334 0.16296296296296298 0.9390625 0.1824074074074074 0.9442708333333333 0.18703703703703703 0.9489583333333333 0.18518518518518517 0.9630208333333333 0.1675925925925926 0.96875 0.15092592592592594 0.96875 0.13518518518518519 0.9614583333333333 0.11851851851851852 0.9364583333333333 0.10277777777777777 0.9182291666666667 0.10092592592592593 0.9135416666666667 0.10555555555555556 0.9067708333333333 0.12129629629629629