4 0.9557291666666666 0.9777777777777777 0.9541666666666667 0.9805555555555555 0.9630208333333333 0.9805555555555555 0.9557291666666666 0.9777777777777777
4 0.9453125 0.975 0.94375 0.975925925925926 0.9453125 0.9796296296296296 0.9453125 0.975
4 0.94375 0.9527777777777777 0.940625 0.9592592592592593 0.9447916666666667 0.9638888888888889 0.9484375 0.9601851851851851 0.9526041666666667 0.962037037037037 0.9578125 0.9592592592592593 0.9567708333333333 0.9527777777777777 0.94375 0.9527777777777777
4 0.8885416666666667 0.9305555555555556 0.8869791666666667 0.9324074074074075 0.8885416666666667 0.9305555555555556
4 0.8958333333333334 0.9185185185185185 0.8932291666666666 0.9231481481481482 0.8895833333333333 0.9222222222222223 0.8942708333333333 0.9277777777777778 0.8911458333333333 0.9314814814814815 0.8947916666666667 0.9324074074074075 0.8947916666666667 0.9388888888888889 0.8994791666666667 0.9462962962962963 0.925 0.9462962962962963 0.9255208333333333 0.9416666666666667 0.9208333333333333 0.9416666666666667 0.9182291666666667 0.9351851851851852 0.915625 0.9351851851851852 0.9182291666666667 0.9277777777777778 0.9151041666666667 0.9277777777777778 0.9109375 0.9194444444444444 0.9072916666666667 0.9222222222222223 0.9052083333333333 0.9194444444444444 0.8958333333333334 0.9185185185185185
4 0.8869791666666667 0.9166666666666666 0.8864583333333333 0.9185185185185185 0.8880208333333334 0.9185185185185185 0.8869791666666667 0.9166666666666666
4 0.8416666666666667 0.9055555555555556 0.8401041666666667 0.9092592592592592 0.8307291666666666 0.9101851851851852 0.83125 0.9185185185185185 0.8369791666666667 0.9185185185185185 0.8369791666666667 0.9138888888888889 0.8395833333333333 0.9101851851851852 0.8453125 0.9120370370370371 0.8484375 0.9074074074074074 0.8416666666666667 0.9055555555555556
4 0.9729166666666667 0.8981481481481481 0.9630208333333333 0.9027777777777778 0.96875 0.9055555555555556 0.9708333333333333 0.9009259259259259 0.971875 0.9055555555555556 0.975 0.9009259259259259 0.9729166666666667 0.8981481481481481
4 0.8619791666666666 0.8916666666666667 0.8614583333333333 0.8935185185185185 0.8619791666666666 0.8916666666666667
4 0.9078125 0.8712962962962963 0.9067708333333333 0.8759259259259259 0.9083333333333333 0.8805555555555555 0.8994791666666667 0.8888888888888888 0.9005208333333333 0.8962962962962963 0.9067708333333333 0.8935185185185185 0.9067708333333333 0.9 0.9036458333333334 0.9074074074074074 0.9067708333333333 0.9046296296296297 0.9083333333333333 0.9074074074074074 0.9109375 0.9018518518518519 0.9125 0.9046296296296297 0.9317708333333333 0.9046296296296297 0.9322916666666666 0.9 0.9359375 0.8962962962962963 0.9322916666666666 0.8953703703703704 0.9317708333333333 0.8870370370370371 0.9276041666666667 0.8870370370370371 0.91875 0.8796296296296297 0.921875 0.8685185185185185 0.9192708333333334 0.8648148148148148 0.9166666666666666 0.8638888888888889 0.9078125 0.8712962962962963
4 0.9385416666666667 0.8435185185185186 0.9307291666666667 0.8435185185185186 0.9307291666666667 0.8481481481481481 0.934375 0.8481481481481481 0.9348958333333334 0.8444444444444444 0.9380208333333333 0.8481481481481481 0.9385416666666667 0.8435185185185186
4 0.984375 0.8324074074074074 0.9833333333333333 0.8342592592592593 0.9875 0.8305555555555556 0.984375 0.8324074074074074
4 0.9755208333333333 0.8277777777777777 0.9692708333333333 0.8324074074074074 0.9692708333333333 0.8351851851851851 0.978125 0.8351851851851851 0.98125 0.8305555555555556 0.9755208333333333 0.8277777777777777
4 0.8333333333333334 0.8240740740740741 0.8328125 0.8277777777777777 0.8348958333333333 0.8296296296296296 0.8359375 0.825925925925926 0.8348958333333333 0.8231481481481482 0.8333333333333334 0.8240740740740741
4 0.9177083333333333 0.8097222222222222 0.0010416666666666667 0.000925925925925926
4 0.9114583333333334 0.8027777777777778 0.9104166666666667 0.8037037037037037 0.9114583333333334 0.8027777777777778
4 0.8484375 0.7981481481481482 0.8479166666666667 0.8 0.8484375 0.7981481481481482
4 0.8947916666666667 0.7916666666666666 0.8927083333333333 0.7925925925925926 0.8947916666666667 0.7916666666666666
4 0.9 0.7898148148148149 0.9 0.8064814814814815 0.9020833333333333 0.8074074074074075 0.9052083333333333 0.8009259259259259 0.9078125 0.8 0.9052083333333333 0.7962962962962963 0.9083333333333333 0.7916666666666666 0.9 0.7898148148148149
4 0.8755208333333333 0.7824074074074074 0.8723958333333334 0.7851851851851852 0.8791666666666667 0.7851851851851852 0.8755208333333333 0.7824074074074074
4 0.8526041666666667 0.7768518518518519 0.8520833333333333 0.7796296296296297 0.8541666666666666 0.7805555555555556 0.8557291666666667 0.7870370370370371 0.8583333333333333 0.7814814814814814 0.8635416666666667 0.7796296296296297 0.8625 0.7712962962962963 0.859375 0.7694444444444445 0.8526041666666667 0.7768518518518519
4 0.6125 0.3435185185185185 0.6125 0.34629629629629627 0.6239583333333333 0.3592592592592593 0.6265625 0.3731481481481482 0.6375 0.3824074074074074 0.6421875 0.37962962962962965 0.646875 0.3638888888888889 0.6494791666666667 0.3685185185185185 0.6494791666666667 0.3648148148148148 0.6453125 0.36203703703703705 0.6494791666666667 0.35555555555555557 0.6666666666666666 0.34814814814814815 0.6635416666666667 0.3435185185185185 0.6578125 0.3416666666666667 0.6182291666666667 0.3416666666666667 0.6151041666666667 0.3472222222222222 0.6125 0.3435185185185185
4 0.625 0.33055555555555555 0.6234375 0.33425925925925926 0.6260416666666667 0.337037037037037 0.6265625 0.33055555555555555 0.625 0.33055555555555555
4 0.0015625 0.020370370370370372 0.0020833333333333333 0.05740740740740741 0.004166666666666667 0.06851851851851852 0.003125 0.09166666666666666 0.0015625 0.09444444444444444 0.0020833333333333333 0.18055555555555555 0.0015625 0.21388888888888888 0 0.21481481481481482 0 0.2351851851851852 0.0015625 0.23796296296296296 0 0.24351851851851852 0.0015625 0.24814814814814815 0.0015625 0.2935185185185185 0 0.2962962962962963 0 0.3194444444444444 0.0015625 0.3212962962962963 0.0015625 0.33055555555555555 0 0.33425925925925926 0.0015625 0.337037037037037 0 0.3398148148148148 0 0.34814814814814815 0.0015625 0.3490740740740741 0 0.35555555555555557 0 0.40555555555555556 0.0015625 0.4074074074074074 0.0015625 0.4185185185185185 0 0.4212962962962963 0 0.44166666666666665 0.0015625 0.44351851851851853 0 0.44814814814814813 0 0.45925925925925926 0.0015625 0.4601851851851852 0.0015625 0.5166666666666667 0 0.5259259259259259 0.0015625 0.5296296296296297 0.0015625 0.5435185185185185 0 0.5462962962962963 0 0.5574074074074075 0.0015625 0.5611111111111111 0.0020833333333333333 0.5805555555555556 0.0015625 0.6194444444444445 0 0.6212962962962963 0.0015625 0.6287037037037037 0.0015625 0.6592592592592592 0 0.6601851851851852 0.0015625 0.6638888888888889 0 0.6666666666666666 0 0.7870370370370371 0.0015625 0.787962962962963 0.004166666666666667 0.8046296296296296 0 0.8074074074074075 0 0.8574074074074074 0.0026041666666666665 0.8583333333333333 0.0036458333333333334 0.862037037037037 0.01875 0.862037037037037 0.040625 0.8555555555555555 0.059375 0.8555555555555555 0.08229166666666667 0.8462962962962963 0.096875 0.8435185185185186 0.11302083333333333 0.8351851851851851 0.13229166666666667 0.8296296296296296 0.14479166666666668 0.8212962962962963 0.1609375 0.8166666666666667 0.18020833333333333 0.8055555555555556 0.21197916666666666 0.7962962962962963 0.25677083333333334 0.7712962962962963 0.26510416666666664 0.7601851851851852 0.2796875 0.7481481481481481 0.28125 0.7444444444444445 0.28489583333333335 0.7435185185185185 0.2953125 0.7305555555555555 0.29791666666666666 0.7305555555555555 0.3098958333333333 0.7138888888888889 0.32395833333333335 0.700925925925926 0.3380208333333333 0.6805555555555556 0.3463541666666667 0.6712962962962963 0.35208333333333336 0.6685185185185185 0.3723958333333333 0.6388888888888888 0.3984375 0.6166666666666667 0.41458333333333336 0.5916666666666667 0.4171875 0.5916666666666667 0.4192708333333333 0.587037037037037 0.43020833333333336 0.5777777777777777 0.45416666666666666 0.5435185185185185 0.48489583333333336 0.48703703703703705 0.49166666666666664 0.48055555555555557 0.5083333333333333 0.48055555555555557 0.5114583333333333 0.48518518518518516 0.5151041666666667 0.5009259259259259 0.5182291666666666 0.5055555555555555 0.51875 0.5120370370370371 0.534375 0.5583333333333333 0.5348958333333333 0.5907407407407408 0.5390625 0.6138888888888889 0.5442708333333334 0.6231481481481481 0.5578125 0.6370370370370371 0.56875 0.6370370370370371 0.578125 0.6314814814814815 0.5921875 0.6055555555555555 0.5989583333333334 0.5601851851851852 0.5989583333333334 0.5166666666666667 0.64375 0.513425925925926 0.6442708333333333 0.5324074074074074 0.65 0.5527777777777778 0.6541666666666667 0.5601851851851852 0.6614583333333334 0.5666666666666667 0.6729166666666667 0.5666666666666667 0.6838541666666667 0.5601851851851852 0.696875 0.5416666666666666 0.7088541666666667 0.5120370370370371 0.7140625 0.5092592592592593 0.7208333333333333 0.5120370370370371 0.7328125 0.5416666666666666 0.7375 0.5481481481481482 0.7520833333333333 0.5462962962962963 0.7682291666666666 0.5324074074074074 0.79375 0.4935185185185185 0.821875 0.462037037037037 0.8447916666666667 0.4287037037037037 0.8619791666666666 0.3888888888888889 0.8630208333333333 0.3787037037037037 0.8671875 0.3685185185185185 0.8807291666666667 0.31203703703703706 0.8869791666666667 0.27314814814814814 0.8864583333333333 0.24166666666666667 0.88125 0.22777777777777777 0.8802083333333334 0.21388888888888888 0.8755208333333333 0.20277777777777778 0.8744791666666667 0.19444444444444445 0.8703125 0.18888888888888888 0.8671875 0.17407407407407408 0.8505208333333333 0.13518518518518519 0.8494791666666667 0.12777777777777777 0.8385416666666666 0.10277777777777777 0.8364583333333333 0.09259259259259259 0.8322916666666667 0.08611111111111111 0.8302083333333333 0.07592592592592592 0.8255208333333334 0.06851851851851852 0.8177083333333334 0.03981481481481482 0.8145833333333333 0.03518518518518519 0.8057291666666667 0.007407407407407408 0.7979166666666667 0.002777777777777778 0.5625 0.002777777777777778 0.5567708333333333 0.005555555555555556 0.5479166666666667 0.002777777777777778 0.03333333333333333 0.002777777777777778 0.005729166666666666 0.005555555555555556 0.0020833333333333333 0.013888888888888888 0.0015625 0.020370370370370372
1 0.6 0.8398148148148148 0.5994791666666667 0.85 0.6015625 0.8601851851851852 0.6057291666666667 0.8648148148148148 0.61875 0.862037037037037 0.625 0.8648148148148148 0.6359375 0.8935185185185185 0.6651041666666667 0.8944444444444445 0.6666666666666666 0.8916666666666667 0.6666666666666666 0.8712962962962963 0.6557291666666667 0.8583333333333333 0.6520833333333333 0.8416666666666667 0.65 0.8388888888888889 0.6364583333333333 0.8388888888888889 0.6328125 0.8342592592592593 0.6302083333333334 0.8231481481481482 0.6260416666666667 0.8305555555555556 0.6244791666666667 0.8388888888888889 0.6234375 0.837037037037037 0.6213541666666667 0.8407407407407408 0.6135416666666667 0.8351851851851851 0.6041666666666666 0.8351851851851851 0.6 0.8398148148148148
3 0.8197916666666667 0.8453703703703703 0.8171875 0.8814814814814815 0.8208333333333333 0.9055555555555556 0.825 0.9212962962962963 0.8348958333333333 0.9388888888888889 0.8385416666666666 0.9416666666666667 0.8369791666666667 0.9629629629629629 0.8390625 0.975925925925926 0.8416666666666667 0.9805555555555555 0.8505208333333333 0.9824074074074074 0.8505208333333333 0.9916666666666667 0.8973958333333333 0.9962962962962963 0.9203125 0.9935185185185185 0.9947916666666666 0.9962962962962963 0.9994791666666667 0.9935185185185185 0.9994791666666667 0.9638888888888889 0.9973958333333334 0.962037037037037 0.9973958333333334 0.9537037037037037 0.9994791666666667 0.9527777777777777 0.9994791666666667 0.8 0.9979166666666667 0.799074074074074 0.9994791666666667 0.7870370370370371 0.9932291666666667 0.7805555555555556 0.9796875 0.7759259259259259 0.96875 0.7759259259259259 0.940625 0.7601851851851852 0.9114583333333334 0.7509259259259259 0.8875 0.75 0.8640625 0.7555555555555555 0.8598958333333333 0.7601851851851852 0.8557291666666667 0.7601851851851852 0.8510416666666667 0.7712962962962963 0.8447916666666667 0.7777777777777778 0.8322916666666667 0.799074074074074 0.8307291666666666 0.8092592592592592 0.8244791666666667 0.8212962962962963 0.8197916666666667 0.8453703703703703
3 0.5140625 0.4842592592592593 0.5145833333333333 0.4981481481481482 0.5182291666666666 0.5046296296296297 0.5255208333333333 0.5324074074074074 0.5317708333333333 0.5444444444444444 0.5348958333333333 0.5555555555555556 0.534375 0.5796296296296296 0.5390625 0.6148148148148148 0.5432291666666667 0.6231481481481481 0.55625 0.6370370370370371 0.5677083333333334 0.6388888888888888 0.5739583333333333 0.6370370370370371 0.5807291666666666 0.6305555555555555 0.59375 0.6046296296296296 0.6 0.5546296296296296 0.5973958333333333 0.4898148148148148 0.59375 0.48055555555555557 0.5921875 0.45740740740740743 0.5859375 0.4324074074074074 0.58125 0.42592592592592593 0.5786458333333333 0.4351851851851852 0.5692708333333333 0.44166666666666665 0.5588541666666667 0.4601851851851852 0.5458333333333333 0.47129629629629627 0.528125 0.4824074074074074 0.5140625 0.4842592592592593
3 0.5671875 0.013888888888888888 0.5692708333333333 0.024074074074074074 0.5666666666666667 0.03333333333333333 0.5671875 0.06851851851851852 0.5703125 0.08333333333333333 0.5697916666666667 0.08888888888888889 0.5760416666666667 0.10555555555555556 0.5744791666666667 0.11018518518518519 0.5770833333333333 0.12407407407407407 0.5802083333333333 0.1259259259259259 0.58125 0.17592592592592593 0.5875 0.2101851851851852 0.590625 0.21203703703703702 0.5953125 0.22314814814814815 0.6010416666666667 0.22592592592592592 0.6442708333333333 0.21944444444444444 0.6625 0.22592592592592592 0.6802083333333333 0.22592592592592592 0.6848958333333334 0.2351851851851852 0.6864583333333333 0.25092592592592594 0.6807291666666667 0.28888888888888886 0.6802083333333333 0.31296296296296294 0.6744791666666666 0.3435185185185185 0.671875 0.337037037037037 0.6630208333333333 0.337037037037037 0.6614583333333334 0.33240740740740743 0.6572916666666667 0.3351851851851852 0.6557291666666667 0.33055555555555555 0.65 0.33055555555555555 0.6411458333333333 0.32314814814814813 0.6208333333333333 0.32314814814814813 0.6135416666666667 0.33055555555555555 0.6078125 0.33055555555555555 0.6083333333333333 0.3416666666666667 0.6151041666666667 0.35555555555555557 0.6203125 0.3592592592592593 0.6255208333333333 0.37592592592592594 0.6302083333333334 0.37777777777777777 0.6395833333333333 0.39351851851851855 0.6432291666666666 0.39166666666666666 0.6473958333333333 0.39444444444444443 0.6505208333333333 0.4009259259259259 0.6578125 0.3888888888888889 0.6583333333333333 0.37777777777777777 0.6609375 0.375 0.6635416666666667 0.36666666666666664 0.6630208333333333 0.3611111111111111 0.6645833333333333 0.3592592592592593 0.6682291666666667 0.36666666666666664 0.6723958333333333 0.36944444444444446 0.6729166666666667 0.37777777777777777 0.675 0.38055555555555554 0.6895833333333333 0.3824074074074074 0.6875 0.38981481481481484 0.6786458333333333 0.3962962962962963 0.6734375 0.40555555555555556 0.6708333333333333 0.40555555555555556 0.6682291666666667 0.4101851851851852 0.6692708333333334 0.4148148148148148 0.6677083333333333 0.4185185185185185 0.6635416666666667 0.41944444444444445 0.6567708333333333 0.42962962962962964 0.6520833333333333 0.4398148148148148 0.64375 0.4685185185185185 0.64375 0.5324074074074074 0.6463541666666667 0.5444444444444444 0.6541666666666667 0.562037037037037 0.6609375 0.5685185185185185 0.6760416666666667 0.5685185185185185 0.6838541666666667 0.5638888888888889 0.6947916666666667 0.55 0.7078125 0.5185185185185185 0.7135416666666666 0.5120370370370371 0.7213541666666666 0.5138888888888888 0.7369791666666666 0.55 0.7484375 0.55 0.7557291666666667 0.5462962962962963 0.7739583333333333 0.5277777777777778 0.7880208333333333 0.5027777777777778 0.8302083333333333 0.4527777777777778 0.8484375 0.425 0.8520833333333333 0.41203703703703703 0.8614583333333333 0.39351851851851855 0.8692708333333333 0.3574074074074074 0.8791666666666667 0.32407407407407407 0.8828125 0.2972222222222222 0.8869791666666667 0.28055555555555556 0.8869791666666667 0.23981481481481481 0.8822916666666667 0.22685185185185186 0.88125 0.21481481481481482 0.8744791666666667 0.19166666666666668 0.86875 0.18055555555555555 0.8682291666666667 0.17407407407407408 0.8598958333333333 0.15092592592592594 0.8505208333333333 0.13148148148148148 0.8427083333333333 0.10555555555555556 0.8401041666666667 0.10277777777777777 0.8369791666666667 0.09351851851851851 0.8354166666666667 0.08055555555555556 0.8255208333333334 0.06388888888888888 0.8182291666666667 0.03888888888888889 0.8036458333333333 0.002777777777777778 0.7552083333333334 0.002777777777777778 0.7484375 0.005555555555555556 0.74375 0.002777777777777778 0.6625 0.002777777777777778 0.6505208333333333 0.005555555555555556 0.6359375 0.002777777777777778 0.63125 0.005555555555555556 0.61015625 0.004629629629629629 0.609375 0.007407407407407408 0.6015625 0.002777777777777778 0.6005208333333333 0.006481481481481481 0.5984375 0.002777777777777778 0.5869791666666667 0.002777777777777778 0.5854166666666667 0.007407407407407408 0.5829859375 0.004629629629629629 0.5825520833333333 0.007407407407407408 0.5800348958333333 0.004629629629629629 0.5796875 0.007407407407407408 0.5770833333333333 0.004629629629629629 0.5711807291666666 0.004629629629629629 0.5692708333333333 0.008333333333333333 0.5682291666666667 0.004629629629629629 0.56875 0.010185185185185186 0.5671875 0.013888888888888888