4 0.0375 0 0.059375 0.003703703703703704 0.1328125 0 0.13541666666666666 0.003703703703703704 0.14947916666666666 0.049074074074074076 0.15 0.06574074074074074 0.15677083333333333 0.12037037037037036 0.17135416666666667 0.175 0.178125 0.2324074074074074 0.18229166666666666 0.25092592592592594 0.18177083333333333 0.26944444444444443 0.18385416666666668 0.2777777777777778 0.19739583333333333 0.2777777777777778 0.203125 0.27037037037037037 0.22135416666666666 0.2777777777777778 0.24895833333333334 0.27037037037037037 0.2869791666666667 0.2712962962962963 0.3078125 0.2824074074074074 0.32447916666666665 0.2953703703703704 0.34791666666666665 0.3212962962962963 0.35572916666666665 0.33611111111111114 0.3880208333333333 0.40555555555555556 0.3932291666666667 0.425 0.4015625 0.4425925925925926 0.40520833333333334 0.46574074074074073 0.41770833333333335 0.5009259259259259 0.4239583333333333 0.5388888888888889 0.42291666666666666 0.5611111111111111 0.4276041666666667 0.5953703703703703 0.4317708333333333 0.65 0.4317708333333333 0.6601851851851852 0.4244791666666667 0.6657407407407407 0.4239583333333333 0.675 0.4197916666666667 0.6861111111111111 0.41458333333333336 0.6925925925925925 0.41458333333333336 0.6990740740740741 0.4109375 0.7046296296296296 0.40572916666666664 0.7064814814814815 0.4114583333333333 0.7083333333333334 0.4109375 0.7101851851851851 0.40625 0.7101851851851851 0.4036458333333333 0.7138888888888889 0.40260416666666665 0.7064814814814815 0.39739583333333334 0.7027777777777777 0.39114583333333336 0.7055555555555556 0.39375 0.7092592592592593 0.38697916666666665 0.7101851851851851 0.38697916666666665 0.7064814814814815 0.3828125 0.7027777777777777 0.38385416666666666 0.6990740740740741 0.39791666666666664 0.6972222222222222 0.390625 0.6861111111111111 0.3796875 0.6851851851851852 0.3729166666666667 0.6935185185185185 0.3692708333333333 0.7046296296296296 0.3723958333333333 0.7361111111111112 0.3765625 0.7453703703703703 0.37864583333333335 0.7416666666666667 0.3848958333333333 0.7398148148148148 0.40989583333333335 0.7398148148148148 0.41822916666666665 0.7305555555555555 0.42135416666666664 0.7324074074074074 0.43385416666666665 0.7768518518518519 0.43802083333333336 0.8027777777777778 0.434375 0.8212962962962963 0.4119791666666667 0.862037037037037 0.39010416666666664 0.8759259259259259 0.3807291666666667 0.8722222222222222 0.37395833333333334 0.8546296296296296 0.3651041666666667 0.8453703703703703 0.3640625 0.8305555555555556 0.3625 0.8287037037037037 0.35833333333333334 0.8407407407407408 0.359375 0.8453703703703703 0.35520833333333335 0.8518518518518519 0.3359375 0.8712962962962963 0.3307291666666667 0.8731481481481481 0.328125 0.8916666666666667 0.32083333333333336 0.9074074074074074 0.303125 0.9175925925925926 0.29322916666666665 0.9351851851851852 0.27395833333333336 0.9453703703703704 0.26510416666666664 0.9453703703703704 0.26197916666666665 0.937962962962963 0.2552083333333333 0.937962962962963 0.253125 0.9351851851851852 0.25416666666666665 0.9305555555555556 0.2520833333333333 0.9259259259259259 0.24427083333333333 0.9194444444444444 0.24114583333333334 0.9203703703703704 0.2375 0.912962962962963 0.2265625 0.912962962962963 0.22395833333333334 0.9074074074074074 0.21666666666666667 0.9138888888888889 0.2109375 0.9083333333333333 0.20677083333333332 0.9083333333333333 0.19739583333333333 0.9138888888888889 0.1953125 0.9203703703703704 0.1921875 0.9203703703703704 0.18802083333333333 0.9259259259259259 0.18385416666666668 0.924074074074074 0.18177083333333333 0.9166666666666666 0.16614583333333333 0.8962962962962963 0.15052083333333333 0.8962962962962963 0.13854166666666667 0.9064814814814814 0.13541666666666666 0.9037037037037037 0.11927083333333334 0.8453703703703703 0.10052083333333334 0.8240740740740741 0.06875 0.7555555555555555 0.0578125 0.7268518518518519 0.04375 0.6833333333333333 0.035416666666666666 0.6305555555555555 0.034895833333333334 0.5851851851851851 0.03854166666666667 0.5435185185185185 0.052083333333333336 0.4861111111111111 0.07239583333333334 0.4388888888888889 0.075 0.4101851851851852 0.0796875 0.39444444444444443 0.0765625 0.3851851851851852 0.05 0.3472222222222222 0.04479166666666667 0.3435185185185185 0.036458333333333336 0.3435185185185185 0.022395833333333334 0.3333333333333333 0.0036458333333333334 0.31203703703703706 0.0020833333333333333 0.3037037037037037 0 0.30277777777777776 0 0.2759259259259259 0.0036458333333333334 0.26851851851851855 0.0026041666666666665 0.24722222222222223 0 0.24351851851851852 0 0.12777777777777777 0.0036458333333333334 0.125 0.0046875 0.11203703703703703 0.0046875 0.08703703703703704 0.0026041666666666665 0.07037037037037037 0 0.06759259259259259 0 0.01574074074074074 0.0078125 0.004629629629629629 0.0375 0.000925925925925926
4 0.6838541666666667 0.8 0.6989583333333333 0.8055555555555556 0.70625 0.8138888888888889 0.728125 0.8592592592592593 0.7354166666666667 0.9046296296296297 0.7421875 0.9990740740740741 0.6776041666666667 0.9990740740740741 0.6744791666666666 0.9722222222222222 0.6739583333333333 0.9277777777777778 0.6713541666666667 0.9231481481481482 0.64375 0.9222222222222223 0.64375 0.9083333333333333 0.6526041666666667 0.8962962962962963 0.6536458333333334 0.8898148148148148 0.6317708333333333 0.8759259259259259 0.6302083333333334 0.8731481481481481 0.6317708333333333 0.8666666666666667 0.6364583333333333 0.8611111111111112 0.6484375 0.8601851851851852 0.6536458333333334 0.8555555555555555 0.6546875 0.8314814814814815 0.6520833333333333 0.8277777777777777 0.6505208333333333 0.8166666666666667 0.6546875 0.8046296296296296 0.6630208333333333 0.7981481481481482 0.6833333333333333 0.8
4 0.5098958333333333 0 0.6317708333333333 0 0.6255208333333333 0.028703703703703703 0.621875 0.07777777777777778 0.6458333333333334 0.1 0.6661458333333333 0.15 0.6755208333333333 0.1638888888888889 0.6822916666666666 0.20277777777777778 0.6854166666666667 0.23981481481481481 0.6854166666666667 0.262037037037037 0.6911458333333333 0.2824074074074074 0.6927083333333334 0.3055555555555556 0.6890625 0.337037037037037 0.6895833333333333 0.35555555555555557 0.6848958333333334 0.36666666666666664 0.6828125 0.3907407407407407 0.6854166666666667 0.4324074074074074 0.6729166666666667 0.46111111111111114 0.66875 0.46574074074074073 0.640625 0.46296296296296297 0.6375 0.46574074074074073 0.6223958333333334 0.5064814814814815 0.6151041666666667 0.5203703703703704 0.5984375 0.5305555555555556 0.5864583333333333 0.5277777777777778 0.584375 0.5351851851851852 0.5802083333333333 0.5370370370370371 0.5770833333333333 0.5435185185185185 0.5697916666666667 0.5462962962962963 0.5614583333333333 0.5555555555555556 0.54375 0.587037037037037 0.5395833333333333 0.5898148148148148 0.5296875 0.6055555555555555 0.5192708333333333 0.6092592592592593 0.5083333333333333 0.625 0.5015625 0.6314814814814815 0.4979166666666667 0.6314814814814815 0.4942708333333333 0.6231481481481481 0.490625 0.5879629629629629 0.484375 0.5638888888888889 0.47708333333333336 0.5527777777777778 0.4635416666666667 0.5416666666666666 0.4578125 0.5324074074074074 0.45625 0.5212962962962963 0.44947916666666665 0.5009259259259259 0.44895833333333335 0.4898148148148148 0.44375 0.4638888888888889 0.4427083333333333 0.4425925925925926 0.4432291666666667 0.4212962962962963 0.4453125 0.4101851851851852 0.4453125 0.3638888888888889 0.4515625 0.3296296296296296 0.45364583333333336 0.25092592592592594 0.4625 0.18518518518518517 0.4734375 0.1574074074074074 0.4875 0.13333333333333333 0.509375 0.10277777777777777 0.5161458333333333 0.1 0.521875 0.09351851851851851 0.5333333333333333 0.075 0.5338541666666666 0.06851851851851852 0.5302083333333333 0.05277777777777778 0.5192708333333333 0.03888888888888889 0.5114583333333333 0.019444444444444445 0.509375 0.010185185185185186 0.5098958333333333 0.000925925925925926
0 0.3875 0.9444444444444444 0.396875 0.950925925925926 0.4005208333333333 0.962037037037037 0.41354166666666664 0.9657407407407408 0.41875 0.9703703703703703 0.43125 0.9888888888888889 0.4322916666666667 0.9990740740740741 0.3536458333333333 0.9990740740740741 0.353125 0.9805555555555555 0.35520833333333335 0.9703703703703703 0.3703125 0.9601851851851851 0.3729166666666667 0.9481481481481482 0.38697916666666665 0.9444444444444444
0 0.6776041666666667 0.799074074074074 0.6927083333333334 0.8027777777777778 0.703125 0.8101851851851852 0.7109375 0.8222222222222222 0.7270833333333333 0.8574074074074074 0.7354166666666667 0.9074074074074074 0.7421875 0.9990740740740741 0.678125 0.9990740740740741 0.6744791666666666 0.9629629629629629 0.675 0.9277777777777778 0.6713541666666667 0.9222222222222223 0.6473958333333333 0.9222222222222223 0.64375 0.9194444444444444 0.64375 0.9101851851851852 0.6536458333333334 0.8944444444444445 0.6536458333333334 0.8907407407407407 0.6479166666666667 0.8833333333333333 0.6333333333333333 0.8768518518518519 0.63125 0.8731481481481481 0.6317708333333333 0.8694444444444445 0.6359375 0.862037037037037 0.6479166666666667 0.8601851851851852 0.6515625 0.8555555555555555 0.653125 0.8407407407407408 0.6505208333333333 0.8166666666666667 0.6541666666666667 0.8055555555555556 0.6645833333333333 0.7981481481481482 0.6770833333333334 0.799074074074074
3 0.6822916666666666 0.8 0.6979166666666666 0.8055555555555556 0.7098958333333333 0.8203703703703704 0.7270833333333333 0.8574074074074074 0.7354166666666667 0.9074074074074074 0.7364583333333333 0.937037037037037 0.7276041666666667 0.9444444444444444 0.7067708333333333 0.9824074074074074 0.7 0.9879629629629629 0.6786458333333333 0.987037037037037 0.6755208333333333 0.9731481481481481 0.6744791666666666 0.925 0.6713541666666667 0.9203703703703704 0.6442708333333333 0.9203703703703704 0.6427083333333333 0.9148148148148149 0.64375 0.9083333333333333 0.6526041666666667 0.899074074074074 0.6557291666666667 0.8935185185185185 0.6552083333333333 0.8898148148148148 0.6489583333333333 0.8833333333333333 0.6333333333333333 0.8768518518518519 0.6317708333333333 0.8731481481481481 0.6322916666666667 0.8657407407407407 0.634375 0.8629629629629629 0.6520833333333333 0.8611111111111112 0.6546875 0.8583333333333333 0.6546875 0.8314814814814815 0.6510416666666666 0.8185185185185185 0.6546875 0.8055555555555556 0.6630208333333333 0.799074074074074 0.6817708333333333 0.8
3 0.4125 0.6555555555555556 0.4244791666666667 0.6712962962962963 0.4234375 0.6796296296296296 0.42604166666666665 0.687962962962963 0.42604166666666665 0.6925925925925925 0.41875 0.6990740740740741 0.41770833333333335 0.7111111111111111 0.41302083333333334 0.7240740740740741 0.42291666666666666 0.7268518518518519 0.4244791666666667 0.7407407407407407 0.43802083333333336 0.7925925925925926 0.4390625 0.8138888888888889 0.43697916666666664 0.8222222222222222 0.415625 0.8648148148148148 0.4119791666666667 0.8694444444444445 0.3927083333333333 0.8787037037037037 0.38645833333333335 0.8787037037037037 0.37916666666666665 0.8740740740740741 0.371875 0.8583333333333333 0.365625 0.850925925925926 0.3651041666666667 0.8268518518518518 0.37135416666666665 0.7944444444444444 0.3723958333333333 0.7601851851851852 0.3765625 0.7416666666666667 0.39791666666666664 0.737037037037037 0.4015625 0.7333333333333333 0.3958333333333333 0.7268518518518519 0.3880208333333333 0.7333333333333333 0.37916666666666665 0.7287037037037037 0.378125 0.7203703703703703 0.38125 0.7129629629629629 0.3807291666666667 0.6990740740740741 0.3880208333333333 0.6925925925925925 0.3828125 0.6888888888888889 0.3828125 0.6814814814814815 0.39375 0.6592592592592592 0.4010416666666667 0.6537037037037037 0.4119791666666667 0.6555555555555556
3 0.6072916666666667 0.40370370370370373 0.6364583333333333 0.41574074074074074 0.6416666666666667 0.4351851851851852 0.6395833333333333 0.4537037037037037 0.6348958333333333 0.4722222222222222 0.6223958333333334 0.5074074074074074 0.6130208333333333 0.5222222222222223 0.6020833333333333 0.5287037037037037 0.5932291666666667 0.5277777777777778 0.5859375 0.5231481481481481 0.5713541666666667 0.5055555555555555 0.5604166666666667 0.5046296296296297 0.5520833333333334 0.47685185185185186 0.5505208333333333 0.4583333333333333 0.553125 0.44351851851851853 0.5604166666666667 0.4305555555555556 0.5734375 0.42407407407407405 0.5828125 0.4074074074074074 0.5911458333333334 0.4027777777777778 0.6067708333333334 0.40370370370370373
3 0.1671875 0.8981481481481481 0.17708333333333334 0.9111111111111111 0.18177083333333333 0.925 0.1859375 0.9685185185185186 0.18541666666666667 0.9990740740740741 0.14947916666666666 0.9990740740740741 0.1453125 0.9925925925925926 0.14479166666666668 0.975925925925926 0.14114583333333333 0.9657407407407408 0.13697916666666668 0.9361111111111111 0.1375 0.9185185185185185 0.14583333333333334 0.9009259259259259 0.15052083333333333 0.8972222222222223 0.15885416666666666 0.8953703703703704 0.16666666666666666 0.8981481481481481
3 0.6713541666666667 0.3287037037037037 0.6776041666666667 0.3351851851851852 0.6822916666666666 0.35648148148148145 0.6828125 0.3990740740740741 0.6859375 0.4166666666666667 0.6864583333333333 0.4324074074074074 0.6838541666666667 0.4425925925925926 0.6755208333333333 0.4601851851851852 0.6677083333333333 0.4685185185185185 0.64375 0.462037037037037 0.6421875 0.45925925925925926 0.6421875 0.4444444444444444 0.6479166666666667 0.41574074074074074 0.6479166666666667 0.4 0.653125 0.3768518518518518 0.65625 0.35185185185185186 0.6625 0.33425925925925926 0.6708333333333333 0.3287037037037037
3 0.3302083333333333 0.912962962962963 0.3359375 0.9175925925925926 0.3411458333333333 0.9287037037037037 0.34010416666666665 0.9388888888888889 0.3416666666666667 0.9425925925925925 0.3328125 0.9490740740740741 0.32395833333333335 0.962037037037037 0.31302083333333336 0.9824074074074074 0.3098958333333333 0.9953703703703703 0.3026041666666667 0.9990740740740741 0.26875 0.9990740740740741 0.27239583333333334 0.9638888888888889 0.2791666666666667 0.95 0.284375 0.9453703703703704 0.29322916666666665 0.9435185185185185 0.30520833333333336 0.925 0.32395833333333335 0.9111111111111111 0.3296875 0.912962962962963