4 0.6078125 0.9314814814814815 0.6078125 0.9388888888888889 0.6046875 0.9481481481481482 0.6015625 0.950925925925926 0.6036458333333333 0.9601851851851851 0.5947916666666667 0.9666666666666667 0.5932291666666667 0.9694444444444444 0.59375 0.975925925925926 0.5916666666666667 0.9796296296296296 0.5838541666666667 0.9805555555555555 0.5807291666666666 0.9861111111111112 0.5796875 0.9824074074074074 0.5786458333333333 0.9842592592592593 0.58125 0.987037037037037 0.58125 0.9916666666666667 0.5833333333333334 0.987037037037037 0.5869791666666667 0.987037037037037 0.5901041666666667 0.9916666666666667 0.5958333333333333 0.9935185185185185 0.6291666666666667 0.9962962962962963 0.6411458333333333 0.9935185185185185 0.6432291666666666 0.9888888888888889 0.6473958333333333 0.9916666666666667 0.6526041666666667 0.987037037037037 0.6609375 0.987037037037037 0.6640625 0.9935185185185185 0.6682291666666667 0.9907407407407407 0.66875 0.9935185185185185 0.6692708333333334 0.987037037037037 0.6734375 0.987037037037037 0.6755208333333333 0.9916666666666667 0.6807291666666667 0.9935185185185185 0.6833333333333333 0.9898148148148148 0.6817708333333333 0.9824074074074074 0.6786458333333333 0.9842592592592593 0.675 0.9777777777777777 0.6708333333333333 0.9777777777777777 0.6682291666666667 0.9685185185185186 0.6640625 0.962037037037037 0.6567708333333333 0.9638888888888889 0.6541666666666667 0.950925925925926 0.65 0.9481481481481482 0.6473958333333333 0.9416666666666667 0.6453125 0.9416666666666667 0.6286458333333333 0.9185185185185185 0.6182291666666667 0.9185185185185185
4 0.43385416666666665 0.8703703703703703 0.43333333333333335 0.8731481481481481 0.4375 0.8731481481481481 0.43697916666666664 0.8685185185185185
4 0.425 0.8305555555555556 0.421875 0.8342592592592593 0.4239583333333333 0.8435185185185186 0.43125 0.8416666666666667 0.4328125 0.837037037037037 0.43697916666666664 0.837037037037037 0.43802083333333336 0.8462962962962963 0.4395833333333333 0.8472222222222222 0.434375 0.8555555555555555 0.446875 0.8592592592592593 0.4401041666666667 0.8694444444444445 0.44166666666666665 0.8666666666666667 0.4427083333333333 0.8694444444444445 0.44895833333333335 0.8648148148148148 0.4505208333333333 0.8601851851851852 0.45625 0.8574074074074074 0.45677083333333335 0.8527777777777777 0.45989583333333334 0.85 0.45989583333333334 0.8388888888888889 0.4552083333333333 0.8416666666666667 0.45416666666666666 0.837037037037037 0.446875 0.8296296296296296 0.4375 0.8296296296296296 0.4348958333333333 0.8351851851851851 0.433984375 0.8305555555555556
4 0.6229166666666667 0.8231481481481482 0.6177083333333333 0.8231481481481482 0.6177083333333333 0.825925925925926 0.628125 0.8277777777777777
4 0.6078125 0.8703703703703703 0.6078125 0.8787037037037037 0.6114583333333333 0.8870370370370371 0.634375 0.8935185185185185 0.6359375 0.9055555555555556 0.6458333333333334 0.925 0.6484375 0.9259259259259259 0.6505208333333333 0.9324074074074075 0.6541666666666667 0.9351851851851852 0.6541666666666667 0.9388888888888889 0.6598958333333333 0.9416666666666667 0.6625 0.9462962962962963 0.6682291666666667 0.9462962962962963 0.6708333333333333 0.9527777777777777 0.6744791666666666 0.9527777777777777 0.68125 0.9601851851851851 0.6932291666666667 0.9666666666666667 0.7083333333333334 0.9648148148148148 0.7067708333333333 0.9555555555555556 0.6989583333333333 0.95 0.6994791666666667 0.9351851851851852 0.6979166666666666 0.9351851851851852 0.6921875 0.9231481481481482 0.6875 0.9212962962962963 0.6869791666666667 0.9101851851851852 0.6796875 0.9046296296296297 0.675 0.8898148148148148 0.6744791666666666 0.8824074074074074 0.6708333333333333 0.8824074074074074 0.6666666666666666 0.8768518518518519 0.6682291666666667 0.8712962962962963 0.6625 0.8648148148148148 0.65 0.8685185185185185 0.64375 0.8638888888888889 0.6421875 0.8574074074074074 0.65 0.8555555555555555 0.65 0.8527777777777777 0.646875 0.850925925925926 0.6453125 0.8444444444444444 0.6416666666666667 0.8407407407407408 0.6432291666666666 0.8388888888888889 0.6411458333333333 0.8351851851851851 0.6416666666666667 0.8231481481481482 0.6380208333333334 0.8231481481481482 0.6364583333333333 0.8277777777777777 0.63125 0.8296296296296296 0.6286458333333333 0.8416666666666667 0.6260416666666667 0.8435185185185186 0.63125 0.850925925925926 0.6286458333333333 0.8685185185185185 0.6229166666666667 0.8759259259259259 0.6244791666666667 0.8777777777777778 0.6239583333333333 0.8805555555555555 0.61875 0.8805555555555555 0.6151041666666667 0.8768518518518519 0.6145833333333334 0.8712962962962963 0.6125 0.8685185185185185 0.6125 0.8601851851851852
4 0.7744791666666667 0.812037037037037 0.775 0.8268518518518518 0.7807291666666667 0.837037037037037 0.7817708333333333 0.8537037037037037 0.7880208333333333 0.887962962962963 0.7885416666666667 0.9037037037037037 0.796875 0.9138888888888889 0.8005208333333333 0.9009259259259259 0.8052083333333333 0.8981481481481481 0.8166666666666667 0.8731481481481481 0.8161458333333333 0.8481481481481481 0.8119791666666667 0.8212962962962963 0.8046875 0.8101851851851852 0.796875 0.8074074074074075 0.7869791666666667 0.8074074074074075
4 0.6169270833333333 0.8032407407407407 0.0015625 0.004629629629629629
4 0.3932291666666667 0.8009259259259259 0.39166666666666666 0.8074074074074075 0.39375 0.8101851851851852
4 0.4041666666666667 0.7685185185185185 0.40208333333333335 0.7759259259259259 0.4005208333333333 0.7759259259259259 0.4041666666666667 0.7787037037037037 0.40208333333333335 0.7842592592592592 0.40677083333333336 0.7851851851851852 0.41510416666666666 0.7944444444444444 0.4161458333333333 0.799074074074074 0.4119791666666667 0.8037037037037037 0.4166666666666667 0.8055555555555556 0.42083333333333334 0.8138888888888889 0.4239583333333333 0.8138888888888889 0.4265625 0.8185185185185185 0.4317708333333333 0.8185185185185185 0.4348958333333333 0.8148148148148148 0.44895833333333335 0.8148148148148148 0.4515625 0.8231481481481482 0.45625 0.8240740740740741 0.45677083333333335 0.8166666666666667 0.453125 0.7907407407407407 0.4453125 0.7870370370370371 0.4427083333333333 0.7935185185185185 0.4375 0.7944444444444444 0.4354166666666667 0.7981481481481482 0.4270833333333333 0.7962962962962963 0.42291666666666666 0.7870370370370371 0.41875 0.7861111111111111 0.4171875 0.7805555555555556 0.4192708333333333 0.7759259259259259 0.41822916666666665 0.7731481481481481 0.41822916666666665 0.7777777777777778 0.4161458333333333 0.7787037037037037 0.4114583333333333 0.7685185185185185 0.4078125 0.7712962962962963
4 0.6223958333333334 0.7611111111111111 0.6213541666666667 0.7638888888888888 0.6234375 0.7648148148148148 0.63125 0.7648148148148148 0.6328125 0.7601851851851852 0.6354166666666666 0.7638888888888888 0.6348958333333333 0.7601851851851852 0.6291666666666667 0.7583333333333333 0.6369791666666667 0.7481481481481481 0.6359375 0.7444444444444445 0.6416666666666667 0.7398148148148148 0.6317708333333333 0.7398148148148148 0.6328125 0.7435185185185185 0.6296875 0.7481481481481481 0.6296875 0.7527777777777778 0.6270833333333333 0.7518518518518519
4 0.43125 0.7324074074074074 0.43020833333333336 0.7379629629629629 0.4322916666666667 0.7388888888888889
4 0.4239583333333333 0.712037037037037 0.425 0.725925925925926 0.4276041666666667 0.7231481481481481 0.4270833333333333 0.7194444444444444 0.42916666666666664 0.7166666666666667
4 0.49166666666666664 0.6851851851851852 0.4890625 0.6851851851851852 0.4901041666666667 0.6888888888888889 0.49166666666666664 0.6888888888888889
4 0.3203125 0.44166666666666665 0.31979166666666664 0.45092592592592595 0.321875 0.45092592592592595 0.32447916666666665 0.44351851851851853
4 0.6520833333333333 0.525 0.6526041666666667 0.5351851851851852 0.65 0.5453703703703704 0.6510416666666666 0.5564814814814815 0.6484375 0.5666666666666667 0.6494791666666667 0.587037037037037 0.6520833333333333 0.5916666666666667 0.6494791666666667 0.5990740740740741 0.6494791666666667 0.6240740740740741 0.6510416666666666 0.6351851851851852 0.6536458333333334 0.6398148148148148 0.65625 0.6675925925925926 0.6536458333333334 0.687962962962963 0.6505208333333333 0.6962962962962963 0.6322916666666667 0.6990740740740741 0.6322916666666667 0.725925925925926 0.6359375 0.7324074074074074 0.6416666666666667 0.7305555555555555 0.6432291666666666 0.7351851851851852 0.6463541666666667 0.7324074074074074 0.65 0.7342592592592593 0.6526041666666667 0.7277777777777777 0.6541666666666667 0.7305555555555555 0.6541666666666667 0.7277777777777777 0.6583333333333333 0.7231481481481481 0.6697916666666667 0.7166666666666667 0.6854166666666667 0.6962962962962963 0.6921875 0.6916666666666667 0.6989583333333333 0.6916666666666667 0.7015625 0.6962962962962963 0.7166666666666667 0.6990740740740741 0.7333333333333333 0.7138888888888889 0.7447916666666666 0.7185185185185186 0.7536458333333333 0.7305555555555555 0.7552083333333334 0.737037037037037 0.76875 0.7638888888888888 0.7932291666666667 0.7685185185185185 0.8026041666666667 0.7842592592592592 0.8145833333333333 0.7935185185185185 0.825 0.8185185185185185 0.8286458333333333 0.8379629629629629 0.8291666666666667 0.85 0.8270833333333333 0.8555555555555555 0.8239583333333333 0.8796296296296297 0.815625 0.9046296296296297 0.8078125 0.9185185185185185 0.8 0.9277777777777778 0.7973958333333333 0.9277777777777778 0.7953125 0.9351851851851852 0.8015625 0.95 0.8177083333333334 0.975 0.83125 0.975 0.8364583333333333 0.9814814814814815 0.8380208333333333 0.987037037037037 0.8505208333333333 0.9944444444444445 0.8807291666666667 0.9944444444444445 0.8869791666666667 0.9916666666666667 0.8973958333333333 0.9935185185185185 0.9166666666666666 0.9916666666666667 0.9182291666666667 0.9888888888888889 0.9213541666666667 0.9888888888888889 0.925 0.9935185185185185 0.9359375 0.9935185185185185 0.94375 0.9888888888888889 0.9567708333333333 0.9731481481481481 0.9682291666666667 0.9666666666666667 0.98125 0.9527777777777777 0.9890625 0.9462962962962963 0.9927083333333333 0.9462962962962963 0.9958333333333333 0.9416666666666667 0.9958333333333333 0.9277777777777778 0.9994791666666667 0.9259259259259259 0.9994791666666667 0.9185185185185185 0.9963541666666667 0.9166666666666666 0.9953125 0.9009259259259259 0.9963541666666667 0.8981481481481481 0.9994791666666667 0.8981481481481481 0.9994791666666667 0.8935185185185185 0.9958333333333333 0.887962962962963 0.9963541666666667 0.8731481481481481 0.9942708333333333 0.8648148148148148 0.990625 0.862037037037037 0.9921875 0.8555555555555555 0.9901041666666667 0.850925925925926 0.9895833333333334 0.8416666666666667 0.9880208333333333 0.837037037037037 0.9833333333333333 0.8351851851851851 0.9822916666666667 0.8314814814814815 0.9921875 0.8277777777777777 0.9963541666666667 0.8212962962962963 0.9947916666666666 0.8064814814814815 0.9973958333333334 0.7981481481481482 0.9953125 0.7888888888888889 0.9994791666666667 0.7851851851851852 0.9994791666666667 0.7277777777777777 0.9942708333333333 0.7231481481481481 0.9901041666666667 0.725925925925926 0.9859375 0.7333333333333333 0.9854166666666667 0.7398148148148148 0.9822916666666667 0.7444444444444445 0.9786458333333333 0.7583333333333333 0.9708333333333333 0.7666666666666667 0.9625 0.7685185185185185 0.9552083333333333 0.7944444444444444 0.9541666666666667 0.8046296296296296 0.9505208333333334 0.8055555555555556 0.9479166666666666 0.8009259259259259 0.94375 0.799074074074074 0.9375 0.7796296296296297 0.9375 0.7509259259259259 0.9354166666666667 0.7351851851851852 0.9276041666666667 0.725925925925926 0.9244791666666666 0.712037037037037 0.9171875 0.7101851851851851 0.9182291666666667 0.6962962962962963 0.9229166666666667 0.6916666666666667 0.9328125 0.6370370370370371 0.9432291666666667 0.6101851851851852 0.9473958333333333 0.612037037037037 0.9494791666666667 0.625 0.9619791666666667 0.6277777777777778 0.9661458333333334 0.6259259259259259 0.9666666666666667 0.6212962962962963 0.971875 0.6185185185185185 0.9770833333333333 0.6074074074074074 0.9822916666666667 0.6027777777777777 0.9994791666666667 0.6027777777777777 0.9994791666666667 0.575925925925926 0.9973958333333334 0.575 0.9973958333333334 0.5666666666666667 0.9942708333333333 0.5564814814814815 0.9942708333333333 0.5527777777777778 0.996875 0.5509259259259259 0.9979166666666667 0.5444444444444444 0.9994791666666667 0.5435185185185185 0.9994791666666667 0.5046296296296297 0.9859375 0.4962962962962963 0.9489583333333333 0.4962962962962963 0.9255208333333333 0.5 0.9177083333333333 0.4962962962962963 0.8859375 0.4935185185185185 0.8791666666666667 0.4888888888888889 0.8635416666666667 0.48518518518518516 0.8239583333333333 0.4824074074074074 0.8026041666666667 0.47314814814814815 0.8 0.4685185185185185 0.7942708333333334 0.4666666666666667 0.7911458333333333 0.462037037037037 0.784375 0.45925925925925926 0.7578125 0.43703703703703706 0.7473958333333334 0.4324074074074074 0.7296875 0.4305555555555556 0.7135416666666666 0.43425925925925923 0.6984375 0.44814814814814813 0.6885416666666667 0.44907407407407407 0.6807291666666667 0.45740740740740743 0.6671875 0.4759259259259259 0.6583333333333333 0.5027777777777778 0.65625 0.5166666666666667
4 0.027083333333333334 0.24351851851851852 0.0234375 0.26666666666666666 0.021354166666666667 0.26944444444444443 0.0171875 0.2916666666666667 0.013020833333333334 0.30277777777777776 0.007291666666666667 0.3351851851851852 0 0.35555555555555557 0 0.5527777777777778 0.0015625 0.5537037037037037 0 0.5574074074074075 0 0.6444444444444445 0.0036458333333333334 0.649074074074074 0.0020833333333333333 0.6805555555555556 0 0.6824074074074075 0 0.712037037037037 0.0046875 0.7194444444444444 0.003125 0.7287037037037037 0.0036458333333333334 0.7620370370370371 0.0015625 0.7731481481481481 0 0.774074074074074 0 0.8305555555555556 0.00625 0.850925925925926 0.00625 0.862037037037037 0 0.8666666666666667 0 0.9916666666666667 0.0515625 0.9981481481481481 0.1046875 0.9962962962962963 0.10729166666666666 0.9935185185185185 0.30416666666666664 0.9935185185185185 0.33177083333333335 0.962037037037037 0.3421875 0.9592592592592593 0.3458333333333333 0.9555555555555556 0.35572916666666665 0.9555555555555556 0.35989583333333336 0.9462962962962963 0.3807291666666667 0.9305555555555556 0.4005208333333333 0.8981481481481481 0.4114583333333333 0.8935185185185185 0.4192708333333333 0.8824074074074074 0.421875 0.8824074074074074 0.42083333333333334 0.8768518518518519 0.42552083333333335 0.8759259259259259 0.4125 0.8740740740740741 0.4083333333333333 0.8629629629629629 0.4119791666666667 0.8574074074074074 0.4119791666666667 0.850925925925926 0.41041666666666665 0.8490740740740741 0.4114583333333333 0.8435185185185186 0.4015625 0.8416666666666667 0.39947916666666666 0.837037037037037 0.39739583333333334 0.837037037037037 0.39739583333333334 0.8305555555555556 0.39375 0.8277777777777777 0.3921875 0.8222222222222222 0.3932291666666667 0.812037037037037 0.39010416666666664 0.812037037037037 0.3880208333333333 0.8064814814814815 0.3885416666666667 0.7731481481481481 0.38697916666666665 0.7722222222222223 0.3885416666666667 0.7666666666666667 0.38645833333333335 0.7657407407407407 0.3859375 0.7583333333333333 0.3880208333333333 0.7546296296296297 0.3875 0.7472222222222222 0.39375 0.7324074074074074 0.3984375 0.7296296296296296 0.39947916666666666 0.7194444444444444 0.40625 0.7064814814814815 0.4119791666666667 0.700925925925926 0.415625 0.6851851851851852 0.41302083333333334 0.675 0.4140625 0.6712962962962963 0.4109375 0.6648148148148149 0.4010416666666667 0.6601851851851852 0.3932291666666667 0.6509259259259259 0.39114583333333336 0.6351851851851852 0.38645833333333335 0.6268518518518519 0.3854166666666667 0.6203703703703703 0.38333333333333336 0.6046296296296296 0.384375 0.5898148148148148 0.3802083333333333 0.5666666666666667 0.3776041666666667 0.5648148148148148 0.3765625 0.5601851851851852 0.37083333333333335 0.5592592592592592 0.36614583333333334 0.5527777777777778 0.36041666666666666 0.5527777777777778 0.35625 0.55 0.35520833333333335 0.5462962962962963 0.3494791666666667 0.5435185185185185 0.34375 0.5351851851851852 0.3375 0.5203703703703704 0.33541666666666664 0.5046296296296297 0.33645833333333336 0.4824074074074074 0.33489583333333334 0.47962962962962963 0.3302083333333333 0.47962962962962963 0.3255208333333333 0.4722222222222222 0.32708333333333334 0.4638888888888889 0.32395833333333335 0.4638888888888889 0.321875 0.4722222222222222 0.3171875 0.4777777777777778 0.30833333333333335 0.47962962962962963 0.29583333333333334 0.47314814814814815 0.29322916666666665 0.4685185185185185 0.2890625 0.4685185185185185 0.28177083333333336 0.4759259259259259 0.2677083333333333 0.46296296296296297 0.2703125 0.45555555555555555 0.2703125 0.44166666666666665 0.2791666666666667 0.44351851851851853 0.28229166666666666 0.4398148148148148 0.2864583333333333 0.44166666666666665 0.2890625 0.43703703703703706 0.2921875 0.44166666666666665 0.2953125 0.44166666666666665 0.3015625 0.4351851851851852 0.30625 0.4351851851851852 0.3067708333333333 0.4305555555555556 0.31197916666666664 0.42592592592592593 0.30625 0.4166666666666667 0.30625 0.4101851851851852 0.30416666666666664 0.4074074074074074 0.3104166666666667 0.4046296296296296 0.3098958333333333 0.39351851851851855 0.30572916666666666 0.3851851851851852 0.2947916666666667 0.3731481481481482 0.2916666666666667 0.3574074074074074 0.2875 0.3537037037037037 0.2859375 0.3388888888888889 0.2828125 0.3351851851851852 0.2838541666666667 0.31666666666666665 0.28125 0.3055555555555556 0.2755208333333333 0.2972222222222222 0.275 0.28888888888888886 0.2703125 0.28055555555555556 0.26875 0.26944444444444443 0.2625 0.26666666666666666 0.25 0.25277777777777777 0.24479166666666666 0.24074074074074073 0.24479166666666666 0.23425925925925925 0.2421875 0.22592592592592592 0.23854166666666668 0.22314814814814815 0.18489583333333334 0.21666666666666667 0.15677083333333333 0.20555555555555555 0.13125 0.20462962962962963 0.0921875 0.19166666666666668 0.046875 0.19166666666666668 0.0390625 0.20092592592592592 0.03125 0.2351851851851852
4 0.8192708333333333 0.9824074074074074 0.81875 0.9935185185185185 0.8223958333333333 0.9898148148148148 0.8239583333333333 0.9944444444444445 0.8348958333333333 0.9935185185185185 0.8348958333333333 0.9898148148148148 0.8328125 0.9888888888888889 0.8307291666666666 0.9824074074074074
4 0.7317708333333334 0.9824074074074074 0.73125 0.9935185185185185 0.7447916666666666 0.9981481481481481 0.7661458333333333 0.9981481481481481 0.7765625 0.9944444444444445 0.7869791666666667 0.9981481481481481 0.8072916666666666 0.9981481481481481 0.815625 0.9962962962962963 0.8171875 0.9935185185185185 0.8161458333333333 0.9824074074074074 0.8130208333333333 0.9796296296296296 0.8119791666666667 0.9731481481481481 0.8046875 0.9583333333333334 0.8010416666666667 0.9555555555555556 0.7932291666666667 0.9351851851851852 0.7895833333333333 0.9351851851851852 0.7791666666666667 0.9462962962962963 0.7604166666666666 0.9601851851851851 0.7390625 0.9712962962962963 0.734375 0.975925925925926
4 0.31302083333333336 0.9898148148148148 0.3125 0.9981481481481481 0.31979166666666664 0.9981481481481481 0.3223958333333333 0.9944444444444445 0.3296875 0.9962962962962963 0.33125 0.9935185185185185 0.33697916666666666 0.9981481481481481 0.5041666666666667 0.9981481481481481 0.509375 0.9944444444444445 0.51875 0.9935185185185185 0.5244791666666667 0.9888888888888889 0.55 0.9842592592592593 0.5614583333333333 0.9685185185185186 0.5614583333333333 0.9574074074074074 0.5541666666666667 0.9351851851851852 0.5416666666666666 0.9259259259259259 0.5395833333333333 0.9212962962962963 0.5369791666666667 0.9046296296296297 0.5375 0.8833333333333333 0.5552083333333333 0.8361111111111111 0.5630208333333333 0.8212962962962963 0.5677083333333334 0.8166666666666667 0.56875 0.8027777777777778 0.5598958333333334 0.7962962962962963 0.5505208333333333 0.7962962962962963 0.5401041666666667 0.8101851851851852 0.5286458333333334 0.8185185185185185 0.521875 0.8212962962962963 0.5078125 0.8194444444444444 0.5 0.8231481481481482 0.45625 0.8601851851851852 0.43697916666666664 0.8824074074074074 0.4234375 0.8888888888888888 0.4010416666666667 0.9055555555555556 0.3921875 0.9231481481481482 0.39010416666666664 0.9231481481481482 0.384375 0.9324074074074075 0.3692708333333333 0.9435185185185185 0.35625 0.9666666666666667 0.34739583333333335 0.9731481481481481 0.33958333333333335 0.9731481481481481 0.321875 0.987037037037037
4 0.6390625 0.7527777777777778 0.6390625 0.7611111111111111 0.6484375 0.774074074074074 0.6432291666666666 0.7935185185185185 0.65 0.8305555555555556 0.65625 0.8388888888888889 0.65625 0.8574074074074074 0.6604166666666667 0.862037037037037 0.6739583333333333 0.8638888888888889 0.6791666666666667 0.8731481481481481 0.6838541666666667 0.8935185185185185 0.6911458333333333 0.9138888888888889 0.7197916666666667 0.9638888888888889 0.7307291666666667 0.9648148148148148 0.7427083333333333 0.9601851851851851 0.7572916666666667 0.9490740740740741 0.7661458333333333 0.9462962962962963 0.790625 0.925 0.7859375 0.9018518518518519 0.7807291666666667 0.8527777777777777 0.775 0.8342592592592593 0.7697916666666667 0.8064814814814815 0.7645833333333333 0.8027777777777778 0.7036458333333333 0.8055555555555556 0.6947916666666667 0.8009259259259259 0.6854166666666667 0.7851851851851852 0.6723958333333333 0.7712962962962963 0.6723958333333333 0.7685185185185185 0.6765625 0.7638888888888888 0.6848958333333334 0.7638888888888888 0.6880208333333333 0.7666666666666667 0.6932291666666667 0.7638888888888888 0.7098958333333333 0.7694444444444445 0.7411458333333333 0.7712962962962963 0.7609375 0.7685185185185185 0.7619791666666667 0.7620370370370371 0.7598958333333333 0.7509259259259259 0.7489583333333333 0.7277777777777777 0.7119791666666667 0.7027777777777777 0.690625 0.6981481481481482 0.6838541666666667 0.7027777777777777 0.6739583333333333 0.7166666666666667 0.66875 0.7194444444444444 0.665625 0.725925925925926 0.65625 0.7324074074074074
4 0.42473958333333334 0.5143518518518518 0.0005208333333333333 0.000925925925925926
4 0.41822916666666665 0.5143518518518518 0.0010416666666666667 0.000925925925925926
4 0.21875 0.004629629629629629 0.2171875 0.013888888888888888 0.2171875 0.03518518518518519 0.21979166666666666 0.062037037037037036 0.21979166666666666 0.09907407407407408 0.22447916666666667 0.14351851851851852 0.23177083333333334 0.18425925925925926 0.24739583333333334 0.21481481481481482 0.25729166666666664 0.24351851851851852 0.26145833333333335 0.2462962962962963 0.26666666666666666 0.25555555555555554 0.2786458333333333 0.2851851851851852 0.2869791666666667 0.30925925925925923 0.28802083333333334 0.33240740740740743 0.29322916666666665 0.3435185185185185 0.2947916666666667 0.35462962962962963 0.30364583333333334 0.36666666666666664 0.31614583333333335 0.38981481481481484 0.32083333333333336 0.4083333333333333 0.32395833333333335 0.41203703703703703 0.3296875 0.4074074074074074 0.33177083333333335 0.4101851851851852 0.3390625 0.44814814814814813 0.34791666666666665 0.4601851851851852 0.36302083333333335 0.4601851851851852 0.3734375 0.4666666666666667 0.39010416666666664 0.49444444444444446 0.39791666666666664 0.4962962962962963 0.3958333333333333 0.5259259259259259 0.39166666666666666 0.5259259259259259 0.38697916666666665 0.5305555555555556 0.384375 0.5388888888888889 0.3880208333333333 0.6018518518518519 0.3963541666666667 0.6435185185185185 0.40625 0.6546296296296297 0.41875 0.6574074074074074 0.42916666666666664 0.6555555555555556 0.4354166666666667 0.6601851851851852 0.45989583333333334 0.6574074074074074 0.4625 0.6620370370370371 0.46822916666666664 0.6620370370370371 0.4734375 0.6509259259259259 0.478125 0.6509259259259259 0.48020833333333335 0.6537037037037037 0.4796875 0.6583333333333333 0.48125 0.6620370370370371 0.48489583333333336 0.6620370370370371 0.4869791666666667 0.6601851851851852 0.4890625 0.649074074074074 0.4921875 0.6481481481481481 0.49947916666666664 0.6370370370370371 0.5088541666666667 0.6296296296296297 0.5140625 0.6194444444444445 0.5182291666666666 0.6185185185185185 0.5192708333333333 0.6138888888888889 0.5239583333333333 0.612037037037037 0.525 0.6055555555555555 0.5369791666666667 0.6027777777777777 0.55 0.5916666666666667 0.553125 0.5916666666666667 0.5572916666666666 0.6101851851851852 0.5557291666666667 0.6203703703703703 0.5546875 0.6620370370370371 0.5505208333333333 0.6907407407407408 0.5526041666666667 0.7055555555555556 0.5635416666666667 0.712037037037037 0.56875 0.7305555555555555 0.5776041666666667 0.7324074074074074 0.5875 0.7157407407407408 0.5942708333333333 0.6851851851851852 0.6 0.6759259259259259 0.6078125 0.6759259259259259 0.6104166666666667 0.6814814814814815 0.6125 0.7138888888888889 0.6145833333333334 0.7231481481481481 0.6145833333333334 0.7425925925925926 0.6177083333333333 0.7481481481481481 0.6223958333333334 0.7481481481481481 0.628125 0.737037037037037 0.6286458333333333 0.7037037037037037 0.6302083333333334 0.6962962962962963 0.6291666666666667 0.6583333333333333 0.6302083333333334 0.6564814814814814 0.6348958333333333 0.6638888888888889 0.6385416666666667 0.6842592592592592 0.6411458333333333 0.6888888888888889 0.6473958333333333 0.6888888888888889 0.65 0.675 0.6494791666666667 0.6435185185185185 0.6479166666666667 0.6277777777777778 0.6453125 0.6203703703703703 0.6442708333333333 0.5944444444444444 0.6458333333333334 0.5648148148148148 0.6484375 0.5546296296296296 0.6494791666666667 0.5268518518518519 0.6520833333333333 0.5148148148148148 0.6557291666666667 0.5074074074074074 0.6567708333333333 0.4981481481481482 0.659375 0.4935185185185185 0.6635416666666667 0.475 0.6661458333333333 0.47314814814814815 0.6682291666666667 0.4666666666666667 0.6802083333333333 0.4527777777777778 0.6911458333333333 0.44814814814814813 0.7067708333333333 0.43425925925925923 0.7083333333333334 0.4185185185185185 0.7046875 0.3972222222222222 0.7057291666666666 0.38796296296296295 0.7104166666666667 0.387037037037037 0.7130208333333333 0.38333333333333336 0.7166666666666667 0.3712962962962963 0.7244791666666667 0.3592592592592593 0.7265625 0.35 0.7369791666666666 0.3296296296296296 0.7401041666666667 0.31851851851851853 0.7505208333333333 0.30185185185185187 0.7619791666666667 0.275 0.7671875 0.2574074074074074 0.76875 0.22870370370370371 0.7739583333333333 0.2064814814814815 0.7848958333333333 0.18888888888888888 0.7890625 0.17314814814814813 0.7994791666666666 0.14629629629629629 0.7994791666666666 0.1175925925925926 0.8057291666666667 0.08888888888888889 0.8057291666666667 0.07685185185185185 0.8104166666666667 0.05092592592592592 0.8125 0.025925925925925925 0.8125 0.004629629629629629 0.8078125 0 0.7260416666666667 0 0.7197916666666667 0.004629629629629629 0.7135416666666666 0.004629629629629629 0.7098958333333333 0.009259259259259259 0.6989583333333333 0.002777777777777778 0.6880208333333333 0.002777777777777778 0.6859375 0 0.64375 0.005555555555555556 0.6078125 0.005555555555555556 0.596875 0.000925925925925926 0.5796875 0.002777777777777778 0.5776041666666667 0 0.5598958333333334 0 0.5536458333333333 0.004629629629629629 0.5479166666666667 0.004629629629629629 0.5421875 0.012037037037037037 0.5322916666666667 0.007407407407407408 0.5286458333333334 0.010185185185185186 0.5161458333333333 0.004629629629629629 0.5114583333333333 0.005555555555555556 0.5020833333333333 0 0.4901041666666667 0 0.484375 0.004629629629629629 0.47708333333333336 0.002777777777777778 0.47291666666666665 0.007407407407407408 0.44947916666666665 0.000925925925925926 0.41770833333333335 0.002777777777777778 0.40520833333333334 0.010185185185185186 0.39791666666666664 0.009259259259259259 0.39114583333333336 0.002777777777777778 0.3385416666666667 0.000925925925925926 0.3171875 0.002777777777777778 0.290625 0.012037037037037037 0.28072916666666664 0.002777777777777778 0.2682291666666667 0 0.22604166666666667 0
1 0.4744791666666667 0.8314814814814815 0.4734375 0.8416666666666667 0.48020833333333335 0.8388888888888889 0.49114583333333334 0.8277777777777777 0.49375 0.8194444444444444 0.4942708333333333 0.7888888888888889 0.49114583333333334 0.7870370370370371 0.48802083333333335 0.7898148148148149 0.4859375 0.8 0.48333333333333334 0.8027777777777778
1 0.5276041666666667 0.7185185185185186 0.5270833333333333 0.7305555555555555 0.5239583333333333 0.7361111111111112 0.5239583333333333 0.7435185185185185 0.5291666666666667 0.812037037037037 0.5369791666666667 0.8092592592592592 0.5510416666666667 0.7916666666666666 0.5713541666666667 0.7935185185185185 0.5723958333333333 0.8064814814814815 0.5697916666666667 0.8166666666666667 0.5510416666666667 0.8481481481481481 0.55 0.8592592592592593 0.55625 0.8685185185185185 0.5703125 0.8685185185185185 0.5786458333333333 0.8638888888888889 0.59375 0.8416666666666667 0.6010416666666667 0.8101851851851852 0.6067708333333334 0.7935185185185185 0.6067708333333334 0.7870370370370371 0.6036458333333333 0.775 0.6057291666666667 0.7694444444444445 0.6114583333333333 0.7638888888888888 0.6104166666666667 0.7601851851851852 0.6067708333333334 0.7583333333333333 0.6036458333333333 0.7342592592592593 0.596875 0.712037037037037 0.5921875 0.712037037037037 0.5848958333333333 0.7305555555555555 0.5760416666666667 0.7388888888888889 0.5645833333333333 0.7333333333333333 0.5625 0.725 0.5526041666666667 0.7166666666666667 0.5463541666666667 0.700925925925926
3 0.35104166666666664 0.9731481481481481 0.35 0.9888888888888889 0.353125 0.9981481481481481 0.5020833333333333 0.9981481481481481 0.5239583333333333 0.9888888888888889 0.5427083333333333 0.987037037037037 0.5541666666666667 0.9805555555555555 0.5619791666666667 0.9666666666666667 0.5609375 0.9527777777777777 0.5572916666666666 0.9416666666666667 0.55 0.9305555555555556 0.5411458333333333 0.925 0.5364583333333334 0.8925925925925926 0.5385416666666667 0.8777777777777778 0.5416666666666666 0.8731481481481481 0.5505208333333333 0.8462962962962963 0.5588541666666667 0.8296296296296296 0.56875 0.8166666666666667 0.5697916666666667 0.8027777777777778 0.5671875 0.7981481481481482 0.5630208333333333 0.7962962962962963 0.55 0.7962962962962963 0.540625 0.8092592592592592 0.5291666666666667 0.8185185185185185 0.5223958333333333 0.8212962962962963 0.5078125 0.8194444444444444 0.49583333333333335 0.825925925925926 0.4791666666666667 0.8435185185185186 0.475 0.8444444444444444 0.45625 0.8601851851851852 0.4375 0.8824074074074074 0.4005208333333333 0.9055555555555556 0.39114583333333336 0.925 0.3807291666666667 0.937037037037037 0.3697916666666667 0.9444444444444444 0.35625 0.9685185185185186
3 0.7364583333333333 0.9777777777777777 0.7369791666666666 0.9907407407407407 0.7416666666666667 0.9935185185185185 0.7662760416666666 0.9935185185185185 0.7682291666666666 0.9907407407407407 0.7690104166666667 0.9935185185185185 0.7864583333333334 0.9916666666666667 0.7875 0.9944444444444445 0.8020833333333334 0.9944444444444445 0.8104166666666667 0.9935185185185185 0.8125 0.987037037037037 0.8104166666666667 0.9712962962962963 0.8005208333333333 0.9564814814814815 0.7963541666666667 0.9435185185185185 0.7895833333333333 0.937037037037037 0.7854166666666667 0.9444444444444444 0.7770833333333333 0.9481481481481482 0.7666666666666667 0.9592592592592593 0.7515625 0.9648148148148148
3 0.6390625 0.7527777777777778 0.6380208333333334 0.762962962962963 0.6473958333333333 0.7712962962962963 0.64375 0.7870370370370371 0.64375 0.7953703703703704 0.6494791666666667 0.825925925925926 0.6567708333333333 0.8388888888888889 0.6567708333333333 0.8583333333333333 0.6609375 0.862037037037037 0.66875 0.8592592592592593 0.675 0.8638888888888889 0.6796875 0.8731481481481481 0.6890625 0.9101851851851852 0.7197916666666667 0.9638888888888889 0.7359375 0.9638888888888889 0.7390625 0.9601851851851851 0.7479166666666667 0.9574074074074074 0.7578125 0.9490740740740741 0.7723958333333333 0.9416666666666667 0.7895833333333333 0.9259259259259259 0.7802083333333333 0.850925925925926 0.775 0.8342592592592593 0.7697916666666667 0.8064814814814815 0.7635416666666667 0.8027777777777778 0.7 0.8046296296296296 0.69375 0.8 0.6859375 0.7851851851851852 0.6838541666666667 0.7851851851851852 0.671875 0.7685185185185185 0.7098958333333333 0.7685185185185185 0.7161458333333334 0.7712962962962963 0.7578125 0.7712962962962963 0.7619791666666667 0.7685185185185185 0.7598958333333333 0.7509259259259259 0.7520833333333333 0.7324074074074074 0.7473958333333334 0.725925925925926 0.7328125 0.7185185185185186 0.7244791666666667 0.7101851851851851 0.7119791666666667 0.7027777777777777 0.6994791666666667 0.6981481481481482 0.6895833333333333 0.6981481481481482
3 0.5317708333333333 0.5666666666666667 0.5322916666666667 0.6027777777777777 0.5416666666666666 0.6027777777777777 0.5520833333333334 0.5935185185185186 0.5546875 0.5981481481481481 0.5557291666666667 0.6351851851851852 0.5515625 0.6694444444444444 0.55 0.6944444444444444 0.5510416666666667 0.7027777777777777 0.5567708333333333 0.7101851851851851 0.5630208333333333 0.712037037037037 0.5677083333333334 0.7305555555555555 0.5776041666666667 0.7342592592592593 0.5869791666666667 0.7203703703703703 0.59375 0.687962962962963 0.6 0.6759259259259259 0.6052083333333333 0.6731481481481482 0.6098958333333333 0.6814814814814815 0.6135416666666667 0.7481481481481481 0.6161458333333333 0.7527777777777778 0.625 0.7481481481481481 0.6286458333333333 0.7388888888888889 0.6302083333333334 0.7231481481481481 0.6307291666666667 0.6805555555555556 0.6291666666666667 0.6601851851851852 0.6307291666666667 0.6592592592592592 0.634375 0.6648148148148149 0.6390625 0.6888888888888889 0.6473958333333333 0.6916666666666667 0.6510416666666666 0.6824074074074075 0.6520833333333333 0.6638888888888889 0.6494791666666667 0.6351851851851852 0.6458333333333334 0.6157407407407407 0.6458333333333334 0.5787037037037037 0.6479166666666667 0.5694444444444444 0.6515625 0.5175925925925926 0.6614583333333334 0.48518518518518516 0.6625 0.4759259259259259 0.6697916666666667 0.4601851851851852 0.6755208333333333 0.4546296296296296 0.6791666666666667 0.44351851851851853 0.6776041666666667 0.4212962962962963 0.675 0.41388888888888886 0.6682291666666667 0.4046296296296296 0.6661458333333333 0.39351851851851855 0.6572916666666667 0.3685185185185185 0.6505208333333333 0.3574074074074074 0.6453125 0.35462962962962963 0.64375 0.3509259259259259 0.6333333333333333 0.3509259259259259 0.6125 0.37777777777777777 0.5875 0.4212962962962963 0.5786458333333333 0.46944444444444444 0.5723958333333333 0.4842592592592593 0.5520833333333334 0.5185185185185185 0.5447916666666667 0.5351851851851852 0.5416666666666666 0.55
3 0.4140625 0.49722222222222223 0.4088541666666667 0.5074074074074074 0.41354166666666664 0.5212962962962963 0.42083333333333334 0.5351851851851852 0.42916666666666664 0.5444444444444444 0.43802083333333336 0.5638888888888889 0.44583333333333336 0.5638888888888889 0.44583333333333336 0.5481481481481482 0.4354166666666667 0.5148148148148148 0.421875 0.4898148148148148
3 0.38697916666666665 0.5231481481481481 0.3848958333333333 0.5351851851851852 0.3828125 0.537962962962963 0.3828125 0.549074074074074 0.3859375 0.5685185185185185 0.3880208333333333 0.6037037037037037 0.3953125 0.6425925925925926 0.4041666666666667 0.6546296296296297 0.43020833333333336 0.6592592592592592 0.4375 0.6638888888888889 0.45364583333333336 0.6638888888888889 0.46875 0.6759259259259259 0.4822916666666667 0.675 0.48802083333333335 0.6703703703703704 0.49166666666666664 0.65 0.51875 0.6185185185185185 0.51875 0.6148148148148148 0.5255208333333333 0.600925925925926 0.5276041666666667 0.5916666666666667 0.5276041666666667 0.575925925925926 0.5229166666666667 0.5592592592592592 0.50625 0.5277777777777778 0.4875 0.4981481481481482 0.4744791666666667 0.4685185185185185 0.4609375 0.44814814814814813 0.4546875 0.44814814814814813 0.44375 0.4601851851851852 0.43645833333333334 0.4638888888888889 0.4348958333333333 0.47314814814814815 0.4375 0.4759259259259259 0.4359375 0.48055555555555557 0.4375 0.48518518518518516 0.4375 0.49537037037037035 0.4401041666666667 0.5101851851851852 0.4479166666666667 0.5305555555555556 0.4583333333333333 0.5481481481481482 0.45989583333333334 0.5555555555555556 0.46770833333333334 0.5601851851851852 0.4739583333333333 0.5712962962962963 0.47708333333333336 0.5851851851851851 0.46822916666666664 0.5935185185185186 0.45208333333333334 0.5888888888888889 0.4427083333333333 0.5740740740740741 0.42916666666666664 0.5638888888888889 0.4078125 0.5305555555555556 0.39375 0.5194444444444445
3 0.41822916666666665 0.40185185185185185 0.41875 0.425 0.4270833333333333 0.44351851851851853 0.43802083333333336 0.4462962962962963 0.4432291666666667 0.44351851851851853 0.44583333333333336 0.4388888888888889 0.44375 0.4305555555555556 0.4375 0.4222222222222222 0.4276041666666667 0.4009259259259259 0.42083333333333334 0.3962962962962963
3 0.3328125 0.37407407407407406 0.3333333333333333 0.41574074074074074 0.33645833333333336 0.425 0.3390625 0.44537037037037036 0.3458333333333333 0.45925925925925926 0.3619791666666667 0.4601851851851852 0.36875 0.4638888888888889 0.378125 0.4759259259259259 0.3890625 0.4962962962962963 0.3921875 0.4981481481481482 0.39791666666666664 0.4981481481481482 0.41822916666666665 0.4777777777777778 0.421875 0.4666666666666667 0.421875 0.4601851851851852 0.4125 0.43333333333333335 0.41041666666666665 0.4203703703703704 0.40989583333333335 0.40185185185185185 0.4119791666666667 0.3824074074074074 0.40677083333333336 0.37777777777777777 0.39427083333333335 0.3574074074074074 0.39114583333333336 0.34444444444444444 0.3848958333333333 0.33055555555555555 0.3765625 0.32314814814814813 0.36041666666666666 0.32314814814814813 0.35572916666666665 0.32592592592592595 0.3380208333333333 0.3527777777777778
6 0.8442708333333333 0.7796296296296297 0.84375 0.8046296296296296 0.85 0.8231481481481482 0.8630208333333333 0.8361111111111111 0.8729166666666667 0.8351851851851851 0.8791666666666667 0.8185185185185185 0.8901041666666667 0.8027777777777778 0.8916666666666667 0.7962962962962963 0.8947916666666667 0.7787037037037037 0.8901041666666667 0.7648148148148148 0.8901041666666667 0.7583333333333333 0.9125 0.7268518518518519 0.915625 0.7046296296296296 0.9125 0.6537037037037037 0.9041666666666667 0.6407407407407407 0.8927083333333333 0.6342592592592593 0.8838541666666667 0.6157407407407407 0.8770833333333333 0.6185185185185185 0.8729166666666667 0.6259259259259259 0.8677083333333333 0.6574074074074074 0.8515625 0.6925925925925925 0.8484375 0.7537037037037037
2 0.49322916666666666 0.6574074074074074 0.49322916666666666 0.6666666666666666 0.49635416666666665 0.6666666666666666 0.5083333333333333 0.6805555555555556 0.5119791666666667 0.6888888888888889 0.5161458333333333 0.6888888888888889 0.5260416666666666 0.6685185185185185 0.5291666666666667 0.6333333333333333 0.5276041666666667 0.6259259259259259 0.5151041666666667 0.6296296296296297 0.5041666666666667 0.6398148148148148
2 0.4942708333333333 0.49166666666666664 0.49375 0.4981481481481482 0.5010416666666667 0.49722222222222223 0.5015625 0.5157407407407407 0.5083333333333333 0.5259259259259259 0.5171875 0.524074074074074 0.5182291666666666 0.5287037037037037 0.52265625 0.5259259259259259 0.5286458333333334 0.5314814814814814 0.5322916666666667 0.5416666666666666 0.5380208333333333 0.5342592592592592 0.5395833333333333 0.5361111111111111 0.5411458333333333 0.5212962962962963 0.5364583333333334 0.5138888888888888 0.5307291666666667 0.512962962962963 0.5260416666666666 0.5046296296296297 0.5125 0.4935185185185185
2 0.425 0.6601851851851852 0.4244791666666667 0.6657407407407407 0.43333333333333335 0.6861111111111111 0.4322916666666667 0.7138888888888889 0.43645833333333334 0.7425925925925926 0.44479166666666664 0.7703703703703704 0.45677083333333335 0.7962962962962963 0.45729166666666665 0.8148148148148148 0.46041666666666664 0.8222222222222222 0.46197916666666666 0.8453703703703703 0.4671875 0.8462962962962963 0.4890625 0.7851851851851852 0.4953125 0.7759259259259259 0.5098958333333333 0.7129629629629629 0.5020833333333333 0.6925925925925925 0.49114583333333334 0.675 0.4786458333333333 0.6805555555555556 0.46927083333333336 0.6796296296296296 0.45625 0.6685185185185185 0.4322916666666667 0.6592592592592592