4 0.6260416666666667 0.13518518518518519 0.6260416666666667 0.1824074074074074 0.6270833333333333 0.19166666666666668 0.6328125 0.2101851851851852 0.646875 0.23796296296296296 0.675 0.2777777777777778 0.6911458333333333 0.3074074074074074 0.6953125 0.32407407407407407 0.7005208333333334 0.33425925925925926 0.7109375 0.35 0.734375 0.39537037037037037 0.7744791666666667 0.4601851851851852 0.8302083333333333 0.5009259259259259 0.85625 0.5231481481481481 0.859375 0.5231481481481481 0.8708333333333333 0.5342592592592592 0.8802083333333334 0.5388888888888889 0.8947916666666667 0.5546296296296296 0.928125 0.5648148148148148 0.9390625 0.575925925925926 0.9765625 0.6027777777777777 0.9885416666666667 0.6027777777777777 0.9958333333333333 0.5981481481481481 0.9973958333333334 0.5935185185185186 0.9973958333333334 0.5611111111111111 0.9994791666666667 0.5592592592592592 0.9994791666666667 0.5388888888888889 0.9963541666666667 0.5342592592592592 0.9973958333333334 0.5074074074074074 0.9994791666666667 0.5027777777777778 0.9979166666666667 0.5018518518518519 0.9963541666666667 0.49166666666666664 0.9973958333333334 0.4101851851851852 0.9958333333333333 0.4046296296296296 0.9958333333333333 0.38333333333333336 0.9973958333333334 0.37037037037037035 0.9994791666666667 0.3685185185185185 0.9994791666666667 0.36203703703703705 0.9973958333333334 0.35833333333333334 0.9973958333333334 0.337037037037037 0.9958333333333333 0.3314814814814815 0.9973958333333334 0.32592592592592595 0.9973958333333334 0.287962962962963 0.9994791666666667 0.2851851851851852 0.9973958333333334 0.2777777777777778 0.9963541666666667 0.2490740740740741 0.9963541666666667 0.1787037037037037 0.9973958333333334 0.1685185185185185 0.9994791666666667 0.16666666666666666 0.9994791666666667 0.13518518518518519 0.9973958333333334 0.13148148148148148 0.9973958333333334 0.10925925925925926 0.9994791666666667 0.10740740740740741 0.9994791666666667 0.08518518518518518 0.9979166666666667 0.08425925925925926 0.9973958333333334 0.075 0.9994791666666667 0.0712962962962963 0.9994791666666667 0.041666666666666664 0.9973958333333334 0.03888888888888889 0.9994791666666667 0.037037037037037035 0.9994791666666667 0.030555555555555555 0.9973958333333334 0.028703703703703703 0.9994791666666667 0.025 0.9973958333333334 0.023148148148148147 0.9973958333333334 0.011111111111111112 0.9994791666666667 0.010185185185185186 0.9994791666666667 0.004629629629629629 0.9942708333333333 0 0.990625 0.002777777777777778 0.8354166666666667 0.000925925925925926 0.7901041666666667 0.004629629629629629 0.6489583333333333 0.002777777777777778 0.6463541666666667 0.005555555555555556 0.6427083333333333 0.032407407407407406 0.6401041666666667 0.03888888888888889 0.634375 0.07314814814814814 0.6322916666666667 0.07685185185185185 0.6307291666666667 0.10185185185185185 0.6260416666666667 0.13518518518518519
4 0.13255208333333332 0.4587962962962963 0.0005208333333333333 0.002777777777777778
4 0.12135416666666667 0.45740740740740743 0.12135416666666667 0.4601851851851852 0.12447916666666667 0.45925925925925926 0.12135416666666667 0.45740740740740743
4 0.215625 0.4351851851851852 0.21458333333333332 0.43703703703703706 0.2234375 0.44166666666666665 0.2265625 0.4398148148148148 0.23020833333333332 0.4444444444444444 0.23125 0.44166666666666665 0.23125 0.4351851851851852 0.2265625 0.43703703703703706 0.22395833333333334 0.4305555555555556 0.21979166666666666 0.4305555555555556 0.215625 0.4351851851851852
4 0.15572916666666667 0.40555555555555556 0.15520833333333334 0.4185185185185185 0.16145833333333334 0.42314814814814816 0.16145833333333334 0.42777777777777776 0.15989583333333332 0.4287037037037037 0.1671875 0.45925925925925926 0.18072916666666666 0.47129629629629627 0.18854166666666666 0.47129629629629627 0.1921875 0.4759259259259259 0.203125 0.4740740740740741 0.20677083333333332 0.4648148148148148 0.21197916666666666 0.4638888888888889 0.21302083333333333 0.4601851851851852 0.21979166666666666 0.462037037037037 0.22447916666666667 0.45555555555555555 0.22239583333333332 0.4462962962962963 0.22395833333333334 0.44351851851851853 0.21927083333333333 0.4462962962962963 0.21510416666666668 0.4546296296296296 0.20625 0.45740740740740743 0.20364583333333333 0.4527777777777778 0.20416666666666666 0.44166666666666665 0.20572916666666666 0.4388888888888889 0.2125 0.4388888888888889 0.21197916666666666 0.4351851851851852 0.20625 0.4305555555555556 0.20625 0.4203703703703704 0.20989583333333334 0.4166666666666667 0.21302083333333333 0.4185185185185185 0.215625 0.4166666666666667 0.215625 0.41388888888888886 0.20625 0.41388888888888886 0.20520833333333333 0.40925925925925927 0.196875 0.4009259259259259 0.1953125 0.39444444444444443 0.19270833333333334 0.39166666666666666 0.18489583333333334 0.39351851851851855 0.18125 0.4 0.175 0.39814814814814814 0.17083333333333334 0.4046296296296296 0.16770833333333332 0.40555555555555556 0.1640625 0.4 0.16145833333333334 0.4009259259259259 0.15989583333333332 0.40555555555555556 0.15572916666666667 0.40555555555555556
4 0.20572916666666666 0.3731481481481482 0.20520833333333333 0.3768518518518518 0.20729166666666668 0.37777777777777777 0.20572916666666666 0.3731481481481482
4 0.6458333333333334 0.3574074074074074 0.6442708333333333 0.3592592592592593 0.6526041666666667 0.3592592592592593 0.6458333333333334 0.3574074074074074
4 0.17395833333333333 0.34629629629629627 0.17083333333333334 0.34814814814814815 0.1734375 0.35462962962962963 0.17395833333333333 0.36203703703703705 0.178125 0.3638888888888889 0.18072916666666666 0.3685185185185185 0.18333333333333332 0.3685185185185185 0.18541666666666667 0.3648148148148148 0.18854166666666666 0.36666666666666664 0.19114583333333332 0.36203703703703705 0.18333333333333332 0.36018518518518516 0.18020833333333333 0.3527777777777778 0.18072916666666666 0.34629629629629627 0.17916666666666667 0.34444444444444444 0.17395833333333333 0.34629629629629627
4 0.65 0.34444444444444444 0.6494791666666667 0.34814814814814815 0.6510416666666666 0.3509259259259259 0.6541666666666667 0.3509259259259259 0.65625 0.34629629629629627 0.6552083333333333 0.3435185185185185 0.65 0.34444444444444444
4 0.0046875 0.2898148148148148 0.004166666666666667 0.3 0.00625 0.30092592592592593 0.005208333333333333 0.31203703703703706 0.0067708333333333336 0.2953703703703704 0.005729166666666666 0.28888888888888886 0.0046875 0.2898148148148148
4 0.0046875 0.23055555555555557 0.004166666666666667 0.23703703703703705 0.00625 0.23981481481481481 0.0067708333333333336 0.2351851851851852 0.0046875 0.23055555555555557
4 0.004166666666666667 0.31574074074074077 0.004166666666666667 0.3212962962962963 0.0067708333333333336 0.31574074074074077 0.0078125 0.32314814814814813 0.0067708333333333336 0.33055555555555555 0.004166666666666667 0.32685185185185184 0.0078125 0.33425925925925926 0.004166666666666667 0.337037037037037 0.005729166666666666 0.34074074074074073 0.004166666666666667 0.34444444444444444 0.004166666666666667 0.3962962962962963 0.0020833333333333333 0.41203703703703703 0.004166666666666667 0.44351851851851853 0.003125 0.4601851851851852 0.005208333333333333 0.4648148148148148 0.043229166666666666 0.4666666666666667 0.059895833333333336 0.45555555555555555 0.07604166666666666 0.4527777777777778 0.08072916666666667 0.44814814814814813 0.08072916666666667 0.45555555555555555 0.08489583333333334 0.4638888888888889 0.08697916666666666 0.4638888888888889 0.09791666666666667 0.4777777777777778 0.11875 0.48055555555555557 0.12083333333333333 0.4777777777777778 0.13697916666666668 0.47314814814814815 0.13489583333333333 0.4666666666666667 0.1140625 0.4685185185185185 0.1125 0.46296296296296297 0.11979166666666667 0.4527777777777778 0.11927083333333334 0.44814814814814813 0.10416666666666667 0.44814814814814813 0.10260416666666666 0.45092592592592595 0.0984375 0.45092592592592595 0.09114583333333333 0.4462962962962963 0.08802083333333334 0.44907407407407407 0.08541666666666667 0.44351851851851853 0.08125 0.44074074074074077 0.07708333333333334 0.4287037037037037 0.07916666666666666 0.4166666666666667 0.07552083333333333 0.4083333333333333 0.07708333333333334 0.40555555555555556 0.07552083333333333 0.40185185185185185 0.07604166666666666 0.3962962962962963 0.07083333333333333 0.37962962962962965 0.07291666666666667 0.37592592592592594 0.07083333333333333 0.37037037037037035 0.07083333333333333 0.3574074074074074 0.065625 0.3388888888888889 0.06302083333333333 0.3388888888888889 0.0609375 0.33425925925925926 0.06302083333333333 0.3277777777777778 0.06770833333333333 0.3277777777777778 0.06979166666666667 0.32314814814814813 0.0703125 0.30277777777777776 0.07291666666666667 0.3 0.08072916666666667 0.27314814814814814 0.08697916666666666 0.2712962962962963 0.08802083333333334 0.26666666666666666 0.0984375 0.26666666666666666 0.10052083333333334 0.25925925925925924 0.10625 0.2574074074074074 0.10677083333333333 0.25277777777777777 0.10989583333333333 0.25092592592592594 0.10572916666666667 0.24259259259259258 0.10572916666666667 0.23796296296296296 0.10833333333333334 0.2324074074074074 0.1046875 0.22870370370370371 0.1 0.21388888888888888 0.10104166666666667 0.2101851851851852 0.10729166666666666 0.20925925925925926 0.10572916666666667 0.20092592592592592 0.1015625 0.20925925925925926 0.09791666666666667 0.20092592592592592 0.09010416666666667 0.20092592592592592 0.08125 0.2074074074074074 0.07552083333333333 0.2074074074074074 0.06927083333333334 0.21203703703703702 0.05260416666666667 0.21388888888888888 0.046875 0.21851851851851853 0.041666666666666664 0.2324074074074074 0.034895833333333334 0.24166666666666667 0.03125 0.25925925925925924 0.026041666666666668 0.27037037037037037 0.022916666666666665 0.29444444444444445 0.01875 0.30185185185185187 0.017708333333333333 0.32222222222222224 0.00625 0.3138888888888889 0.004166666666666667 0.31574074074074077
4 0.0046875 0.17592592592592593 0.0036458333333333334 0.1824074074074074 0.0067708333333333336 0.18888888888888888 0.004166666666666667 0.1935185185185185 0.005208333333333333 0.19814814814814816 0.009375 0.18611111111111112 0.015104166666666667 0.18518518518518517 0.016145833333333335 0.18055555555555555 0.015104166666666667 0.17777777777777778 0.011979166666666667 0.18055555555555555 0.008854166666666666 0.17592592592592593 0.0046875 0.17592592592592593
4 0.0046875 0.16203703703703703 0.0020833333333333333 0.1712962962962963 0.00625 0.17314814814814813 0.00625 0.1685185185185185 0.0036458333333333334 0.1685185185185185 0.00625 0.1638888888888889 0.0046875 0.16203703703703703
4 0.019791666666666666 0.0824074074074074 0.01875 0.08425925925925926 0.0234375 0.08518518518518518 0.025 0.08888888888888889 0.026041666666666668 0.08518518518518518 0.025 0.08055555555555556 0.019791666666666666 0.0824074074074074
4 0.03697916666666667 0.08518518518518518 0.036458333333333336 0.08703703703703704 0.040625 0.09166666666666666 0.04479166666666667 0.09166666666666666 0.04583333333333333 0.08055555555555556 0.040625 0.08055555555555556 0.03697916666666667 0.08518518518518518
4 0.011458333333333333 0.014351851851851852 0.0020833333333333333 0.000925925925925926
4 0.005208333333333333 0.004629629629629629 0.0046875 0.01574074074074074 0.00625 0.016666666666666666 0.007291666666666667 0.014814814814814815 0.005208333333333333 0.004629629629629629
4 0.1734375 0.002777777777777778 0.1421875 0.007407407407407408 0.14114583333333333 0.014814814814814815 0.1375 0.012037037037037037 0.13854166666666667 0.007407407407407408 0.13697916666666668 0.005555555555555556 0.10625 0.004629629629629629 0.10416666666666667 0.009259259259259259 0.1015625 0.004629629629629629 0.1015625 0.014814814814814815 0.10729166666666666 0.024074074074074074 0.109375 0.032407407407407406 0.11614583333333334 0.044444444444444446 0.11822916666666666 0.05555555555555555 0.12239583333333333 0.062037037037037036 0.12864583333333332 0.08796296296296297 0.12916666666666668 0.09907407407407408 0.13333333333333333 0.10740740740740741 0.13020833333333334 0.11851851851851852 0.1328125 0.13703703703703704 0.1375 0.14907407407407408 0.1375 0.1638888888888889 0.14270833333333333 0.1712962962962963 0.14427083333333332 0.17962962962962964 0.1484375 0.18425925925925926 0.15104166666666666 0.19814814814814816 0.16354166666666667 0.21851851851851853 0.17395833333333333 0.22314814814814815 0.18958333333333333 0.23703703703703705 0.2 0.23981481481481481 0.2078125 0.25 0.215625 0.25092592592592594 0.22552083333333334 0.2601851851851852 0.234375 0.27314814814814814 0.23958333333333334 0.2759259259259259 0.24791666666666667 0.28888888888888886 0.27708333333333335 0.2935185185185185 0.28177083333333336 0.28888888888888886 0.28125 0.2861111111111111 0.2838541666666667 0.2824074074074074 0.28958333333333336 0.2796296296296296 0.29322916666666665 0.2712962962962963 0.2947916666666667 0.262037037037037 0.29322916666666665 0.2574074074074074 0.29322916666666665 0.23981481481481481 0.28854166666666664 0.2361111111111111 0.2864583333333333 0.22870370370370371 0.28125 0.22314814814814815 0.2791666666666667 0.21388888888888888 0.2755208333333333 0.21203703703703702 0.27239583333333334 0.20277777777777778 0.26875 0.20277777777777778 0.2640625 0.19166666666666668 0.2609375 0.18888888888888888 0.2515625 0.18888888888888888 0.24322916666666666 0.1824074074074074 0.24375 0.17407407407407408 0.23854166666666668 0.16666666666666666 0.23697916666666666 0.15555555555555556 0.23333333333333334 0.1527777777777778 0.22760416666666666 0.1398148148148148 0.22760416666666666 0.13518518518518519 0.22395833333333334 0.1259259259259259 0.22395833333333334 0.11481481481481481 0.21927083333333333 0.10925925925925926 0.21979166666666666 0.0824074074074074 0.2171875 0.07592592592592592 0.21666666666666667 0.06666666666666667 0.21302083333333333 0.062037037037037036 0.20989583333333334 0.044444444444444446 0.20677083333333332 0.03888888888888889 0.20729166666666668 0.025925925925925925 0.20364583333333333 0.012037037037037037 0.2 0.004629629629629629 0.19635416666666666 0.002777777777777778 0.1734375 0.002777777777777778
4 0.6270833333333333 0.11388888888888889 0.6255208333333333 0.13055555555555556 0.6255208333333333 0.1685185185185185 0.6265625 0.1935185185185185 0.6291666666666667 0.20185185185185187 0.6458333333333334 0.23703703703703705 0.6796875 0.2851851851851852 0.69375 0.3138888888888889 0.6953125 0.325 0.7114583333333333 0.3509259259259259 0.7140625 0.3592592592592593 0.7213541666666666 0.3685185185185185 0.7395833333333334 0.40555555555555556 0.7479166666666667 0.41388888888888886 0.7770833333333333 0.4638888888888889 0.7880208333333333 0.4685185185185185 0.8375 0.5092592592592593 0.8421875 0.5101851851851852 0.8708333333333333 0.5342592592592592 0.8864583333333333 0.5435185185185185 0.8880208333333334 0.5481481481481482 0.8942708333333333 0.5546296296296296 0.9109375 0.5574074074074075 0.928125 0.5648148148148148 0.9744791666666667 0.6 0.9947916666666666 0.5981481481481481 0.9963541666666667 0.5916666666666667 0.9963541666666667 0.3509259259259259 0.9942708333333333 0.33425925925925926 0.9963541666666667 0.3 0.9958333333333333 0.002777777777777778 0.8177083333333334 0.002777777777777778 0.7901041666666667 0.005555555555555556 0.7682291666666666 0.002777777777777778 0.6494791666666667 0.002777777777777778 0.6453125 0.010185185185185186 0.6364583333333333 0.06296296296296296 0.63125 0.08148148148148149 0.6270833333333333 0.11388888888888889
1 0.5171875 0.5462962962962963 0.5171875 0.5574074074074075 0.5197916666666667 0.5638888888888889 0.5395833333333333 0.5601851851851852 0.5536458333333333 0.5777777777777777 0.5703125 0.5777777777777777 0.5755208333333334 0.575925925925926 0.58125 0.5694444444444444 0.58125 0.562037037037037 0.5786458333333333 0.5527777777777778 0.5723958333333333 0.5509259259259259 0.5661458333333333 0.5435185185185185 0.5604166666666667 0.5435185185185185 0.5557291666666667 0.5370370370370371 0.5416666666666666 0.5351851851851852 0.534375 0.5305555555555556 0.5244791666666667 0.5305555555555556 0.5208333333333334 0.5351851851851852 0.5171875 0.5462962962962963
1 0.15364583333333334 0.5398148148148149 0.153125 0.5555555555555556 0.15625 0.575 0.15885416666666666 0.5777777777777777 0.16666666666666666 0.5777777777777777 0.1796875 0.5666666666666667 0.1875 0.5527777777777778 0.19583333333333333 0.5435185185185185 0.19791666666666666 0.5351851851851852 0.19583333333333333 0.5296296296296297 0.18854166666666666 0.5231481481481481 0.1703125 0.5185185185185185 0.16354166666666667 0.5212962962962963 0.1578125 0.5277777777777778 0.15364583333333334 0.5398148148148149
1 0.22291666666666668 0.32592592592592595 0.22447916666666667 0.33425925925925926 0.21875 0.3472222222222222 0.21875 0.362962962962963 0.2234375 0.37777777777777777 0.2265625 0.38055555555555554 0.23802083333333332 0.3731481481481482 0.2484375 0.3574074074074074 0.2552083333333333 0.3527777777777778 0.259375 0.3351851851851852 0.2604166666666667 0.31666666666666665 0.25833333333333336 0.3111111111111111 0.2598958333333333 0.3055555555555556 0.2515625 0.29814814814814816 0.2390625 0.30092592592592593 0.2296875 0.3101851851851852 0.22291666666666668 0.32592592592592595
3 0.2869791666666667 0.42777777777777776 0.28489583333333335 0.42777777777777776 0.2859375 0.4351851851851852 0.2875 0.4351851851851852 0.2869791666666667 0.42777777777777776
3 0.0890625 0.33055555555555555 0.08802083333333334 0.33240740740740743 0.0890625 0.33055555555555555
3 0.08802083333333334 0.337037037037037 0.08802083333333334 0.3592592592592593 0.09114583333333333 0.36203703703703705 0.09479166666666666 0.37777777777777777 0.09739583333333333 0.3787037037037037 0.0984375 0.387037037037037 0.10208333333333333 0.38981481481481484 0.1015625 0.3962962962962963 0.10625 0.4009259259259259 0.10729166666666666 0.4074074074074074 0.11197916666666667 0.41203703703703703 0.11666666666666667 0.4101851851851852 0.11979166666666667 0.4166666666666667 0.12604166666666666 0.4212962962962963 0.1328125 0.4027777777777778 0.13333333333333333 0.39351851851851855 0.13072916666666667 0.3712962962962963 0.12760416666666666 0.3638888888888889 0.1234375 0.3611111111111111 0.1234375 0.3527777777777778 0.11875 0.3416666666666667 0.11927083333333334 0.33055555555555555 0.1125 0.3277777777777778 0.1109375 0.3212962962962963 0.10833333333333334 0.3212962962962963 0.10572916666666667 0.3351851851851852 0.103125 0.3351851851851852 0.1015625 0.33055555555555555 0.096875 0.3277777777777778 0.08802083333333334 0.337037037037037
3 0.0046875 0.28703703703703703 0.0046875 0.2962962962962963 0.00625 0.2962962962962963 0.008854166666666666 0.28888888888888886 0.0046875 0.28703703703703703
3 0.16614583333333333 0.275 0.16458333333333333 0.2759259259259259 0.16875 0.2759259259259259 0.16614583333333333 0.275
3 0.16015625 0.27546296296296297 0.0067708333333333336 0.000925925925925926
3 0.15729166666666666 0.2574074074074074 0.15625 0.26666666666666666 0.1609375 0.26481481481481484 0.16822916666666668 0.26851851851851855 0.1703125 0.26481481481481484 0.17083333333333334 0.2574074074074074 0.16875 0.25462962962962965 0.15729166666666666 0.2574074074074074
3 0.0046875 0.2175925925925926 0.005208333333333333 0.22592592592592592 0.00625 0.2212962962962963 0.0046875 0.2175925925925926
3 0.005208333333333333 0.2101851851851852 0.0046875 0.21481481481481482 0.00625 0.21203703703703702 0.005208333333333333 0.2101851851851852
3 0.0010416666666666667 0.3851851851851852 0.0015625 0.41203703703703703 0 0.41388888888888886 0 0.42592592592592593 0.0020833333333333333 0.43148148148148147 0.0015625 0.4601851851851852 0.004166666666666667 0.4666666666666667 0.0296875 0.47129629629629627 0.04739583333333333 0.4666666666666667 0.0640625 0.45555555555555555 0.07916666666666666 0.45555555555555555 0.09375 0.4777777777777778 0.11302083333333333 0.48518518518518516 0.1234375 0.4842592592592593 0.14270833333333333 0.47314814814814815 0.15677083333333333 0.4462962962962963 0.15989583333333332 0.44814814814814813 0.16875 0.4638888888888889 0.17760416666666667 0.4685185185185185 0.18697916666666667 0.4777777777777778 0.20364583333333333 0.4777777777777778 0.2125 0.47314814814814815 0.22395833333333334 0.462037037037037 0.23645833333333333 0.44166666666666665 0.24114583333333334 0.44166666666666665 0.24479166666666666 0.44814814814814813 0.2520833333333333 0.4527777777777778 0.25625 0.45925925925925926 0.26614583333333336 0.4638888888888889 0.2755208333333333 0.4638888888888889 0.29322916666666665 0.4527777777777778 0.2989583333333333 0.44166666666666665 0.30052083333333335 0.43333333333333335 0.30416666666666664 0.42962962962962964 0.3067708333333333 0.4166666666666667 0.3067708333333333 0.4027777777777778 0.2989583333333333 0.4 0.3 0.3925925925925926 0.3046875 0.3888888888888889 0.3015625 0.3861111111111111 0.30104166666666665 0.3768518518518518 0.30364583333333334 0.3685185185185185 0.30052083333333335 0.3712962962962963 0.29583333333333334 0.3685185185185185 0.2947916666666667 0.362962962962963 0.2984375 0.3574074074074074 0.3 0.36018518518518516 0.2994791666666667 0.3574074074074074 0.29322916666666665 0.3472222222222222 0.2890625 0.33240740740740743 0.2838541666666667 0.3277777777777778 0.28229166666666666 0.32314814814814813 0.27395833333333336 0.3212962962962963 0.27447916666666666 0.31666666666666665 0.2713541666666667 0.31666666666666665 0.2703125 0.3212962962962963 0.2635416666666667 0.32314814814814813 0.26145833333333335 0.32685185185185184 0.25625 0.35555555555555557 0.25833333333333336 0.36203703703703705 0.2546875 0.3685185185185185 0.25416666666666665 0.37777777777777777 0.24791666666666667 0.3814814814814815 0.24322916666666666 0.37962962962962965 0.22604166666666667 0.38425925925925924 0.21875 0.3611111111111111 0.21875 0.34444444444444444 0.21041666666666667 0.33055555555555555 0.1890625 0.32314814814814813 0.16197916666666667 0.30925925925925923 0.14739583333333334 0.3148148148148148 0.12291666666666666 0.2777777777777778 0.12395833333333334 0.24351851851851852 0.11614583333333334 0.19814814814814816 0.1140625 0.1935185185185185 0.09791666666666667 0.1962962962962963 0.06979166666666667 0.2101851851851852 0.050520833333333334 0.21388888888888888 0.04375 0.22037037037037038 0.034375 0.2388888888888889 0.0265625 0.262037037037037 0.015104166666666667 0.3277777777777778 0.016145833333333335 0.33055555555555555 0.0125 0.337037037037037 0.010416666666666666 0.337037037037037 0.0125 0.33055555555555555 0.009375 0.32685185185185184 0.011458333333333333 0.32314814814814813 0.0078125 0.3194444444444444 0.008333333333333333 0.3138888888888889 0.0046875 0.30277777777777776 0.0046875 0.30833333333333335 0.00625 0.3101851851851852 0.0046875 0.31296296296296294 0.0036458333333333334 0.33611111111111114 0.005729166666666666 0.3416666666666667 0.003125 0.3509259259259259 0.0036458333333333334 0.3638888888888889 0.0010416666666666667 0.3851851851851852
3 0.06927083333333334 0.1638888888888889 0.06875 0.16666666666666666 0.07135416666666666 0.1638888888888889 0.07447916666666667 0.1685185185185185 0.08958333333333333 0.1685185185185185 0.08072916666666667 0.16018518518518518 0.06927083333333334 0.1638888888888889
3 0.005208333333333333 0.15555555555555556 0.005208333333333333 0.16018518518518518 0.005208333333333333 0.15555555555555556
3 0.01328125 0.1537037037037037 0.0026041666666666665 0.001851851851851852
3 0.0046875 0.12777777777777777 0.004166666666666667 0.1361111111111111 0.0067708333333333336 0.1361111111111111 0.005729166666666666 0.1425925925925926 0.004166666666666667 0.14166666666666666 0.005729166666666666 0.14351851851851852 0.007291666666666667 0.13703703703703704 0.005208333333333333 0.125 0.0046875 0.12777777777777777
3 0.046875 0.12314814814814815 0.0453125 0.1259259259259259 0.04791666666666667 0.1259259259259259 0.046875 0.12314814814814815
3 0.0140625 0.10740740740740741 0.014583333333333334 0.11203703703703703 0.016145833333333335 0.10925925925925926 0.0140625 0.10740740740740741
3 0.04791666666666667 0.10740740740740741 0.050520833333333334 0.1175925925925926 0.050520833333333334 0.12777777777777777 0.05625 0.13240740740740742 0.05520833333333333 0.11481481481481481 0.05 0.10462962962962963 0.04791666666666667 0.10740740740740741
3 0.0046875 0.09537037037037037 0.0046875 0.10555555555555556 0.00625 0.10648148148148148 0.0046875 0.11203703703703703 0.005208333333333333 0.11851851851851852 0.0067708333333333336 0.10740740740740741 0.0046875 0.1 0.00625 0.0962962962962963 0.0046875 0.09537037037037037
3 0.08697916666666666 0.08055555555555556 0.08697916666666666 0.08703703703703704 0.084375 0.08703703703703704 0.08489583333333334 0.09444444444444444 0.0875 0.0962962962962963 0.08802083333333334 0.08518518518518518 0.09114583333333333 0.08981481481481482 0.09375 0.08703703703703704 0.09635416666666667 0.08888888888888889 0.09375 0.09814814814814815 0.0984375 0.09814814814814815 0.10208333333333333 0.09166666666666666 0.1015625 0.08888888888888889 0.09895833333333333 0.08888888888888889 0.09895833333333333 0.08055555555555556 0.09479166666666666 0.07592592592592592 0.09270833333333334 0.08055555555555556 0.08697916666666666 0.08055555555555556
3 0.04895833333333333 0.03981481481481482 0.0484375 0.04259259259259259 0.05 0.04351851851851852 0.05 0.03888888888888889 0.04895833333333333 0.03981481481481482
3 0.09270833333333334 0.004629629629629629 0.09583333333333334 0.016666666666666666 0.1125 0.04259259259259259 0.12239583333333333 0.07222222222222222 0.1265625 0.09444444444444444 0.13177083333333334 0.1675925925925926 0.13541666666666666 0.17592592592592593 0.13697916666666668 0.18796296296296297 0.14375 0.20277777777777778 0.16458333333333333 0.22314814814814815 0.19739583333333333 0.24351851851851852 0.20729166666666668 0.25277777777777777 0.21510416666666668 0.25555555555555554 0.23802083333333332 0.28425925925925927 0.24895833333333334 0.2935185185185185 0.275 0.29814814814814816 0.28072916666666664 0.2962962962962963 0.29322916666666665 0.2759259259259259 0.296875 0.2601851851851852 0.29583333333333334 0.24814814814814815 0.2921875 0.23425925925925925 0.2833333333333333 0.22314814814814815 0.26666666666666666 0.18981481481481483 0.2578125 0.18703703703703703 0.2526041666666667 0.1814814814814815 0.2453125 0.1638888888888889 0.24166666666666667 0.16203703703703703 0.2328125 0.14814814814814814 0.2296875 0.13518518518518519 0.22708333333333333 0.13240740740740742 0.22239583333333332 0.08703703703703704 0.21875 0.07685185185185185 0.21822916666666667 0.06851851851851852 0.20989583333333334 0.032407407407407406 0.20729166666666668 0.027777777777777776 0.2046875 0.010185185185185186 0.2 0.002777777777777778 0.175 0.000925925925925926 0.14375 0.005555555555555556 0.13177083333333334 0.002777777777777778 0.09270833333333334 0.004629629629629629