4 0.6135416666666667 0.007407407407407408 0.6192708333333333 0.044444444444444446 0.6161458333333333 0.062037037037037036 0.6161458333333333 0.08148148148148149 0.6234375 0.11944444444444445 0.6223958333333334 0.14629629629629629 0.6208333333333333 0.15092592592592594 0.625 0.1638888888888889 0.6296875 0.1712962962962963 0.6333333333333333 0.18703703703703703 0.6395833333333333 0.19814814814814816 0.64375 0.19907407407407407 0.64375 0.2064814814814815 0.6541666666666667 0.22777777777777777 0.6578125 0.22685185185185186 0.6614583333333334 0.24351851851851852 0.6635416666666667 0.2462962962962963 0.6682291666666667 0.2462962962962963 0.6692708333333334 0.25 0.665625 0.25555555555555554 0.659375 0.25925925925925924 0.6442708333333333 0.2601851851851852 0.6255208333333333 0.2712962962962963 0.6166666666666667 0.28425925925925927 0.5953125 0.3055555555555556 0.5828125 0.32407407407407407 0.5791666666666667 0.337037037037037 0.5697916666666667 0.34814814814814815 0.55 0.387037037037037 0.5458333333333333 0.4101851851851852 0.5458333333333333 0.4185185185185185 0.5479166666666667 0.4564814814814815 0.55625 0.49722222222222223 0.5635416666666667 0.5203703703703704 0.5703125 0.5324074074074074 0.5739583333333333 0.5324074074074074 0.58125 0.5296296296296297 0.5838541666666667 0.524074074074074 0.5869791666666667 0.5231481481481481 0.5885416666666666 0.5166666666666667 0.5979166666666667 0.5138888888888888 0.6041666666666666 0.5194444444444445 0.6072916666666667 0.5361111111111111 0.6135416666666667 0.5435185185185185 0.6171875 0.5444444444444444 0.6229166666666667 0.5592592592592592 0.6223958333333334 0.6527777777777778 0.625 0.7111111111111111 0.6229166666666667 0.7342592592592593 0.6265625 0.7546296296296297 0.64375 0.7916666666666666 0.6479166666666667 0.7935185185185185 0.6625 0.8138888888888889 0.6677083333333333 0.8148148148148148 0.6708333333333333 0.8240740740740741 0.675 0.8277777777777777 0.6817708333333333 0.8416666666666667 0.6953125 0.8574074074074074 0.70625 0.8759259259259259 0.728125 0.9009259259259259 0.74375 0.9259259259259259 0.7677083333333333 0.9555555555555556 0.7755208333333333 0.9685185185185186 0.7791666666666667 0.9694444444444444 0.7932291666666667 0.9935185185185185 0.8442708333333333 0.9962962962962963 0.8739583333333333 0.9935185185185185 0.9604166666666667 0.9935185185185185 0.96875 0.9962962962962963 0.9859375 0.9962962962962963 0.9947916666666666 0.9935185185185185 0.9963541666666667 0.987037037037037 0.9973958333333334 0.9453703703703704 0.9994791666666667 0.9435185185185185 0.9994791666666667 0.9194444444444444 0.9973958333333334 0.9175925925925926 0.9973958333333334 0.9101851851851852 0.9994791666666667 0.9074074074074074 0.9994791666666667 0.8935185185185185 0.9963541666666667 0.8916666666666667 0.9963541666666667 0.8851851851851852 0.9994791666666667 0.8824074074074074 0.9973958333333334 0.8796296296296297 0.9973958333333334 0.8564814814814815 0.9994791666666667 0.8546296296296296 0.9994791666666667 0.8046296296296296 0.9973958333333334 0.8018518518518518 0.9973958333333334 0.7888888888888889 0.9994791666666667 0.7870370370370371 0.9994791666666667 0.7805555555555556 0.9973958333333334 0.7796296296296297 0.9963541666666667 0.7712962962962963 0.9973958333333334 0.7444444444444445 0.9958333333333333 0.7296296296296296 0.9973958333333334 0.6768518518518518 0.9994791666666667 0.675 0.9994791666666667 0.6435185185185185 0.9973958333333334 0.6388888888888888 0.9973958333333334 0.6064814814814815 0.9994791666666667 0.6055555555555555 0.9994791666666667 0.5898148148148148 0.9973958333333334 0.5879629629629629 0.9963541666666667 0.575925925925926 0.9963541666666667 0.3453703703703704 0.9979166666666667 0.3388888888888889 0.9963541666666667 0.28703703703703703 0.9973958333333334 0.27314814814814814 0.9994791666666667 0.2712962962962963 0.9973958333333334 0.27037037037037037 0.9973958333333334 0.2638888888888889 0.9994791666666667 0.2601851851851852 0.9973958333333334 0.25833333333333336 0.9963541666666667 0.2518518518518518 0.9973958333333334 0.2222222222222222 0.9994791666666667 0.2212962962962963 0.9994791666666667 0.21666666666666667 0.996875 0.21296296296296297 0.9963541666666667 0.20185185185185187 0.9973958333333334 0.17685185185185184 0.9994791666666667 0.17592592592592593 0.9994791666666667 0.1638888888888889 0.9973958333333334 0.16203703703703703 0.9963541666666667 0.15462962962962962 0.9963541666666667 0.09814814814814815 0.9994791666666667 0.09166666666666666 0.9994791666666667 0.07962962962962963 0.9973958333333334 0.0787037037037037 0.9963541666666667 0.05648148148148148 0.9963541666666667 0.04722222222222222 0.9994791666666667 0.03888888888888889 0.9994791666666667 0.025 0.9973958333333334 0.023148148148148147 0.9973958333333334 0.005555555555555556 0.9942708333333333 0.002777777777777778 0.9265625 0.004629629629629629 0.925 0.030555555555555555 0.925 0.08796296296296297 0.9265625 0.10462962962962963 0.9239583333333333 0.11203703703703703 0.9182291666666667 0.10092592592592593 0.909375 0.09444444444444444 0.89375 0.09166666666666666 0.8869791666666667 0.08518518518518518 0.8833333333333333 0.08518518518518518 0.8744791666666667 0.07592592592592592 0.8677083333333333 0.07314814814814814 0.8609375 0.06388888888888888 0.8515625 0.06018518518518518 0.8401041666666667 0.04814814814814815 0.8171875 0.030555555555555555 0.8140625 0.030555555555555555 0.8046875 0.019444444444444445 0.7963541666666667 0.013888888888888888 0.7796875 0.010185185185185186 0.753125 0.012037037037037037 0.7515625 0.010185185185185186 0.7515625 0.004629629629629629 0.746875 0.004629629629629629 0.74375 0.010185185185185186 0.7348958333333333 0.010185185185185186 0.7291666666666666 0.005555555555555556 0.7015625 0.002777777777777778 0.6421875 0.002777777777777778 0.6135416666666667 0.007407407407407408
4 0.23671875 0.7347222222222223 0.0005208333333333333 0.000925925925925926
4 0.16822916666666668 0.2388888888888889 0.16927083333333334 0.25092592592592594 0.175 0.25092592592592594 0.1796875 0.2462962962962963 0.178125 0.24166666666666667 0.16822916666666668 0.2388888888888889
4 0.16927083333333334 0.21481481481481482 0.16927083333333334 0.22037037037037038 0.171875 0.2222222222222222 0.17239583333333333 0.22592592592592592 0.16822916666666668 0.23425925925925925 0.171875 0.2351851851851852 0.175 0.23055555555555557 0.18020833333333333 0.23055555555555557 0.18333333333333332 0.22592592592592592 0.18072916666666666 0.2175925925925926 0.1828125 0.21203703703703702 0.18177083333333333 0.2101851851851852 0.17083333333333334 0.21203703703703702 0.16927083333333334 0.21481481481481482
4 0.20833333333333334 0.15555555555555556 0.2078125 0.1574074074074074 0.20989583333333334 0.1574074074074074 0.20833333333333334 0.15555555555555556
4 0.1953125 0.13425925925925927 0.18645833333333334 0.13518518518518519 0.18802083333333333 0.1388888888888889 0.1875 0.15462962962962962 0.19583333333333333 0.1574074074074074 0.20104166666666667 0.14444444444444443 0.21041666666666667 0.14351851851851852 0.20989583333333334 0.13518518518518519 0.20625 0.14351851851851852 0.20364583333333333 0.13518518518518519 0.1953125 0.13425925925925927
4 0.16510416666666666 0.09444444444444444 0.16458333333333333 0.10555555555555556 0.16822916666666668 0.11388888888888889 0.171875 0.10925925925925926 0.16927083333333334 0.10555555555555556 0.16875 0.09444444444444444 0.16510416666666666 0.09444444444444444
4 0.22369791666666666 0.04814814814814815 0.0015625 0.003703703703703704
4 0.2557291666666667 0.012037037037037037 0.2546875 0.013888888888888888 0.2557291666666667 0.012037037037037037
4 0.26484375 0.011111111111111112 0.0005208333333333333 0.001851851851851852
4 0.4901041666666667 0.012037037037037037 0.49114583333333334 0.014814814814814815 0.4947916666666667 0.012037037037037037 0.4901041666666667 0.012037037037037037
4 0.2869791666666667 0.010185185185185186 0.28541666666666665 0.012037037037037037 0.2869791666666667 0.010185185185185186
4 0.24375 0.009259259259259259 0.24270833333333333 0.012037037037037037 0.24427083333333333 0.013888888888888888 0.24583333333333332 0.010185185185185186 0.24375 0.009259259259259259
4 0.21770833333333334 0.009259259259259259 0.21666666666666667 0.012037037037037037 0.21875 0.012037037037037037 0.21770833333333334 0.009259259259259259
4 0.21770833333333334 0.005555555555555556 0.21666666666666667 0.007407407407407408 0.21770833333333334 0.005555555555555556
4 0.30833333333333335 0.004629629629629629 0.3 0.004629629629629629 0.30833333333333335 0.004629629629629629
4 0.29244791666666664 0.005092592592592593 0.0026041666666666665 0.000925925925925926
4 0.2864583333333333 0.005092592592592593 0.0020833333333333333 0.000925925925925926
4 0.4317708333333333 0.002777777777777778 0.42916666666666664 0.007407407407407408 0.43125 0.032407407407407406 0.4427083333333333 0.046296296296296294 0.45364583333333336 0.046296296296296294 0.4552083333333333 0.04351851851851852 0.4588541666666667 0.04351851851851852 0.4609375 0.03888888888888889 0.46197916666666666 0.041666666666666664 0.46822916666666664 0.025 0.46875 0.013888888888888888 0.4734375 0.005555555555555556 0.46979166666666666 0.002777777777777778 0.4317708333333333 0.002777777777777778
4 0.37447916666666664 0.004629629629629629 0.3734375 0.013888888888888888 0.38125 0.025925925925925925 0.3880208333333333 0.027777777777777776 0.39166666666666666 0.025 0.3927083333333333 0.012037037037037037 0.39010416666666664 0.002777777777777778 0.3802083333333333 0.000925925925925926 0.37447916666666664 0.004629629629629629
4 0.0046875 0.000925925925925926 0 0.007407407407407408 0.0015625 0.017592592592592594 0 0.021296296296296296 0.0015625 0.028703703703703703 0 0.037037037037037035 0.0020833333333333333 0.05092592592592592 0.0015625 0.06574074074074074 0 0.06851851851851852 0.0015625 0.07314814814814814 0 0.07592592592592592 0 0.08888888888888889 0.0015625 0.09166666666666666 0.0015625 0.10092592592592593 0 0.10277777777777777 0.0015625 0.11388888888888889 0.0015625 0.11944444444444445 0 0.12129629629629629 0.0015625 0.16944444444444445 0 0.17407407407407408 0.0015625 0.17592592592592593 0.0020833333333333333 0.20925925925925926 0 0.22314814814814815 0 0.24814814814814815 0.0015625 0.25 0.0015625 0.26481481481481484 0 0.26666666666666666 0 0.2759259259259259 0.0015625 0.2796296296296296 0.0015625 0.29259259259259257 0 0.2935185185185185 0 0.3074074074074074 0.0015625 0.3101851851851852 0 0.31203703703703706 0 0.33055555555555555 0.0015625 0.33240740740740743 0 0.3398148148148148 0.0015625 0.3490740740740741 0 0.4398148148148148 0.0015625 0.4425925925925926 0 0.44351851851851853 0 0.44814814814814813 0.0020833333333333333 0.4601851851851852 0.0015625 0.5027777777777778 0 0.5046296296296297 0 0.5101851851851852 0.0015625 0.5120370370370371 0.0015625 0.5259259259259259 0.003125 0.5324074074074074 0 0.5416666666666666 0 0.5601851851851852 0.0020833333333333333 0.5685185185185185 0.0015625 0.6 0 0.6046296296296296 0.0020833333333333333 0.6175925925925926 0 0.9898148148148148 0.004166666666666667 0.9935185185185185 0.05625 0.9935185185185185 0.06666666666666667 0.987037037037037 0.06822916666666666 0.9824074074074074 0.07395833333333333 0.9777777777777777 0.09010416666666667 0.9777777777777777 0.10208333333333333 0.9851851851851852 0.14114583333333333 0.9851851851851852 0.15 0.9824074074074074 0.1546875 0.975925925925926 0.15625 0.962037037037037 0.16197916666666667 0.9435185185185185 0.18645833333333334 0.8981481481481481 0.1953125 0.8777777777777778 0.20104166666666667 0.8462962962962963 0.21614583333333334 0.8092592592592592 0.21979166666666666 0.7916666666666666 0.22135416666666666 0.7703703703703704 0.22447916666666667 0.7601851851851852 0.2265625 0.7361111111111112 0.228125 0.7314814814814815 0.23125 0.7351851851851852 0.22708333333333333 0.7287037037037037 0.2390625 0.6888888888888889 0.2390625 0.6638888888888889 0.23697916666666666 0.6527777777777778 0.21927083333333333 0.6166666666666667 0.21458333333333332 0.6101851851851852 0.19635416666666666 0.5962962962962963 0.1875 0.5935185185185186 0.1765625 0.5805555555555556 0.171875 0.5796296296296296 0.16197916666666667 0.5685185185185185 0.15677083333333333 0.5666666666666667 0.15104166666666666 0.5564814814814815 0.15208333333333332 0.5231481481481481 0.15625 0.4898148148148148 0.15572916666666667 0.387037037037037 0.1515625 0.3287037037037037 0.153125 0.3175925925925926 0.15677083333333333 0.30462962962962964 0.15989583333333332 0.3 0.16302083333333334 0.2851851851851852 0.16354166666666667 0.25277777777777777 0.15989583333333332 0.2222222222222222 0.16041666666666668 0.21388888888888888 0.1640625 0.20555555555555555 0.16875 0.20555555555555555 0.17083333333333334 0.20277777777777778 0.18020833333333333 0.20277777777777778 0.18229166666666666 0.20555555555555555 0.18645833333333334 0.20277777777777778 0.1828125 0.19722222222222222 0.18645833333333334 0.18888888888888888 0.184375 0.18703703703703703 0.1828125 0.19444444444444445 0.17916666666666667 0.18981481481481483 0.18177083333333333 0.1824074074074074 0.17916666666666667 0.17592592592592593 0.18177083333333333 0.1712962962962963 0.18125 0.1685185185185185 0.18072916666666666 0.16666666666666666 0.1765625 0.1712962962962963 0.1765625 0.16666666666666666 0.17447916666666666 0.1648148148148148 0.175 0.16018518518518518 0.16875 0.16018518518518518 0.16927083333333334 0.1675925925925926 0.16145833333333334 0.17777777777777778 0.16041666666666668 0.175 0.1609375 0.13425925925925927 0.16822916666666668 0.13518518518518519 0.16979166666666667 0.1388888888888889 0.17239583333333333 0.1388888888888889 0.17604166666666668 0.13518518518518519 0.1765625 0.125 0.18177083333333333 0.12129629629629629 0.17760416666666667 0.12407407407407407 0.17708333333333334 0.12129629629629629 0.17239583333333333 0.11851851851851852 0.1640625 0.12314814814814815 0.16302083333333334 0.12129629629629629 0.16197916666666667 0.11388888888888889 0.16354166666666667 0.09444444444444444 0.1609375 0.09351851851851851 0.159375 0.09814814814814815 0.15677083333333333 0.09907407407407408 0.15572916666666667 0.08055555555555556 0.15364583333333334 0.07777777777777778 0.153125 0.06851851851851852 0.15 0.062037037037037036 0.146875 0.04259259259259259 0.1484375 0.03518518518518519 0.15208333333333332 0.030555555555555555 0.15416666666666667 0.032407407407407406 0.15520833333333334 0.025 0.153125 0.020370370370370372 0.15625 0.013888888888888888 0.16875 0.012037037037037037 0.16545156249999998 0.010185185185185186 0.16302083333333334 0.013888888888888888 0.16267343750000002 0.010185185185185186 0.1578125 0.009259259259259259 0.15520833333333334 0.004629629629629629 0.15416666666666667 0.007407407407407408 0.15208333333333332 0.002777777777777778 0.1453125 0.004629629629629629 0.1421875 0.010185185185185186 0.14010416666666667 0.010185185185185186 0.13697916666666668 0.002777777777777778 0.0609375 0.004629629629629629 0.0046875 0.000925925925925926
1 0.31979166666666664 0.5842592592592593 0.3182291666666667 0.5851851851851851 0.3182291666666667 0.6 0.3229166666666667 0.6074074074074074 0.3390625 0.6074074074074074 0.34375 0.600925925925926 0.34375 0.5935185185185186 0.3411458333333333 0.5888888888888889 0.31979166666666664 0.5842592592592593
1 0.4375 0.3574074074074074 0.4375 0.375 0.44583333333333336 0.387037037037037 0.4479166666666667 0.387037037037037 0.45625 0.4074074074074074 0.4875 0.44351851851851853 0.49114583333333334 0.4444444444444444 0.5182291666666666 0.4685185185185185 0.5208333333333334 0.47314814814814815 0.5192708333333333 0.48055555555555557 0.5223958333333333 0.48518518518518516 0.5265625 0.48518518518518516 0.5291666666666667 0.4888888888888889 0.5359375 0.4824074074074074 0.546875 0.48055555555555557 0.5432291666666667 0.44722222222222224 0.5432291666666667 0.4064814814814815 0.5447916666666667 0.39444444444444443 0.5505208333333333 0.37777777777777777 0.5604166666666667 0.3592592592592593 0.5635416666666667 0.3490740740740741 0.5755208333333334 0.33425925925925926 0.5833333333333334 0.3148148148148148 0.5916666666666667 0.3074074074074074 0.6010416666666667 0.2916666666666667 0.6114583333333333 0.2824074074074074 0.6213541666666667 0.26851851851851855 0.6432291666666666 0.25462962962962965 0.6473958333333333 0.2388888888888889 0.64375 0.2324074074074074 0.6390625 0.2324074074074074 0.6333333333333333 0.22777777777777777 0.6041666666666666 0.2212962962962963 0.5880208333333333 0.22592592592592592 0.546875 0.22407407407407406 0.5322916666666667 0.22777777777777777 0.5317708333333333 0.25092592592592594 0.5286458333333334 0.25092592592592594 0.5244791666666667 0.2462962962962963 0.5197916666666667 0.23703703703703705 0.51875 0.23055555555555557 0.5078125 0.2324074074074074 0.4979166666666667 0.24166666666666667 0.4921875 0.23981481481481481 0.47760416666666666 0.2611111111111111 0.4739583333333333 0.2712962962962963 0.4630208333333333 0.2824074074074074 0.4505208333333333 0.3148148148148148 0.4473958333333333 0.3333333333333333 0.4375 0.3574074074074074
3 0.5458333333333333 0.4009259259259259 0.5458333333333333 0.45925925925925926 0.5494791666666666 0.47129629629629627 0.5515625 0.48703703703703705 0.5552083333333333 0.49444444444444446 0.5625 0.5212962962962963 0.5703125 0.5342592592592592 0.578125 0.5351851851851852 0.59375 0.5148148148148148 0.5963541666666666 0.5148148148148148 0.6036458333333333 0.5212962962962963 0.60625 0.5435185185185185 0.6119791666666666 0.5481481481481482 0.6166666666666667 0.5481481481481482 0.625 0.5166666666666667 0.6364583333333333 0.48703703703703705 0.6401041666666667 0.46944444444444444 0.6453125 0.45740740740740743 0.6494791666666667 0.4527777777777778 0.6692708333333334 0.4074074074074074 0.6875 0.37777777777777777 0.7020833333333333 0.34444444444444444 0.7125 0.33240740740740743 0.7416666666666667 0.3138888888888889 0.75 0.3 0.7494791666666667 0.2916666666666667 0.7411458333333333 0.26944444444444443 0.7244791666666667 0.2574074074074074 0.7015625 0.25555555555555554 0.6911458333333333 0.25092592592592594 0.6703125 0.25092592592592594 0.6619791666666667 0.2574074074074074 0.6494791666666667 0.2574074074074074 0.6322916666666667 0.2638888888888889 0.6020833333333333 0.29444444444444445 0.5833333333333334 0.32037037037037036 0.5744791666666667 0.3416666666666667 0.5635416666666667 0.3537037037037037 0.5614583333333333 0.36203703703703705 0.5510416666666667 0.3824074074074074 0.5458333333333333 0.4009259259259259
3 0.05677083333333333 0.7870370370370371 0.05677083333333333 0.7916666666666666 0.06510416666666667 0.7935185185185185 0.065625 0.7888888888888889 0.06927083333333334 0.7944444444444444 0.07239583333333334 0.7935185185185185 0.07395833333333333 0.7888888888888889 0.05677083333333333 0.7870370370370371
3 0.0765625 0.7333333333333333 0.075 0.737037037037037 0.08072916666666667 0.737037037037037 0.0765625 0.7333333333333333
3 0.0671875 0.725 0.06354166666666666 0.7277777777777777 0.07135416666666666 0.7296296296296296 0.07135416666666666 0.725925925925926 0.0671875 0.725
3 0.0640625 0.6620370370370371 0.0640625 0.6685185185185185 0.07291666666666667 0.6685185185185185 0.075 0.6638888888888889 0.07083333333333333 0.6574074074074074 0.0640625 0.6620370370370371
3 0.0453125 0.5175925925925926 0.05625 0.5351851851851852 0.06822916666666666 0.5351851851851852 0.06979166666666667 0.5398148148148149 0.0671875 0.5555555555555556 0.06354166666666666 0.5574074074074075 0.0625 0.5611111111111111 0.06354166666666666 0.5638888888888889 0.06770833333333333 0.5648148148148148 0.06666666666666667 0.5731481481481482 0.0703125 0.5703703703703704 0.075 0.5777777777777777 0.07916666666666666 0.5796296296296296 0.08020833333333334 0.5842592592592593 0.0765625 0.5879629629629629 0.07864583333333333 0.587037037037037 0.07864583333333333 0.5916666666666667 0.08229166666666667 0.5944444444444444 0.07239583333333334 0.6046296296296296 0.0671875 0.6027777777777777 0.06041666666666667 0.612037037037037 0.05677083333333333 0.6074074074074074 0.050520833333333334 0.6074074074074074 0.05 0.612037037037037 0.04739583333333333 0.6074074074074074 0.046875 0.6092592592592593 0.057291666666666664 0.6231481481481481 0.05572916666666667 0.6259259259259259 0.06770833333333333 0.6277777777777778 0.06979166666666667 0.6342592592592593 0.0765625 0.6324074074074074 0.07760416666666667 0.6388888888888888 0.08020833333333334 0.6416666666666667 0.08541666666666667 0.6388888888888888 0.08854166666666667 0.6462962962962963 0.09427083333333333 0.649074074074074 0.09427083333333333 0.6527777777777778 0.09947916666666666 0.6574074074074074 0.1 0.6685185185185185 0.10260416666666666 0.674074074074074 0.103125 0.6814814814814815 0.10208333333333333 0.6888888888888889 0.1 0.6916666666666667 0.10260416666666666 0.6944444444444444 0.10208333333333333 0.7092592592592593 0.10052083333333334 0.712037037037037 0.10208333333333333 0.7138888888888889 0.10260416666666666 0.7231481481481481 0.0984375 0.7324074074074074 0.0953125 0.7333333333333333 0.09947916666666666 0.7435185185185185 0.09895833333333333 0.7620370370370371 0.09583333333333334 0.7685185185185185 0.09583333333333334 0.775 0.0921875 0.7935185185185185 0.08958333333333333 0.7981481481481482 0.0875 0.8148148148148148 0.08072916666666667 0.837037037037037 0.07708333333333334 0.8416666666666667 0.07239583333333334 0.8601851851851852 0.06875 0.8648148148148148 0.06770833333333333 0.8712962962962963 0.05625 0.8888888888888888 0.05 0.8935185185185185 0.04583333333333333 0.9009259259259259 0.03333333333333333 0.9074074074074074 0.03177083333333333 0.9120370370370371 0.025 0.9166666666666666 0.025 0.9277777777777778 0.05364583333333333 0.9435185185185185 0.06875 0.9712962962962963 0.07447916666666667 0.975 0.09010416666666667 0.975925925925926 0.10520833333333333 0.9851851851851852 0.14322916666666666 0.9851851851851852 0.14895833333333333 0.9824074074074074 0.15416666666666667 0.9731481481481481 0.1578125 0.9564814814814815 0.16458333333333333 0.9388888888888889 0.18125 0.9101851851851852 0.18854166666666666 0.8935185185185185 0.19270833333333334 0.8888888888888888 0.19947916666666668 0.8666666666666667 0.20208333333333334 0.8462962962962963 0.21666666666666667 0.8101851851851852 0.22552083333333334 0.7555555555555555 0.2265625 0.7231481481481481 0.2390625 0.6851851851851852 0.23802083333333332 0.6574074074074074 0.23541666666666666 0.6481481481481481 0.2171875 0.612037037037037 0.21302083333333333 0.6074074074074074 0.18333333333333332 0.5916666666666667 0.17395833333333333 0.5805555555555556 0.16979166666666667 0.5796296296296296 0.1609375 0.5694444444444444 0.15208333333333332 0.5638888888888889 0.14739583333333334 0.5555555555555556 0.13125 0.5462962962962963 0.12135416666666667 0.5324074074074074 0.11822916666666666 0.524074074074074 0.10520833333333333 0.5101851851851852 0.1015625 0.5101851851851852 0.09166666666666666 0.5027777777777778 0.07135416666666666 0.5046296296296297 0.05520833333333333 0.5101851851851852 0.05 0.5166666666666667 0.05 0.5212962962962963 0.0453125 0.5175925925925926
3 0.6125 0.002777777777777778 0.6098958333333333 0.004629629629629629 0.6098958333333333 0.008333333333333333 0.6182291666666667 0.03981481481481482 0.6161458333333333 0.05462962962962963 0.6125 0.06481481481481481 0.6125 0.08888888888888889 0.61875 0.10555555555555556 0.6208333333333333 0.12222222222222222 0.6182291666666667 0.1425925925925926 0.6182291666666667 0.16018518518518518 0.6244791666666667 0.1675925925925926 0.6286458333333333 0.17592592592592593 0.6322916666666667 0.19074074074074074 0.6515625 0.22592592592592592 0.6536458333333334 0.2324074074074074 0.6541666666666667 0.24814814814814815 0.6713541666666667 0.24444444444444444 0.7307291666666667 0.25555555555555554 0.7421875 0.26481481481481484 0.7546875 0.2916666666666667 0.7578125 0.2916666666666667 0.7786458333333334 0.27314814814814814 0.7817708333333333 0.2638888888888889 0.8 0.23703703703703705 0.8010416666666667 0.23055555555555557 0.8328125 0.1962962962962963 0.8421875 0.19444444444444445 0.8463541666666666 0.19814814814814816 0.85 0.2074074074074074 0.85 0.22314814814814815 0.8520833333333333 0.22777777777777777 0.8619791666666666 0.22314814814814815 0.8640625 0.21851851851851853 0.86875 0.21666666666666667 0.884375 0.19814814814814816 0.9041666666666667 0.1824074074074074 0.9244791666666666 0.16018518518518518 0.9244791666666666 0.11388888888888889 0.9229166666666667 0.10740740740740741 0.9182291666666667 0.10092592592592593 0.9109375 0.09444444444444444 0.9 0.09351851851851851 0.8875 0.08703703703703704 0.7994791666666666 0.012037037037037037 0.7677083333333333 0.009259259259259259 0.7635416666666667 0.004629629629629629 0.7614583333333333 0.004629629629629629 0.7614583333333333 0.008333333333333333 0.7588541666666667 0.010185185185185186 0.7520833333333333 0.009259259259259259 0.7510416666666667 0.004629629629629629 0.7442708333333333 0.004629629629629629 0.7416666666666667 0.009259259259259259 0.7375 0.010185185185185186 0.7302083333333333 0.002777777777777778 0.7036458333333333 0 0.6125 0.002777777777777778
3 0.42604166666666665 0 0.425 0.004629629629629629 0.4276041666666667 0.007407407407407408 0.43125 0.03425925925925926 0.43697916666666664 0.04351851851851852 0.4453125 0.05092592592592592 0.4552083333333333 0.05 0.46197916666666666 0.046296296296296294 0.4666666666666667 0.03888888888888889 0.46927083333333336 0.03888888888888889 0.4765625 0.010185185185185186 0.484375 0.013888888888888888 0.48854166666666665 0.025 0.4942708333333333 0.023148148148148147 0.49895833333333334 0.012037037037037037 0.4984375 0 0.42604166666666665 0
3 0.39427083333333335 0 0.37083333333333335 0.000925925925925926 0.37604166666666666 0.023148148148148147 0.38229166666666664 0.02962962962962963 0.3890625 0.02962962962962963 0.39375 0.025 0.3953125 0.005555555555555556 0.39427083333333335 0