4 0.65390625 0.6925925925925925 0.0005208333333333333 0.001851851851851852
4 0.5447916666666667 0.7185185185185186 0.54375 0.7435185185185185 0.5453125 0.7620370370370371 0.5484375 0.7666666666666667 0.5526041666666667 0.7870370370370371 0.5552083333333333 0.7898148148148149 0.5567708333333333 0.7962962962962963 0.5614583333333333 0.7962962962962963 0.5645833333333333 0.8 0.5817708333333333 0.7962962962962963 0.5864583333333333 0.8009259259259259 0.5880208333333333 0.8046296296296296 0.59375 0.862037037037037 0.6046875 0.8824074074074074 0.6104166666666667 0.9212962962962963 0.6390625 0.9712962962962963 0.6567708333333333 0.9944444444444445 0.6744791666666666 0.9935185185185185 0.6890625 0.9962962962962963 0.7822916666666667 0.9935185185185185 0.8291666666666667 0.9962962962962963 0.8760416666666667 0.9935185185185185 0.8973958333333333 0.9962962962962963 0.9369791666666667 0.9944444444444445 0.9557291666666666 0.9981481481481481 0.996875 0.9944444444444445 0.9973958333333334 0.9824074074074074 0.9994791666666667 0.9805555555555555 0.9973958333333334 0.9777777777777777 0.9994791666666667 0.9685185185185186 0.9973958333333334 0.9666666666666667 0.9979166666666667 0.9490740740740741 0.9963541666666667 0.9444444444444444 0.9973958333333334 0.9324074074074075 0.9994791666666667 0.9305555555555556 0.9973958333333334 0.9157407407407407 0.9994791666666667 0.9120370370370371 0.9994791666666667 0.8981481481481481 0.9979166666666667 0.8972222222222223 0.9979166666666667 0.8861111111111111 0.9994791666666667 0.8851851851851852 0.9994791666666667 0.8212962962962963 0.9979166666666667 0.8203703703703704 0.9994791666666667 0.8166666666666667 0.9994791666666667 0.8027777777777778 0.9979166666666667 0.8018518518518518 0.9973958333333334 0.7953703703703704 0.9994791666666667 0.7601851851851852 0.9958333333333333 0.7518518518518519 0.9958333333333333 0.7472222222222222 0.9994791666666667 0.7388888888888889 0.9994791666666667 0.6935185185185185 0.9973958333333334 0.687962962962963 0.9973958333333334 0.6805555555555556 0.9994791666666667 0.6777777777777778 0.9994791666666667 0.6416666666666667 0.9979166666666667 0.6407407407407407 0.9994791666666667 0.6351851851851852 0.9979166666666667 0.6342592592592593 0.9973958333333334 0.6194444444444445 0.9994791666666667 0.6185185185185185 0.9994791666666667 0.6148148148148148 0.9963541666666667 0.612037037037037 0.9963541666666667 0.6064814814814815 0.9994791666666667 0.6027777777777777 0.9994791666666667 0.5916666666666667 0.9973958333333334 0.5898148148148148 0.9973958333333334 0.562962962962963 0.9994791666666667 0.5601851851851852 0.9994791666666667 0.5370370370370371 0.9973958333333334 0.5361111111111111 0.9979166666666667 0.5222222222222223 0.9994791666666667 0.5212962962962963 0.9994791666666667 0.4935185185185185 0.9973958333333334 0.49074074074074076 0.9973958333333334 0.42685185185185187 0.9994791666666667 0.425 0.9994791666666667 0.41203703703703703 0.9973958333333334 0.4101851851851852 0.9973958333333334 0.36944444444444446 0.9994791666666667 0.36666666666666664 0.9994791666666667 0.28888888888888886 0.9979166666666667 0.287962962962963 0.9994791666666667 0.28425925925925927 0.9994791666666667 0.2777777777777778 0.9979166666666667 0.27685185185185185 0.9994791666666667 0.27314814814814814 0.9994791666666667 0.2324074074074074 0.9973958333333334 0.22962962962962963 0.9973958333333334 0.20185185185185187 0.9994791666666667 0.19814814814814816 0.9973958333333334 0.19537037037037036 0.9979166666666667 0.18518518518518517 0.9958333333333333 0.17222222222222222 0.9973958333333334 0.11203703703703703 0.9942708333333333 0.10277777777777777 0.9885416666666667 0.09814814814814815 0.9848958333333333 0.09074074074074075 0.9869791666666666 0.08055555555555556 0.9901041666666667 0.07407407407407407 0.9942708333333333 0.0712962962962963 0.9947916666666666 0.06481481481481481 0.9979166666666667 0.06018518518518518 0.9973958333333334 0.05185185185185185 0.9994791666666667 0.05092592592592592 0.9994791666666667 0.004629629629629629 0.9765625 0 0.9489583333333333 0 0.9401041666666666 0.002777777777777778 0.9083333333333333 0.002777777777777778 0.8994791666666667 0 0.8635416666666667 0.002777777777777778 0.8432291666666667 0.002777777777777778 0.8348958333333333 0 0.8229166666666666 0.002777777777777778 0.7859375 0.002777777777777778 0.7817708333333333 0.012037037037037037 0.7802083333333333 0.021296296296296296 0.7822916666666667 0.05648148148148148 0.7885416666666667 0.075 0.7911458333333333 0.10555555555555556 0.7947916666666667 0.11666666666666667 0.8036458333333333 0.12962962962962962 0.8057291666666667 0.1398148148148148 0.8046875 0.16666666666666666 0.7958333333333333 0.20092592592592592 0.7947916666666667 0.21944444444444444 0.7953125 0.23425925925925925 0.7989583333333333 0.24444444444444444 0.8 0.25462962962962965 0.8036458333333333 0.26296296296296295 0.80625 0.2759259259259259 0.8203125 0.2953703703703704 0.825 0.3055555555555556 0.8307291666666666 0.30925925925925923 0.8328125 0.3138888888888889 0.8416666666666667 0.31851851851851853 0.8734375 0.32314814814814813 0.8786458333333333 0.3296296296296296 0.8697916666666666 0.3509259259259259 0.8682291666666667 0.3638888888888889 0.8651041666666667 0.3712962962962963 0.8651041666666667 0.37962962962962965 0.8666666666666667 0.3824074074074074 0.8614583333333333 0.40925925925925927 0.8583333333333333 0.41388888888888886 0.8546875 0.42962962962962964 0.8510416666666667 0.4351851851851852 0.84375 0.4601851851851852 0.83125 0.48518518518518516 0.8255208333333334 0.5046296296296297 0.8192708333333333 0.5148148148148148 0.815625 0.5296296296296297 0.8026041666666667 0.5638888888888889 0.7994791666666666 0.5842592592592593 0.7947916666666667 0.5935185185185186 0.7932291666666667 0.6018518518518519 0.7916666666666666 0.6203703703703703 0.7895833333333333 0.6259259259259259 0.7890625 0.6546296296296297 0.7875 0.6620370370370371 0.7630208333333334 0.6824074074074075 0.7427083333333333 0.7185185185185186 0.7328125 0.7194444444444444 0.7213541666666666 0.725925925925926 0.7125 0.725 0.7114583333333333 0.7194444444444444 0.7072916666666667 0.7129629629629629 0.6979166666666666 0.7027777777777777 0.6640625 0.7055555555555556 0.6625 0.700925925925926 0.6598958333333333 0.700925925925926 0.6567708333333333 0.7046296296296296 0.6546875 0.6962962962962963 0.6494791666666667 0.6944444444444444 0.6473958333333333 0.6944444444444444 0.6458333333333334 0.700925925925926 0.6385416666666667 0.7055555555555556 0.6359375 0.7101851851851851 0.625 0.712037037037037 0.6203125 0.7055555555555556 0.6078125 0.7055555555555556 0.6057291666666667 0.700925925925926 0.6015625 0.700925925925926 0.6005208333333333 0.6962962962962963 0.5911458333333334 0.6824074074074075 0.5875 0.6824074074074075 0.5848958333333333 0.6759259259259259 0.58125 0.675 0.5744791666666667 0.6759259259259259 0.5703125 0.6805555555555556 0.55625 0.6805555555555556 0.5515625 0.687962962962963 0.5447916666666667 0.7185185185185186
4 0.1890625 0.7074074074074074 0.18854166666666666 0.712037037037037 0.19270833333333334 0.7101851851851851 0.19322916666666667 0.7055555555555556 0.1890625 0.7074074074074074
4 0.18541666666666667 0.6916666666666667 0.18489583333333334 0.6990740740740741 0.18697916666666667 0.6990740740740741 0.1890625 0.687037037037037 0.18541666666666667 0.6916666666666667
4 0.22005208333333334 0.5726851851851852 0.0005208333333333333 0.002777777777777778
4 0.18125 0.7037037037037037 0.1796875 0.7203703703703703 0.17447916666666666 0.7351851851851852 0.17447916666666666 0.7435185185185185 0.16927083333333334 0.7611111111111111 0.16041666666666668 0.8074074074074075 0.15677083333333333 0.8166666666666667 0.15625 0.8268518518518518 0.1515625 0.8453703703703703 0.14947916666666666 0.862037037037037 0.14010416666666667 0.8870370370370371 0.1328125 0.9185185185185185 0.13333333333333333 0.9305555555555556 0.13854166666666667 0.9388888888888889 0.153125 0.9490740740740741 0.16302083333333334 0.9638888888888889 0.16666666666666666 0.9712962962962963 0.16979166666666667 0.9888888888888889 0.175 0.9962962962962963 0.2234375 0.9935185185185185 0.24375 0.9962962962962963 0.3416666666666667 0.9944444444444445 0.3458333333333333 0.9935185185185185 0.3489583333333333 0.9888888888888889 0.35 0.9768518518518519 0.3536458333333333 0.9712962962962963 0.3578125 0.9555555555555556 0.36041666666666666 0.9527777777777777 0.36614583333333334 0.937037037037037 0.3723958333333333 0.9148148148148149 0.3859375 0.8888888888888888 0.39114583333333336 0.8740740740740741 0.4 0.8601851851851852 0.41354166666666664 0.8231481481481482 0.4197916666666667 0.812037037037037 0.4244791666666667 0.8101851851851852 0.42916666666666664 0.8037037037037037 0.43125 0.7962962962962963 0.44166666666666665 0.7787037037037037 0.44375 0.7685185185185185 0.4473958333333333 0.7638888888888888 0.4505208333333333 0.7490740740740741 0.45416666666666666 0.7416666666666667 0.45625 0.7240740740740741 0.45989583333333334 0.7212962962962963 0.4635416666666667 0.7046296296296296 0.46770833333333334 0.6944444444444444 0.4708333333333333 0.6648148148148149 0.46770833333333334 0.6518518518518519 0.4739583333333333 0.6259259259259259 0.4796875 0.6277777777777778 0.48125 0.6333333333333333 0.5046875 0.6666666666666666 0.5072916666666667 0.6796296296296296 0.5223958333333333 0.712037037037037 0.5255208333333333 0.7240740740740741 0.5385416666666667 0.7324074074074074 0.540625 0.7277777777777777 0.5447916666666667 0.6990740740740741 0.5484375 0.687037037037037 0.5536458333333333 0.6777777777777778 0.5609375 0.6731481481481482 0.5661458333333333 0.6731481481481482 0.58125 0.6601851851851852 0.5885416666666666 0.6601851851851852 0.5854166666666667 0.6148148148148148 0.5833333333333334 0.6111111111111112 0.5807291666666666 0.5898148148148148 0.5744791666666667 0.5703703703703704 0.5729166666666666 0.5166666666666667 0.5671875 0.487962962962963 0.5661458333333333 0.4638888888888889 0.5625 0.45092592592592595 0.5411458333333333 0.40555555555555556 0.5041666666666667 0.3527777777777778 0.4953125 0.3296296296296296 0.4953125 0.32407407407407407 0.4973958333333333 0.3212962962962963 0.509375 0.3138888888888889 0.5145833333333333 0.3074074074074074 0.53125 0.2759259259259259 0.5385416666666667 0.24814814814814815 0.5421875 0.24351851851851852 0.5510416666666667 0.21666666666666667 0.5557291666666667 0.2101851851851852 0.5630208333333333 0.17592592592592593 0.5802083333333333 0.1388888888888889 0.5848958333333333 0.11018518518518519 0.5828125 0.08518518518518518 0.5791666666666667 0.06944444444444445 0.5604166666666667 0.044444444444444446 0.5442708333333334 0.02962962962962963 0.5375 0.018518518518518517 0.5296875 0.013888888888888888 0.5020833333333333 0.012037037037037037 0.4786458333333333 0.023148148148148147 0.46145833333333336 0.021296296296296296 0.45989583333333334 0.023148148148148147 0.45989583333333334 0.02962962962962963 0.45677083333333335 0.041666666666666664 0.45416666666666666 0.046296296296296294 0.44375 0.05277777777777778 0.4359375 0.07037037037037037 0.4296875 0.07777777777777778 0.42864583333333334 0.08703703703703704 0.41822916666666665 0.11388888888888889 0.415625 0.13148148148148148 0.415625 0.14722222222222223 0.39791666666666664 0.15092592592592594 0.3958333333333333 0.15462962962962962 0.38958333333333334 0.1574074074074074 0.3859375 0.16666666666666666 0.38177083333333334 0.1712962962962963 0.3640625 0.17407407407407408 0.3578125 0.17777777777777778 0.35520833333333335 0.1824074074074074 0.35208333333333336 0.1824074074074074 0.34479166666666666 0.1962962962962963 0.34322916666666664 0.20462962962962963 0.3380208333333333 0.21296296296296297 0.33229166666666665 0.22870370370370371 0.31927083333333334 0.25277777777777777 0.3067708333333333 0.2916666666666667 0.29791666666666666 0.3277777777777778 0.28958333333333336 0.34814814814814815 0.28125 0.3824074074074074 0.27447916666666666 0.39351851851851855 0.2708333333333333 0.39444444444444443 0.26458333333333334 0.40185185185185185 0.2604166666666667 0.425 0.2578125 0.42777777777777776 0.2546875 0.44074074074074077 0.25364583333333335 0.45185185185185184 0.25 0.45555555555555555 0.25 0.462037037037037 0.246875 0.47129629629629627 0.2484375 0.4777777777777778 0.24583333333333332 0.4888888888888889 0.2484375 0.4962962962962963 0.24791666666666667 0.5 0.24375 0.5101851851851852 0.23958333333333334 0.5138888888888888 0.23958333333333334 0.5212962962962963 0.23333333333333334 0.5277777777777778 0.23541666666666666 0.5351851851851852 0.23177083333333334 0.5435185185185185 0.23125 0.562962962962963 0.22604166666666667 0.5685185185185185 0.22395833333333334 0.5805555555555556 0.21666666666666667 0.5787037037037037 0.215625 0.5888888888888889 0.2125 0.5925925925925926 0.21197916666666666 0.6 0.20729166666666668 0.6055555555555555 0.20625 0.6194444444444445 0.19947916666666668 0.6370370370370371 0.19791666666666666 0.6462962962962963 0.1953125 0.6481481481481481 0.19375 0.6601851851851852 0.19010416666666666 0.6712962962962963 0.19322916666666667 0.6777777777777778 0.1921875 0.6851851851851852 0.19479166666666667 0.6805555555555556 0.19895833333333332 0.6824074074074075 0.2 0.6935185185185185 0.2046875 0.6981481481481482 0.20364583333333333 0.7055555555555556 0.2 0.7101851851851851 0.2 0.7203703703703703 0.1953125 0.7240740740740741 0.18958333333333333 0.7212962962962963 0.18541666666666667 0.7305555555555555 0.18385416666666668 0.7157407407407408 0.18489583333333334 0.7074074074074074 0.1875 0.7055555555555556 0.18125 0.7037037037037037
4 0.5776041666666667 0.5574074074074075 0.5776041666666667 0.5685185185185185 0.5859375 0.5935185185185186 0.5875 0.6046296296296296 0.5901041666666667 0.6074074074074074 0.6020833333333333 0.6092592592592593 0.596875 0.6222222222222222 0.6010416666666667 0.6324074074074074 0.6364583333333333 0.6509259259259259 0.6484375 0.6481481481481481 0.65 0.6435185185185185 0.6520833333333333 0.6648148148148149 0.6515625 0.6796296296296296 0.65625 0.687037037037037 0.6796875 0.6842592592592592 0.6854166666666667 0.6805555555555556 0.7364583333333333 0.6796296296296296 0.75625 0.6824074074074075 0.7619791666666667 0.6759259259259259 0.7666666666666667 0.675 0.7692708333333333 0.6694444444444444 0.775 0.6648148148148149 0.784375 0.6601851851851852 0.7932291666666667 0.5879629629629629 0.8135416666666667 0.5222222222222223 0.84375 0.45092592592592595 0.8557291666666667 0.412962962962963 0.8598958333333333 0.4046296296296296 0.8625 0.39166666666666666 0.8625 0.36666666666666664 0.8671875 0.35555555555555557 0.8671875 0.3416666666666667 0.8630208333333333 0.33240740740740743 0.8541666666666666 0.32592592592592595 0.8265625 0.31666666666666665 0.8020833333333334 0.2722222222222222 0.7921875 0.22685185185185186 0.7932291666666667 0.19907407407407407 0.8 0.17314814814814813 0.8020833333333334 0.1388888888888889 0.7989583333333333 0.12777777777777777 0.7932291666666667 0.12685185185185185 0.7921875 0.11851851851851852 0.7880208333333333 0.10833333333333334 0.7864583333333334 0.07592592592592592 0.78125 0.062037037037037036 0.7786458333333334 0.04351851851851852 0.775 0.03518518518518519 0.75625 0.027777777777777776 0.7458333333333333 0.027777777777777776 0.7192708333333333 0.037037037037037035 0.6942708333333333 0.06018518518518518 0.6765625 0.08981481481481482 0.6692708333333334 0.11388888888888889 0.6677083333333333 0.14722222222222223 0.6755208333333333 0.22314814814814815 0.6833333333333333 0.25462962962962965 0.6833333333333333 0.2657407407407407 0.68125 0.27314814814814814 0.6822916666666666 0.2953703703703704 0.6880208333333333 0.3212962962962963 0.6947916666666667 0.337037037037037 0.70625 0.3574074074074074 0.7145833333333333 0.3638888888888889 0.7151041666666667 0.3685185185185185 0.7036458333333333 0.39444444444444443 0.6947916666666667 0.4074074074074074 0.6932291666666667 0.41388888888888886 0.6671875 0.45740740740740743 0.665625 0.47314814814814815 0.6630208333333333 0.4777777777777778 0.6302083333333334 0.5101851851851852 0.6203125 0.5101851851851852 0.6161458333333333 0.5074074074074074 0.6057291666666667 0.5074074074074074 0.6015625 0.5101851851851852 0.5916666666666667 0.5277777777777778 0.5875 0.549074074074074 0.5776041666666667 0.5574074074074075
3 0.6385416666666667 0.7055555555555556 0.6380208333333334 0.7092592592592593 0.6421875 0.712037037037037 0.6557291666666667 0.712037037037037 0.665625 0.7055555555555556 0.6838541666666667 0.6990740740740741 0.6921875 0.6990740740740741 0.7036458333333333 0.7055555555555556 0.7130208333333333 0.725925925925926 0.7177083333333333 0.7277777777777777 0.7260416666666667 0.7212962962962963 0.74375 0.7166666666666667 0.7572916666666667 0.6888888888888889 0.7572916666666667 0.6851851851851852 0.7411458333333333 0.6805555555555556 0.6828125 0.6824074074074075 0.6723958333333333 0.687037037037037 0.6458333333333334 0.6916666666666667 0.6385416666666667 0.7055555555555556
3 0.5760416666666667 0.5564814814814815 0.5755208333333334 0.5638888888888889 0.5776041666666667 0.575925925925926 0.5796875 0.5777777777777777 0.5838541666666667 0.6 0.5880208333333333 0.6092592592592593 0.603125 0.6074074074074074 0.6125 0.5935185185185186 0.6135416666666667 0.5666666666666667 0.6098958333333333 0.5527777777777778 0.6015625 0.5462962962962963 0.59375 0.5462962962962963 0.5760416666666667 0.5564814814814815
3 0.5921875 0.6509259259259259 0.5947916666666667 0.675 0.6098958333333333 0.6981481481481482 0.6177083333333333 0.6990740740740741 0.625 0.7074074074074074 0.634375 0.7074074074074074 0.6416666666666667 0.6990740740740741 0.6442708333333333 0.6916666666666667 0.6411458333333333 0.6805555555555556 0.63125 0.6685185185185185 0.6135416666666667 0.6592592592592592 0.6109375 0.6555555555555556 0.6057291666666667 0.6555555555555556 0.5953125 0.649074074074074 0.5921875 0.6509259259259259
3 0.5432291666666667 0.7148148148148148 0.5432291666666667 0.7601851851851852 0.5489583333333333 0.7759259259259259 0.5520833333333334 0.7935185185185185 0.5557291666666667 0.8 0.5645833333333333 0.8055555555555556 0.5796875 0.8046296296296296 0.5848958333333333 0.8009259259259259 0.5859375 0.7962962962962963 0.5890625 0.7712962962962963 0.5901041666666667 0.7416666666666667 0.5921875 0.7314814814814815 0.6104166666666667 0.7027777777777777 0.5984375 0.6824074074074075 0.5921875 0.6759259259259259 0.5661458333333333 0.6759259259259259 0.5526041666666667 0.6824074074074075 0.5432291666666667 0.7148148148148148