4 0.4890625 0.8564814814814815 0.5010416666666667 0.8666666666666667 0.51875 0.875 0.528125 0.8694444444444445 0.5552083333333333 0.8694444444444445 0.5859375 0.8972222222222223 0.6125 0.9268518518518518 0.6296875 0.9398148148148148 0.6536458333333334 0.9462962962962963 0.6609375 0.9527777777777777 0.6682291666666667 0.9481481481481482 0.6796875 0.9324074074074075 0.6895833333333333 0.9296296296296296 0.7255208333333333 0.9481481481481482 0.7505208333333333 0.9574074074074074 0.7671875 0.9574074074074074 0.7744791666666667 0.9537037037037037 0.778125 0.9481481481481482 0.7822916666666667 0.9537037037037037 0.8010416666666667 0.9574074074074074 0.8177083333333334 0.9537037037037037 0.8369791666666667 0.9574074074074074 0.85 0.9629629629629629 0.865625 0.9787037037037037 0.8765625 0.9851851851851852 0.9010416666666666 0.9842592592592593 0.9197916666666667 0.9879629629629629 0.9317708333333333 0.9944444444444445 0.9375 0.9944444444444445 0.9322916666666666 0.9944444444444445 0.9307291666666667 0.9990740740740741 0.8520833333333333 0.9990740740740741 0.85 0.9962962962962963 0.8411458333333334 0.9990740740740741 0.7302083333333333 0.9990740740740741 0.7239583333333334 0.9953703703703703 0.7088541666666667 0.9990740740740741 0.5041666666666667 0.9990740740740741 0.5026041666666666 0.9944444444444445 0.5067708333333333 0.9833333333333333 0.5 0.9740740740740741 0.5 0.9685185185185186 0.4947916666666667 0.9629629629629629 0.4864583333333333 0.9648148148148148 0.4739583333333333 0.9611111111111111 0.4744791666666667 0.9555555555555556 0.46979166666666666 0.9453703703703704 0.4703125 0.9333333333333333 0.4828125 0.9212962962962963 0.47604166666666664 0.9064814814814814 0.47604166666666664 0.9009259259259259 0.48125 0.8851851851851852 0.47552083333333334 0.8759259259259259 0.47760416666666666 0.8666666666666667 0.4822916666666667 0.8592592592592593 0.48854166666666665 0.8564814814814815
4 0.6802083333333333 0 0.7380208333333333 0 0.7458333333333333 0.004629629629629629 0.7651041666666667 0.002777777777777778 0.7671875 0 0.7984375 0 0.8005208333333333 0.002777777777777778 0.8276041666666667 0 0.8328125 0.002777777777777778 0.859375 0.004629629629629629 0.878125 0.001851851851851852 0.9005208333333333 0.005555555555555556 0.9171875 0.003703703703703704 0.9213541666666667 0 0.9359375 0 0.9411458333333333 0.004629629629629629 0.9473958333333333 0.004629629629629629 0.95 0.011111111111111112 0.946875 0.05092592592592592 0.940625 0.0787037037037037 0.9369791666666667 0.10185185185185185 0.9364583333333333 0.11851851851851852 0.934375 0.12407407407407407 0.9338541666666667 0.18981481481481483 0.9302083333333333 0.22037037037037038 0.9286458333333333 0.25833333333333336 0.9255208333333333 0.2833333333333333 0.9223958333333333 0.29074074074074074 0.91875 0.3314814814814815 0.9125 0.3435185185185185 0.9130208333333333 0.3925925925925926 0.9052083333333333 0.4148148148148148 0.903125 0.42592592592592593 0.9046875 0.43425925925925923 0.9041666666666667 0.44907407407407407 0.8932291666666666 0.49166666666666664 0.8880208333333334 0.5324074074074074 0.8880208333333334 0.5518518518518518 0.8786458333333333 0.6185185185185185 0.8770833333333333 0.6435185185185185 0.8734375 0.6592592592592592 0.8682291666666667 0.6675925925925926 0.8635416666666667 0.6888888888888889 0.8515625 0.6962962962962963 0.8416666666666667 0.7157407407407408 0.8364583333333333 0.7527777777777778 0.821875 0.8074074074074075 0.8229166666666666 0.8351851851851851 0.8354166666666667 0.8796296296296297 0.8453125 0.9314814814814815 0.846875 0.9592592592592593 0.8432291666666667 0.9657407407407408 0.8380208333333333 0.9666666666666667 0.8208333333333333 0.9574074074074074 0.809375 0.9611111111111111 0.796875 0.9601851851851851 0.7932291666666667 0.9564814814814815 0.7479166666666667 0.9611111111111111 0.7385416666666667 0.950925925925926 0.7265625 0.9453703703703704 0.7197916666666667 0.9462962962962963 0.7135416666666666 0.9407407407407408 0.7057291666666666 0.9398148148148148 0.7005208333333334 0.9342592592592592 0.6890625 0.9296296296296296 0.6828125 0.9314814814814815 0.6786458333333333 0.9388888888888889 0.671875 0.9425925925925925 0.66875 0.950925925925926 0.6614583333333334 0.95 0.6552083333333333 0.9453703703703704 0.6416666666666667 0.9425925925925925 0.640625 0.937037037037037 0.6364583333333333 0.937962962962963 0.6265625 0.9277777777777778 0.6036458333333333 0.9194444444444444 0.5885416666666666 0.8981481481481481 0.5625 0.8759259259259259 0.5598958333333334 0.8703703703703703 0.534375 0.8666666666666667 0.5291666666666667 0.862037037037037 0.5359375 0.8157407407407408 0.5380208333333333 0.7546296296296297 0.5416666666666666 0.7324074074074074 0.5416666666666666 0.7203703703703703 0.5385416666666667 0.7129629629629629 0.540625 0.7101851851851851 0.5401041666666667 0.7064814814814815 0.5359375 0.7055555555555556 0.5354166666666667 0.7027777777777777 0.5395833333333333 0.700925925925926 0.5416666666666666 0.6962962962962963 0.5432291666666667 0.6851851851851852 0.546875 0.6814814814814815 0.5453125 0.675 0.546875 0.6712962962962963 0.5442708333333334 0.6638888888888889 0.5380208333333333 0.6601851851851852 0.5385416666666667 0.6537037037037037 0.5291666666666667 0.6370370370370371 0.5322916666666667 0.6333333333333333 0.5265625 0.6305555555555555 0.5260416666666666 0.6240740740740741 0.5328125 0.6194444444444445 0.5291666666666667 0.6157407407407407 0.5453125 0.6129629629629629 0.5458333333333333 0.6092592592592593 0.55 0.6055555555555555 0.5489583333333333 0.6018518518518519 0.5505208333333333 0.6 0.5505208333333333 0.5953703703703703 0.5427083333333333 0.5731481481481482 0.5395833333333333 0.5685185185185185 0.5359375 0.5703703703703704 0.5338541666666666 0.5648148148148148 0.5307291666666667 0.5638888888888889 0.5333333333333333 0.5601851851851852 0.5364583333333334 0.5453703703703704 0.5348958333333333 0.5333333333333333 0.5385416666666667 0.5175925925925926 0.5359375 0.5018518518518519 0.5286458333333334 0.4898148148148148 0.5276041666666667 0.4824074074074074 0.5302083333333333 0.47129629629629627 0.5260416666666666 0.4666666666666667 0.5307291666666667 0.45925925925925926 0.528125 0.4398148148148148 0.5296875 0.43148148148148147 0.5286458333333334 0.425 0.5307291666666667 0.4212962962962963 0.5302083333333333 0.4148148148148148 0.5333333333333333 0.4083333333333333 0.5333333333333333 0.40370370370370373 0.5286458333333334 0.3972222222222222 0.5333333333333333 0.3925925925925926 0.5338541666666666 0.3814814814814815 0.5401041666666667 0.3731481481481482 0.5380208333333333 0.362962962962963 0.534375 0.35833333333333334 0.5380208333333333 0.34814814814814815 0.5484375 0.3333333333333333 0.5640625 0.28703703703703703 0.5864583333333333 0.24444444444444444 0.6036458333333333 0.19907407407407407 0.6416666666666667 0.13240740740740742 0.6494791666666667 0.0962962962962963 0.65625 0.07685185185185185 0.6619791666666667 0.03981481481481482 0.6703125 0.005555555555555556 0.6802083333333333 0.000925925925925926
4 0.109375 0 0.32083333333333336 0 0.32864583333333336 0.003703703703703704 0.34791666666666665 0 0.40208333333333335 0 0.41458333333333336 0.03518518518518519 0.42916666666666664 0.06111111111111111 0.434375 0.07777777777777778 0.4609375 0.12037037037037036 0.48541666666666666 0.1527777777777778 0.49583333333333335 0.17314814814814813 0.5020833333333333 0.20185185185185187 0.5052083333333334 0.2722222222222222 0.5208333333333334 0.3416666666666667 0.5239583333333333 0.387037037037037 0.5197916666666667 0.4740740740740741 0.5177083333333333 0.49166666666666664 0.5130208333333334 0.5064814814814815 0.5130208333333334 0.5194444444444445 0.5208333333333334 0.5416666666666666 0.521875 0.5564814814814815 0.5171875 0.5777777777777777 0.5067708333333333 0.5953703703703703 0.5057291666666667 0.600925925925926 0.4979166666666667 0.6064814814814815 0.4890625 0.6268518518518519 0.4875 0.6546296296296297 0.4822916666666667 0.6731481481481482 0.47760416666666666 0.7018518518518518 0.4786458333333333 0.7101851851851851 0.48072916666666665 0.7129629629629629 0.4786458333333333 0.7203703703703703 0.4817708333333333 0.7240740740740741 0.48333333333333334 0.7361111111111112 0.48072916666666665 0.7509259259259259 0.4817708333333333 0.7583333333333333 0.47604166666666664 0.7620370370370371 0.48072916666666665 0.7638888888888888 0.4822916666666667 0.775 0.48072916666666665 0.7907407407407407 0.46041666666666664 0.8203703703703704 0.4515625 0.825925925925926 0.4390625 0.85 0.43333333333333335 0.8537037037037037 0.428125 0.8518518518518519 0.41822916666666665 0.862037037037037 0.4114583333333333 0.8583333333333333 0.40572916666666664 0.8222222222222222 0.4078125 0.7898148148148149 0.40677083333333336 0.7657407407407407 0.4046875 0.7611111111111111 0.3953125 0.7583333333333333 0.3927083333333333 0.75 0.3953125 0.7296296296296296 0.40729166666666666 0.7092592592592593 0.41458333333333336 0.6768518518518518 0.4203125 0.662962962962963 0.4203125 0.6259259259259259 0.4265625 0.6138888888888889 0.4276041666666667 0.6037037037037037 0.43333333333333335 0.5962962962962963 0.4317708333333333 0.5861111111111111 0.43697916666666664 0.5546296296296296 0.4354166666666667 0.5462962962962963 0.43333333333333335 0.5527777777777778 0.43020833333333336 0.5537037037037037 0.4109375 0.5796296296296296 0.40520833333333334 0.6046296296296296 0.39427083333333335 0.6222222222222222 0.390625 0.6398148148148148 0.3854166666666667 0.6537037037037037 0.378125 0.6638888888888889 0.3770833333333333 0.6703703703703704 0.3692708333333333 0.6657407407407407 0.3651041666666667 0.6722222222222223 0.365625 0.6814814814814815 0.37083333333333335 0.6925925925925925 0.37395833333333334 0.7092592592592593 0.3875 0.7361111111111112 0.3880208333333333 0.7453703703703703 0.38385416666666666 0.7509259259259259 0.36770833333333336 0.7592592592592593 0.35208333333333336 0.7583333333333333 0.3338541666666667 0.7731481481481481 0.3255208333333333 0.775 0.3177083333333333 0.7703703703703704 0.28958333333333336 0.7351851851851852 0.2708333333333333 0.7416666666666667 0.24739583333333334 0.7388888888888889 0.23489583333333333 0.7657407407407407 0.2171875 0.7777777777777778 0.19583333333333333 0.7731481481481481 0.1703125 0.7537037037037037 0.16197916666666667 0.7398148148148148 0.1390625 0.7138888888888889 0.1015625 0.6620370370370371 0.096875 0.6472222222222223 0.08697916666666666 0.5907407407407408 0.08541666666666667 0.5314814814814814 0.08229166666666667 0.5148148148148148 0.07239583333333334 0.49537037037037035 0.07083333333333333 0.487962962962963 0.07239583333333334 0.4740740740740741 0.0890625 0.42407407407407405 0.0828125 0.38055555555555554 0.08229166666666667 0.3425925925925926 0.09114583333333333 0.28425925925925927 0.090625 0.25277777777777777 0.09270833333333334 0.24259259259259258 0.10260416666666666 0.21851851851851853 0.10572916666666667 0.20185185185185187 0.11041666666666666 0.19166666666666668 0.1390625 0.1388888888888889 0.14947916666666666 0.12777777777777777 0.16614583333333333 0.09814814814814815 0.15677083333333333 0.08796296296296297 0.140625 0.04722222222222222 0.11770833333333333 0.008333333333333333 0.109375 0.000925925925925926
1 0.49270833333333336 0.7018518518518518 0.4984375 0.7055555555555556 0.5041666666666667 0.725925925925926 0.5083333333333333 0.7333333333333333 0.5114583333333333 0.7342592592592593 0.5161458333333333 0.7462962962962963 0.51875 0.7611111111111111 0.5166666666666667 0.7787037037037037 0.5098958333333333 0.8055555555555556 0.5067708333333333 0.825925925925926 0.5072916666666667 0.8342592592592593 0.49322916666666666 0.8324074074074074 0.46041666666666664 0.8518518518518519 0.45677083333333335 0.8407407407407408 0.4588541666666667 0.8314814814814815 0.48385416666666664 0.7916666666666666 0.4864583333333333 0.7398148148148148 0.4859375 0.7046296296296296 0.4921875 0.7018518518518518
0 0.5083333333333333 0.6888888888888889 0.5083333333333333 0.6944444444444444 0.5177083333333333 0.7231481481481481 0.5182291666666666 0.7324074074074074 0.5223958333333333 0.7361111111111112 0.5182291666666666 0.7462962962962963 0.5182291666666666 0.7518518518518519 0.5203125 0.7620370370370371 0.5192708333333333 0.7722222222222223 0.5229166666666667 0.7759259259259259 0.5182291666666666 0.7787037037037037 0.5114583333333333 0.8074074074074075 0.515625 0.8083333333333333 0.5192708333333333 0.8138888888888889 0.5265625 0.8138888888888889 0.5234375 0.8166666666666667 0.5234375 0.8212962962962963 0.5182291666666666 0.8231481481481482 0.51875 0.8296296296296296 0.5260416666666666 0.8314814814814815 0.5223958333333333 0.8453703703703703 0.5229166666666667 0.8527777777777777 0.5036458333333333 0.8527777777777777 0.5067708333333333 0.8490740740740741 0.50625 0.8388888888888889 0.5005208333333333 0.8361111111111111 0.49895833333333334 0.8388888888888889 0.5 0.8527777777777777 0.48385416666666664 0.8490740740740741 0.48072916666666665 0.8527777777777777 0.46979166666666666 0.8518518518518519 0.46197916666666666 0.8564814814814815 0.459375 0.8546296296296296 0.45729166666666665 0.8351851851851851 0.4666666666666667 0.8175925925925925 0.4786458333333333 0.8037037037037037 0.48541666666666666 0.7870370370370371 0.4869791666666667 0.7185185185185186 0.484375 0.6990740740740741 0.49635416666666665 0.7018518518518518 0.5052083333333334 0.6888888888888889 0.5078125 0.6888888888888889
0 0.434375 0.9175925925925926 0.4479166666666667 0.924074074074074 0.46197916666666666 0.924074074074074 0.46822916666666664 0.9277777777777778 0.4666666666666667 0.9425925925925925 0.46927083333333336 0.9490740740740741 0.46770833333333334 0.9564814814814815 0.4739583333333333 0.9888888888888889 0.4739583333333333 0.9944444444444445 0.4708333333333333 0.9990740740740741 0.4401041666666667 0.9953703703703703 0.42552083333333335 0.9879629629629629 0.41822916666666665 0.9796296296296296 0.41510416666666666 0.9694444444444444 0.4239583333333333 0.9398148148148148 0.4234375 0.9212962962962963 0.425 0.9175925925925926 0.43385416666666665 0.9175925925925926
0 0.6984375 0 0.7104166666666667 0.004629629629629629 0.7296875 0.001851851851851852 0.8463541666666666 0.004629629629629629 0.8484375 0.011111111111111112 0.8520833333333333 0.013888888888888888 0.8661458333333333 0.013888888888888888 0.8723958333333334 0.017592592592592594 0.884375 0.016666666666666666 0.8869791666666667 0.008333333333333333 0.884375 0.004629629629629629 0.9213541666666667 0.004629629629629629 0.9276041666666667 0.001851851851851852 0.9463541666666667 0.004629629629629629 0.9427083333333334 0.008333333333333333 0.9317708333333333 0.007407407407407408 0.9286458333333333 0.013888888888888888 0.93125 0.017592592592592594 0.9458333333333333 0.017592592592592594 0.9432291666666667 0.022222222222222223 0.9463541666666667 0.025925925925925925 0.9447916666666667 0.028703703703703703 0.9463541666666667 0.03333333333333333 0.9432291666666667 0.04259259259259259 0.9463541666666667 0.04722222222222222 0.9411458333333333 0.05648148148148148 0.9416666666666667 0.06759259259259259 0.9385416666666667 0.07685185185185185 0.9390625 0.08148148148148149 0.9364583333333333 0.08425925925925926 0.9385416666666667 0.08796296296296297 0.9333333333333333 0.09814814814814815 0.934375 0.11944444444444445 0.9317708333333333 0.1675925925925926 0.9338541666666667 0.1712962962962963 0.9322916666666666 0.1814814814814815 0.9333333333333333 0.2 0.9296875 0.2074074074074074 0.9276041666666667 0.21944444444444444 0.9296875 0.2324074074074074 0.928125 0.2574074074074074 0.9244791666666666 0.2722222222222222 0.925 0.2814814814814815 0.921875 0.2833333333333333 0.9177083333333333 0.29259259259259257 0.9213541666666667 0.2962962962962963 0.921875 0.30462962962962964 0.9171875 0.32037037037037036 0.9192708333333334 0.32407407407407407 0.9182291666666667 0.3314814814814815 0.9135416666666667 0.33425925925925926 0.9114583333333334 0.34074074074074073 0.9125 0.38055555555555554 0.9114583333333334 0.39444444444444443 0.9088541666666666 0.3972222222222222 0.9109375 0.4009259259259259 0.9026041666666667 0.4305555555555556 0.9057291666666667 0.4351851851851852 0.903125 0.4388888888888889 0.9067708333333333 0.44166666666666665 0.9057291666666667 0.4564814814814815 0.9046875 0.4638888888888889 0.8953125 0.48055555555555557 0.8916666666666667 0.5 0.8916666666666667 0.5333333333333333 0.8838541666666667 0.5777777777777777 0.8833333333333333 0.5953703703703703 0.8802083333333334 0.6018518518518519 0.878125 0.6166666666666667 0.8786458333333333 0.6361111111111111 0.8765625 0.6546296296296297 0.8677083333333333 0.6675925925925926 0.86875 0.6712962962962963 0.865625 0.6787037037037037 0.8635416666666667 0.6925925925925925 0.8447916666666667 0.7129629629629629 0.840625 0.7287037037037037 0.8427083333333333 0.7333333333333333 0.840625 0.737037037037037 0.8416666666666667 0.7407407407407407 0.8369791666666667 0.7490740740740741 0.8359375 0.7601851851851852 0.8296875 0.7759259259259259 0.8260416666666667 0.7962962962962963 0.821875 0.8037037037037037 0.8208333333333333 0.8157407407407408 0.815625 0.8203703703703704 0.8052083333333333 0.8194444444444444 0.7989583333333333 0.8231481481481482 0.7953125 0.8342592592592593 0.7864583333333334 0.8435185185185186 0.784375 0.8546296296296296 0.7854166666666667 0.8629629629629629 0.7744791666666667 0.8796296296296297 0.7755208333333333 0.8833333333333333 0.7703125 0.8870370370370371 0.771875 0.8898148148148148 0.7614583333333333 0.8972222222222223 0.7583333333333333 0.9120370370370371 0.7541666666666667 0.9175925925925926 0.7552083333333334 0.9222222222222223 0.7510416666666667 0.925 0.7546875 0.9277777777777778 0.7510416666666667 0.9361111111111111 0.7421875 0.9388888888888889 0.7375 0.9305555555555556 0.7302083333333333 0.9398148148148148 0.7192708333333333 0.9416666666666667 0.7 0.9296296296296296 0.6833333333333333 0.9268518518518518 0.6677083333333333 0.9444444444444444 0.6609375 0.9453703703703704 0.6427083333333333 0.9351851851851852 0.6463541666666667 0.9314814814814815 0.6442708333333333 0.924074074074074 0.6401041666666667 0.9314814814814815 0.6348958333333333 0.9259259259259259 0.6296875 0.9277777777777778 0.6203125 0.9212962962962963 0.6151041666666667 0.9222222222222223 0.6057291666666667 0.9175925925925926 0.5770833333333333 0.8851851851851852 0.5734375 0.8731481481481481 0.5640625 0.8722222222222222 0.5552083333333333 0.8657407407407407 0.5359375 0.8629629629629629 0.5317708333333333 0.8592592592592593 0.5322916666666667 0.8342592592592593 0.5369791666666667 0.8148148148148148 0.5390625 0.7898148148148149 0.5390625 0.7574074074074074 0.5364583333333334 0.7444444444444445 0.5395833333333333 0.7388888888888889 0.54375 0.737037037037037 0.5421875 0.7268518518518519 0.5359375 0.7138888888888889 0.540625 0.7083333333333334 0.5401041666666667 0.6990740740740741 0.5432291666666667 0.6953703703703704 0.5421875 0.6916666666666667 0.546875 0.6916666666666667 0.5479166666666667 0.6851851851851852 0.5442708333333334 0.6759259259259259 0.54375 0.6648148148148149 0.5395833333333333 0.6611111111111111 0.5390625 0.6546296296296297 0.5348958333333333 0.6472222222222223 0.5354166666666667 0.6416666666666667 0.5255208333333333 0.6268518518518519 0.5192708333333333 0.612037037037037 0.5265625 0.612037037037037 0.5265625 0.6018518518518519 0.5328125 0.5981481481481481 0.5255208333333333 0.5944444444444444 0.5260416666666666 0.5787037037037037 0.5302083333333333 0.5805555555555556 0.5260416666666666 0.5851851851851851 0.5348958333333333 0.5944444444444444 0.5328125 0.5990740740740741 0.5359375 0.600925925925926 0.5385416666666667 0.5981481481481481 0.5369791666666667 0.5953703703703703 0.5390625 0.5916666666666667 0.5385416666666667 0.5861111111111111 0.5463541666666667 0.5777777777777777 0.546875 0.5703703703703704 0.54375 0.5657407407407408 0.5401041666666667 0.5694444444444444 0.5291666666666667 0.5675925925925925 0.5354166666666667 0.5574074074074075 0.5427083333333333 0.5601851851851852 0.5458333333333333 0.5574074074074075 0.5432291666666667 0.5527777777777778 0.5385416666666667 0.5546296296296296 0.5364583333333334 0.5518518518518518 0.5328125 0.5398148148148149 0.5322916666666667 0.5333333333333333 0.5369791666666667 0.5231481481481481 0.5369791666666667 0.5074074074074074 0.534375 0.5027777777777778 0.5255208333333333 0.4981481481481482 0.5229166666666667 0.49074074074074076 0.5244791666666667 0.487962962962963 0.5223958333333333 0.4842592592592593 0.5244791666666667 0.48055555555555557 0.5239583333333333 0.47685185185185186 0.5270833333333333 0.47314814814814815 0.5229166666666667 0.45555555555555555 0.5255208333333333 0.41388888888888886 0.5296875 0.4046296296296296 0.528125 0.3962962962962963 0.5333333333333333 0.37592592592592594 0.53125 0.35833333333333334 0.5348958333333333 0.3425925925925926 0.5432291666666667 0.3351851851851852 0.5505208333333333 0.33425925925925926 0.5536458333333333 0.3101851851851852 0.565625 0.2824074074074074 0.5802083333333333 0.25833333333333336 0.6078125 0.1925925925925926 0.63125 0.15462962962962962 0.6421875 0.12962962962962962 0.6458333333333334 0.1259259259259259 0.6453125 0.10925925925925926 0.6578125 0.075 0.6625 0.07037037037037037 0.6598958333333333 0.06574074074074074 0.6598958333333333 0.06018518518518518 0.6645833333333333 0.03333333333333333 0.6697916666666667 0.025925925925925925 0.6713541666666667 0.005555555555555556 0.675 0.008333333333333333 0.6802083333333333 0.003703703703703704 0.6984375 0.000925925925925926
0 0.425 0.9157407407407407 0.44583333333333336 0.9175925925925926 0.44895833333333335 0.9222222222222223 0.46145833333333336 0.9222222222222223 0.46458333333333335 0.9194444444444444 0.46979166666666666 0.925 0.4786458333333333 0.9231481481481482 0.48854166666666665 0.9287037037037037 0.4864583333333333 0.9351851851851852 0.48802083333333335 0.9388888888888889 0.4828125 0.95 0.47291666666666665 0.9564814814814815 0.47291666666666665 0.9648148148148148 0.47604166666666664 0.9703703703703703 0.4765625 0.9787037037037037 0.48072916666666665 0.9814814814814815 0.4875 0.9777777777777777 0.48854166666666665 0.9842592592592593 0.4708333333333333 0.9990740740740741 0.453125 0.9990740740740741 0.43020833333333336 0.9916666666666667 0.42135416666666664 0.9842592592592593 0.4161458333333333 0.975925925925926 0.41458333333333336 0.9694444444444444 0.42239583333333336 0.9398148148148148 0.42291666666666666 0.9212962962962963 0.425 0.9166666666666666
0 0.7223958333333333 0.15555555555555556 0.7369791666666666 0.15833333333333333 0.759375 0.18425925925925926 0.7604166666666666 0.19537037037037036 0.7588541666666667 0.2101851851851852 0.7536458333333333 0.22870370370370371 0.7614583333333333 0.24351851851851852 0.7640625 0.2537037037037037 0.7640625 0.26481481481481484 0.7604166666666666 0.2759259259259259 0.7515625 0.28425925925925927 0.746875 0.29259259259259257 0.7416666666666667 0.3101851851851852 0.7322916666666667 0.325 0.7114583333333333 0.33055555555555555 0.7067708333333333 0.3296296296296296 0.703125 0.325 0.6973958333333333 0.3055555555555556 0.6989583333333333 0.26481481481481484 0.6979166666666666 0.2518518518518518 0.6942708333333333 0.23796296296296296 0.6921875 0.2037037037037037 0.6953125 0.19444444444444445 0.7020833333333333 0.18796296296296297 0.7088541666666667 0.1675925925925926 0.715625 0.15555555555555556 0.721875 0.15555555555555556
3 0.4473958333333333 0.6342592592592593 0.45989583333333334 0.6361111111111111 0.4661458333333333 0.6425925925925926 0.4713541666666667 0.6537037037037037 0.46822916666666664 0.6574074074074074 0.46822916666666664 0.6611111111111111 0.475 0.6638888888888889 0.4822916666666667 0.674074074074074 0.48489583333333336 0.7166666666666667 0.48385416666666664 0.7842592592592592 0.478125 0.8 0.45364583333333336 0.8305555555555556 0.4427083333333333 0.8490740740740741 0.4354166666666667 0.8555555555555555 0.4276041666666667 0.8564814814814815 0.41770833333333335 0.8657407407407407 0.4109375 0.8638888888888889 0.40729166666666666 0.8592592592592593 0.40677083333333336 0.8416666666666667 0.4015625 0.8268518518518518 0.4015625 0.8074074074074075 0.39739583333333334 0.7861111111111111 0.3984375 0.775 0.396875 0.7685185185185185 0.3932291666666667 0.7648148148148148 0.39114583333333336 0.7444444444444445 0.41510416666666666 0.6675925925925926 0.4197916666666667 0.6472222222222223 0.425 0.6398148148148148 0.4322916666666667 0.6407407407407407 0.4354166666666667 0.6361111111111111 0.446875 0.6342592592592593
3 0.49166666666666664 0.8574074074074074 0.5005208333333333 0.8657407407407407 0.5161458333333333 0.8731481481481481 0.5234375 0.8731481481481481 0.5296875 0.8685185185185185 0.5541666666666667 0.8694444444444445 0.5635416666666667 0.8768518518518519 0.5708333333333333 0.8870370370370371 0.58125 0.8935185185185185 0.6125 0.9277777777777778 0.6385416666666667 0.9453703703703704 0.6552083333333333 0.9490740740740741 0.6572916666666667 0.9527777777777777 0.6567708333333333 0.9564814814814815 0.6458333333333334 0.9731481481481481 0.6411458333333333 0.9935185185185185 0.6317708333333333 0.9990740740740741 0.5052083333333334 0.9990740740740741 0.5026041666666666 0.9851851851851852 0.4942708333333333 0.9851851851851852 0.48854166666666665 0.9768518518518519 0.48802083333333335 0.9722222222222222 0.4864583333333333 0.9768518518518519 0.48125 0.9805555555555555 0.4822916666666667 0.987037037037037 0.47708333333333336 0.9861111111111112 0.4734375 0.9805555555555555 0.471875 0.9592592592592593 0.4666666666666667 0.9462962962962963 0.4703125 0.9314814814814815 0.4734375 0.9287037037037037 0.48541666666666666 0.9296296296296296 0.48802083333333335 0.937962962962963 0.4869791666666667 0.9425925925925925 0.4947916666666667 0.95 0.49895833333333334 0.9453703703703704 0.5010416666666667 0.9361111111111111 0.49947916666666664 0.9314814814814815 0.5015625 0.925 0.5057291666666667 0.925 0.5015625 0.9175925925925926 0.4973958333333333 0.9157407407407407 0.4942708333333333 0.924074074074074 0.48489583333333336 0.9268518518518518 0.4765625 0.9101851851851852 0.47604166666666664 0.9009259259259259 0.48072916666666665 0.8888888888888888 0.47604166666666664 0.8796296296296297 0.4786458333333333 0.8768518518518519 0.4828125 0.8601851851851852 0.4869791666666667 0.8564814814814815 0.49114583333333334 0.8574074074074074
3 0.29010416666666666 0.6175925925925926 0.31979166666666664 0.6268518518518519 0.353125 0.6194444444444445 0.36302083333333335 0.6277777777777778 0.3671875 0.6361111111111111 0.36770833333333336 0.6611111111111111 0.3640625 0.675 0.38333333333333336 0.7212962962962963 0.3885416666666667 0.737037037037037 0.3885416666666667 0.7444444444444445 0.3859375 0.7509259259259259 0.37604166666666666 0.7555555555555555 0.3697916666666667 0.762962962962963 0.3619791666666667 0.7638888888888888 0.35572916666666665 0.7592592592592593 0.35208333333333336 0.7601851851851852 0.3307291666666667 0.775 0.3234375 0.775 0.31875 0.7712962962962963 0.3 0.7490740740740741 0.2890625 0.7314814814814815 0.27760416666666665 0.7314814814814815 0.27239583333333334 0.7379629629629629 0.2671875 0.7388888888888889 0.2515625 0.7351851851851852 0.24479166666666666 0.7268518518518519 0.240625 0.7157407407407408 0.24010416666666667 0.7 0.2421875 0.6888888888888889 0.24114583333333334 0.6657407407407407 0.24270833333333333 0.6611111111111111 0.24114583333333334 0.6574074074074074 0.24427083333333333 0.6296296296296297 0.2515625 0.6194444444444445 0.2640625 0.6157407407407407 0.28958333333333336 0.6175925925925926
3 0.4947916666666667 0.8583333333333333 0.503125 0.8675925925925926 0.5166666666666667 0.8731481481481481 0.5307291666666667 0.8685185185185185 0.5546875 0.8694444444444445 0.5755208333333334 0.8907407407407407 0.5703125 0.9398148148148148 0.5557291666666667 0.9657407407407408 0.5526041666666667 0.975 0.5505208333333333 0.9935185185185185 0.54375 0.9990740740740741 0.5328125 0.9990740740740741 0.5296875 0.9962962962962963 0.5052083333333334 0.9990740740740741 0.5026041666666666 0.987037037037037 0.496875 0.9879629629629629 0.4895833333333333 0.9842592592592593 0.48385416666666664 0.9888888888888889 0.4786458333333333 0.9888888888888889 0.4734375 0.9833333333333333 0.4708333333333333 0.9712962962962963 0.4708333333333333 0.9592592592592593 0.4666666666666667 0.9425925925925925 0.4703125 0.9305555555555556 0.48125 0.9212962962962963 0.47552083333333334 0.9055555555555556 0.48020833333333335 0.8861111111111111 0.475 0.8796296296296297 0.478125 0.8759259259259259 0.48333333333333334 0.8583333333333333 0.4942708333333333 0.8583333333333333
3 0.4552083333333333 0.5425925925925926 0.4666666666666667 0.5509259259259259 0.49375 0.5916666666666667 0.49583333333333335 0.5981481481481481 0.4953125 0.6101851851851852 0.4890625 0.6240740740740741 0.48854166666666665 0.6509259259259259 0.4822916666666667 0.6888888888888889 0.48489583333333336 0.7185185185185186 0.48385416666666664 0.7824074074074074 0.4822916666666667 0.7916666666666666 0.47760416666666666 0.8009259259259259 0.4421875 0.8490740740740741 0.4348958333333333 0.8555555555555555 0.42864583333333334 0.8555555555555555 0.41822916666666665 0.8657407407407407 0.4125 0.8648148148148148 0.40729166666666666 0.8592592592592593 0.40677083333333336 0.8407407407407408 0.4015625 0.825 0.40208333333333335 0.812962962962963 0.39791666666666664 0.7861111111111111 0.39895833333333336 0.7759259259259259 0.39375 0.7666666666666667 0.39114583333333336 0.7490740740740741 0.39166666666666666 0.7407407407407407 0.4166666666666667 0.6620370370370371 0.41822916666666665 0.6296296296296297 0.4244791666666667 0.6064814814814815 0.42864583333333334 0.5796296296296296 0.4354166666666667 0.5583333333333333 0.4427083333333333 0.5435185185185185 0.4546875 0.5425925925925926