4 0.6927083333333334 0.41944444444444445 0.6885416666666667 0.44166666666666665 0.6890625 0.44907407407407407 0.6911458333333333 0.4527777777777778 0.7052083333333333 0.4527777777777778 0.7166666666666667 0.44814814814814813 0.734375 0.4351851851851852 0.7453125 0.4324074074074074 0.7479166666666667 0.42777777777777776 0.75 0.4305555555555556 0.7625 0.4305555555555556 0.7770833333333333 0.4388888888888889 0.7953125 0.4388888888888889 0.8041666666666667 0.42962962962962964 0.8067708333333333 0.42314814814814816 0.8135416666666667 0.41944444444444445 0.8385416666666666 0.4527777777777778 0.8416666666666667 0.4722222222222222 0.8416666666666667 0.4888888888888889 0.8442708333333333 0.5092592592592593 0.8598958333333333 0.5388888888888889 0.8677083333333333 0.5435185185185185 0.8729166666666667 0.5416666666666666 0.8786458333333333 0.5305555555555556 0.8828125 0.5055555555555555 0.8817708333333333 0.4759259259259259 0.8677083333333333 0.4212962962962963 0.8583333333333333 0.4027777777777778 0.8572916666666667 0.39351851851851855 0.8625 0.387037037037037 0.8645833333333334 0.37592592592592594 0.8708333333333333 0.3685185185185185 0.8729166666666667 0.3574074074074074 0.8765625 0.3490740740740741 0.88125 0.34814814814814815 0.8869791666666667 0.3527777777777778 0.8963541666666667 0.3527777777777778 0.9041666666666667 0.3574074074074074 0.90625 0.36203703703703705 0.9145833333333333 0.3675925925925926 0.9208333333333333 0.3851851851851852 0.93125 0.3962962962962963 0.9505208333333334 0.4074074074074074 0.95625 0.40555555555555556 0.9572916666666667 0.387037037037037 0.9536458333333333 0.3638888888888889 0.9453125 0.337037037037037 0.9239583333333333 0.3055555555555556 0.9234375 0.2814814814814815 0.9286458333333333 0.26851851851851855 0.9328125 0.26666666666666666 0.9354166666666667 0.262037037037037 0.9375 0.24259259259259258 0.940625 0.2351851851851852 0.9447916666666667 0.1574074074074074 0.9432291666666667 0.1259259259259259 0.9536458333333333 0.10925925925925926 0.9635416666666666 0.07407407407407407 0.9682291666666667 0.06481481481481481 0.9760416666666667 0.05740740740740741 0.9848958333333333 0.05740740740740741 0.9916666666666667 0.05 0.9973958333333334 0.021296296296296296 0.9994791666666667 0.018518518518518517 0.9973958333333334 0.016666666666666666 0.9963541666666667 0.009259259259259259 0.9916666666666667 0.002777777777777778 0.984375 0 0.8869791666666667 0 0.8817708333333333 0.005555555555555556 0.8802083333333334 0.014814814814814815 0.8703125 0.018518518518518517 0.8682291666666667 0.023148148148148147 0.8614583333333333 0.023148148148148147 0.8572916666666667 0.016666666666666666 0.8447916666666667 0.019444444444444445 0.8239583333333333 0.018518518518518517 0.8177083333333334 0.021296296296296296 0.7942708333333334 0.05925925925925926 0.7822916666666667 0.0824074074074074 0.7786458333333334 0.09351851851851851 0.7692708333333333 0.10833333333333334 0.7567708333333333 0.13425925925925927 0.7458333333333333 0.1648148148148148 0.7322916666666667 0.23055555555555557 0.7234375 0.3277777777777778 0.7192708333333333 0.34074074074074073 0.7083333333333334 0.362962962962963 0.7041666666666667 0.38055555555555554 0.7015625 0.3851851851851852 0.6979166666666666 0.40555555555555556 0.6927083333333334 0.41944444444444445
4 0.8192708333333333 0.7675925925925926 0.8192708333333333 0.775 0.8244791666666667 0.7962962962962963 0.8182291666666667 0.8027777777777778 0.8171875 0.8222222222222222 0.825 0.8685185185185185 0.8286458333333333 0.8787037037037037 0.8286458333333333 0.9018518518518519 0.8244791666666667 0.9453703703703704 0.8244791666666667 0.9611111111111111 0.8296875 0.9981481481481481 0.8869791666666667 0.9981481481481481 0.8911458333333333 0.9916666666666667 0.8916666666666667 0.9648148148148148 0.8989583333333333 0.9074074074074074 0.8989583333333333 0.8870370370370371 0.8947916666666667 0.8342592592592593 0.884375 0.7638888888888888 0.86875 0.7351851851851852 0.8609375 0.7305555555555555 0.8578125 0.7324074074074074 0.8526041666666667 0.7416666666666667 0.8447916666666667 0.7351851851851852 0.8375 0.737037037037037 0.8328125 0.7555555555555555 0.8255208333333334 0.7574074074074074 0.8192708333333333 0.7675925925925926
4 0.5265625 0.8166666666666667 0.5239583333333333 0.8212962962962963 0.5260416666666666 0.8240740740740741 0.5265625 0.8324074074074074 0.5296875 0.8351851851851851 0.5328125 0.8305555555555556 0.5322916666666667 0.8231481481481482 0.5302083333333333 0.8166666666666667 0.5265625 0.8166666666666667
4 0.6083333333333333 0.7277777777777777 0.6078125 0.7305555555555555 0.609375 0.7305555555555555 0.6083333333333333 0.7277777777777777
4 0.5390625 0.6620370370370371 0.5390625 0.6666666666666666 0.5432291666666667 0.6638888888888889 0.540625 0.6648148148148149 0.5390625 0.6620370370370371
4 0.5020833333333333 0.6101851851851852 0.4984375 0.6157407407407407 0.5010416666666667 0.6166666666666667 0.5057291666666667 0.612037037037037 0.5046875 0.6101851851851852 0.5036458333333333 0.6138888888888889 0.5020833333333333 0.6101851851851852
4 0.0734375 0.8638888888888889 0.075 0.8731481481481481 0.07239583333333334 0.8907407407407407 0.07447916666666667 0.9092592592592592 0.07291666666666667 0.9407407407407408 0.07447916666666667 0.9564814814814815 0.07447916666666667 0.9888888888888889 0.07552083333333333 0.9935185185185185 0.084375 0.9981481481481481 0.1015625 0.9981481481481481 0.10677083333333333 0.9935185185185185 0.17135416666666667 0.9944444444444445 0.178125 0.9907407407407407 0.18541666666666667 0.9962962962962963 0.19427083333333334 0.9981481481481481 0.21875 0.9935185185185185 0.23802083333333332 0.9935185185185185 0.2453125 0.9981481481481481 0.26875 0.9962962962962963 0.27395833333333336 0.9935185185185185 0.29322916666666665 0.9935185185185185 0.3026041666666667 0.9981481481481481 0.31302083333333336 0.9944444444444445 0.36614583333333334 0.9962962962962963 0.39114583333333336 0.9935185185185185 0.39427083333333335 0.9888888888888889 0.4109375 0.9842592592592593 0.41354166666666664 0.9796296296296296 0.4140625 0.9731481481481481 0.41822916666666665 0.962037037037037 0.4197916666666667 0.9435185185185185 0.4234375 0.9388888888888889 0.4270833333333333 0.9185185185185185 0.43072916666666666 0.9138888888888889 0.43125 0.9101851851851852 0.42864583333333334 0.9046296296296297 0.4296875 0.8916666666666667 0.4276041666666667 0.8888888888888888 0.43125 0.8870370370370371 0.43072916666666666 0.8740740740740741 0.4348958333333333 0.8685185185185185 0.4322916666666667 0.8638888888888889 0.425 0.8648148148148148 0.3854166666666667 0.8944444444444445 0.3796875 0.8944444444444445 0.37552083333333336 0.8898148148148148 0.37083333333333335 0.8722222222222222 0.3703125 0.8611111111111112 0.3729166666666667 0.8555555555555555 0.3828125 0.85 0.403125 0.8305555555555556 0.4015625 0.8268518518518518 0.4015625 0.812962962962963 0.403125 0.8074074074074075 0.4083333333333333 0.8009259259259259 0.4119791666666667 0.8009259259259259 0.4125 0.7953703703703704 0.41458333333333336 0.7935185185185185 0.4140625 0.7861111111111111 0.4203125 0.7712962962962963 0.42291666666666666 0.7712962962962963 0.425 0.7759259259259259 0.4270833333333333 0.7731481481481481 0.42552083333333335 0.7675925925925926 0.42864583333333334 0.7620370370370371 0.4276041666666667 0.7574074074074074 0.4234375 0.7546296296296297 0.4234375 0.7601851851851852 0.42083333333333334 0.7601851851851852 0.41875 0.7527777777777778 0.40208333333333335 0.7509259259259259 0.39895833333333336 0.7398148148148148 0.3890625 0.7324074074074074 0.3854166666666667 0.725925925925926 0.38177083333333334 0.725 0.36822916666666666 0.6981481481481482 0.3651041666666667 0.6981481481481482 0.3609375 0.6916666666666667 0.3307291666666667 0.6888888888888889 0.3296875 0.6851851851851852 0.325 0.6842592592592592 0.3182291666666667 0.6777777777777778 0.3140625 0.6824074074074075 0.30625 0.6851851851851852 0.2765625 0.6824074074074075 0.27395833333333336 0.6777777777777778 0.26145833333333335 0.6759259259259259 0.2598958333333333 0.6712962962962963 0.2526041666666667 0.6675925925925926 0.2578125 0.6296296296296297 0.2604166666666667 0.6231481481481481 0.2578125 0.6074074074074074 0.2552083333333333 0.5981481481481481 0.2421875 0.5796296296296296 0.23645833333333333 0.5648148148148148 0.23229166666666667 0.5601851851851852 0.23072916666666668 0.5509259259259259 0.228125 0.549074074074074 0.22395833333333334 0.5370370370370371 0.2171875 0.5277777777777778 0.203125 0.5231481481481481 0.1703125 0.5231481481481481 0.14739583333333334 0.5138888888888888 0.1203125 0.5101851851851852 0.11458333333333333 0.5101851851851852 0.10833333333333334 0.5138888888888888 0.10572916666666667 0.5185185185185185 0.10364583333333334 0.5351851851851852 0.1015625 0.5388888888888889 0.096875 0.5851851851851851 0.09479166666666666 0.587037037037037 0.09375 0.6101851851851852 0.09010416666666667 0.6212962962962963 0.08697916666666666 0.6611111111111111 0.08697916666666666 0.6861111111111111 0.08489583333333334 0.6916666666666667 0.08125 0.725925925925926 0.07864583333333333 0.7675925925925926 0.07916666666666666 0.7888888888888889 0.07604166666666666 0.8055555555555556 0.0765625 0.8212962962962963 0.0734375 0.8638888888888889
4 0.49270833333333336 0.5851851851851851 0.4921875 0.5925925925925926 0.4942708333333333 0.5981481481481481 0.5119791666666667 0.6064814814814815 0.5109375 0.6148148148148148 0.5067708333333333 0.6240740740740741 0.50625 0.6296296296296297 0.5078125 0.6324074074074074 0.553125 0.6305555555555555 0.5609375 0.6370370370370371 0.5625 0.6416666666666667 0.5682291666666667 0.6416666666666667 0.5708333333333333 0.6462962962962963 0.5770833333333333 0.6481481481481481 0.5807291666666666 0.6555555555555556 0.5864583333333333 0.6601851851851852 0.5994791666666667 0.6555555555555556 0.6015625 0.6481481481481481 0.6109375 0.6481481481481481 0.6171875 0.6416666666666667 0.6197916666666666 0.6370370370370371 0.6197916666666666 0.6296296296296297 0.6244791666666667 0.6231481481481481 0.6375 0.6185185185185185 0.6479166666666667 0.6074074074074074 0.6494791666666667 0.5990740740740741 0.6546875 0.5888888888888889 0.659375 0.5888888888888889 0.6682291666666667 0.6092592592592593 0.665625 0.625 0.6541666666666667 0.6398148148148148 0.6536458333333334 0.6472222222222223 0.65 0.6481481481481481 0.6364583333333333 0.6620370370370371 0.6255208333333333 0.6777777777777778 0.625 0.687037037037037 0.6203125 0.7018518518518518 0.6213541666666667 0.7296296296296296 0.6197916666666666 0.7324074074074074 0.6140625 0.7324074074074074 0.6114583333333333 0.737037037037037 0.6125 0.7555555555555555 0.6109375 0.7601851851851852 0.6109375 0.7712962962962963 0.609375 0.774074074074074 0.6098958333333333 0.7796296296296297 0.60625 0.7888888888888889 0.6057291666666667 0.8055555555555556 0.6015625 0.8101851851851852 0.6020833333333333 0.8166666666666667 0.5958333333333333 0.8351851851851851 0.59375 0.837037037037037 0.5927083333333333 0.8462962962962963 0.5822916666666667 0.8666666666666667 0.5796875 0.8824074074074074 0.5604166666666667 0.9055555555555556 0.55 0.9055555555555556 0.5432291666666667 0.9212962962962963 0.5421875 0.9305555555555556 0.5390625 0.9351851851851852 0.5354166666666667 0.9657407407407408 0.5333333333333333 0.9694444444444444 0.540625 0.9768518518518519 0.5421875 0.9833333333333333 0.5473958333333333 0.9888888888888889 0.5458333333333333 0.9935185185185185 0.6427083333333333 0.9916666666666667 0.6557291666666667 0.9935185185185185 0.6609375 0.9981481481481481 0.7322916666666667 0.9981481481481481 0.74375 0.9962962962962963 0.7463541666666667 0.9935185185185185 0.8 0.9981481481481481 0.821875 0.9935185185185185 0.8208333333333333 0.987037037037037 0.8244791666666667 0.9796296296296296 0.8229166666666666 0.9407407407407408 0.8265625 0.9212962962962963 0.8276041666666667 0.899074074074074 0.825 0.8777777777777778 0.8223958333333333 0.8712962962962963 0.821875 0.8592592592592593 0.8192708333333333 0.8546296296296296 0.8182291666666667 0.8435185185185186 0.8140625 0.8342592592592593 0.8145833333333333 0.8055555555555556 0.8083333333333333 0.7925925925925926 0.8125 0.7870370370370371 0.8125 0.7814814814814814 0.815625 0.774074074074074 0.8135416666666667 0.7509259259259259 0.8229166666666666 0.7555555555555555 0.8333333333333334 0.7546296296296297 0.8338541666666667 0.7407407407407407 0.8369791666666667 0.7324074074074074 0.8557291666666667 0.7305555555555555 0.8578125 0.7277777777777777 0.8671875 0.7305555555555555 0.8786458333333333 0.7481481481481481 0.8869791666666667 0.7694444444444445 0.8880208333333334 0.7861111111111111 0.8947916666666667 0.8194444444444444 0.8958333333333334 0.8481481481481481 0.8989583333333333 0.8611111111111112 0.8994791666666667 0.9185185185185185 0.9041666666666667 0.9185185185185185 0.9067708333333333 0.9120370370370371 0.9104166666666667 0.9120370370370371 0.9307291666666667 0.8842592592592593 0.9375 0.8685185185185185 0.9375 0.8648148148148148 0.9484375 0.8416666666666667 0.9536458333333333 0.8416666666666667 0.95625 0.837037037037037 0.9588541666666667 0.837037037037037 0.9802083333333333 0.8074074074074075 0.9828125 0.7962962962962963 0.9875 0.7888888888888889 0.9885416666666667 0.774074074074074 0.9927083333333333 0.7712962962962963 0.9958333333333333 0.7611111111111111 0.9994791666666667 0.7574074074074074 0.9994791666666667 0.7231481481481481 0.9973958333333334 0.7222222222222222 0.9973958333333334 0.7083333333333334 0.9994791666666667 0.7074074074074074 0.9994791666666667 0.6185185185185185 0.9947916666666666 0.612037037037037 0.9947916666666666 0.6 0.9927083333333333 0.5898148148148148 0.9838541666666667 0.5814814814814815 0.9947916666666666 0.5777777777777777 0.9994791666666667 0.5712962962962963 0.9994791666666667 0.5324074074074074 0.9958333333333333 0.5287037037037037 0.9942708333333333 0.5212962962962963 0.9885416666666667 0.5120370370370371 0.9869791666666666 0.5055555555555555 0.98125 0.4981481481481482 0.9729166666666667 0.4703703703703704 0.9666666666666667 0.462037037037037 0.9625 0.4638888888888889 0.9515625 0.45925925925925926 0.9609375 0.44814814814814813 0.9609375 0.4388888888888889 0.9567708333333333 0.4305555555555556 0.9619791666666667 0.41574074074074074 0.9677083333333333 0.4101851851851852 0.9661458333333334 0.4046296296296296 0.96875 0.4 0.9661458333333334 0.4027777777777778 0.9651041666666667 0.4 0.9625 0.4009259259259259 0.9583333333333334 0.4185185185185185 0.9541666666666667 0.4212962962962963 0.9416666666666667 0.4074074074074074 0.9270833333333334 0.4 0.9182291666666667 0.3851851851851852 0.90625 0.37777777777777777 0.8890625 0.37777777777777777 0.8833333333333333 0.3851851851851852 0.8802083333333334 0.39351851851851855 0.875 0.39814814814814814 0.8729166666666667 0.40555555555555556 0.86875 0.4083333333333333 0.8708333333333333 0.42407407407407405 0.878125 0.4444444444444444 0.8828125 0.4666666666666667 0.8854166666666666 0.46944444444444444 0.8875 0.4842592592592593 0.8864583333333333 0.4935185185185185 0.8885416666666667 0.5046296296296297 0.8869791666666667 0.5092592592592593 0.8890625 0.5148148148148148 0.8869791666666667 0.5175925925925926 0.8854166666666666 0.5296296296296297 0.8817708333333333 0.5324074074074074 0.8791666666666667 0.5425925925925926 0.8505208333333333 0.5444444444444444 0.8484375 0.5259259259259259 0.8421875 0.5166666666666667 0.8401041666666667 0.5092592592592593 0.8359375 0.4685185185185185 0.8286458333333333 0.4601851851851852 0.8234375 0.44166666666666665 0.8104166666666667 0.4388888888888889 0.8 0.44166666666666665 0.7901041666666667 0.44814814814814813 0.76875 0.44814814814814813 0.7661458333333333 0.45092592592592595 0.75625 0.44814814814814813 0.74375 0.4546296296296296 0.7390625 0.45092592592592595 0.7302083333333333 0.45092592592592595 0.7239583333333334 0.4546296296296296 0.7119791666666667 0.45555555555555555 0.7005208333333334 0.462037037037037 0.6932291666666667 0.462037037037037 0.68125 0.4740740740740741 0.6635416666666667 0.4777777777777778 0.6541666666666667 0.48703703703703705 0.6494791666666667 0.48703703703703705 0.640625 0.4981481481481482 0.6255208333333333 0.5055555555555555 0.5927083333333333 0.5527777777777778 0.5494791666666666 0.5731481481481482 0.5442708333333334 0.5731481481481482 0.5427083333333333 0.575925925925926 0.53125 0.575925925925926 0.5239583333333333 0.5712962962962963 0.5171875 0.5712962962962963 0.5109375 0.5777777777777777 0.5 0.5777777777777777 0.4947916666666667 0.5805555555555556 0.49270833333333336 0.5851851851851851
4 0.4354166666666667 0.899074074074074 0.434375 0.9074074074074074 0.42083333333333334 0.9481481481481482 0.41770833333333335 0.9694444444444444 0.4119791666666667 0.9861111111111112 0.41041666666666665 0.9888888888888889 0.3963541666666667 0.9916666666666667 0.3953125 0.9981481481481481 0.4640625 0.9981481481481481 0.4734375 0.9935185185185185 0.48020833333333335 0.9981481481481481 0.5223958333333333 0.9981481481481481 0.5375 0.937037037037037 0.5375 0.9287037037037037 0.5432291666666667 0.9120370370370371 0.5432291666666667 0.9027777777777778 0.5380208333333333 0.8972222222222223 0.5380208333333333 0.8925925925925926 0.5421875 0.8851851851851852 0.5442708333333334 0.8759259259259259 0.55 0.8685185185185185 0.5520833333333334 0.862037037037037 0.5520833333333334 0.8481481481481481 0.55 0.8435185185185186 0.54375 0.8398148148148148 0.5317708333333333 0.8462962962962963 0.5302083333333333 0.8435185185185186 0.5239583333333333 0.8435185185185186 0.5104166666666666 0.837037037037037 0.49322916666666666 0.850925925925926 0.4864583333333333 0.8527777777777777 0.46822916666666664 0.8666666666666667 0.45729166666666665 0.8712962962962963 0.45 0.8777777777777778 0.4354166666666667 0.899074074074074
4 0.8192708333333333 0.7675925925925926 0.8197916666666667 0.7787037037037037 0.8239583333333333 0.7898148148148149 0.8244791666666667 0.7962962962962963 0.8203125 0.7981481481481482 0.8182291666666667 0.8027777777777778 0.8166666666666667 0.8185185185185185 0.8244791666666667 0.8666666666666667 0.8286458333333333 0.8787037037037037 0.8286458333333333 0.9027777777777778 0.8244791666666667 0.9444444444444444 0.8244791666666667 0.9611111111111111 0.8291666666666667 0.9962962962962963 0.8875 0.9981481481481481 0.8911458333333333 0.987037037037037 0.8901041666666667 0.9740740740740741 0.8973958333333333 0.9194444444444444 0.8989583333333333 0.8916666666666667 0.89375 0.8277777777777777 0.884375 0.7648148148148148 0.8734375 0.7416666666666667 0.8666666666666667 0.7324074074074074 0.8609375 0.7305555555555555 0.8520833333333333 0.7416666666666667 0.8484375 0.737037037037037 0.8395833333333333 0.7351851851851852 0.8359375 0.7398148148148148 0.8322916666666667 0.7555555555555555 0.825 0.7574074074074074 0.8192708333333333 0.7675925925925926
4 0.4192708333333333 0.5962962962962963 0.41822916666666665 0.5990740740740741 0.425 0.6166666666666667 0.4328125 0.6259259259259259 0.43854166666666666 0.6305555555555555 0.44635416666666666 0.6305555555555555 0.45989583333333334 0.6370370370370371 0.4708333333333333 0.6509259259259259 0.48072916666666665 0.6555555555555556 0.48072916666666665 0.6462962962962963 0.475 0.6416666666666667 0.4734375 0.6296296296296297 0.4671875 0.6074074074074074 0.45677083333333335 0.600925925925926 0.4322916666666667 0.600925925925926 0.4296875 0.5981481481481481 0.4244791666666667 0.6 0.4192708333333333 0.5962962962962963
4 0.4427083333333333 0.587037037037037 0.4432291666666667 0.5935185185185186 0.45208333333333334 0.5935185185185186 0.4473958333333333 0.587037037037037 0.4427083333333333 0.587037037037037
4 0.3390625 0.46944444444444444 0.3385416666666667 0.47314814814814815 0.34375 0.47129629629629627 0.34322916666666664 0.4685185185185185 0.3390625 0.46944444444444444
4 0.19375 0.42685185185185187 0.19322916666666667 0.4638888888888889 0.19635416666666666 0.48055555555555557 0.20625 0.49074074074074076 0.20989583333333334 0.5 0.2125 0.5185185185185185 0.2234375 0.5296296296296297 0.24479166666666666 0.5768518518518518 0.25364583333333335 0.587037037037037 0.25677083333333334 0.5962962962962963 0.2677083333333333 0.612037037037037 0.26875 0.6277777777777778 0.27239583333333334 0.6361111111111111 0.26875 0.6481481481481481 0.2682291666666667 0.6648148148148149 0.26979166666666665 0.6685185185185185 0.2828125 0.6759259259259259 0.3026041666666667 0.6777777777777778 0.3104166666666667 0.675 0.3171875 0.6666666666666666 0.32083333333333336 0.6731481481481482 0.33645833333333336 0.6851851851851852 0.35989583333333336 0.6851851851851852 0.3671875 0.6898148148148148 0.38229166666666664 0.7166666666666667 0.40677083333333336 0.7435185185185185 0.43854166666666666 0.7416666666666667 0.45208333333333334 0.7342592592592593 0.4671875 0.7212962962962963 0.4817708333333333 0.700925925925926 0.4869791666666667 0.6981481481481482 0.49114583333333334 0.6888888888888889 0.4869791666666667 0.674074074074074 0.4796875 0.6666666666666666 0.46875 0.6620370370370371 0.4661458333333333 0.6574074074074074 0.4088541666666667 0.6277777777777778 0.4036458333333333 0.6212962962962963 0.39375 0.6166666666666667 0.39166666666666666 0.612037037037037 0.3890625 0.612037037037037 0.3796875 0.600925925925926 0.3697916666666667 0.5981481481481481 0.36875 0.5944444444444444 0.3614583333333333 0.587037037037037 0.35833333333333334 0.587037037037037 0.34791666666666665 0.575925925925926 0.34427083333333336 0.575925925925926 0.35052083333333334 0.5462962962962963 0.36666666666666664 0.5509259259259259 0.3723958333333333 0.5574074074074075 0.37604166666666666 0.5555555555555556 0.3776041666666667 0.5592592592592592 0.38645833333333335 0.5648148148148148 0.38958333333333334 0.5712962962962963 0.4046875 0.5805555555555556 0.40677083333333336 0.587037037037037 0.4125 0.5916666666666667 0.4161458333333333 0.5916666666666667 0.41822916666666665 0.587037037037037 0.4192708333333333 0.5916666666666667 0.42291666666666666 0.5916666666666667 0.4217015625 0.587037037037037 0.4244791666666667 0.587037037037037 0.4265625 0.5916666666666667 0.4322916666666667 0.587037037037037 0.4161458333333333 0.587037037037037 0.40677083333333336 0.5814814814814815 0.41354166666666664 0.5694444444444444 0.425 0.5666666666666667 0.428125 0.5574074074074075 0.4390625 0.5481481481481482 0.4401041666666667 0.5388888888888889 0.4453125 0.5277777777777778 0.44895833333333335 0.5324074074074074 0.4479166666666667 0.5388888888888889 0.44947916666666665 0.5481481481481482 0.45625 0.5527777777777778 0.4546875 0.5574074074074075 0.45625 0.5537037037037037 0.45989583333333334 0.5601851851851852 0.4609375 0.5574074074074075 0.4640625 0.5574074074074075 0.46875 0.5638888888888889 0.478125 0.5638888888888889 0.48125 0.5592592592592592 0.509375 0.5555555555555556 0.5229166666666667 0.5574074074074075 0.5364583333333334 0.5638888888888889 0.55 0.5648148148148148 0.5625 0.5601851851851852 0.5796875 0.5481481481481482 0.5927083333333333 0.5462962962962963 0.6036458333333333 0.5296296296296297 0.6125 0.5101851851851852 0.61875 0.5027777777777778 0.6328125 0.46944444444444444 0.6359375 0.4666666666666667 0.6401041666666667 0.4527777777777778 0.6489583333333333 0.43425925925925923 0.6536458333333334 0.4111111111111111 0.6614583333333334 0.39537037037037037 0.6635416666666667 0.387037037037037 0.665625 0.37592592592592594 0.665625 0.3574074074074074 0.6619791666666667 0.3287037037037037 0.6614583333333334 0.2324074074074074 0.659375 0.21944444444444444 0.6671875 0.20277777777777778 0.6802083333333333 0.18518518518518517 0.6802083333333333 0.15833333333333333 0.6817708333333333 0.14722222222222223 0.6848958333333334 0.14351851851851852 0.7057291666666666 0.1388888888888889 0.7239583333333334 0.1259259259259259 0.7265625 0.12129629629629629 0.7479166666666667 0.11666666666666667 0.7692708333333333 0.08518518518518518 0.784375 0.06851851851851852 0.790625 0.049074074074074076 0.8020833333333334 0.030555555555555555 0.80625 0.027777777777777776 0.8171875 0.002777777777777778 0.8161458333333333 0 0.7979166666666667 0 0.7958333333333333 0.002777777777777778 0.7921875 0.002777777777777778 0.7911458333333333 0 0.7036458333333333 0 0.6942708333333333 0.005555555555555556 0.6770833333333334 0.005555555555555556 0.6723958333333333 0.002777777777777778 0.6609375 0.002777777777777778 0.6583333333333333 0 0.2838541666666667 0.000925925925925926 0.275 0.012037037037037037 0.26510416666666664 0.030555555555555555 0.25104166666666666 0.06111111111111111 0.24739583333333334 0.07592592592592592 0.24114583333333334 0.09351851851851851 0.23854166666666668 0.0962962962962963 0.23125 0.12037037037037036 0.22395833333333334 0.16203703703703703 0.2140625 0.20092592592592592 0.20729166666666668 0.2388888888888889 0.20208333333333334 0.29444444444444445 0.19895833333333332 0.387037037037037 0.19375 0.42685185185185187
1 0.4953125 0.6601851851851852 0.5036458333333333 0.6796296296296296 0.5041666666666667 0.6851851851851852 0.5104166666666666 0.6935185185185185 0.51875 0.712037037037037 0.5244791666666667 0.7185185185185186 0.5223958333333333 0.7277777777777777 0.5208333333333334 0.7277777777777777 0.5057291666666667 0.7166666666666667 0.4901041666666667 0.7148148148148148 0.4895833333333333 0.7203703703703703 0.4921875 0.7277777777777777 0.49375 0.7453703703703703 0.5 0.7675925925925926 0.5072916666666667 0.7851851851851852 0.5223958333333333 0.8064814814814815 0.5260416666666666 0.8166666666666667 0.5427083333333333 0.8185185185185185 0.5453125 0.825925925925926 0.5645833333333333 0.8277777777777777 0.5729166666666666 0.8231481481481482 0.5854166666666667 0.8074074074074075 0.5869791666666667 0.7981481481481482 0.5833333333333334 0.7833333333333333 0.58125 0.7638888888888888 0.5739583333333333 0.7601851851851852 0.565625 0.7509259259259259 0.5597223958333333 0.7509259259259259 0.5609375 0.7398148148148148 0.5583333333333333 0.737037037037037 0.5536458333333333 0.7203703703703703 0.5552083333333333 0.6962962962962963 0.5395833333333333 0.6842592592592592 0.5354166666666667 0.6759259259259259 0.5296875 0.6712962962962963 0.5223958333333333 0.6555555555555556 0.5171875 0.6527777777777778 0.5020833333333333 0.6527777777777778 0.49583333333333335 0.6574074074074074 0.4953125 0.6601851851851852
3 0.9015625 0.33055555555555555 0.9 0.3333333333333333 0.9 0.3435185185185185 0.9161458333333333 0.3731481481481482 0.9213541666666667 0.38796296296296295 0.93125 0.39814814814814814 0.9411458333333333 0.4046296296296296 0.9473958333333333 0.40555555555555556 0.9515625 0.41203703703703703 0.95625 0.41203703703703703 0.9583333333333334 0.387037037037037 0.9546875 0.36203703703703705 0.9484375 0.3435185185185185 0.9411458333333333 0.33055555555555555 0.9359375 0.32314814814814813 0.9333333333333333 0.32314814814814813 0.9286458333333333 0.3148148148148148 0.921875 0.3101851851851852 0.9130208333333333 0.31666666666666665 0.9057291666666667 0.3277777777777778 0.9015625 0.33055555555555555
3 0.8192708333333333 0.7675925925925926 0.8197916666666667 0.7787037037037037 0.825 0.7972222222222223 0.8239583333333333 0.8009259259259259 0.8203125 0.8009259259259259 0.8177083333333334 0.8074074074074075 0.8171875 0.8212962962962963 0.8244791666666667 0.8638888888888889 0.8296875 0.8814814814814815 0.8291666666666667 0.9231481481481482 0.8322916666666667 0.925 0.8375 0.9185185185185185 0.8479166666666667 0.9185185185185185 0.8770833333333333 0.9296296296296296 0.8859375 0.9259259259259259 0.8958333333333334 0.9166666666666666 0.8984375 0.9055555555555556 0.8984375 0.8888888888888888 0.89375 0.8296296296296296 0.8848958333333333 0.7685185185185185 0.8786458333333333 0.7546296296296297 0.8682291666666667 0.7351851851851852 0.8645833333333334 0.7324074074074074 0.8578125 0.7351851851851852 0.8552083333333333 0.7472222222222222 0.846875 0.737037037037037 0.8401041666666667 0.7351851851851852 0.8364583333333333 0.7398148148148148 0.834375 0.7555555555555555 0.8223958333333333 0.7601851851851852 0.8192708333333333 0.7675925925925926
3 0.42083333333333334 0.950925925925926 0.415625 0.9777777777777777 0.4125 0.9824074074074074 0.41354166666666664 0.9888888888888889 0.42135416666666664 0.9888888888888889 0.4348958333333333 0.9981481481481481 0.4671875 0.9981481481481481 0.4734375 0.9944444444444445 0.4765625 0.9981481481481481 0.5197916666666667 0.9981481481481481 0.5239583333333333 0.9935185185185185 0.5260416666666666 0.9787037037037037 0.5359375 0.9435185185185185 0.5380208333333333 0.9277777777777778 0.5432291666666667 0.9138888888888889 0.5427083333333333 0.9027777777777778 0.5380208333333333 0.8972222222222223 0.5385416666666667 0.8916666666666667 0.5411458333333333 0.8888888888888888 0.5510416666666667 0.8638888888888889 0.5536458333333333 0.862037037037037 0.5541666666666667 0.850925925925926 0.55 0.8435185185185186 0.5432291666666667 0.8398148148148148 0.5375 0.8435185185185186 0.5276041666666667 0.8444444444444444 0.5213541666666667 0.8435185185185186 0.5114583333333333 0.837037037037037 0.5046875 0.8398148148148148 0.503125 0.8435185185185186 0.49322916666666666 0.850925925925926 0.475 0.8601851851851852 0.46979166666666666 0.8666666666666667 0.45625 0.8731481481481481 0.44375 0.8870370370370371 0.4359375 0.9018518518518519 0.42083333333333334 0.950925925925926
3 0.4973958333333333 0.6101851851851852 0.49270833333333336 0.6148148148148148 0.49270833333333336 0.6185185185185185 0.4942708333333333 0.6231481481481481 0.4979166666666667 0.6231481481481481 0.5 0.6277777777777778 0.5041666666666667 0.625 0.5078125 0.6166666666666667 0.5078125 0.6101851851851852 0.5046875 0.6138888888888889 0.5015625 0.6101851851851852 0.4973958333333333 0.6101851851851852
3 0.5010416666666667 0.600925925925926 0.49583333333333335 0.600925925925926 0.5 0.6037037037037037 0.5005208333333333 0.6074074074074074 0.5015625 0.6037037037037037 0.5036458333333333 0.6074074074074074 0.5052083333333334 0.6055555555555555 0.5010416666666667 0.600925925925926
3 0.4348958333333333 0.5981481481481481 0.415625 0.5990740740740741 0.42083333333333334 0.612037037037037 0.43802083333333336 0.6342592592592593 0.4557291666666667 0.6370370370370371 0.47708333333333336 0.6592592592592592 0.4822916666666667 0.6601851851851852 0.484375 0.6574074074074074 0.48489583333333336 0.649074074074074 0.4791666666666667 0.6277777777777778 0.48125 0.6231481481481481 0.4875 0.625 0.4864583333333333 0.6231481481481481 0.48854166666666665 0.6203703703703703 0.4890625 0.6138888888888889 0.4864583333333333 0.6055555555555555 0.46875 0.6074074074074074 0.45989583333333334 0.6027777777777777 0.4395833333333333 0.600925925925926 0.4348958333333333 0.5981481481481481
3 0.3494791666666667 0.5916666666666667 0.34791666666666665 0.5925925925925926 0.3494791666666667 0.5916666666666667
3 0.3171875 0.5879629629629629 0.3171875 0.5981481481481481 0.31354166666666666 0.6018518518518519 0.3125 0.612037037037037 0.30625 0.6268518518518519 0.30625 0.6388888888888888 0.3125 0.649074074074074 0.3203125 0.6712962962962963 0.3229166666666667 0.6712962962962963 0.3375 0.6851851851851852 0.34375 0.6851851851851852 0.3458333333333333 0.6824074074074075 0.3609375 0.6851851851851852 0.3875 0.725 0.3921875 0.7277777777777777 0.40729166666666666 0.7462962962962963 0.4161458333333333 0.7481481481481481 0.446875 0.7416666666666667 0.4630208333333333 0.725925925925926 0.46875 0.7231481481481481 0.48333333333333334 0.7027777777777777 0.49166666666666664 0.6962962962962963 0.49270833333333336 0.6916666666666667 0.49166666666666664 0.6805555555555556 0.48333333333333334 0.6666666666666666 0.47291666666666665 0.6620370370370371 0.4666666666666667 0.6555555555555556 0.4479166666666667 0.6481481481481481 0.421875 0.6305555555555555 0.41302083333333334 0.6277777777777778 0.41041666666666665 0.6231481481481481 0.384375 0.6027777777777777 0.3770833333333333 0.600925925925926 0.37604166666666666 0.5981481481481481 0.3703125 0.5981481481481481 0.3671875 0.5935185185185186 0.35625 0.5935185185185186 0.35572916666666665 0.600925925925926 0.353125 0.6055555555555555 0.34739583333333335 0.6027777777777777 0.3416666666666667 0.5944444444444444 0.3390625 0.5981481481481481 0.3255208333333333 0.6 0.31927083333333334 0.5944444444444444 0.31875 0.587037037037037 0.3171875 0.5879629629629629
3 0.3203125 0.5731481481481482 0.31979166666666664 0.5851851851851851 0.321875 0.5824074074074074 0.3203125 0.5777777777777777 0.321875 0.575925925925926 0.3203125 0.5731481481481482
3 0.3328125 0.5694444444444444 0.33125 0.5722222222222222 0.3328125 0.5777777777777777 0.3359375 0.5777777777777777 0.33489583333333334 0.5694444444444444 0.3328125 0.5694444444444444
3 0.3255208333333333 0.5666666666666667 0.32447916666666665 0.5694444444444444 0.3255208333333333 0.5666666666666667
3 0.8453125 0.42685185185185187 0.8390625 0.44166666666666665 0.8416666666666667 0.46296296296296297 0.8416666666666667 0.49074074074074076 0.84375 0.5074074074074074 0.8536458333333333 0.5287037037037037 0.8630208333333333 0.5435185185185185 0.8734375 0.5435185185185185 0.8796875 0.5277777777777778 0.8833333333333333 0.5027777777777778 0.8796875 0.4638888888888889 0.8729166666666667 0.43703703703703706 0.859375 0.40555555555555556 0.8552083333333333 0.4074074074074074 0.8453125 0.42685185185185187
3 0.38333333333333336 0.4074074074074074 0.38125 0.4074074074074074 0.38333333333333336 0.4074074074074074
3 0.3546875 0.44166666666666665 0.3541666666666667 0.44814814814814813 0.35572916666666665 0.4537037037037037 0.3515625 0.45925925925925926 0.35208333333333336 0.462037037037037 0.34739583333333335 0.475 0.3494791666666667 0.48333333333333334 0.3416666666666667 0.4898148148148148 0.3416666666666667 0.4962962962962963 0.34479166666666666 0.5009259259259259 0.35520833333333335 0.5009259259259259 0.36041666666666666 0.5055555555555555 0.3625 0.5212962962962963 0.37083333333333335 0.5370370370370371 0.37395833333333334 0.5481481481481482 0.384375 0.5601851851851852 0.3885416666666667 0.5712962962962963 0.39427083333333335 0.575925925925926 0.4041666666666667 0.575925925925926 0.42239583333333336 0.5638888888888889 0.4348958333333333 0.5481481481481482 0.44114583333333335 0.5370370370370371 0.4453125 0.5222222222222223 0.4515625 0.5148148148148148 0.4859375 0.5166666666666667 0.4921875 0.5120370370370371 0.4984375 0.4962962962962963 0.4984375 0.46944444444444444 0.5015625 0.44351851851851853 0.5 0.425 0.49322916666666666 0.4148148148148148 0.475 0.4027777777777778 0.44947916666666665 0.39814814814814814 0.440625 0.40555555555555556 0.4276041666666667 0.40925925925925927 0.3963541666666667 0.40555555555555556 0.3890625 0.4166666666666667 0.38697916666666665 0.4101851851851852 0.3802083333333333 0.41203703703703703 0.37916666666666665 0.4074074074074074 0.37552083333333336 0.4074074074074074 0.3651041666666667 0.4212962962962963 0.3546875 0.44166666666666665