4 0.3625 0.975 0.3614583333333333 0.975925925925926 0.36302083333333335 0.9777777777777777 0.3640625 0.975925925925926 0.3625 0.975
4 0.31302083333333336 0.9805555555555555 0.3125 0.9935185185185185 0.3494791666666667 0.9925925925925926 0.35208333333333336 0.9981481481481481 0.3625 0.9981481481481481 0.36484375 0.9935185185185185 0.3692708333333333 0.9916666666666667 0.3703125 0.9944444444444445 0.3729166666666667 0.9898148148148148 0.375 0.9944444444444445 0.3880208333333333 0.9981481481481481 0.4114583333333333 0.9981481481481481 0.42239583333333336 0.9944444444444445 0.4453125 0.9981481481481481 0.4484375 0.9944444444444445 0.5307291666666667 0.9962962962962963 0.5515625 0.9935185185185185 0.553125 0.9907407407407407 0.5578125 0.9935185185185185 0.5604166666666667 0.9888888888888889 0.5765625 0.9962962962962963 0.6505208333333333 0.9962962962962963 0.6598958333333333 0.9935185185185185 0.6963541666666667 0.9935185185185185 0.7036458333333333 0.9962962962962963 0.8109375 0.9962962962962963 0.8171875 0.9935185185185185 0.9755208333333333 0.9962962962962963 0.9973958333333334 0.9935185185185185 0.9994791666666667 0.9898148148148148 0.9994791666666667 0.9555555555555556 0.9973958333333334 0.9527777777777777 0.9921875 0.9101851851851852 0.9859375 0.8888888888888888 0.9765625 0.8722222222222222 0.9697916666666667 0.8462962962962963 0.9645833333333333 0.8342592592592593 0.95625 0.7870370370370371 0.9505208333333334 0.7731481481481481 0.9427083333333334 0.7351851851851852 0.9395833333333333 0.7305555555555555 0.9359375 0.6898148148148148 0.9322916666666666 0.6796296296296296 0.9328125 0.6462962962962963 0.9296875 0.6296296296296297 0.9317708333333333 0.6166666666666667 0.9307291666666667 0.6018518518518519 0.9328125 0.575925925925926 0.9291666666666667 0.5185185185185185 0.925 0.5018518518518519 0.925 0.4898148148148148 0.9203125 0.4787037037037037 0.9177083333333333 0.4638888888888889 0.9130208333333333 0.45740740740740743 0.9114583333333334 0.4462962962962963 0.8848958333333333 0.39814814814814814 0.8739583333333333 0.3824074074074074 0.8635416666666667 0.37777777777777777 0.85 0.38055555555555554 0.8390625 0.3888888888888889 0.8291666666666667 0.4009259259259259 0.8208333333333333 0.4046296296296296 0.8109375 0.37777777777777777 0.7807291666666667 0.3509259259259259 0.7411458333333333 0.3509259259259259 0.7364583333333333 0.3527777777777778 0.7286458333333333 0.36203703703703705 0.721875 0.3648148148148148 0.7109375 0.37777777777777777 0.6885416666666667 0.39166666666666666 0.6807291666666667 0.4027777777777778 0.671875 0.4074074074074074 0.665625 0.4166666666666667 0.65625 0.42314814814814816 0.6427083333333333 0.44166666666666665 0.6135416666666667 0.45740740740740743 0.6010416666666667 0.4722222222222222 0.6 0.47962962962962963 0.5869791666666667 0.5037037037037037 0.5864583333333333 0.5138888888888888 0.5817708333333333 0.5212962962962963 0.5796875 0.5342592592592592 0.5755208333333334 0.5462962962962963 0.571875 0.5731481481481482 0.5729166666666666 0.5805555555555556 0.56875 0.587037037037037 0.5671875 0.6157407407407407 0.5635416666666667 0.6287037037037037 0.5614583333333333 0.6648148148148149 0.5510416666666667 0.6851851851851852 0.5484375 0.6944444444444444 0.5447916666666667 0.6981481481481482 0.5369791666666667 0.725 0.53125 0.7398148148148148 0.5255208333333333 0.7481481481481481 0.5244791666666667 0.7574074074074074 0.5208333333333334 0.7648148148148148 0.5010416666666667 0.7777777777777778 0.48489583333333336 0.7981481481481482 0.46927083333333336 0.8101851851851852 0.4421875 0.8435185185185186 0.42083333333333334 0.8416666666666667 0.415625 0.8462962962962963 0.4109375 0.8435185185185186 0.4088541666666667 0.8444444444444444 0.40729166666666666 0.8527777777777777 0.4 0.8481481481481481 0.3932291666666667 0.8555555555555555 0.3848958333333333 0.8555555555555555 0.375 0.862037037037037 0.37395833333333334 0.8666666666666667 0.3692708333333333 0.8685185185185185 0.36614583333333334 0.8759259259259259 0.3625 0.8759259259259259 0.3619791666666667 0.8814814814814815 0.35572916666666665 0.8888888888888888 0.3546875 0.8972222222222223 0.3484375 0.9 0.34791666666666665 0.9055555555555556 0.34427083333333336 0.9111111111111111 0.340625 0.9351851851851852 0.3338541666666667 0.9416666666666667 0.328125 0.9629629629629629 0.3255208333333333 0.9666666666666667 0.3203125 0.9666666666666667 0.31302083333333336 0.9805555555555555
4 0.4088541666666667 0.10740740740740741 0.4083333333333333 0.11203703703703703 0.4119791666666667 0.11388888888888889 0.4140625 0.10555555555555556 0.4088541666666667 0.10740740740740741
4 0.39479166666666665 0.10462962962962963 0.39375 0.10555555555555556 0.3958333333333333 0.10740740740740741 0.396875 0.10462962962962963 0.3984375 0.10740740740740741 0.39947916666666666 0.10277777777777777 0.40572916666666664 0.10555555555555556 0.40572916666666664 0.10092592592592593 0.4 0.10092592592592593 0.39479166666666665 0.10462962962962963
4 0.8598958333333333 0.004629629629629629 0.859375 0.013888888888888888 0.8619791666666666 0.010185185185185186 0.8625 0.013888888888888888 0.8666666666666667 0.018518518518518517 0.8682291666666667 0.10925925925925926 0.8723958333333334 0.12407407407407407 0.8713541666666667 0.13240740740740742 0.8734375 0.13518518518518519 0.8734375 0.16203703703703703 0.878125 0.2111111111111111 0.8786458333333333 0.23425925925925925 0.8744791666666667 0.25 0.8713541666666667 0.25277777777777777 0.8651041666666667 0.28055555555555556 0.86875 0.3055555555555556 0.8885416666666667 0.31666666666666665 0.8963541666666667 0.31666666666666665 0.9041666666666667 0.31203703703703706 0.9130208333333333 0.30092592592592593 0.9317708333333333 0.28703703703703703 0.9630208333333333 0.24814814814814815 0.9723958333333333 0.24166666666666667 0.9817708333333334 0.23055555555555557 0.984375 0.23055555555555557 0.9973958333333334 0.21388888888888888 0.9958333333333333 0.19722222222222222 0.9994791666666667 0.19166666666666668 0.9963541666666667 0.18611111111111112 0.9994791666666667 0.18055555555555555 0.9973958333333334 0.1787037037037037 0.9994791666666667 0.17592592592592593 0.9994791666666667 0.1712962962962963 0.9963541666666667 0.1675925925925926 0.9973958333333334 0.16203703703703703 0.9958333333333333 0.15648148148148147 0.9973958333333334 0.14907407407407408 0.9994791666666667 0.14814814814814814 0.9994791666666667 0.14166666666666666 0.9953125 0.13796296296296295 0.9953125 0.11481481481481481 0.9973958333333334 0.10185185185185185 0.9994791666666667 0.10092592592592593 0.9994791666666667 0.002777777777777778 0.9953125 0 0.8697916666666666 0 0.865625 0.004629629629629629 0.8598958333333333 0.004629629629629629
4 0.00625 0 0.005208333333333333 0.004629629629629629 0.013020833333333334 0.005555555555555556 0.0203125 0.013888888888888888 0.027083333333333334 0.013888888888888888 0.035416666666666666 0.023148148148148147 0.051041666666666666 0.019444444444444445 0.0671875 0.021296296296296296 0.07395833333333333 0.032407407407407406 0.08020833333333334 0.037037037037037035 0.0890625 0.05277777777777778 0.11302083333333333 0.06944444444444445 0.12760416666666666 0.08888888888888889 0.14375 0.10555555555555556 0.14791666666666667 0.10555555555555556 0.15052083333333333 0.11203703703703703 0.1546875 0.11388888888888889 0.15677083333333333 0.11851851851851852 0.16822916666666668 0.12314814814814815 0.17447916666666666 0.13240740740740742 0.1859375 0.13240740740740742 0.190625 0.13518518518518519 0.19583333333333333 0.1388888888888889 0.19791666666666666 0.14351851851851852 0.225 0.14629629629629629 0.22708333333333333 0.14351851851851852 0.23645833333333333 0.14351851851851852 0.24427083333333333 0.1388888888888889 0.2484375 0.13240740740740742 0.2578125 0.1259259259259259 0.2625 0.11296296296296296 0.2682291666666667 0.10462962962962963 0.26927083333333335 0.09814814814814815 0.28072916666666664 0.08425925925925926 0.28229166666666666 0.0787037037037037 0.29791666666666666 0.09351851851851851 0.3026041666666667 0.10555555555555556 0.3151041666666667 0.10740740740740741 0.31614583333333335 0.10925925925925926 0.3140625 0.11388888888888889 0.3182291666666667 0.12222222222222222 0.3171875 0.12962962962962962 0.3203125 0.13240740740740742 0.32395833333333335 0.12962962962962962 0.3296875 0.13425925925925927 0.33125 0.1388888888888889 0.33489583333333334 0.13703703703703704 0.3380208333333333 0.14351851851851852 0.34322916666666664 0.14629629629629629 0.3546875 0.14629629629629629 0.35833333333333334 0.15092592592592594 0.39010416666666664 0.1527777777777778 0.39375 0.14629629629629629 0.3984375 0.14629629629629629 0.403125 0.14166666666666666 0.40729166666666666 0.13240740740740742 0.40677083333333336 0.12777777777777777 0.4109375 0.1259259259259259 0.4119791666666667 0.11944444444444445 0.4119791666666667 0.11666666666666667 0.40625 0.11666666666666667 0.40572916666666664 0.11388888888888889 0.396875 0.11666666666666667 0.39479166666666665 0.11203703703703703 0.3927083333333333 0.11574074074074074 0.39114583333333336 0.11203703703703703 0.38958333333333334 0.11388888888888889 0.38697916666666665 0.11018518518518519 0.3958333333333333 0.07777777777777778 0.40859375 0.07962962962962963 0.40677083333333336 0.09166666666666666 0.4114583333333333 0.09166666666666666 0.4125 0.09814814814814815 0.41770833333333335 0.10277777777777777 0.41875 0.08703703703703704 0.42083333333333334 0.08425925925925926 0.4192708333333333 0.06574074074074074 0.42083333333333334 0.05555555555555555 0.41822916666666665 0.04351851851851852 0.4197916666666667 0.03518518518518519 0.41822916666666665 0.021296296296296296 0.40625 0 0.39166666666666666 0.002777777777777778 0.3880208333333333 0.002777777777777778 0.38697916666666665 0 0.3796875 0 0.3776041666666667 0.002777777777777778 0.37083333333333335 0.002777777777777778 0.36875 0 0.35520833333333335 0 0.35 0.002777777777777778 0.34322916666666664 0 0.26875 0 0.265625 0.002777777777777778 0.2635416666666667 0 0.21979166666666666 0 0.20989583333333334 0.004629629629629629 0.1953125 0.002777777777777778 0.19375 0 0.16354166666666667 0 0.15729166666666666 0.005555555555555556 0.15833333333333333 0.013888888888888888 0.1546875 0.021296296296296296 0.1515625 0.021296296296296296 0.14739583333333334 0.016666666666666666 0.13333333333333333 0.016666666666666666 0.13802083333333334 0.004629629629629629 0.134375 0.004629629629629629 0.13177083333333334 0.014814814814814815 0.12864583333333332 0.012037037037037037 0.13020833333333334 0.009259259259259259 0.13020833333333334 0.002777777777777778 0.10104166666666667 0.004629629629629629 0.0875 0.002777777777777778 0.08489583333333334 0 0.016666666666666666 0 0.011458333333333333 0.004629629629629629 0.00625 0
1 0.7890625 0.5527777777777778 0.7880208333333333 0.5555555555555556 0.7911458333333333 0.5601851851851852 0.7822916666666667 0.5666666666666667 0.7875 0.5777777777777777 0.8 0.5824074074074074 0.8015625 0.5768518518518518 0.8067708333333333 0.5712962962962963 0.80625 0.5648148148148148 0.8005208333333333 0.5601851851851852 0.8046875 0.5527777777777778 0.7932291666666667 0.55 0.7890625 0.5527777777777778
1 0.5197916666666667 0.49722222222222223 0.5192708333333333 0.5092592592592593 0.5234375 0.5259259259259259 0.5244791666666667 0.5435185185185185 0.525 0.5888888888888889 0.5276041666666667 0.6046296296296296 0.5317708333333333 0.6166666666666667 0.5322916666666667 0.6324074074074074 0.5359375 0.6370370370370371 0.5390625 0.6527777777777778 0.5536458333333333 0.6620370370370371 0.55625 0.6555555555555556 0.5567708333333333 0.6361111111111111 0.5614583333333333 0.612037037037037 0.5645833333333333 0.5851851851851851 0.5640625 0.5768518518518518 0.5677083333333334 0.5527777777777778 0.5744791666666667 0.524074074074074 0.5786458333333333 0.5138888888888888 0.5807291666666666 0.49722222222222223 0.5848958333333333 0.4935185185185185 0.5890625 0.4759259259259259 0.5927083333333333 0.47314814814814815 0.59375 0.4675925925925926 0.5984375 0.462037037037037 0.5989583333333334 0.45740740740740743 0.5635416666666667 0.46944444444444444 0.559375 0.4777777777777778 0.5453125 0.48518518518518516 0.5401041666666667 0.49166666666666664 0.5348958333333333 0.4888888888888889 0.5223958333333333 0.4898148148148148 0.5197916666666667 0.49722222222222223
1 0.6572916666666667 0.39351851851851855 0.6583333333333333 0.3962962962962963 0.6567708333333333 0.4009259259259259 0.6619791666666667 0.4046296296296296 0.6640625 0.4009259259259259 0.675 0.3962962962962963 0.6822916666666666 0.3851851851851852 0.6796875 0.3851851851851852 0.6776041666666667 0.38981481481481484 0.6770833333333334 0.3851851851851852 0.6708333333333333 0.38425925925925924 0.6677083333333333 0.37962962962962965 0.6572916666666667 0.39351851851851855
1 0.8244791666666667 0.362962962962963 0.8234375 0.37777777777777777 0.8270833333333333 0.387037037037037 0.8348958333333333 0.3851851851851852 0.8401041666666667 0.37777777777777777 0.8572916666666667 0.3685185185185185 0.8723958333333334 0.36944444444444446 0.8786458333333333 0.375 0.8869791666666667 0.3851851851851852 0.8963541666666667 0.40555555555555556 0.9119791666666667 0.42592592592592593 0.9265625 0.4601851851851852 0.9348958333333334 0.49444444444444446 0.9375 0.5601851851851852 0.940625 0.5731481481481482 0.940625 0.587037037037037 0.9390625 0.5916666666666667 0.9411458333333333 0.5981481481481481 0.9411458333333333 0.6342592592592593 0.9432291666666667 0.6398148148148148 0.9421875 0.6444444444444445 0.94375 0.6481481481481481 0.9421875 0.65 0.9458333333333333 0.6555555555555556 0.9442708333333333 0.6592592592592592 0.9421875 0.6907407407407408 0.94375 0.7157407407407408 0.9489583333333333 0.7324074074074074 0.9520833333333333 0.75 0.9619791666666667 0.7759259259259259 0.9640625 0.7972222222222223 0.9682291666666667 0.8101851851851852 0.9692708333333333 0.8203703703703704 0.975 0.8333333333333334 0.9760416666666667 0.8435185185185186 0.9932291666666667 0.887962962962963 0.9994791666666667 0.8962962962962963 0.9994791666666667 0.5185185185185185 0.9963541666666667 0.5166666666666667 0.9973958333333334 0.5083333333333333 0.9994791666666667 0.5074074074074074 0.9994791666666667 0.462037037037037 0.9973958333333334 0.4601851851851852 0.9973958333333334 0.44814814814814813 0.9994791666666667 0.4462962962962963 0.9994791666666667 0.22407407407407406 0.9817708333333334 0.2351851851851852 0.9526041666666667 0.26666666666666666 0.9473958333333333 0.275 0.896875 0.32314814814814813 0.8848958333333333 0.32314814814814813 0.8708333333333333 0.31666666666666665 0.8583333333333333 0.31851851851851853 0.853125 0.32592592592592595 0.8447916666666667 0.33055555555555555 0.8432291666666667 0.3351851851851852 0.8369791666666667 0.3388888888888889 0.8244791666666667 0.362962962962963
1 0.5177083333333333 0.49166666666666664 0.5166666666666667 0.5 0.5213541666666667 0.5398148148148149 0.5213541666666667 0.5638888888888889 0.5239583333333333 0.5787037037037037 0.5244791666666667 0.5962962962962963 0.5307291666666667 0.6222222222222222 0.53125 0.6370370370370371 0.5390625 0.6574074074074074 0.5526041666666667 0.6638888888888889 0.5552083333333333 0.6601851851851852 0.5567708333333333 0.637962962962963 0.5604166666666667 0.6259259259259259 0.5625 0.5944444444444444 0.56875 0.5518518518518518 0.5791666666666667 0.5101851851851852 0.5848958333333333 0.4981481481481482 0.5880208333333333 0.4842592592592593 0.5984375 0.4666666666666667 0.6 0.4601851851851852 0.6161458333333333 0.4444444444444444 0.61875 0.4351851851851852 0.6 0.4166666666666667 0.5932291666666667 0.4166666666666667 0.5833333333333334 0.4212962962962963 0.5770833333333333 0.42777777777777776 0.571875 0.44166666666666665 0.571875 0.4462962962962963 0.5697916666666667 0.44814814814814813 0.5703125 0.45092592592592595 0.575 0.4537037037037037 0.5744791666666667 0.45740740740740743 0.5635416666666667 0.462037037037037 0.5416666666666666 0.4824074074074074 0.5223958333333333 0.48518518518518516 0.5177083333333333 0.49166666666666664
1 0.6369791666666667 0.37592592592592594 0.6328125 0.387037037037037 0.6395833333333333 0.4 0.6473958333333333 0.41203703703703703 0.65625 0.41203703703703703 0.6625 0.40555555555555556 0.675 0.4 0.6838541666666667 0.387037037037037 0.7026041666666667 0.37592592592592594 0.70625 0.3685185185185185 0.690625 0.36666666666666664 0.68125 0.3712962962962963 0.6708333333333333 0.3712962962962963 0.665625 0.36666666666666664 0.65625 0.36666666666666664 0.64375 0.36944444444444446 0.6369791666666667 0.37592592592592594
1 0.36875 0.06851851851851852 0.3671875 0.0824074074074074 0.3692708333333333 0.08703703703703704 0.384375 0.09166666666666666 0.39010416666666664 0.09814814814814815 0.39739583333333334 0.09814814814814815 0.4 0.09166666666666666 0.39895833333333336 0.08518518518518518 0.39166666666666666 0.07592592592592592 0.36875 0.06851851851851852
1 0.5947916666666667 0.26666666666666666 0.5895833333333333 0.2759259259259259 0.5901041666666667 0.2851851851851852 0.6078125 0.3101851851851852 0.6177083333333333 0.3101851851851852 0.6234375 0.30462962962962964 0.6286458333333333 0.2935185185185185 0.628125 0.28703703703703703 0.6234375 0.2777777777777778 0.6088541666666667 0.2638888888888889 0.5984375 0.2638888888888889 0.5947916666666667 0.26666666666666666
3 0.8677083333333333 0.013888888888888888 0.8682291666666667 0.10462962962962963 0.8734375 0.13240740740740742 0.875 0.17592592592592593 0.878125 0.1935185185185185 0.8807291666666667 0.2324074074074074 0.878125 0.24351851851851852 0.8682291666666667 0.2675925925925926 0.8671875 0.29259259259259257 0.8692708333333333 0.30462962962962964 0.8755208333333333 0.31203703703703706 0.8869791666666667 0.31851851851851853 0.8979166666666667 0.31851851851851853 0.9192708333333334 0.2962962962962963 0.9359375 0.28425925925925927 0.9651041666666667 0.24814814814814815 0.9807291666666667 0.2351851851851852 0.9895833333333334 0.22314814814814815 0.9994791666666667 0.21666666666666667 0.9994791666666667 0 0.8713541666666667 0 0.8677083333333333 0.013888888888888888
3 0.3453125 0.9037037037037037 0.3385416666666667 0.9277777777777778 0.3380208333333333 0.9351851851851852 0.3072916666666667 0.9935185185185185 0.3104166666666667 0.9962962962962963 0.3484375 0.9935185185185185 0.35208333333333336 0.9981481481481481 0.49947916666666664 0.9981481481481481 0.5494791666666666 0.9962962962962963 0.5583333333333333 0.9935185185185185 0.5723958333333333 0.9935185185185185 0.58125 0.9981481481481481 0.603125 0.9981481481481481 0.609375 0.9944444444444445 0.6213541666666667 0.9981481481481481 0.6604166666666667 0.9944444444444445 0.6973958333333333 0.9944444444444445 0.7307291666666667 0.9981481481481481 0.7619791666666667 0.9944444444444445 0.8135416666666667 0.9962962962962963 0.8494791666666667 0.9935185185185185 0.8510416666666667 0.9962962962962963 0.8828125 0.9962962962962963 0.8911458333333333 0.9935185185185185 0.90625 0.9962962962962963 0.984375 0.9962962962962963 0.9994791666666667 0.9935185185185185 0.9994791666666667 0.9638888888888889 0.9963541666666667 0.9601851851851851 0.9973958333333334 0.950925925925926 0.9963541666666667 0.9388888888888889 0.9942708333333333 0.9351851851851852 0.9927083333333333 0.9138888888888889 0.9875 0.8944444444444445 0.9791666666666666 0.8768518518518519 0.9786458333333333 0.8712962962962963 0.9760416666666667 0.8685185185185185 0.9635416666666666 0.8277777777777777 0.9588541666666667 0.8055555555555556 0.95625 0.7824074074074074 0.9510416666666667 0.7712962962962963 0.9416666666666667 0.7277777777777777 0.9390625 0.7222222222222222 0.9354166666666667 0.6796296296296296 0.9369791666666667 0.6592592592592592 0.9359375 0.6462962962962963 0.9333333333333333 0.6388888888888888 0.9338541666666667 0.5805555555555556 0.9302083333333333 0.5120370370370371 0.9276041666666667 0.5 0.9276041666666667 0.4898148148148148 0.9171875 0.44907407407407407 0.875 0.38055555555555554 0.8703125 0.37962962962962965 0.8677083333333333 0.37592592592592594 0.8510416666666667 0.37777777777777777 0.8380208333333333 0.387037037037037 0.8307291666666666 0.39814814814814814 0.8244791666666667 0.4 0.8197916666666667 0.3962962962962963 0.8119791666666667 0.37592592592592594 0.8072916666666666 0.3731481481481482 0.8015625 0.3648148148148148 0.7953125 0.36203703703703705 0.7864583333333334 0.3509259259259259 0.7791666666666667 0.34814814814814815 0.7364583333333333 0.3509259259259259 0.7296875 0.36018518518518516 0.7197916666666667 0.3648148148148148 0.7114583333333333 0.37592592592592594 0.6890625 0.3888888888888889 0.6802083333333333 0.4009259259259259 0.6697916666666667 0.4074074074074074 0.665625 0.41388888888888886 0.6510416666666666 0.42592592592592593 0.6447916666666667 0.4388888888888889 0.6338541666666667 0.4462962962962963 0.6255208333333333 0.44814814814814813 0.6072916666666667 0.4638888888888889 0.5885416666666666 0.4981481481481482 0.5854166666666667 0.5138888888888888 0.5822916666666667 0.5185185185185185 0.5744791666666667 0.5481481481481482 0.5708333333333333 0.5666666666666667 0.571875 0.5814814814814815 0.56875 0.5916666666666667 0.5666666666666667 0.6129629629629629 0.5625 0.6333333333333333 0.5625 0.6620370370370371 0.5609375 0.6675925925925926 0.5520833333333334 0.6796296296296296 0.5473958333333333 0.6916666666666667 0.5458333333333333 0.6916666666666667 0.5432291666666667 0.7027777777777777 0.5395833333333333 0.7074074074074074 0.5364583333333334 0.725 0.5270833333333333 0.7388888888888889 0.5223958333333333 0.7574074074074074 0.5171875 0.7666666666666667 0.5010416666666667 0.7777777777777778 0.4864583333333333 0.7981481481481482 0.4739583333333333 0.8055555555555556 0.46875 0.8138888888888889 0.44947916666666665 0.8324074074074074 0.4421875 0.8435185185185186 0.41875 0.8398148148148148 0.38958333333333334 0.8481481481481481 0.3875 0.8527777777777777 0.3796875 0.8592592592592593 0.37604166666666666 0.8592592592592593 0.3625 0.8731481481481481 0.3453125 0.9037037037037037
3 0.41041666666666665 0 0 0 0 0.004629629629629629 0.036458333333333336 0.027777777777777776 0.049479166666666664 0.023148148148148147 0.065625 0.025925925925925925 0.08802083333333334 0.05462962962962963 0.1171875 0.07592592592592592 0.13177083333333334 0.09814814814814815 0.1484375 0.11018518518518519 0.15677083333333333 0.12129629629629629 0.17447916666666666 0.13703703703703704 0.1875 0.14351851851851852 0.22447916666666667 0.14814814814814814 0.24427083333333333 0.14166666666666666 0.2546875 0.13425925925925927 0.2598958333333333 0.12685185185185185 0.2765625 0.09166666666666666 0.2875 0.08981481481481482 0.29270833333333335 0.09351851851851851 0.3 0.11203703703703703 0.30572916666666666 0.11666666666666667 0.3104166666666667 0.1259259259259259 0.31979166666666664 0.13703703703703704 0.34479166666666666 0.15 0.3697916666666667 0.15555555555555556 0.3921875 0.15555555555555556 0.39947916666666666 0.15092592592592594 0.415625 0.12314814814814815 0.421875 0.1 0.425 0.07592592592592592 0.425 0.03888888888888889 0.421875 0.025925925925925925 0.41041666666666665 0