4 0.75625 0.575 0.7557291666666667 0.5833333333333334 0.7625 0.5888888888888889 0.784375 0.5962962962962963 0.815625 0.6138888888888889 0.8760416666666667 0.6092592592592593 0.8979166666666667 0.6101851851851852 0.9114583333333334 0.5981481481481481 0.9203125 0.5805555555555556 0.9296875 0.575925925925926 0.9489583333333333 0.5333333333333333 0.9546875 0.5268518518518519 0.9583333333333334 0.5148148148148148 0.9640625 0.5046296296296297 0.975 0.4935185185185185 0.9765625 0.4888888888888889 0.9791666666666666 0.4888888888888889 0.984375 0.49537037037037035 0.9916666666666667 0.5092592592592593 0.99375 0.5212962962962963 0.9994791666666667 0.5212962962962963 0.9994791666666667 0.3351851851851852 0.9963541666666667 0.3314814814814815 0.9994791666666667 0.3277777777777778 0.9994791666666667 0.2851851851851852 0.9932291666666667 0.27870370370370373 0.9932291666666667 0.2712962962962963 0.9958333333333333 0.262037037037037 0.9994791666666667 0.25925925925925924 0.9994791666666667 0.14814814814814814 0.99375 0.14166666666666666 0.95 0.14629629629629629 0.9255208333333333 0.16018518518518518 0.9119791666666667 0.18055555555555555 0.9010416666666666 0.2037037037037037 0.8921875 0.23055555555555557 0.8880208333333334 0.23703703703703705 0.8807291666666667 0.262037037037037 0.8671875 0.28888888888888886 0.8640625 0.30277777777777776 0.8625 0.3314814814814815 0.8578125 0.3574074074074074 0.853125 0.3685185185185185 0.8395833333333333 0.38981481481481484 0.8354166666666667 0.4074074074074074 0.8255208333333334 0.42314814814814816 0.8182291666666667 0.4425925925925926 0.8072916666666666 0.462037037037037 0.8052083333333333 0.47129629629629627 0.7776041666666667 0.5259259259259259 0.7723958333333333 0.5416666666666666 0.75625 0.575
4 0.3109375 0.2351851851851852 0.31145833333333334 0.32037037037037036 0.3151041666666667 0.34814814814814815 0.3177083333333333 0.35555555555555557 0.31979166666666664 0.3787037037037037 0.32447916666666665 0.3962962962962963 0.33697916666666666 0.4185185185185185 0.3390625 0.4351851851851852 0.3385416666666667 0.4444444444444444 0.3421875 0.45092592592592595 0.34375 0.4666666666666667 0.34791666666666665 0.4842592592592593 0.35208333333333336 0.4935185185185185 0.3515625 0.4981481481481482 0.35989583333333336 0.5101851851851852 0.36302083333333335 0.5231481481481481 0.36875 0.5351851851851852 0.3729166666666667 0.5527777777777778 0.375 0.5879629629629629 0.3802083333333333 0.5981481481481481 0.38229166666666664 0.6092592592592593 0.3885416666666667 0.6166666666666667 0.4 0.6166666666666667 0.40625 0.6314814814814815 0.4234375 0.6601851851851852 0.42552083333333335 0.674074074074074 0.43020833333333336 0.6787037037037037 0.4317708333333333 0.6962962962962963 0.434375 0.6981481481481482 0.4354166666666667 0.7046296296296296 0.44166666666666665 0.7148148148148148 0.44375 0.7296296296296296 0.44947916666666665 0.7462962962962963 0.45416666666666666 0.7509259259259259 0.4734375 0.7555555555555555 0.48125 0.7638888888888888 0.49375 0.7712962962962963 0.5166666666666667 0.7731481481481481 0.51875 0.7759259259259259 0.5255208333333333 0.7759259259259259 0.5296875 0.7722222222222223 0.5307291666666667 0.7592592592592593 0.5234375 0.7444444444444445 0.525 0.7416666666666667 0.53125 0.7435185185185185 0.5333333333333333 0.7342592592592593 0.5296875 0.7138888888888889 0.5265625 0.7083333333333334 0.5265625 0.6944444444444444 0.5229166666666667 0.6694444444444444 0.5171875 0.6527777777777778 0.5166666666666667 0.6435185185185185 0.509375 0.6259259259259259 0.5098958333333333 0.6148148148148148 0.5072916666666667 0.6129629629629629 0.509375 0.6092592592592593 0.5083333333333333 0.600925925925926 0.5114583333333333 0.5981481481481481 0.5192708333333333 0.6055555555555555 0.5302083333333333 0.6055555555555555 0.5328125 0.600925925925926 0.5447916666666667 0.5935185185185186 0.5890625 0.5962962962962963 0.6223958333333334 0.5851851851851851 0.6317708333333333 0.5851851851851851 0.6364583333333333 0.5731481481481482 0.6359375 0.5518518518518518 0.6369791666666667 0.5481481481481482 0.6401041666666667 0.5481481481481482 0.6411458333333333 0.5296296296296297 0.6432291666666666 0.5259259259259259 0.6447916666666667 0.4962962962962963 0.65 0.48518518518518516 0.6541666666666667 0.4962962962962963 0.6567708333333333 0.5101851851851852 0.6552083333333333 0.5212962962962963 0.65625 0.5472222222222223 0.6578125 0.5546296296296296 0.6630208333333333 0.5601851851851852 0.6640625 0.5712962962962963 0.659375 0.600925925925926 0.6526041666666667 0.6166666666666667 0.6489583333333333 0.6592592592592592 0.6453125 0.6648148148148149 0.6427083333333333 0.6759259259259259 0.6322916666666667 0.6916666666666667 0.6328125 0.6962962962962963 0.6401041666666667 0.6962962962962963 0.6494791666666667 0.7083333333333334 0.6401041666666667 0.7194444444444444 0.6416666666666667 0.7342592592592593 0.6505208333333333 0.7481481481481481 0.671875 0.7546296296296297 0.6807291666666667 0.7509259259259259 0.6921875 0.7388888888888889 0.70625 0.7351851851851852 0.7119791666666667 0.7305555555555555 0.71875 0.6777777777777778 0.7182291666666667 0.6601851851851852 0.7119791666666667 0.6620370370370371 0.6791666666666667 0.6888888888888889 0.6765625 0.6888888888888889 0.6755208333333333 0.6851851851851852 0.6703125 0.6888888888888889 0.6682291666666667 0.6861111111111111 0.6807291666666667 0.6638888888888889 0.6869791666666667 0.6601851851851852 0.6947916666666667 0.6481481481481481 0.6994791666666667 0.6462962962962963 0.70625 0.6351851851851852 0.7067708333333333 0.6259259259259259 0.7041666666666667 0.6203703703703703 0.70625 0.6037037037037037 0.7192708333333333 0.5888888888888889 0.7307291666666667 0.5824074074074074 0.7354166666666667 0.5666666666666667 0.7375 0.549074074074074 0.7411458333333333 0.5462962962962963 0.75 0.49166666666666664 0.7505208333333333 0.47129629629629627 0.7484375 0.43148148148148147 0.7609375 0.4074074074074074 0.7671875 0.3888888888888889 0.76875 0.35555555555555557 0.7723958333333333 0.337037037037037 0.775 0.2861111111111111 0.78125 0.25092592592592594 0.7807291666666667 0.17314814814814813 0.7729166666666667 0.11388888888888889 0.7651041666666667 0.09259259259259259 0.7619791666666667 0.07592592592592592 0.7536458333333333 0.053703703703703705 0.725 0.002777777777777778 0.7197916666666667 0 0.6890625 0 0.684375 0.002777777777777778 0.6744791666666666 0.002777777777777778 0.6703125 0 0.45416666666666666 0 0.4484375 0.002777777777777778 0.43802083333333336 0.002777777777777778 0.4354166666666667 0 0.3458333333333333 0 0.3328125 0.030555555555555555 0.3265625 0.05740740740740741 0.32395833333333335 0.1 0.31927083333333334 0.12777777777777777 0.3182291666666667 0.15 0.3145833333333333 0.17592592592592593 0.3109375 0.2351851851851852
4 0.008854166666666666 0.15462962962962962 0.010416666666666666 0.2111111111111111 0.0140625 0.225 0.025520833333333333 0.24444444444444444 0.025 0.29259259259259257 0.0265625 0.29814814814814816 0.03177083333333333 0.30462962962962964 0.0421875 0.3101851851851852 0.0484375 0.3194444444444444 0.050520833333333334 0.3925925925925926 0.05 0.425 0.0484375 0.4324074074074074 0.051041666666666666 0.4444444444444444 0.044270833333333336 0.44907407407407407 0.043229166666666666 0.4648148148148148 0.0453125 0.47129629629629627 0.052083333333333336 0.48055555555555557 0.059895833333333336 0.4824074074074074 0.07447916666666667 0.4638888888888889 0.08489583333333334 0.46111111111111114 0.08802083333333334 0.4638888888888889 0.0921875 0.4740740740740741 0.09583333333333334 0.4935185185185185 0.10572916666666667 0.4935185185185185 0.1078125 0.4898148148148148 0.11875 0.4842592592592593 0.12395833333333334 0.47314814814814815 0.12708333333333333 0.4583333333333333 0.13020833333333334 0.4527777777777778 0.13072916666666667 0.4444444444444444 0.13697916666666668 0.4305555555555556 0.14427083333333332 0.40185185185185185 0.171875 0.32685185185185184 0.17552083333333332 0.3212962962962963 0.18177083333333333 0.3194444444444444 0.20572916666666666 0.33425925925925926 0.21197916666666666 0.33425925925925926 0.21302083333333333 0.33055555555555555 0.21041666666666667 0.3138888888888889 0.20052083333333334 0.2972222222222222 0.184375 0.2601851851851852 0.184375 0.2324074074074074 0.17447916666666666 0.2074074074074074 0.17447916666666666 0.20277777777777778 0.16822916666666668 0.18425925925925926 0.15625 0.1574074074074074 0.13541666666666666 0.12777777777777777 0.11666666666666667 0.11944444444444445 0.10677083333333333 0.12314814814814815 0.10260416666666666 0.12129629629629629 0.09479166666666666 0.10555555555555556 0.0921875 0.09444444444444444 0.08020833333333334 0.07777777777777778 0.07135416666666666 0.07314814814814814 0.059895833333333336 0.07314814814814814 0.04375 0.08055555555555556 0.0328125 0.09166666666666666 0.01875 0.11388888888888889 0.008854166666666666 0.15462962962962962
4 0.74375 0.9157407407407407 0.74375 0.9425925925925925 0.753125 0.9981481481481481 0.821875 0.9981481481481481 0.825 0.9935185185185185 0.8265625 0.9740740740740741 0.8286458333333333 0.9666666666666667 0.8286458333333333 0.9555555555555556 0.81875 0.9324074074074075 0.8161458333333333 0.9212962962962963 0.8057291666666667 0.9074074074074074 0.7942708333333334 0.8851851851851852 0.7833333333333333 0.8824074074074074 0.7708333333333334 0.8898148148148148 0.7583333333333333 0.9027777777777778 0.75 0.9009259259259259 0.7463541666666667 0.9055555555555556 0.74375 0.9157407407407407
4 0.5052083333333334 0.8814814814814815 0.5114583333333333 0.8851851851851852 0.5145833333333333 0.8935185185185185 0.5182291666666666 0.8962962962962963 0.5151041666666667 0.9009259259259259 0.5177083333333333 0.9055555555555556 0.5177083333333333 0.9101851851851852 0.5109375 0.9203703703703704 0.49947916666666664 0.9472222222222222 0.4921875 0.9777777777777777 0.4875 0.9898148148148148 0.48854166666666665 0.9981481481481481 0.5895833333333333 0.9981481481481481 0.59375 0.9898148148148148 0.59375 0.9833333333333333 0.6 0.9601851851851851 0.6052083333333333 0.9527777777777777 0.6098958333333333 0.9388888888888889 0.6098958333333333 0.9305555555555556 0.6052083333333333 0.9194444444444444 0.6010416666666667 0.9166666666666666 0.6020833333333333 0.9083333333333333 0.6057291666666667 0.899074074074074 0.6057291666666667 0.8870370370370371 0.5989583333333334 0.8759259259259259 0.5916666666666667 0.8777777777777778 0.5822916666666667 0.8870370370370371 0.5645833333333333 0.8851851851851852 0.5572916666666666 0.8898148148148148 0.5536458333333333 0.8962962962962963 0.5489583333333333 0.8935185185185185 0.546875 0.8888888888888888 0.5442708333333334 0.8888888888888888 0.5369791666666667 0.8777777777777778 0.525 0.8666666666666667 0.5203125 0.8666666666666667 0.521875 0.8703703703703703 0.5192708333333333 0.8731481481481481 0.5166666666666667 0.8712962962962963 0.5171875 0.8685185185185185 0.5135416666666667 0.8685185185185185 0.5052083333333334 0.8814814814814815
3 0.43125 0.6527777777777778 0.4328125 0.6759259259259259 0.4276041666666667 0.6759259259259259 0.4270833333333333 0.6796296296296296 0.4315104166666667 0.6824074074074075 0.43125 0.6898148148148148 0.43333333333333335 0.6916666666666667 0.43125 0.6972222222222222 0.43697916666666664 0.7083333333333334 0.44479166666666664 0.7407407407407407 0.44947916666666665 0.75 0.46770833333333334 0.7555555555555555 0.4942708333333333 0.7759259259259259 0.5166666666666667 0.7759259259259259 0.5265625 0.7796296296296297 0.53125 0.774074074074074 0.5322916666666667 0.7638888888888888 0.5291666666666667 0.7472222222222222 0.534375 0.7435185185185185 0.5348958333333333 0.7324074074074074 0.5322916666666667 0.7240740740740741 0.5302083333333333 0.700925925925926 0.5229166666666667 0.6620370370370371 0.5151041666666667 0.6398148148148148 0.50625 0.6268518518518519 0.5015625 0.6148148148148148 0.4979166666666667 0.6138888888888889 0.49583333333333335 0.6074074074074074 0.49375 0.6074074074074074 0.49166666666666664 0.600925925925926 0.478125 0.600925925925926 0.4744791666666667 0.6055555555555555 0.4739583333333333 0.612037037037037 0.4661458333333333 0.6212962962962963 0.4588541666666667 0.6185185185185185 0.45625 0.6212962962962963 0.4453125 0.6231481481481481 0.4348958333333333 0.6361111111111111 0.434375 0.6444444444444445 0.43125 0.6527777777777778
3 0.0421875 0.45 0.0421875 0.4675925925925926 0.052083333333333336 0.48518518518518516 0.06302083333333333 0.48518518518518516 0.07239583333333334 0.46944444444444444 0.07239583333333334 0.4648148148148148 0.06927083333333334 0.4601851851851852 0.0703125 0.45555555555555555 0.06770833333333333 0.4527777777777778 0.06875 0.4351851851851852 0.06302083333333333 0.4166666666666667 0.0515625 0.4166666666666667 0.05 0.41944444444444445 0.0484375 0.4388888888888889 0.044270833333333336 0.44166666666666665 0.0421875 0.45
3 0.3963541666666667 0.5888888888888889 0.3963541666666667 0.6046296296296296 0.4 0.6101851851851852 0.40520833333333334 0.6305555555555555 0.4192708333333333 0.6555555555555556 0.4203125 0.6666666666666666 0.4265625 0.6805555555555556 0.43125 0.700925925925926 0.43802083333333336 0.7129629629629629 0.44427083333333334 0.7379629629629629 0.45 0.75 0.45260416666666664 0.7527777777777778 0.46770833333333334 0.7555555555555555 0.4953125 0.7759259259259259 0.5177083333333333 0.7759259259259259 0.5244791666666667 0.7796296296296297 0.5307291666666667 0.7759259259259259 0.5322916666666667 0.7685185185185185 0.5291666666666667 0.7481481481481481 0.534375 0.7416666666666667 0.5348958333333333 0.7342592592592593 0.5234375 0.6638888888888889 0.5166666666666667 0.6416666666666667 0.509375 0.6268518518518519 0.5114583333333333 0.6185185185185185 0.5083333333333333 0.612037037037037 0.5083333333333333 0.6074074074074074 0.5036458333333333 0.600925925925926 0.4895833333333333 0.600925925925926 0.4828125 0.5981481481481481 0.45625 0.5555555555555556 0.4453125 0.5546296296296296 0.4432291666666667 0.5370370370370371 0.43802083333333336 0.5277777777777778 0.42604166666666665 0.5277777777777778 0.42083333333333334 0.5324074074074074 0.41302083333333334 0.5444444444444444 0.403125 0.575 0.3963541666666667 0.5888888888888889
3 0.74375 0.9148148148148149 0.7447916666666666 0.9481481481481482 0.7536458333333333 0.9981481481481481 0.8203125 0.9981481481481481 0.8244791666666667 0.9935185185185185 0.8286458333333333 0.9638888888888889 0.8270833333333333 0.9527777777777777 0.8208333333333333 0.9388888888888889 0.81875 0.9277777777777778 0.79375 0.8851851851851852 0.790625 0.8824074074074074 0.7833333333333333 0.8824074074074074 0.7692708333333333 0.8916666666666667 0.7598958333333333 0.9027777777777778 0.75 0.9009259259259259 0.7463541666666667 0.9055555555555556 0.74375 0.9148148148148149
3 0.5046875 0.8712962962962963 0.50625 0.9074074074074074 0.5125 0.9148148148148149 0.4947916666666667 0.962037037037037 0.49166666666666664 0.9796296296296296 0.4875 0.9916666666666667 0.4890625 0.9981481481481481 0.5916666666666667 0.9962962962962963 0.5973958333333333 0.9694444444444444 0.609375 0.9388888888888889 0.609375 0.9305555555555556 0.6057291666666667 0.9212962962962963 0.6005208333333333 0.9175925925925926 0.6020833333333333 0.9074074074074074 0.6057291666666667 0.9009259259259259 0.6057291666666667 0.8851851851851852 0.603125 0.8796296296296297 0.5947916666666667 0.8759259259259259 0.5869791666666667 0.8805555555555555 0.5854166666666667 0.8851851851851852 0.5807291666666666 0.8888888888888888 0.5760416666666667 0.8851851851851852 0.5630208333333333 0.8851851851851852 0.5520833333333334 0.8944444444444445 0.5296875 0.8685185185185185 0.5276041666666667 0.8685185185185185 0.5255208333333333 0.8638888888888889 0.5104166666666666 0.8648148148148148 0.5046875 0.8712962962962963
3 0.6302083333333334 0.6953703703703704 0.63125 0.700925925925926 0.6369791666666667 0.6981481481481482 0.6463541666666667 0.7092592592592593 0.6375 0.7166666666666667 0.6385416666666667 0.7342592592592593 0.6427083333333333 0.7425925925925926 0.6494791666666667 0.7509259259259259 0.6635416666666667 0.7574074074074074 0.6807291666666667 0.7555555555555555 0.6942708333333333 0.7416666666666667 0.7036458333333333 0.7388888888888889 0.7130208333333333 0.7305555555555555 0.7161458333333334 0.7138888888888889 0.7197916666666667 0.675 0.7197916666666667 0.6555555555555556 0.7119791666666667 0.6574074074074074 0.7010416666666667 0.6666666666666666 0.6979166666666666 0.6546296296296297 0.7083333333333334 0.6388888888888888 0.7119791666666667 0.6370370370370371 0.7114583333333333 0.6277777777777778 0.7052083333333333 0.6157407407407407 0.70625 0.6092592592592593 0.7208333333333333 0.5898148148148148 0.7307291666666667 0.5851851851851851 0.734375 0.575925925925926 0.7359375 0.5601851851851852 0.7348958333333333 0.5509259259259259 0.7302083333333333 0.5333333333333333 0.7239583333333334 0.5194444444444445 0.7140625 0.5120370370370371 0.7020833333333333 0.5101851851851852 0.6875 0.5166666666666667 0.6770833333333334 0.5296296296296297 0.6682291666666667 0.5527777777777778 0.6661458333333333 0.5694444444444444 0.6625 0.5787037037037037 0.659375 0.5962962962962963 0.6505208333333333 0.6175925925925926 0.6484375 0.6574074074074074 0.6328125 0.6861111111111111 0.6302083333333334 0.6953703703703704
3 0.9739583333333334 0.45185185185185184 0.9739583333333334 0.4685185185185185 0.9854166666666667 0.4935185185185185 0.9895833333333334 0.5120370370370371 0.9932291666666667 0.5194444444444445 0.99375 0.5259259259259259 0.9994791666666667 0.5305555555555556 0.9994791666666667 0.4305555555555556 0.9885416666666667 0.42314814814814816 0.9833333333333333 0.42314814814814816 0.9765625 0.4361111111111111 0.9739583333333334 0.45185185185185184
3 0.075 0.45555555555555555 0.075 0.4666666666666667 0.0875 0.4666666666666667 0.09322916666666667 0.4888888888888889 0.096875 0.4935185185185185 0.1109375 0.48703703703703705 0.1171875 0.47129629629629627 0.11875 0.4546296296296296 0.11822916666666666 0.425 0.11354166666666667 0.4212962962962963 0.1 0.42314814814814816 0.08697916666666666 0.4351851851851852 0.075 0.45555555555555555