4 0.18125 0.9888888888888889 0.18020833333333333 0.9898148148148148 0.18229166666666666 0.9935185185185185 0.18888906249999998 0.9935185185185185 0.190625 0.9907407407407407 0.1921875 0.9935185185185185 0.1859375 0.987037037037037 0.18125 0.9888888888888889
4 0.7372395833333333 0.2953703703703704 0.0005208333333333333 0.001851851851851852
4 0.73046875 0.25416666666666665 0.0005208333333333333 0.002777777777777778
4 0.74375 0.2388888888888889 0.7395833333333334 0.24351851851851852 0.7411458333333333 0.24814814814814815 0.7453125 0.24351851851851852 0.74375 0.2388888888888889
4 0.465625 0.2324074074074074 0.4635416666666667 0.2361111111111111 0.4635416666666667 0.24166666666666667 0.4583333333333333 0.24166666666666667 0.4515625 0.24814814814814815 0.4583333333333333 0.25277777777777777 0.4625 0.2462962962962963 0.4739583333333333 0.24814814814814815 0.4744791666666667 0.23055555555555557 0.465625 0.2324074074074074
4 0.8203125 0.21666666666666667 0.8203125 0.2212962962962963 0.8244791666666667 0.21944444444444444 0.825 0.21666666666666667 0.8203125 0.21666666666666667
4 0.7453125 0.21666666666666667 0.7489583333333333 0.21944444444444444 0.7453125 0.22962962962962963 0.7432291666666667 0.23055555555555557 0.7432291666666667 0.23425925925925925 0.7494791666666667 0.23703703703703705 0.7515625 0.24351851851851852 0.7557291666666667 0.24351851851851852 0.7567708333333333 0.25 0.7552083333333334 0.25925925925925924 0.7510416666666667 0.25277777777777777 0.7494791666666667 0.25555555555555554 0.75625 0.2611111111111111 0.75625 0.2638888888888889 0.7552083333333334 0.26851851851851855 0.7463541666666667 0.26666666666666666 0.7432291666666667 0.27037037037037037 0.7546875 0.26851851851851855 0.7583333333333333 0.275 0.7614583333333333 0.27314814814814814 0.7625 0.2824074074074074 0.7651041666666667 0.28703703703703703 0.7651041666666667 0.2962962962962963 0.7661458333333333 0.29444444444444445 0.7682291666666666 0.29814814814814816 0.7682291666666666 0.3074074074074074 0.7723958333333333 0.3101851851851852 0.7760416666666666 0.30833333333333335 0.7770833333333333 0.3 0.7796875 0.2962962962962963 0.7817708333333333 0.27870370370370373 0.7854166666666667 0.26851851851851855 0.7838541666666666 0.2638888888888889 0.7953125 0.25555555555555554 0.7984375 0.2601851851851852 0.8036458333333333 0.2601851851851852 0.8109375 0.23981481481481481 0.8078125 0.2324074074074074 0.8015625 0.23055555555555557 0.8 0.22592592592592592 0.7921875 0.22407407407407406 0.7932291666666667 0.21851851851851853 0.7921875 0.22037037037037038 0.7890625 0.21666666666666667 0.7875 0.21851851851851853 0.7885416666666667 0.22407407407407406 0.7807291666666667 0.22870370370370371 0.7869791666666667 0.2388888888888889 0.7864583333333334 0.24444444444444444 0.7682291666666666 0.2462962962962963 0.7640625 0.2388888888888889 0.75625 0.23703703703703705 0.7609375 0.23148148148148148 0.7666666666666667 0.23055555555555557 0.7671875 0.22777777777777777 0.7666666666666667 0.22592592592592592 0.7640625 0.23055555555555557 0.7614583333333333 0.23055555555555557 0.7630208333333334 0.22592592592592592 0.75625 0.21481481481481482 0.7557291666666667 0.20925925925925926 0.75 0.2101851851851852 0.7453125 0.21666666666666667
4 0.6609375 0.22685185185185186 0.659375 0.23703703703703705 0.6729166666666667 0.2462962962962963 0.6677083333333333 0.25462962962962965 0.6729166666666667 0.2574074074074074 0.671875 0.262037037037037 0.6744791666666666 0.26481481481481484 0.675 0.2759259259259259 0.6786458333333333 0.2935185185185185 0.6807291666666667 0.2962962962962963 0.68125 0.3101851851851852 0.6796875 0.3194444444444444 0.68125 0.32407407407407407 0.7067708333333333 0.3212962962962963 0.7125 0.3138888888888889 0.7166666666666667 0.31666666666666665 0.725 0.3074074074074074 0.7364583333333333 0.31203703703703706 0.7395833333333334 0.3101851851851852 0.7369791666666666 0.30648148148148147 0.7375 0.30092592592592593 0.7348958333333333 0.30092592592592593 0.7307291666666667 0.28888888888888886 0.7375 0.2851851851851852 0.7208333333333333 0.2638888888888889 0.7192708333333333 0.26481481481481484 0.71875 0.2611111111111111 0.721875 0.25555555555555554 0.7145833333333333 0.25277777777777777 0.7114583333333333 0.24814814814814815 0.7119791666666667 0.23981481481481481 0.7166666666666667 0.23796296296296296 0.721875 0.24166666666666667 0.7270833333333333 0.2388888888888889 0.7307291666666667 0.24444444444444444 0.7364583333333333 0.24351851851851852 0.7390625 0.2324074074074074 0.7286458333333333 0.2222222222222222 0.7317708333333334 0.21666666666666667 0.7307291666666667 0.21481481481481482 0.7182291666666667 0.21203703703703702 0.7125 0.21388888888888888 0.7067708333333333 0.21203703703703702 0.70625 0.20925925925925926 0.7057291666666666 0.21388888888888888 0.6984375 0.21388888888888888 0.69375 0.20555555555555555 0.6895833333333333 0.20555555555555555 0.6885416666666667 0.21203703703703702 0.6859375 0.2074074074074074 0.6786458333333333 0.20277777777777778 0.6744791666666666 0.2101851851851852 0.6708333333333333 0.2101851851851852 0.6682291666666667 0.22314814814814815 0.6609375 0.22685185185185186
4 0.74375 0.20092592592592592 0.74375 0.20462962962962963 0.7489583333333333 0.20092592592592592 0.7510416666666667 0.20462962962962963 0.753125 0.20277777777777778 0.7515625 0.19814814814814816 0.74375 0.20092592592592592
4 0.8067708333333333 0.19814814814814816 0.8015625 0.19907407407407407 0.8036458333333333 0.20277777777777778 0.8067708333333333 0.19814814814814816
4 0.8348958333333333 0.18425925925925926 0.8333333333333334 0.18611111111111112 0.8348958333333333 0.18703703703703703 0.8348958333333333 0.18425925925925926
4 0.80625 0.17592592592592593 0.8057291666666667 0.18055555555555555 0.8072916666666666 0.17777777777777778 0.80625 0.17592592592592593
4 0.5015625 0.17407407407407408 0.5 0.17777777777777778 0.5052083333333334 0.17777777777777778 0.50625 0.17407407407407408 0.5015625 0.17407407407407408
4 0.8083333333333333 0.1712962962962963 0.80625 0.17314814814814813 0.8083333333333333 0.1712962962962963
4 0.7557291666666667 0.18888888888888888 0.7567708333333333 0.19166666666666668 0.7552083333333334 0.19444444444444445 0.7578125 0.20092592592592592 0.759375 0.2 0.7609375 0.18981481481481483 0.7828125 0.18888888888888888 0.7875 0.18518518518518517 0.7822916666666667 0.18055555555555555 0.78125 0.17777777777777778 0.7833333333333333 0.17407407407407408 0.7807291666666667 0.1712962962962963 0.7755208333333333 0.17407407407407408 0.7723958333333333 0.1712962962962963 0.76875 0.17407407407407408 0.7677083333333333 0.18333333333333332 0.7625 0.18055555555555555 0.7609375 0.18518518518518517 0.7572916666666667 0.18518518518518517 0.7557291666666667 0.18888888888888888
4 0.7921875 0.1685185185185185 0.7921875 0.17314814814814813 0.796875 0.17407407407407408 0.7958333333333333 0.16666666666666666 0.7921875 0.1685185185185185
4 0.8255208333333334 0.1574074074074074 0.825 0.16018518518518518 0.8317708333333333 0.1638888888888889 0.8333333333333334 0.17314814814814813 0.8359375 0.17314814814814813 0.8390625 0.1685185185185185 0.8375 0.1574074074074074 0.8328125 0.1574074074074074 0.8307291666666666 0.16203703703703703 0.8291666666666667 0.1574074074074074 0.8255208333333334 0.1574074074074074
4 0.7791666666666667 0.15925925925925927 0.7786458333333334 0.1638888888888889 0.7911458333333333 0.16203703703703703 0.7932291666666667 0.16666666666666666 0.7932291666666667 0.1638888888888889 0.796875 0.16018518518518518 0.7953125 0.1574074074074074 0.7890625 0.16018518518518518 0.7859375 0.1574074074074074 0.7828125 0.16203703703703703 0.7791666666666667 0.15925925925925927
4 0.80625 0.14444444444444443 0.8072916666666666 0.15092592592592594 0.8057291666666667 0.15185185185185185 0.8057291666666667 0.16296296296296298 0.8072916666666666 0.1638888888888889 0.8083333333333333 0.14629629629629629 0.80625 0.14444444444444443
4 0.8338541666666667 0.14166666666666666 0.8322916666666667 0.14351851851851852 0.8348958333333333 0.14814814814814814 0.8354166666666667 0.14351851851851852 0.8338541666666667 0.14166666666666666
4 0.2890625 0.10740740740740741 0.28854166666666664 0.11203703703703703 0.2942708333333333 0.11203703703703703 0.29322916666666665 0.10740740740740741 0.2890625 0.10740740740740741
4 0.3 0.10462962962962963 0.2994791666666667 0.10740740740740741 0.3 0.10462962962962963
4 0.3078125 0.004629629629629629 0.3046875 0.004629629629629629 0.3078125 0.004629629629629629
4 0.0020833333333333333 0.004629629629629629 0 0.007407407407407408 0 0.037037037037037035 0.0015625 0.044444444444444446 0 0.0824074074074074 0.0020833333333333333 0.09259259259259259 0.0015625 0.13240740740740742 0 0.13425925925925927 0 0.14444444444444443 0.0015625 0.14629629629629629 0.0015625 0.16203703703703703 0 0.1638888888888889 0.0015625 0.20925925925925926 0 0.21203703703703702 0 0.22592592592592592 0.0015625 0.23148148148148148 0.0020833333333333333 0.2833333333333333 0.0015625 0.3972222222222222 0 0.4027777777777778 0.0015625 0.40555555555555556 0.0015625 0.425 0 0.42777777777777776 0 0.44166666666666665 0.0015625 0.4444444444444444 0.0015625 0.562962962962963 0 0.5666666666666667 0 0.612037037037037 0.0015625 0.6129629629629629 0.0020833333333333333 0.6222222222222222 0.0015625 0.6425925925925926 0 0.6462962962962963 0.0020833333333333333 0.7398148148148148 0.0020833333333333333 0.8055555555555556 0 0.812037037037037 0 0.8240740740740741 0.0020833333333333333 0.8342592592592593 0 0.8638888888888889 0 0.8870370370370371 0.0015625 0.8962962962962963 0.0015625 0.9120370370370371 0 0.9185185185185185 0 0.9435185185185185 0.0015625 0.9444444444444444 0 0.987037037037037 0.0020833333333333333 0.9935185185185185 0.16614583333333333 0.9935185185185185 0.1703125 0.987037037037037 0.17083333333333334 0.9824074074074074 0.17447916666666666 0.9824074074074074 0.17447916666666666 0.975925925925926 0.17708333333333334 0.9685185185185186 0.18645833333333334 0.962037037037037 0.18854166666666666 0.9574074074074074 0.19322916666666667 0.9601851851851851 0.19270833333333334 0.9546296296296296 0.19791666666666666 0.9527777777777777 0.20625 0.9351851851851852 0.20989583333333334 0.9351851851851852 0.20989583333333334 0.9277777777777778 0.21927083333333333 0.9101851851851852 0.22395833333333334 0.9074074074074074 0.22552083333333334 0.8953703703703704 0.23072916666666668 0.8796296296296297 0.2328125 0.8398148148148148 0.23854166666666668 0.8231481481481482 0.2390625 0.812962962962963 0.2421875 0.8027777777777778 0.25052083333333336 0.7888888888888889 0.26875 0.7870370370370371 0.27708333333333335 0.7916666666666666 0.3026041666666667 0.7944444444444444 0.3453125 0.7888888888888889 0.35833333333333334 0.7962962962962963 0.38697916666666665 0.7962962962962963 0.403125 0.7888888888888889 0.4375 0.75 0.45416666666666666 0.7231481481481481 0.4640625 0.6925925925925925 0.47291666666666665 0.675 0.47604166666666664 0.6537037037037037 0.4791666666666667 0.6481481481481481 0.4822916666666667 0.6351851851851852 0.48489583333333336 0.6324074074074074 0.5 0.5731481481481482 0.5140625 0.5527777777777778 0.525 0.5481481481481482 0.5453125 0.5462962962962963 0.5635416666666667 0.5370370370370371 0.5911458333333334 0.5444444444444444 0.6 0.55 0.6125 0.5509259259259259 0.6161458333333333 0.5435185185185185 0.6192708333333333 0.5435185185185185 0.6213541666666667 0.5361111111111111 0.6260416666666667 0.5351851851851852 0.6244791666666667 0.5351851851851852 0.6260416666666667 0.5324074074074074 0.6177083333333333 0.5305555555555556 0.6192708333333333 0.5120370370370371 0.6125 0.49074074074074076 0.6119791666666666 0.46574074074074073 0.6151041666666667 0.44166666666666665 0.6208333333333333 0.43425925925925923 0.625 0.4185185185185185 0.6260416666666667 0.40185185185185185 0.6333333333333333 0.3648148148148148 0.6328125 0.34814814814814815 0.6296875 0.3509259259259259 0.6260416666666667 0.3351851851851852 0.6223958333333334 0.3314814814814815 0.6192708333333333 0.3212962962962963 0.6140625 0.31851851851851853 0.6125 0.3138888888888889 0.6005208333333333 0.3101851851851852 0.5989583333333334 0.3074074074074074 0.5916666666666667 0.3074074074074074 0.5921875 0.30277777777777776 0.5890625 0.2962962962962963 0.5807291666666666 0.2962962962962963 0.578125 0.29259259259259257 0.5802083333333333 0.2851851851851852 0.5786458333333333 0.27314814814814814 0.5828125 0.2638888888888889 0.5802083333333333 0.262037037037037 0.56875 0.2601851851851852 0.5619791666666667 0.26851851851851855 0.5432291666666667 0.26666666666666666 0.5359375 0.27314814814814814 0.525 0.2712962962962963 0.5234375 0.26851851851851855 0.5067708333333333 0.2712962962962963 0.5 0.26666666666666666 0.4901041666666667 0.26666666666666666 0.4828125 0.26944444444444443 0.48072916666666665 0.27314814814814814 0.46927083333333336 0.2712962962962963 0.4661458333333333 0.2796296296296296 0.4630208333333333 0.2824074074074074 0.45729166666666665 0.28055555555555556 0.4552083333333333 0.28703703703703703 0.4479166666666667 0.28703703703703703 0.4359375 0.2712962962962963 0.4375 0.2601851851851852 0.434375 0.262037037037037 0.4348958333333333 0.25277777777777777 0.4432291666666667 0.24351851851851852 0.4421875 0.2388888888888889 0.4453125 0.2388888888888889 0.4479166666666667 0.2351851851851852 0.4421875 0.22685185185185186 0.4421875 0.2212962962962963 0.45260416666666664 0.21851851851851853 0.4552083333333333 0.21481481481481482 0.45625 0.21666666666666667 0.45416666666666666 0.21203703703703702 0.4505208333333333 0.21203703703703702 0.44895833333333335 0.20925925925925926 0.4546875 0.19814814814814816 0.4557291666666667 0.18981481481481483 0.46458333333333335 0.18888888888888888 0.46875 0.19166666666666668 0.46875 0.19537037037037036 0.4630208333333333 0.20277777777777778 0.4708333333333333 0.20555555555555555 0.47604166666666664 0.19444444444444445 0.484375 0.1935185185185185 0.4869791666666667 0.19166666666666668 0.48802083333333335 0.18703703703703703 0.4908854166666667 0.18703703703703703 0.49270833333333336 0.19537037037037036 0.496875 0.19722222222222222 0.4979166666666667 0.20277777777777778 0.5114583333333333 0.2074074074074074 0.5171875 0.20092592592592592 0.5239583333333333 0.19814814814814816 0.5296875 0.20092592592592592 0.5322916666666667 0.19166666666666668 0.5296875 0.18425925925925926 0.5244791666666667 0.18055555555555555 0.5177083333333333 0.18888888888888888 0.5098958333333333 0.18888888888888888 0.5046875 0.1935185185185185 0.5010416666666667 0.18518518518518517 0.49375 0.18703703703703703 0.49270833333333336 0.17407407407407408 0.4895833333333333 0.17314814814814813 0.4895833333333333 0.1685185185185185 0.4875 0.1648148148148148 0.46979166666666666 0.15462962962962962 0.46770833333333334 0.14444444444444443 0.4625 0.13518518518518519 0.44895833333333335 0.125 0.4484375 0.11666666666666667 0.44427083333333334 0.10925925925925926 0.4354166666666667 0.08055555555555556 0.421875 0.05740740740740741 0.41822916666666665 0.05648148148148148 0.41770833333333335 0.05092592592592592 0.4125 0.041666666666666664 0.41041666666666665 0.027777777777777776 0.4 0.007407407407407408 0.39375 0.002777777777777778 0.32864583333333336 0.002777777777777778 0.3234375 0.008333333333333333 0.3229166666666667 0.004629629629629629 0.32395833333333335 0.016666666666666666 0.3203125 0.027777777777777776 0.3229166666666667 0.032407407407407406 0.325 0.046296296296296294 0.3234375 0.05925925925925926 0.3177083333333333 0.06574074074074074 0.31666666666666665 0.07314814814814814 0.3140625 0.07777777777777778 0.3067708333333333 0.08425925925925926 0.30625 0.08055555555555556 0.30572916666666666 0.15555555555555556 0.290625 0.15555555555555556 0.2864583333333333 0.16018518518518518 0.2833333333333333 0.16018518518518518 0.2859375 0.1675925925925926 0.28229166666666666 0.17407407407407408 0.2791666666666667 0.17592592592592593 0.2755208333333333 0.1712962962962963 0.2713541666666667 0.17592592592592593 0.2677083333333333 0.17592592592592593 0.2630208333333333 0.1675925925925926 0.2598958333333333 0.14814814814814814 0.25729166666666664 0.14629629629629629 0.2515625 0.13240740740740742 0.24427083333333333 0.1037037037037037 0.24427083333333333 0.08055555555555556 0.24270833333333333 0.07037037037037037 0.24479166666666666 0.06666666666666667 0.24375 0.06388888888888888 0.2682291666666667 0.004629629629629629 0.2628125 0.004629629629629629 0.26197916666666665 0.007407407407407408 0.26010416666666664 0.004629629629629629 0.2557291666666667 0.007407407407407408 0.2546875 0.004629629629629629 0.240625 0.002777777777777778 0.2265625 0.005555555555555556 0.2125 0.002777777777777778 0.0020833333333333333 0.004629629629629629
4 0.4588541666666667 0.9851851851851852 0.45729166666666665 0.9898148148148148 0.4609375 0.9898148148148148 0.4588541666666667 0.9851851851851852
4 0.4125 0.9555555555555556 0.40729166666666666 0.9685185185185186 0.3963541666666667 0.9824074074074074 0.3984375 0.9796296296296296 0.4 0.9842592592592593 0.42135416666666664 0.9805555555555555 0.425 0.9851851851851852 0.42604166666666665 0.9824074074074074 0.43125 0.9824074074074074 0.4359375 0.987037037037037 0.4546875 0.987037037037037 0.45625 0.9824074074074074 0.459375 0.9814814814814815 0.4625 0.975925925925926 0.465625 0.9805555555555555 0.46822916666666664 0.9805555555555555 0.46979166666666666 0.9768518518518519 0.47239583333333335 0.9796296296296296 0.46979166666666666 0.987037037037037 0.4713541666666667 0.9935185185185185 0.4822916666666667 0.9962962962962963 0.5671875 0.9935185185185185 0.6265625 0.9935185185185185 0.6348958333333333 0.9962962962962963 0.9947916666666666 0.9944444444444445 0.9994791666666667 0.987037037037037 0.9994791666666667 0.9796296296296296 0.9973958333333334 0.9777777777777777 0.9973958333333334 0.9675925925925926 0.9994791666666667 0.9666666666666667 0.9994791666666667 0.8935185185185185 0.9963541666666667 0.8898148148148148 0.9963541666666667 0.8861111111111111 0.9994791666666667 0.8842592592592593 0.9994791666666667 0.7509259259259259 0.9973958333333334 0.75 0.9973958333333334 0.7462962962962963 0.9994791666666667 0.7444444444444445 0.9994791666666667 0.7101851851851851 0.9973958333333334 0.7083333333333334 0.9973958333333334 0.700925925925926 0.99375 0.6888888888888889 0.9770833333333333 0.7101851851851851 0.9645833333333333 0.7194444444444444 0.95625 0.7305555555555555 0.9276041666666667 0.7462962962962963 0.9145833333333333 0.7592592592592593 0.8953125 0.7685185185185185 0.8927083333333333 0.7731481481481481 0.8713541666666667 0.7888888888888889 0.8583333333333333 0.8166666666666667 0.8510416666666667 0.8185185185185185 0.8442708333333333 0.8138888888888889 0.8322916666666667 0.812037037037037 0.8208333333333333 0.825925925925926 0.8166666666666667 0.837037037037037 0.7984375 0.8657407407407407 0.7890625 0.8759259259259259 0.7760416666666666 0.875 0.7692708333333333 0.8712962962962963 0.759375 0.8601851851851852 0.7401041666666667 0.8555555555555555 0.7307291666666667 0.8481481481481481 0.7114583333333333 0.8416666666666667 0.7098958333333333 0.8388888888888889 0.690625 0.8305555555555556 0.6682291666666667 0.8240740740740741 0.6489583333333333 0.8240740740740741 0.6260416666666667 0.8388888888888889 0.5953125 0.8759259259259259 0.5760416666666667 0.9120370370370371 0.5739583333333333 0.9203703703703704 0.5635416666666667 0.9416666666666667 0.5557291666666667 0.9481481481481482 0.5505208333333333 0.9481481481481482 0.5494791666666666 0.950925925925926 0.5479166666666667 0.9481481481481482 0.5458333333333333 0.950925925925926 0.5453125 0.9481481481481482 0.5442708333333334 0.9574074074074074 0.5390625 0.9592592592592593 0.5369791666666667 0.9481481481481482 0.534375 0.9462962962962963 0.5223958333333333 0.9481481481481482 0.51875 0.9546296296296296 0.5166666666666667 0.9481481481481482 0.5130208333333334 0.9481481481481482 0.5078125 0.9416666666666667 0.5041666666666667 0.9481481481481482 0.5010416666666667 0.9481481481481482 0.5 0.9351851851851852 0.49947916666666664 0.937962962962963 0.4859375 0.9305555555555556 0.4796875 0.9324074074074075 0.46041666666666664 0.9296296296296296 0.44947916666666665 0.9305555555555556 0.4473958333333333 0.9351851851851852 0.4317708333333333 0.9398148148148148 0.42291666666666666 0.9546296296296296 0.4125 0.9555555555555556
4 0.9541666666666667 0.6620370370370371 0.9479166666666666 0.6638888888888889 0.9520833333333333 0.6648148148148149 0.9541666666666667 0.6685185185185185 0.9583333333333334 0.6685185185185185 0.9609375 0.6638888888888889 0.9541666666666667 0.6620370370370371
4 0.7080729166666667 0.005092592592592593 0.0036458333333333334 0.000925925925925926
4 0.7859375 0.2972222222222222 0.7859375 0.3138888888888889 0.7885416666666667 0.32592592592592595 0.79375 0.33425925925925926 0.7989583333333333 0.337037037037037 0.8 0.3435185185185185 0.7947916666666667 0.3574074074074074 0.7890625 0.3638888888888889 0.7833333333333333 0.37777777777777777 0.7817708333333333 0.3907407407407407 0.7859375 0.4074074074074074 0.7755208333333333 0.44814814814814813 0.7755208333333333 0.4601851851851852 0.7796875 0.4666666666666667 0.7817708333333333 0.47685185185185186 0.7791666666666667 0.5083333333333333 0.7822916666666667 0.524074074074074 0.7895833333333333 0.5324074074074074 0.8005208333333333 0.5370370370370371 0.8229166666666666 0.5370370370370371 0.846875 0.5444444444444444 0.875 0.5638888888888889 0.8796875 0.5638888888888889 0.9119791666666667 0.5824074074074074 0.9276041666666667 0.5962962962962963 0.946875 0.6055555555555555 0.9625 0.6185185185185185 0.9776041666666667 0.6361111111111111 0.9817708333333334 0.6462962962962963 0.9859375 0.6481481481481481 0.99375 0.6620370370370371 0.9973958333333334 0.6509259259259259 0.9973958333333334 0.6212962962962963 0.9994791666666667 0.6185185185185185 0.9994791666666667 0.5916666666666667 0.9973958333333334 0.5879629629629629 0.9973958333333334 0.5722222222222222 0.9994791666666667 0.5694444444444444 0.9994791666666667 0.5416666666666666 0.9973958333333334 0.5388888888888889 0.9973958333333334 0.5287037037037037 0.9994791666666667 0.5259259259259259 0.9994791666666667 0.4962962962962963 0.9973958333333334 0.4935185185185185 0.9979166666666667 0.487962962962963 0.9994791666666667 0.48703703703703705 0.9994791666666667 0.45555555555555555 0.9979166666666667 0.4546296296296296 0.9973958333333334 0.4351851851851852 0.9958333333333333 0.42962962962962964 0.9973958333333334 0.41759259259259257 0.9994791666666667 0.4148148148148148 0.9973958333333334 0.41203703703703703 0.9963541666666667 0.36203703703703705 0.996875 0.34444444444444444 0.9994791666666667 0.3388888888888889 0.9994791666666667 0.31666666666666665 0.9973958333333334 0.3138888888888889 0.9963541666666667 0.27870370370370373 0.9973958333333334 0.2722222222222222 0.9994791666666667 0.2712962962962963 0.9994791666666667 0.2601851851851852 0.9973958333333334 0.25833333333333336 0.9979166666666667 0.23055555555555557 0.9963541666666667 0.22407407407407406 0.9979166666666667 0.20555555555555555 0.9973958333333334 0.17777777777777778 0.9994791666666667 0.17592592592592593 0.9994791666666667 0.16666666666666666 0.9973958333333334 0.1648148148148148 0.9973958333333334 0.15185185185185185 0.9994791666666667 0.15 0.9994791666666667 0.13518518518518519 0.9973958333333334 0.13240740740740742 0.9973958333333334 0.09351851851851851 0.9994791666666667 0.09166666666666666 0.9994791666666667 0.005555555555555556 0.9947916666666666 0.002777777777777778 0.975 0.000925925925925926 0.925 0.002777777777777778 0.9229166666666667 0.011111111111111112 0.9229166666666667 0.03888888888888889 0.9203125 0.04537037037037037 0.9171875 0.07314814814814814 0.9140625 0.08518518518518518 0.9125 0.10555555555555556 0.9083333333333333 0.11851851851851852 0.9036458333333334 0.16018518518518518 0.9015625 0.1638888888888889 0.8979166666666667 0.20925925925925926 0.8916666666666667 0.23425925925925925 0.8859375 0.24722222222222223 0.884375 0.2611111111111111 0.8755208333333333 0.28888888888888886 0.8760416666666667 0.2935185185185185 0.86875 0.2935185185185185 0.8536458333333333 0.28425925925925927 0.8442708333333333 0.28888888888888886 0.8369791666666667 0.28055555555555556 0.8057291666666667 0.26851851851851855 0.7942708333333334 0.2712962962962963 0.7916666666666666 0.275 0.7875 0.2861111111111111 0.7859375 0.2972222222222222
1 0.5427083333333333 0.562037037037037 0.5416666666666666 0.5703703703703704 0.54375 0.5740740740740741 0.5411458333333333 0.5842592592592593 0.5442708333333334 0.5888888888888889 0.5390625 0.5962962962962963 0.5369791666666667 0.6574074074074074 0.5348958333333333 0.662962962962963 0.534375 0.6731481481481482 0.5322916666666667 0.6768518518518518 0.5322916666666667 0.6824074074074075 0.534375 0.687037037037037 0.5322916666666667 0.6898148148148148 0.5291666666666667 0.7055555555555556 0.5286458333333334 0.7305555555555555 0.5244791666666667 0.7601851851851852 0.5182291666666666 0.7694444444444445 0.5072916666666667 0.7777777777777778 0.4942708333333333 0.7981481481481482 0.49166666666666664 0.8101851851851852 0.4921875 0.8166666666666667 0.4875 0.8240740740740741 0.4859375 0.8305555555555556 0.48854166666666665 0.8472222222222222 0.4875 0.8546296296296296 0.4828125 0.8638888888888889 0.47552083333333334 0.8648148148148148 0.46875 0.8601851851851852 0.4557291666666667 0.8601851851851852 0.4432291666666667 0.8685185185185185 0.4375 0.8768518518518519 0.4354166666666667 0.887962962962963 0.43854166666666666 0.9120370370370371 0.44479166666666664 0.9212962962962963 0.49270833333333336 0.9259259259259259 0.5052083333333334 0.9305555555555556 0.5130208333333334 0.9388888888888889 0.51875 0.9398148148148148 0.5635416666666667 0.9351851851851852 0.5671875 0.9305555555555556 0.5744791666666667 0.9083333333333333 0.5869791666666667 0.8842592592592593 0.6208333333333333 0.8388888888888889 0.6453125 0.8185185185185185 0.6729166666666667 0.8166666666666667 0.671875 0.8074074074074075 0.6682291666666667 0.8027777777777778 0.665625 0.7888888888888889 0.6625 0.7851851851851852 0.6614583333333334 0.7777777777777778 0.6520833333333333 0.7546296296296297 0.6505208333333333 0.7462962962962963 0.6244791666666667 0.6851851851851852 0.6161458333333333 0.6555555555555556 0.60625 0.637962962962963 0.6 0.6194444444444445 0.5989583333333334 0.6101851851851852 0.5932291666666667 0.5981481481481481 0.5895833333333333 0.5805555555555556 0.5791666666666667 0.5712962962962963 0.575 0.5712962962962963 0.5692708333333333 0.5666666666666667 0.5427083333333333 0.562037037037037
1 0.7239583333333334 0.7101851851851851 0.7234375 0.7138888888888889 0.725 0.712037037037037 0.7239583333333334 0.7101851851851851
1 0.7333333333333333 0.7074074074074074 0.7307291666666667 0.712037037037037 0.7328125 0.7185185185185186 0.7307291666666667 0.7222222222222222 0.7333333333333333 0.7268518518518519 0.7328125 0.7305555555555555 0.7359375 0.7305555555555555 0.7348958333333333 0.7194444444444444 0.7375 0.7166666666666667 0.7390625 0.7194444444444444 0.7390625 0.7314814814814815 0.7473958333333334 0.7388888888888889 0.75 0.7444444444444445 0.7505208333333333 0.7509259259259259 0.7557291666666667 0.7509259259259259 0.7567708333333333 0.7435185185185185 0.7645833333333333 0.7416666666666667 0.7640625 0.7342592592592593 0.7619791666666667 0.7305555555555555 0.7567708333333333 0.737037037037037 0.7546875 0.7305555555555555 0.7515625 0.7277777777777777 0.75 0.7231481481481481 0.7515625 0.7194444444444444 0.7479166666666667 0.712037037037037 0.7333333333333333 0.7074074074074074
1 0.5216145833333333 0.7018518518518518 0.0015625 0.001851851851851852
1 0.7317708333333334 0.6074074074074074 0.7328125 0.612037037037037 0.7354166666666667 0.612037037037037 0.734375 0.6074074074074074 0.7317708333333334 0.6074074074074074
1 0.7197916666666667 0.5962962962962963 0.7192708333333333 0.5981481481481481 0.7208333333333333 0.5981481481481481 0.7197916666666667 0.5962962962962963
1 0.7078125 0.3435185185185185 0.7046875 0.34814814814814815 0.70625 0.3527777777777778 0.7140625 0.34814814814814815 0.7145833333333333 0.3435185185185185 0.7197916666666667 0.34814814814814815 0.7307291666666667 0.3416666666666667 0.7375 0.3416666666666667 0.7427083333333333 0.337037037037037 0.7796875 0.337037037037037 0.7791666666666667 0.33425925925925926 0.7723958333333333 0.3351851851851852 0.76875 0.33055555555555555 0.7578125 0.3296296296296296 0.7567708333333333 0.32685185185185184 0.759375 0.32314814814814813 0.7572916666666667 0.32592592592592595 0.7572916666666667 0.32314814814814813 0.7536458333333333 0.32592592592592595 0.7515625 0.32314814814814813 0.7442708333333333 0.32314814814814813 0.7416666666666667 0.32592592592592595 0.734375 0.32407407407407407 0.728125 0.3296296296296296 0.7229166666666667 0.3277777777777778 0.7151041666666667 0.3351851851851852 0.7135416666666666 0.3416666666666667 0.7114583333333333 0.3425925925925926 0.7104166666666667 0.3398148148148148 0.7078125 0.3435185185185185
1 0.4713541666666667 0.6916666666666667 0.478125 0.6916666666666667 0.48072916666666665 0.6990740740740741 0.4869791666666667 0.6981481481481482 0.48802083333333335 0.7074074074074074 0.4953125 0.7129629629629629 0.4921875 0.7185185185185186 0.4901041666666667 0.7185185185185186 0.49375 0.7231481481481481 0.5161458333333333 0.725925925925926 0.5166666666666667 0.7185185185185186 0.51875 0.7148148148148148 0.5265625 0.7166666666666667 0.5265625 0.7472222222222222 0.521875 0.7638888888888888 0.5041666666666667 0.7824074074074074 0.49270833333333336 0.8027777777777778 0.4890625 0.8166666666666667 0.4822916666666667 0.8231481481481482 0.48125 0.8277777777777777 0.4875 0.8398148148148148 0.4875 0.850925925925926 0.484375 0.8611111111111112 0.48072916666666665 0.8638888888888889 0.47291666666666665 0.8638888888888889 0.46927083333333336 0.8601851851851852 0.4552083333333333 0.8601851851851852 0.44479166666666664 0.8666666666666667 0.4354166666666667 0.8805555555555555 0.4348958333333333 0.887962962962963 0.4375 0.8981481481481481 0.43802083333333336 0.9138888888888889 0.4421875 0.9212962962962963 0.4921875 0.9259259259259259 0.5046875 0.9305555555555556 0.5161458333333333 0.9398148148148148 0.5635416666666667 0.9351851851851852 0.5671875 0.9305555555555556 0.5755208333333334 0.9055555555555556 0.5911458333333334 0.8777777777777778 0.6135416666666667 0.8472222222222222 0.6401041666666667 0.8212962962962963 0.6453125 0.8185185185185185 0.6786458333333333 0.8185185185185185 0.6854166666666667 0.8231481481481482 0.6994791666666667 0.8231481481481482 0.7026041666666667 0.8092592592592592 0.7010416666666667 0.7824074074074074 0.6885416666666667 0.7768518518518519 0.6932291666666667 0.7731481481481481 0.6989583333333333 0.7518518518518519 0.7052083333333333 0.7398148148148148 0.7046875 0.7333333333333333 0.7114583333333333 0.7055555555555556 0.7067708333333333 0.700925925925926 0.6953125 0.7027777777777777 0.6880208333333333 0.712037037037037 0.6864583333333333 0.7398148148148148 0.68125 0.7509259259259259 0.6807291666666667 0.7592592592592593 0.675 0.7685185185185185 0.6734375 0.7777777777777778 0.6671875 0.7888888888888889 0.6635416666666667 0.7861111111111111 0.6625 0.7777777777777778 0.6552083333333333 0.7555555555555555 0.6385416666666667 0.7175925925925926 0.6291666666666667 0.6861111111111111 0.634375 0.6824074074074075 0.6364583333333333 0.6694444444444444 0.6432291666666666 0.6592592592592592 0.6447916666666667 0.6527777777777778 0.6489583333333333 0.6509259259259259 0.6557291666666667 0.6370370370370371 0.6557291666666667 0.6296296296296297 0.6520833333333333 0.6231481481481481 0.6510416666666666 0.6148148148148148 0.6463541666666667 0.6166666666666667 0.6453125 0.6101851851851852 0.6614583333333334 0.6027777777777777 0.6635416666666667 0.5981481481481481 0.6984375 0.587037037037037 0.7015625 0.5805555555555556 0.7041666666666667 0.5796296296296296 0.7088541666666667 0.5685185185185185 0.7135416666666666 0.5638888888888889 0.7197916666666667 0.5481481481481482 0.734375 0.5277777777777778 0.7401041666666667 0.5101851851851852 0.7333333333333333 0.4935185185185185 0.73125 0.4925925925925926 0.7307291666666667 0.48703703703703705 0.7255208333333333 0.48148148148148145 0.725 0.4722222222222222 0.728125 0.46944444444444444 0.7270833333333333 0.4666666666666667 0.7182291666666667 0.4666666666666667 0.7177083333333333 0.47314814814814815 0.7125 0.4722222222222222 0.7151041666666667 0.4759259259259259 0.7140625 0.4777777777777778 0.6973958333333333 0.48055555555555557 0.6958333333333333 0.4861111111111111 0.69375 0.48703703703703705 0.6916666666666667 0.48333333333333334 0.6916666666666667 0.4740740740740741 0.6890625 0.46944444444444444 0.6822916666666666 0.4648148148148148 0.6744791666666666 0.4666666666666667 0.6729166666666667 0.46296296296296297 0.675 0.43148148148148147 0.6828125 0.40555555555555556 0.6838541666666667 0.3685185185185185 0.6807291666666667 0.36203703703703705 0.6765625 0.33611111111111114 0.675 0.2851851851851852 0.6697916666666667 0.2722222222222222 0.6645833333333333 0.26666666666666666 0.6619791666666667 0.2601851851851852 0.6494791666666667 0.2462962962962963 0.6322916666666667 0.24351851851851852 0.6135416666666667 0.22962962962962963 0.6119791666666666 0.22592592592592592 0.5989583333333334 0.21851851851851853 0.5692708333333333 0.21666666666666667 0.565625 0.21944444444444444 0.5651041666666666 0.22870370370370371 0.5677083333333334 0.23055555555555557 0.5692708333333333 0.22777777777777777 0.5744791666666667 0.22777777777777777 0.5755208333333334 0.23055555555555557 0.5911458333333334 0.2388888888888889 0.6026041666666667 0.25 0.6135416666666667 0.26666666666666666 0.6182291666666667 0.2777777777777778 0.6171875 0.2935185185185185 0.61875 0.3074074074074074 0.6229166666666667 0.31666666666666665 0.628125 0.3212962962962963 0.6348958333333333 0.3388888888888889 0.6359375 0.36018518518518516 0.6317708333333333 0.3787037037037037 0.628125 0.412962962962963 0.6234375 0.4324074074074074 0.6145833333333334 0.45555555555555555 0.6125 0.4685185185185185 0.6125 0.4787037037037037 0.6171875 0.5009259259259259 0.6171875 0.5111111111111111 0.6125 0.5259259259259259 0.6119791666666666 0.5333333333333333 0.6166666666666667 0.5370370370370371 0.61875 0.5481481481481482 0.6369791666666667 0.55 0.6380208333333334 0.5546296296296296 0.6307291666666667 0.5638888888888889 0.6041666666666666 0.5805555555555556 0.5994791666666667 0.5805555555555556 0.5864583333333333 0.562037037037037 0.5723958333333333 0.562037037037037 0.5703125 0.5555555555555556 0.5671875 0.5527777777777778 0.5630208333333333 0.5527777777777778 0.5604166666666667 0.5555555555555556 0.5609375 0.5592592592592592 0.5578125 0.562037037037037 0.5515625 0.5574074074074075 0.5385416666666667 0.5601851851851852 0.5364583333333334 0.5555555555555556 0.5276041666666667 0.5555555555555556 0.5151041666666667 0.5638888888888889 0.5078125 0.5712962962962963 0.5036458333333333 0.5805555555555556 0.5 0.5981481481481481 0.49375 0.612037037037037 0.4817708333333333 0.6666666666666666 0.4713541666666667 0.6916666666666667
1 0.5640625 0.22037037037037038 0.5635416666666667 0.23055555555555557 0.5802083333333333 0.2324074074074074 0.5989583333333334 0.2462962962962963 0.6041666666666666 0.25277777777777777 0.6182291666666667 0.2796296296296296 0.6151041666666667 0.2935185185185185 0.61875 0.31203703703703706 0.6307291666666667 0.33055555555555555 0.6348958333333333 0.34444444444444444 0.6354166666666666 0.35462962962962963 0.63125 0.37777777777777777 0.6291666666666667 0.40185185185185185 0.6244791666666667 0.42592592592592593 0.6151041666666667 0.45092592592592595 0.6125 0.4638888888888889 0.6125 0.48333333333333334 0.6166666666666667 0.5009259259259259 0.6166666666666667 0.5092592592592593 0.6109375 0.5268518518518519 0.6109375 0.5324074074074074 0.6171875 0.5370370370370371 0.6182291666666667 0.5435185185185185 0.63125 0.55 0.6348958333333333 0.5462962962962963 0.6364583333333333 0.5398148148148149 0.6427083333333333 0.5370370370370371 0.6536458333333334 0.5194444444444445 0.65625 0.5064814814814815 0.6625 0.4935185185185185 0.6635416666666667 0.48703703703703705 0.6682291666666667 0.47962962962962963 0.6692708333333334 0.46944444444444444 0.6723958333333333 0.462037037037037 0.6755208333333333 0.4287037037037037 0.6786458333333333 0.42314814814814816 0.6833333333333333 0.4046296296296296 0.6848958333333334 0.3824074074074074 0.6807291666666667 0.3675925925925926 0.6776041666666667 0.33611111111111114 0.675 0.2824074074074074 0.6671875 0.26666666666666666 0.6484375 0.24444444444444444 0.6255208333333333 0.2388888888888889 0.6026041666666667 0.21851851851851853 0.5890625 0.21481481481481482 0.56875 0.21481481481481482 0.5640625 0.22037037037037038
3 0.4869791666666667 0.23703703703703705 0.4875 0.25 0.4828125 0.25277777777777777 0.47760416666666666 0.2657407407407407 0.46458333333333335 0.2712962962962963 0.46041666666666664 0.28055555555555556 0.45208333333333334 0.2777777777777778 0.44947916666666665 0.2833333333333333 0.4588541666666667 0.3055555555555556 0.4666666666666667 0.31666666666666665 0.4703125 0.3814814814814815 0.4822916666666667 0.4564814814814815 0.49947916666666664 0.4824074074074074 0.5067708333333333 0.5212962962962963 0.5145833333333333 0.5509259259259259 0.55 0.5481481481481482 0.5609375 0.5416666666666666 0.5697916666666667 0.5416666666666666 0.5744791666666667 0.5462962962962963 0.5796875 0.5462962962962963 0.6 0.562037037037037 0.6171875 0.562037037037037 0.6338541666666667 0.5518518518518518 0.640625 0.537962962962963 0.6510416666666666 0.525 0.6541666666666667 0.5185185185185185 0.6572916666666667 0.5 0.6671875 0.48055555555555557 0.6734375 0.44814814814814813 0.6729166666666667 0.4351851851851852 0.6760416666666667 0.42314814814814816 0.6796875 0.4166666666666667 0.6828125 0.39351851851851855 0.6828125 0.3824074074074074 0.6755208333333333 0.33611111111111114 0.675 0.28888888888888886 0.6614583333333334 0.2601851851851852 0.6479166666666667 0.2462962962962963 0.6322916666666667 0.24351851851851852 0.6203125 0.2351851851851852 0.6125 0.22592592592592592 0.59375 0.21666666666666667 0.56875 0.21481481481481482 0.5625 0.21851851851851853 0.5614583333333333 0.22592592592592592 0.5541666666666667 0.23425925925925925 0.5494791666666666 0.23055555555555557 0.5411458333333333 0.23055555555555557 0.5354166666666667 0.2324074074074074 0.5322916666666667 0.23703703703703705 0.5234375 0.23703703703703705 0.5140625 0.2324074074074074 0.4942708333333333 0.2324074074074074 0.4901041666666667 0.23703703703703705 0.4869791666666667 0.23703703703703705
3 0.7854166666666667 0.30277777777777776 0.7854166666666667 0.31574074074074077 0.7880208333333333 0.33240740740740743 0.7989583333333333 0.3435185185185185 0.7942708333333334 0.35555555555555557 0.7822916666666667 0.37592592592592594 0.7791666666666667 0.387037037037037 0.7791666666666667 0.39537037037037037 0.784375 0.40555555555555556 0.784375 0.412962962962963 0.7760416666666666 0.4361111111111111 0.7744791666666667 0.462037037037037 0.78125 0.47962962962962963 0.78125 0.487962962962963 0.7786458333333334 0.49907407407407406 0.7791666666666667 0.5166666666666667 0.7822916666666667 0.5277777777777778 0.7911458333333333 0.5342592592592592 0.8041666666666667 0.5388888888888889 0.8286458333333333 0.5388888888888889 0.8536458333333333 0.5481481481481482 0.8625 0.5546296296296296 0.8671875 0.5546296296296296 0.8682291666666667 0.5435185185185185 0.8666666666666667 0.5361111111111111 0.8708333333333333 0.5277777777777778 0.8765625 0.5259259259259259 0.8682291666666667 0.524074074074074 0.8682291666666667 0.5185185185185185 0.8651041666666667 0.5148148148148148 0.8651041666666667 0.5092592592592593 0.8682291666666667 0.4981481481481482 0.8682291666666667 0.49074074074074076 0.8729166666666667 0.48055555555555557 0.875 0.4638888888888889 0.878125 0.45925925925925926 0.88125 0.44814814814814813 0.9072916666666667 0.4027777777777778 0.9182291666666667 0.3962962962962963 0.9203125 0.39166666666666666 0.925 0.39166666666666666 0.9333333333333333 0.3824074074074074 0.9453125 0.3824074074074074 0.9489583333333333 0.37592592592592594 0.9432291666666667 0.3611111111111111 0.925 0.33055555555555555 0.9098958333333333 0.31851851851851853 0.8911458333333333 0.31203703703703706 0.8786458333333333 0.29814814814814816 0.85625 0.2824074074074074 0.8515625 0.28055555555555556 0.846875 0.28888888888888886 0.8442708333333333 0.28888888888888886 0.8348958333333333 0.2777777777777778 0.8291666666666667 0.2777777777777778 0.8130208333333333 0.26851851851851855 0.8005208333333333 0.26851851851851855 0.7921875 0.27314814814814814 0.7875 0.28703703703703703 0.7854166666666667 0.30277777777777776
3 0.775 0.44351851851851853 0.7744791666666667 0.46296296296296297 0.78125 0.47962962962962963 0.7776041666666667 0.5120370370370371 0.7822916666666667 0.5259259259259259 0.7875 0.5324074074074074 0.7989583333333333 0.5370370370370371 0.8223958333333333 0.5370370370370371 0.8432291666666667 0.5435185185185185 0.88125 0.5685185185185185 0.9130208333333333 0.5824074074074074 0.9598958333333333 0.6138888888888889 0.9786458333333333 0.6324074074074074 0.9807291666666667 0.6370370370370371 0.9895833333333334 0.6435185185185185 0.99375 0.6509259259259259 0.9994791666666667 0.6370370370370371 0.9994791666666667 0.5259259259259259 0.9973958333333334 0.525 0.9958333333333333 0.5157407407407407 0.9958333333333333 0.5111111111111111 0.9994791666666667 0.5074074074074074 0.9994791666666667 0.4462962962962963 0.9973958333333334 0.44351851851851853 0.9973958333333334 0.43703703703703706 0.9947916666666666 0.4305555555555556 0.9817708333333334 0.4212962962962963 0.9651041666666667 0.4027777777777778 0.9510416666666667 0.3787037037037037 0.946875 0.3648148148148148 0.9375 0.3509259259259259 0.9359375 0.3435185185185185 0.9338541666666667 0.3425925925925926 0.9296875 0.33240740740740743 0.9109375 0.31851851851851853 0.8885416666666667 0.3101851851851852 0.88125 0.30092592592592593 0.8536458333333333 0.2824074074074074 0.8510416666666667 0.2824074074074074 0.8479166666666667 0.28888888888888886 0.8432291666666667 0.28888888888888886 0.8380208333333333 0.28425925925925927 0.8369791666666667 0.28055555555555556 0.8260416666666667 0.2777777777777778 0.8109375 0.26851851851851855 0.7942708333333334 0.2712962962962963 0.7875 0.28888888888888886 0.7854166666666667 0.31203703703703706 0.7880208333333333 0.3296296296296296 0.7916666666666666 0.3351851851851852 0.7973958333333333 0.337037037037037 0.7994791666666666 0.34444444444444444 0.7822916666666667 0.37592592592592594 0.7822916666666667 0.38055555555555554 0.7791666666666667 0.387037037037037 0.7791666666666667 0.3972222222222222 0.7848958333333333 0.4074074074074074 0.775 0.44351851851851853
3 0.6765625 0.4351851851851852 0.6760416666666667 0.4425925925925926 0.6786458333333333 0.45092592592592595 0.6864583333333333 0.45092592592592595 0.6979166666666666 0.44351851851851853 0.7026041666666667 0.43703703703703706 0.7177083333333333 0.425 0.71875 0.4212962962962963 0.728125 0.41388888888888886 0.7479166666666667 0.3888888888888889 0.7619791666666667 0.3592592592592593 0.7619791666666667 0.34814814814814815 0.7520833333333333 0.34444444444444444 0.7317708333333334 0.34629629629629627 0.7208333333333333 0.3509259259259259 0.7020833333333333 0.36666666666666664 0.6875 0.3851851851851852 0.6854166666666667 0.40925925925925927 0.6765625 0.4351851851851852
3 0.6520833333333333 0.23055555555555557 0.65 0.23703703703703705 0.6510416666666666 0.24351851851851852 0.6739583333333333 0.27314814814814814 0.6786458333333333 0.2972222222222222 0.68125 0.337037037037037 0.6979166666666666 0.3351851851851852 0.7078125 0.3277777777777778 0.7333333333333333 0.31851851851851853 0.7619791666666667 0.31851851851851853 0.7760416666666666 0.3212962962962963 0.78125 0.3101851851851852 0.7833333333333333 0.28703703703703703 0.7880208333333333 0.27314814814814814 0.7953125 0.26481481481481484 0.8067708333333333 0.262037037037037 0.8109375 0.25462962962962965 0.8130208333333333 0.24351851851851852 0.8197916666666667 0.23055555555555557 0.8302083333333333 0.21851851851851853 0.8395833333333333 0.21666666666666667 0.8427083333333333 0.2101851851851852 0.8447916666666667 0.19814814814814816 0.84375 0.1527777777777778 0.8375 0.14166666666666666 0.8348958333333333 0.12129629629629629 0.8296875 0.11203703703703703 0.825 0.11203703703703703 0.8145833333333333 0.11851851851851852 0.809375 0.125 0.7880208333333333 0.13703703703703704 0.7645833333333333 0.1648148148148148 0.753125 0.1824074074074074 0.734375 0.20092592592592592 0.7088541666666667 0.20277777777777778 0.6744791666666666 0.19814814814814816 0.665625 0.20555555555555555 0.6614583333333334 0.21666666666666667 0.6520833333333333 0.23055555555555557
3 0.3619791666666667 0.9898148148148148 0.3609375 0.9935185185185185 0.3645833333333333 0.9962962962962963 0.46770833333333334 0.9962962962962963 0.48125 0.9638888888888889 0.4921875 0.950925925925926 0.503125 0.9490740740740741 0.5203125 0.9601851851851851 0.5364583333333334 0.962037037037037 0.5536458333333333 0.950925925925926 0.5604166666666667 0.9416666666666667 0.55 0.9388888888888889 0.5145833333333333 0.9435185185185185 0.5078125 0.9351851851851852 0.5 0.9305555555555556 0.4765625 0.9259259259259259 0.4421875 0.9259259259259259 0.4322916666666667 0.9305555555555556 0.42083333333333334 0.9435185185185185 0.4140625 0.9462962962962963 0.3807291666666667 0.9805555555555555 0.3619791666666667 0.9898148148148148