4 0.603125 0.6777777777777778 0.5958333333333333 0.6777777777777778 0.5984375 0.6824074074074075 0.603125 0.6777777777777778
4 0.5765625 0.6759259259259259 0.5760416666666667 0.6787037037037037 0.5776041666666667 0.6805555555555556 0.5802083333333333 0.6768518518518518 0.5805557291666666 0.6805555555555556 0.5835067708333334 0.6805555555555556 0.5838541666666667 0.6777777777777778 0.5869791666666667 0.6787037037037037 0.5875 0.6824074074074075 0.59375 0.6777777777777778 0.5765625 0.6759259259259259
4 0.6067708333333334 0.6777777777777778 0.6052083333333333 0.712037037037037 0.596875 0.7231481481481481 0.5947916666666667 0.7231481481481481 0.5911458333333334 0.7314814814814815 0.590625 0.7472222222222222 0.5984375 0.75 0.6 0.7462962962962963 0.60625 0.7435185185185185 0.6083333333333333 0.7388888888888889 0.6135416666666667 0.737037037037037 0.6192708333333333 0.7296296296296296 0.6286458333333333 0.7351851851851852 0.6328125 0.7435185185185185 0.6453125 0.7462962962962963 0.65625 0.7555555555555555 0.6640625 0.7574074074074074 0.671875 0.7527777777777778 0.6729166666666667 0.7481481481481481 0.6828125 0.7324074074074074 0.6921875 0.7277777777777777 0.7026041666666667 0.7305555555555555 0.7166666666666667 0.7388888888888889 0.7265625 0.7555555555555555 0.7333333333333333 0.7601851851851852 0.7677083333333333 0.7712962962962963 0.7723958333333333 0.7796296296296297 0.7744791666666667 0.787962962962963 0.7822916666666667 0.8009259259259259 0.7994791666666666 0.8222222222222222 0.8083333333333333 0.85 0.8072916666666666 0.8564814814814815 0.8088541666666667 0.862037037037037 0.8161458333333333 0.8638888888888889 0.81875 0.8685185185185185 0.8255208333333334 0.887962962962963 0.8302083333333333 0.8935185185185185 0.8328125 0.9101851851851852 0.8390625 0.925 0.8515625 0.9351851851851852 0.859375 0.9342592592592592 0.8671875 0.9407407407407408 0.8671875 0.9518518518518518 0.8760416666666667 0.9592592592592593 0.884375 0.9805555555555555 0.8947916666666667 0.9935185185185185 0.9 0.9962962962962963 0.9598958333333333 0.9944444444444445 0.96875 0.9981481481481481 0.9864583333333333 0.9981481481481481 0.9932291666666667 0.9962962962962963 0.9994791666666667 0.9888888888888889 0.9994791666666667 0.8324074074074074 0.9864583333333333 0.812037037037037 0.9755208333333333 0.8 0.971875 0.7916666666666666 0.9447916666666667 0.7620370370370371 0.9291666666666667 0.725925925925926 0.9260416666666667 0.7231481481481481 0.9125 0.6944444444444444 0.9020833333333333 0.6935185185185185 0.89375 0.6824074074074075 0.8833333333333333 0.6851851851851852 0.8765625 0.6777777777777778 0.8604166666666667 0.6462962962962963 0.8390625 0.6277777777777778 0.8098958333333334 0.5935185185185186 0.7932291666666667 0.5694444444444444 0.7760416666666666 0.5527777777777778 0.7677083333333333 0.5388888888888889 0.7411458333333333 0.5120370370370371 0.7286458333333333 0.5074074074074074 0.7046875 0.5055555555555555 0.6786458333333333 0.4962962962962963 0.6697916666666667 0.5009259259259259 0.665625 0.5185185185185185 0.6625 0.5222222222222223 0.6552083333333333 0.5462962962962963 0.6557291666666667 0.5564814814814815 0.6640625 0.5638888888888889 0.6661458333333333 0.5685185185185185 0.659375 0.5935185185185186 0.6572916666666667 0.5981481481481481 0.6526041666666667 0.5981481481481481 0.6395833333333333 0.6101851851851852 0.6286458333333333 0.6351851851851852 0.6213541666666667 0.6462962962962963 0.6182291666666667 0.6583333333333333 0.6125 0.6638888888888889 0.609375 0.6759259259259259 0.6067708333333334 0.6777777777777778
4 0.625 0.4898148148148148 0.6255208333333333 0.5175925925925926 0.6291666666666667 0.5277777777777778 0.6390625 0.5416666666666666 0.6463541666666667 0.5416666666666666 0.6505208333333333 0.5370370370370371 0.6640625 0.5 0.6625 0.4935185185185185 0.6489583333333333 0.49166666666666664 0.6427083333333333 0.48518518518518516 0.6328125 0.48055555555555557 0.6291666666666667 0.4824074074074074 0.625 0.4898148148148148
4 0.0453125 0.9851851851851852 0.044270833333333336 0.987037037037037 0.04583333333333333 0.9888888888888889 0.0515625 0.9888888888888889 0.05364583333333333 0.9935185185185185 0.06041666666666667 0.9898148148148148 0.0578125 0.9879629629629629 0.057291666666666664 0.9824074074074074 0.0453125 0.9851851851851852
4 0.05625 0.975 0.05572916666666667 0.9777777777777777 0.05625 0.975
4 0.08645833333333333 0.6824074074074075 0.05625 0.7027777777777777 0.0375 0.7055555555555556 0.0296875 0.7185185185185186 0.022916666666666665 0.725 0.017708333333333333 0.725 0.0125 0.7185185185185186 0 0.7166666666666667 0 0.9851851851851852 0.011979166666666667 0.9777777777777777 0.019791666666666666 0.9648148148148148 0.025520833333333333 0.9601851851851851 0.049479166666666664 0.9601851851851851 0.05572916666666667 0.9546296296296296 0.05572916666666667 0.9212962962962963 0.05260416666666667 0.9074074074074074 0.04739583333333333 0.837037037037037 0.044270833333333336 0.8157407407407408 0.04583333333333333 0.8027777777777778 0.051041666666666666 0.7935185185185185 0.06875 0.7796296296296297 0.08229166666666667 0.7648148148148148 0.09895833333333333 0.7527777777777778 0.1015625 0.7481481481481481 0.11822916666666666 0.737037037037037 0.13333333333333333 0.7185185185185186 0.1609375 0.700925925925926 0.17447916666666666 0.6851851851851852 0.17708333333333334 0.6712962962962963 0.1703125 0.6666666666666666 0.1625 0.6666666666666666 0.1421875 0.6805555555555556 0.10625 0.6796296296296296 0.08645833333333333 0.6824074074074075
4 0.10416666666666667 0.9444444444444444 0.09947916666666666 0.9453703703703704 0.10416666666666667 0.9444444444444444
4 0.15 0.9435185185185185 0.15 0.9462962962962963 0.159375 0.9481481481481482 0.16302083333333334 0.9527777777777777 0.1640625 0.9555555555555556 0.16197916666666667 0.9592592592592593 0.1640625 0.962037037037037 0.16614583333333333 0.9574074074074074 0.16822916666666668 0.9601851851851851 0.16510416666666666 0.9555555555555556 0.16875 0.9490740740740741 0.1671875 0.9416666666666667 0.15989583333333332 0.9398148148148148 0.1578125 0.9462962962962963 0.15625 0.9462962962962963 0.15520833333333334 0.9416666666666667 0.153125 0.9453703703703704 0.15 0.9435185185185185
4 0.14895833333333333 0.9277777777777778 0.1453125 0.9287037037037037 0.14739583333333334 0.9324074074074075 0.14895833333333333 0.9277777777777778
4 0.16458333333333333 0.9166666666666666 0.16354166666666667 0.9175925925925926 0.16458333333333333 0.9166666666666666
4 0.13697916666666668 0.875462962962963 0.0010416666666666667 0.000925925925925926
4 0.14322916666666666 0.8685185185185185 0.14270833333333333 0.8768518518518519 0.146875 0.8796296296296297 0.14322916666666666 0.8888888888888888 0.14375 0.8935185185185185 0.15729166666666666 0.8935185185185185 0.15989583333333332 0.899074074074074 0.16041666666666668 0.9101851851851852 0.16197916666666667 0.9120370370370371 0.16822916666666668 0.9120370370370371 0.16875 0.9055555555555556 0.17604166666666668 0.9120370370370371 0.17552083333333332 0.9074074074074074 0.178125 0.9046296296296297 0.1796875 0.9055555555555556 0.18020833333333333 0.9120370370370371 0.18177083333333333 0.9101851851851852 0.18229166666666666 0.8888888888888888 0.17604166666666668 0.8796296296296297 0.1609375 0.8777777777777778 0.15364583333333334 0.8842592592592593 0.15104166666666666 0.8796296296296297 0.153125 0.8759259259259259 0.15208333333333332 0.8722222222222222 0.15572916666666667 0.8685185185185185 0.1546875 0.8648148148148148 0.146875 0.8648148148148148 0.14322916666666666 0.8685185185185185
4 0.10833333333333334 0.8601851851851852 0.109375 0.8638888888888889 0.1109375 0.862037037037037 0.10833333333333334 0.8601851851851852
4 0.1875 0.837037037037037 0.18645833333333334 0.8416666666666667 0.18854166666666666 0.8435185185185186 0.1921875 0.8435185185185186 0.19583333333333333 0.8388888888888889 0.19270833333333334 0.8351851851851851 0.1875 0.837037037037037
4 0.17864583333333334 0.8324074074074074 0.178125 0.8351851851851851 0.18072916666666666 0.8342592592592593 0.17864583333333334 0.8324074074074074
4 0.18828125 0.8300925925925926 0.0005208333333333333 0.000925925925925926
4 0.1921875 0.8055555555555556 0.19010416666666666 0.812037037037037 0.19010416666666666 0.8212962962962963 0.19583333333333333 0.8212962962962963 0.19427083333333334 0.8157407407407408 0.19635416666666666 0.8101851851851852 0.1921875 0.8055555555555556
4 0.171875 0.7861111111111111 0.1703125 0.7916666666666666 0.17083333333333334 0.8 0.17447916666666666 0.8027777777777778 0.17604166666666668 0.8 0.1734375 0.7944444444444444 0.17447916666666666 0.7851851851851852 0.171875 0.7861111111111111
4 0.1421875 0.7824074074074074 0.14322916666666666 0.7935185185185185 0.15104166666666666 0.7935185185185185 0.15208333333333332 0.7851851851851852 0.14947916666666666 0.7814814814814814 0.15104166666666666 0.7777777777777778 0.1421875 0.7824074074074074
4 0.11875 0.7694444444444445 0.11614583333333334 0.7777777777777778 0.11302083333333333 0.7777777777777778 0.11822916666666666 0.7814814814814814 0.11614583333333334 0.787962962962963 0.11875 0.7925925925925926 0.11354166666666667 0.8 0.1171875 0.7981481481481482 0.1171875 0.8009259259259259 0.1234375 0.8009259259259259 0.12864583333333332 0.7898148148148149 0.13697916666666668 0.7870370370370371 0.13489583333333333 0.7814814814814814 0.1375 0.7777777777777778 0.13333333333333333 0.7712962962962963 0.13072916666666667 0.7759259259259259 0.128125 0.7759259259259259 0.12604166666666666 0.7685185185185185 0.12552083333333333 0.7759259259259259 0.12291666666666666 0.7759259259259259 0.12291666666666666 0.7685185185185185 0.11875 0.7694444444444445
4 0.15520833333333334 0.7666666666666667 0.15364583333333334 0.7685185185185185 0.15572916666666667 0.7712962962962963 0.15625 0.7777777777777778 0.16145833333333334 0.7759259259259259 0.16458333333333333 0.7805555555555556 0.1640625 0.774074074074074 0.16875 0.7685185185185185 0.16875 0.7638888888888888 0.16302083333333334 0.7620370370370371 0.1609375 0.7666666666666667 0.15520833333333334 0.7666666666666667
4 0.11901041666666666 0.7611111111111111 0.0005208333333333333 0.001851851851851852
4 0.12395833333333334 0.7509259259259259 0.11822916666666666 0.7527777777777778 0.12395833333333334 0.7509259259259259
4 0.05 0.8027777777777778 0.05 0.825925925925926 0.0546875 0.8435185185185186 0.05260416666666667 0.8648148148148148 0.05572916666666667 0.8731481481481481 0.05572916666666667 0.9037037037037037 0.058854166666666666 0.9101851851851852 0.06354166666666666 0.9731481481481481 0.07135416666666666 0.9935185185185185 0.07395833333333333 0.9962962962962963 0.09947916666666666 0.9935185185185185 0.1015625 0.9981481481481481 0.10729166666666666 0.9981481481481481 0.1078125 0.9888888888888889 0.116796875 0.9888888888888889 0.11927083333333334 0.9935185185185185 0.125 0.9935185185185185 0.12708333333333333 0.9916666666666667 0.1265625 0.9824074074074074 0.12916666666666668 0.9787037037037037 0.13020833333333334 0.9805555555555555 0.13125 0.975 0.13697916666666668 0.975925925925926 0.14010416666666667 0.9712962962962963 0.14479166666666668 0.9768518518518519 0.14270833333333333 0.9796296296296296 0.14322916666666666 0.9888888888888889 0.1453125 0.987037037037037 0.14427083333333332 0.9824074074074074 0.15208333333333332 0.9777777777777777 0.15729166666666666 0.9777777777777777 0.15989583333333332 0.9824074074074074 0.1578125 0.987037037037037 0.15989583333333332 0.9842592592592593 0.1625 0.9888888888888889 0.16822916666666668 0.987037037037037 0.16510416666666666 0.9824074074074074 0.16510416666666666 0.9731481481481481 0.15833333333333333 0.975925925925926 0.15416666666666667 0.9731481481481481 0.15052083333333333 0.9657407407407408 0.15052083333333333 0.9592592592592593 0.1484375 0.9592592592592593 0.14739583333333334 0.9555555555555556 0.13854166666666667 0.9555555555555556 0.13385416666666666 0.9481481481481482 0.12291666666666666 0.9462962962962963 0.11927083333333334 0.9425925925925925 0.11927083333333334 0.9101851851851852 0.12916666666666668 0.9055555555555556 0.12864583333333332 0.899074074074074 0.13020833333333334 0.8962962962962963 0.12760416666666666 0.8935185185185185 0.1328125 0.8870370370370371 0.13072916666666667 0.8842592592592593 0.13072916666666667 0.8796296296296297 0.09895833333333333 0.8777777777777778 0.0921875 0.8666666666666667 0.0953125 0.862037037037037 0.09375 0.8546296296296296 0.09114583333333333 0.850925925925926 0.08645833333333333 0.85 0.08072916666666667 0.8425925925925926 0.08072916666666667 0.8361111111111111 0.08229166666666667 0.8342592592592593 0.08072916666666667 0.8314814814814815 0.0796875 0.8148148148148148 0.08125 0.8101851851851852 0.08645833333333333 0.8074074074074075 0.08645833333333333 0.7962962962962963 0.08854166666666667 0.7916666666666666 0.08645833333333333 0.7888888888888889 0.08854166666666667 0.7851851851851852 0.09947916666666666 0.7842592592592592 0.1015625 0.7870370370370371 0.1015625 0.7907407407407407 0.1046875 0.7962962962962963 0.10208333333333333 0.8 0.10416666666666667 0.8064814814814815 0.10208333333333333 0.8101851851851852 0.1015625 0.8194444444444444 0.10677083333333333 0.825925925925926 0.1328125 0.8212962962962963 0.1328125 0.8074074074074075 0.1296875 0.8101851851851852 0.12239583333333333 0.8055555555555556 0.12239583333333333 0.8092592592592592 0.11875 0.8138888888888889 0.11458333333333333 0.8101851851851852 0.11145833333333334 0.7981481481481482 0.10833333333333334 0.7981481481481482 0.10729166666666666 0.7953703703703704 0.10833333333333334 0.7916666666666666 0.10677083333333333 0.7851851851851852 0.11197916666666667 0.7796296296296297 0.109375 0.774074074074074 0.11354166666666667 0.7685185185185185 0.1140625 0.7620370370370371 0.1171875 0.7592592592592593 0.11354166666666667 0.7546296296296297 0.11458333333333333 0.7509259259259259 0.11197916666666667 0.75 0.10833333333333334 0.7546296296296297 0.09375 0.7601851851851852 0.08697916666666666 0.7694444444444445 0.08541666666666667 0.7805555555555556 0.0875 0.7842592592592592 0.08645833333333333 0.7870370370370371 0.08177083333333333 0.7796296296296297 0.0703125 0.7824074074074074 0.05 0.8027777777777778
4 0.21197916666666666 0.7342592592592593 0.20520833333333333 0.7342592592592593 0.20572916666666666 0.737037037037037 0.2140625 0.737037037037037 0.21197916666666666 0.7342592592592593
4 0.19947916666666668 0.7296296296296296 0.19947916666666668 0.7324074074074074 0.19947916666666668 0.7296296296296296
4 0.1921875 0.7212962962962963 0.19166666666666668 0.7231481481481481 0.19322916666666667 0.7231481481481481 0.1921875 0.7212962962962963
4 0.18802083333333333 0.7129629629629629 0.1875 0.7166666666666667 0.19114583333333332 0.7185185185185186 0.19479166666666667 0.7157407407407408 0.19583333333333333 0.7092592592592593 0.19322916666666667 0.7074074074074074 0.19114583333333332 0.712037037037037 0.18802083333333333 0.7129629629629629
4 0.18541666666666667 0.6888888888888889 0.18333333333333332 0.6944444444444444 0.18489583333333334 0.6962962962962963 0.18645833333333334 0.6944444444444444 0.18541666666666667 0.6888888888888889
4 0.35833333333333334 0.6648148148148149 0.3572916666666667 0.6685185185185185 0.3614583333333333 0.6685185185185185 0.35833333333333334 0.6648148148148149
4 0.3489583333333333 0.6564814814814814 0.0010416666666666667 0.001851851851851852
4 0.04895833333333333 0.24074074074074073 0.05 0.25925925925925924 0.04791666666666667 0.3037037037037037 0.050520833333333334 0.3537037037037037 0.05572916666666667 0.37962962962962965 0.06979166666666667 0.42777777777777776 0.0796875 0.45092592592592595 0.0875 0.4759259259259259 0.10625 0.5148148148148148 0.11822916666666666 0.55 0.12395833333333334 0.5574074074074075 0.1453125 0.6055555555555555 0.16302083333333334 0.6324074074074074 0.18177083333333333 0.6388888888888888 0.18645833333333334 0.6444444444444445 0.1921875 0.6620370370370371 0.19375 0.6805555555555556 0.2 0.6962962962962963 0.21041666666666667 0.7101851851851851 0.21302083333333333 0.725 0.2171875 0.7314814814814815 0.21770833333333334 0.7388888888888889 0.21979166666666666 0.7388888888888889 0.22083333333333333 0.7435185185185185 0.24375 0.7824074074074074 0.24583333333333332 0.7916666666666666 0.24947916666666667 0.7981481481481482 0.25052083333333336 0.8166666666666667 0.25833333333333336 0.837037037037037 0.26979166666666665 0.8527777777777777 0.2755208333333333 0.8555555555555555 0.28072916666666664 0.862037037037037 0.28489583333333335 0.8759259259259259 0.2838541666666667 0.8824074074074074 0.2869791666666667 0.8888888888888888 0.28802083333333334 0.9277777777777778 0.290625 0.9444444444444444 0.28958333333333336 0.9638888888888889 0.2916666666666667 0.9787037037037037 0.2947916666666667 0.987037037037037 0.309375 0.9981481481481481 0.325 0.9962962962962963 0.3328125 0.987037037037037 0.32916666666666666 0.9796296296296296 0.3307291666666667 0.9555555555555556 0.3338541666666667 0.950925925925926 0.3375 0.950925925925926 0.3416666666666667 0.9435185185185185 0.3494791666666667 0.9583333333333334 0.3484375 0.962037037037037 0.34322916666666664 0.9648148148148148 0.3463541666666667 0.9694444444444444 0.34427083333333336 0.9712962962962963 0.3463541666666667 0.9777777777777777 0.35520833333333335 0.975925925925926 0.3640625 0.9888888888888889 0.37604166666666666 0.9916666666666667 0.3807291666666667 0.9824074074074074 0.3807291666666667 0.9731481481481481 0.37395833333333334 0.9481481481481482 0.3640625 0.925 0.35572916666666665 0.8944444444444445 0.34375 0.8712962962962963 0.34322916666666664 0.8648148148148148 0.3385416666666667 0.8574074074074074 0.3359375 0.8462962962962963 0.3328125 0.8416666666666667 0.3260416666666667 0.8212962962962963 0.31302083333333336 0.8018518518518518 0.3020833333333333 0.7768518518518519 0.2994791666666667 0.7592592592592593 0.2984375 0.7212962962962963 0.30364583333333334 0.712037037037037 0.3067708333333333 0.712037037037037 0.3078125 0.7055555555555556 0.3026041666666667 0.7055555555555556 0.3 0.700925925925926 0.30052083333333335 0.6777777777777778 0.29583333333333334 0.6722222222222223 0.2947916666666667 0.6675925925925926 0.29583333333333334 0.6592592592592592 0.29791666666666666 0.6601851851851852 0.2947916666666667 0.6583333333333333 0.2921875 0.6509259259259259 0.2953125 0.6462962962962963 0.2947916666666667 0.6425925925925926 0.29739583333333336 0.6370370370370371 0.2984375 0.6166666666666667 0.3104166666666667 0.6185185185185185 0.3171875 0.6138888888888889 0.32864583333333336 0.6240740740740741 0.32864583333333336 0.6296296296296297 0.33541666666666664 0.6370370370370371 0.3338541666666667 0.6435185185185185 0.33645833333333336 0.6416666666666667 0.3380208333333333 0.6481481481481481 0.340625 0.6462962962962963 0.34270833333333334 0.6398148148148148 0.3453125 0.6435185185185185 0.3484375 0.6435185185185185 0.35052083333333334 0.6527777777777778 0.3567708333333333 0.6509259259259259 0.359375 0.6546296296296297 0.3614583333333333 0.6509259259259259 0.36666666666666664 0.6509259259259259 0.36875 0.6546296296296297 0.3651041666666667 0.6574074074074074 0.36614583333333334 0.6611111111111111 0.36354166666666665 0.6666666666666666 0.3651041666666667 0.6685185185185185 0.36822916666666666 0.6666666666666666 0.3692708333333333 0.6620370370370371 0.375 0.6601851851851852 0.40989583333333335 0.6601851851851852 0.4192708333333333 0.6509259259259259 0.4317708333333333 0.6435185185185185 0.43333333333333335 0.6398148148148148 0.4427083333333333 0.6351851851851852 0.446875 0.6314814814814815 0.4505208333333333 0.6231481481481481 0.4552083333333333 0.6212962962962963 0.45989583333333334 0.6148148148148148 0.4588541666666667 0.6111111111111112 0.4609375 0.6074074074074074 0.4661458333333333 0.6055555555555555 0.46770833333333334 0.5981481481481481 0.4734375 0.5916666666666667 0.475 0.5777777777777777 0.48333333333333334 0.5712962962962963 0.4869791666666667 0.5712962962962963 0.4942708333333333 0.5574074074074075 0.4973958333333333 0.5574074074074075 0.5072916666666667 0.5370370370370371 0.5104166666666666 0.5351851851851852 0.51875 0.5101851851851852 0.5229166666666667 0.5074074074074074 0.5359375 0.4888888888888889 0.5432291666666667 0.4935185185185185 0.546875 0.48518518518518516 0.5484375 0.5092592592592593 0.5526041666666667 0.5287037037037037 0.5526041666666667 0.5685185185185185 0.5557291666666667 0.5935185185185186 0.5588541666666667 0.6046296296296296 0.56875 0.6231481481481481 0.5776041666666667 0.6546296296296297 0.5838541666666667 0.6592592592592592 0.5953125 0.6620370370370371 0.6005208333333333 0.6509259259259259 0.6015625 0.6351851851851852 0.6052083333333333 0.6342592592592593 0.609375 0.6277777777777778 0.6125 0.6277777777777778 0.6229166666666667 0.6138888888888889 0.625 0.5935185185185186 0.6296875 0.5824074074074074 0.6296875 0.5731481481481482 0.621875 0.5666666666666667 0.6229166666666667 0.5638888888888889 0.6213541666666667 0.5601851851851852 0.6244791666666667 0.5574074074074075 0.6244791666666667 0.5462962962962963 0.6151041666666667 0.524074074074074 0.60625 0.4935185185185185 0.6072916666666667 0.46296296296296297 0.6119791666666666 0.44351851851851853 0.6130208333333333 0.4222222222222222 0.61875 0.40925925925925927 0.6197916666666666 0.37962962962962965 0.6177083333333333 0.3712962962962963 0.6119791666666666 0.36203703703703705 0.6098958333333333 0.3453703703703704 0.6114583333333333 0.2212962962962963 0.6098958333333333 0.21203703703703702 0.6010416666666667 0.1925925925925926 0.6057291666666667 0.16666666666666666 0.6057291666666667 0.11203703703703703 0.6041666666666666 0.1037037037037037 0.5901041666666667 0.07592592592592592 0.5895833333333333 0.04814814814814815 0.5802083333333333 0 0.5432291666666667 0 0.5369791666666667 0.002777777777777778 0.5114583333333333 0.004629629629629629 0.45208333333333334 0.004629629629629629 0.4354166666666667 0 0.43020833333333336 0.002777777777777778 0.37552083333333336 0.000925925925925926 0.3614583333333333 0.004629629629629629 0.3333333333333333 0.004629629629629629 0.3151041666666667 0 0.3015625 0 0.28854166666666664 0.004629629629629629 0.275 0.004629629629629629 0.26458333333333334 0 0.24947916666666667 0.002777777777777778 0.23802083333333332 0.002777777777777778 0.23489583333333333 0 0.11614583333333334 0 0.11302083333333333 0.005555555555555556 0.109375 0.023148148148148147 0.08333333333333333 0.07592592592592592 0.075 0.10925925925925926 0.07135416666666666 0.11666666666666667 0.0515625 0.20277777777777778 0.04895833333333333 0.24074074074074073
4 0.7739583333333333 0.20555555555555555 0.7713541666666667 0.20555555555555555 0.7760416666666666 0.20925925925925926 0.7739583333333333 0.20555555555555555
4 0.5859375 0 0.5848958333333333 0.007407407407407408 0.5895833333333333 0.03611111111111111 0.5932291666666667 0.04814814814814815 0.5942708333333333 0.07592592592592592 0.6067708333333334 0.10092592592592593 0.6083333333333333 0.11018518518518519 0.6078125 0.14629629629629629 0.6114583333333333 0.1638888888888889 0.6072916666666667 0.1787037037037037 0.6067708333333334 0.1962962962962963 0.6213541666666667 0.24166666666666667 0.6270833333333333 0.25462962962962965 0.6390625 0.2712962962962963 0.6635416666666667 0.28703703703703703 0.6708333333333333 0.30462962962962964 0.6791666666666667 0.31666666666666665 0.7020833333333333 0.3296296296296296 0.7151041666666667 0.3277777777777778 0.7421875 0.31203703703703706 0.7515625 0.2935185185185185 0.7697916666666667 0.2935185185185185 0.7833333333333333 0.3055555555555556 0.7963541666666667 0.3074074074074074 0.8036458333333333 0.3138888888888889 0.8333333333333334 0.37777777777777777 0.8421875 0.3888888888888889 0.8489583333333334 0.387037037037037 0.85625 0.38981481481481484 0.8625 0.387037037037037 0.8755208333333333 0.3685185185185185 0.8786458333333333 0.35555555555555557 0.878125 0.3435185185185185 0.8677083333333333 0.3074074074074074 0.8609375 0.29444444444444445 0.8786458333333333 0.2916666666666667 0.8875 0.2759259259259259 0.8885416666666667 0.2712962962962963 0.8869791666666667 0.2675925925925926 0.89375 0.2638888888888889 0.8932291666666666 0.21388888888888888 0.8916666666666667 0.20555555555555555 0.8651041666666667 0.1527777777777778 0.8609375 0.12314814814814815 0.85625 0.11203703703703703 0.8489583333333334 0.08055555555555556 0.8453125 0.07314814814814814 0.8453125 0.04351851851851852 0.8411458333333334 0.022222222222222223 0.8427083333333333 0.012037037037037037 0.8416666666666667 0.001851851851851852 0.7744791666666667 0 0.7619791666666667 0.005555555555555556 0.759375 0.002777777777777778 0.74375 0.002777777777777778 0.7416666666666667 0 0.5859375 0
1 0.5239583333333333 0.7333333333333333 0.525 0.737037037037037 0.5223958333333333 0.7416666666666667 0.5223958333333333 0.7611111111111111 0.5239583333333333 0.7777777777777778 0.5229166666666667 0.8037037037037037 0.5244791666666667 0.8111111111111111 0.5296875 0.812037037037037 0.5333333333333333 0.8055555555555556 0.5364583333333334 0.8046296296296296 0.5442708333333334 0.8083333333333333 0.5473958333333333 0.8138888888888889 0.5526041666666667 0.8361111111111111 0.5520833333333334 0.8481481481481481 0.5583333333333333 0.8592592592592593 0.56875 0.8703703703703703 0.5723958333333333 0.8814814814814815 0.5713541666666667 0.887962962962963 0.5796875 0.8935185185185185 0.6067708333333334 0.8888888888888888 0.6234375 0.8824074074074074 0.6302083333333334 0.8731481481481481 0.6307291666666667 0.8657407407407407 0.6328125 0.8648148148148148 0.6369791666666667 0.8527777777777777 0.6369791666666667 0.8388888888888889 0.63125 0.8277777777777777 0.6291666666666667 0.8138888888888889 0.6234375 0.8 0.6229166666666667 0.7944444444444444 0.6197916666666666 0.7916666666666666 0.6208333333333333 0.7777777777777778 0.6255208333333333 0.7666666666666667 0.6161458333333333 0.7666666666666667 0.6130208333333333 0.7601851851851852 0.6041666666666666 0.7601851851851852 0.6020833333333333 0.7555555555555555 0.5895833333333333 0.7555555555555555 0.5864583333333333 0.7509259259259259 0.5848958333333333 0.7324074074074074 0.5583333333333333 0.7212962962962963 0.5520833333333334 0.7212962962962963 0.55 0.7185185185185186 0.5458333333333333 0.7185185185185186 0.5401041666666667 0.725925925925926 0.5317708333333333 0.725925925925926 0.53125 0.7305555555555555 0.5239583333333333 0.7333333333333333
3 0.8453125 0.1574074074074074 0.8447916666666667 0.1638888888888889 0.85 0.21296296296296297 0.8578125 0.25092592592592594 0.8619791666666666 0.2675925925925926 0.8682291666666667 0.2796296296296296 0.8671875 0.28888888888888886 0.86875 0.2953703703703704 0.878125 0.29814814814814816 0.8848958333333333 0.28888888888888886 0.8895833333333333 0.26944444444444443 0.89375 0.26666666666666666 0.8927083333333333 0.2074074074074074 0.8765625 0.17777777777777778 0.8625 0.14444444444444443 0.8567708333333334 0.14629629629629629 0.8453125 0.1574074074074074
3 0.59375 0.725925925925926 0.5916666666666667 0.7324074074074074 0.59375 0.7435185185185185 0.5916666666666667 0.7481481481481481 0.5984375 0.7481481481481481 0.6015625 0.7388888888888889 0.6057291666666667 0.7398148148148148 0.6125 0.7351851851851852 0.6135416666666667 0.7305555555555555 0.6171875 0.7277777777777777 0.621875 0.7277777777777777 0.6270833333333333 0.7342592592592593 0.6348958333333333 0.737037037037037 0.6395833333333333 0.7435185185185185 0.6453125 0.7462962962962963 0.6536458333333334 0.7444444444444445 0.6640625 0.7555555555555555 0.6713541666666667 0.7518518518518519 0.6770833333333334 0.7388888888888889 0.6911458333333333 0.725925925925926 0.7041666666666667 0.7305555555555555 0.7166666666666667 0.7388888888888889 0.7260416666666667 0.7546296296296297 0.7328125 0.7592592592592593 0.7552083333333334 0.7685185185185185 0.7661458333333333 0.7685185185185185 0.7708333333333334 0.774074074074074 0.7755208333333333 0.7888888888888889 0.7895833333333333 0.8101851851851852 0.7984375 0.8185185185185185 0.8052083333333333 0.8351851851851851 0.8145833333333333 0.837037037037037 0.8239583333333333 0.8305555555555556 0.83125 0.8212962962962963 0.8322916666666667 0.8166666666666667 0.8416666666666667 0.8055555555555556 0.859375 0.7731481481481481 0.8640625 0.7555555555555555 0.8677083333333333 0.7509259259259259 0.8744791666666667 0.7342592592592593 0.88125 0.7074074074074074 0.8822916666666667 0.6916666666666667 0.8802083333333334 0.6824074074074075 0.8729166666666667 0.6731481481481482 0.8671875 0.6574074074074074 0.8614583333333333 0.6481481481481481 0.8453125 0.6351851851851852 0.8348958333333333 0.6212962962962963 0.8260416666666667 0.6138888888888889 0.8229166666666666 0.6074074074074074 0.8088541666666667 0.5935185185185186 0.7864583333333334 0.562037037037037 0.7760416666666666 0.5527777777777778 0.7671875 0.5388888888888889 0.7494791666666667 0.5194444444444445 0.7364583333333333 0.5101851851851852 0.7125 0.5074074074074074 0.6833333333333333 0.4981481481481482 0.675 0.4981481481481482 0.6697916666666667 0.5055555555555555 0.65625 0.5453703703703704 0.65625 0.5564814814814815 0.6640625 0.562037037037037 0.6682291666666667 0.5694444444444444 0.6640625 0.5768518518518518 0.6609375 0.5888888888888889 0.6609375 0.5981481481481481 0.6588541666666666 0.600925925925926 0.6463541666666667 0.6027777777777777 0.6364583333333333 0.6175925925925926 0.625 0.6398148148148148 0.6083333333333333 0.6824074074074075 0.6057291666666667 0.7055555555555556 0.60625 0.7185185185185186 0.6005208333333333 0.7194444444444444 0.59375 0.725925925925926
3 0.625 0.4898148148148148 0.6244791666666667 0.5046296296296297 0.6260416666666667 0.5175925925925926 0.6296875 0.5277777777777778 0.6395833333333333 0.5416666666666666 0.65 0.5370370370370371 0.6630208333333333 0.4981481481481482 0.6619791666666667 0.4935185185185185 0.6489583333333333 0.49166666666666664 0.6385416666666667 0.4824074074074074 0.6291666666666667 0.4824074074074074 0.625 0.4898148148148148
3 0.2859375 0.8666666666666667 0.28489583333333335 0.8768518518518519 0.2869791666666667 0.8916666666666667 0.28958333333333336 0.9712962962962963 0.29375 0.9888888888888889 0.30364583333333334 0.9981481481481481 0.3453125 0.9981481481481481 0.353125 0.9962962962962963 0.3578125 0.9888888888888889 0.3625 0.9935185185185185 0.37447916666666664 0.9962962962962963 0.3802083333333333 0.9907407407407407 0.38177083333333334 0.9842592592592593 0.3807291666666667 0.9731481481481481 0.3765625 0.9611111111111111 0.37447916666666664 0.9481481481481482 0.3692708333333333 0.937037037037037 0.36875 0.9305555555555556 0.36302083333333335 0.9185185185185185 0.353125 0.8870370370370371 0.3375 0.8527777777777777 0.33177083333333335 0.8462962962962963 0.33125 0.8416666666666667 0.32916666666666666 0.85 0.3177083333333333 0.850925925925926 0.30364583333333334 0.8638888888888889 0.2859375 0.8666666666666667
3 0.7989583333333333 0.2740740740740741 0.7984375 0.30648148148148147 0.8083333333333333 0.3212962962962963 0.8130208333333333 0.3351851851851852 0.8380208333333333 0.387037037037037 0.8572916666666667 0.39166666666666666 0.8661458333333333 0.3851851851851852 0.8697916666666666 0.3768518518518518 0.8755208333333333 0.37037037037037035 0.8791666666666667 0.35555555555555557 0.878125 0.3416666666666667 0.8682291666666667 0.3101851851851852 0.8484375 0.275 0.8359375 0.262037037037037 0.8078125 0.24166666666666667 0.8057291666666667 0.24259259259259258 0.8020833333333334 0.25277777777777777 0.7989583333333333 0.2740740740740741
3 0.58125 0.7027777777777777 0.5807291666666666 0.7055555555555556 0.5864583333333333 0.7055555555555556 0.5854166666666667 0.7027777777777777 0.58125 0.7027777777777777
3 0.5520833333333334 0.41574074074074074 0.5515625 0.4324074074074074 0.5536458333333333 0.44166666666666665 0.5536458333333333 0.45740740740740743 0.55 0.48518518518518516 0.5489583333333333 0.5111111111111111 0.5526041666666667 0.5351851851851852 0.5526041666666667 0.5796296296296296 0.55625 0.6 0.5682291666666667 0.6277777777777778 0.5739583333333333 0.649074074074074 0.5744791666666667 0.6574074074074074 0.5692708333333333 0.6638888888888889 0.5666666666666667 0.675 0.5760416666666667 0.6759259259259259 0.5796875 0.6805555555555556 0.5796875 0.6907407407407408 0.5739583333333333 0.6981481481481482 0.5768229166666666 0.6981481481481482 0.5776041666666667 0.7027777777777777 0.5807291666666666 0.6962962962962963 0.58203125 0.700925925925926 0.5854166666666667 0.700925925925926 0.5880208333333333 0.6962962962962963 0.59375 0.700925925925926 0.5947916666666667 0.7055555555555556 0.5953125 0.7027777777777777 0.5921875 0.6981481481481482 0.5953125 0.6962962962962963 0.5947916666666667 0.6916666666666667 0.6005208333333333 0.6888888888888889 0.603125 0.6824074074074075 0.6010416666666667 0.6675925925925926 0.6041666666666666 0.6425925925925926 0.6140625 0.6277777777777778 0.6197916666666666 0.6259259259259259 0.6229166666666667 0.6212962962962963 0.625 0.6 0.6322916666666667 0.5842592592592593 0.634375 0.5740740740740741 0.6369791666666667 0.5712962962962963 0.6369791666666667 0.5666666666666667 0.6317708333333333 0.55 0.6291666666666667 0.5462962962962963 0.6260416666666667 0.5462962962962963 0.6208333333333333 0.5370370370370371 0.6072916666666667 0.49537037037037035 0.6067708333333334 0.46944444444444444 0.6119791666666666 0.4324074074074074 0.6098958333333333 0.41944444444444445 0.5994791666666667 0.39351851851851855 0.5927083333333333 0.3851851851851852 0.5848958333333333 0.38055555555555554 0.575 0.37962962962962965 0.56875 0.3824074074074074 0.5588541666666667 0.39444444444444443 0.5520833333333334 0.41574074074074074
3 0.378125 0.9953703703703703 0.3776041666666667 0.9981481481481481 0.46458333333333335 0.9981481481481481 0.4739583333333333 0.9944444444444445 0.4765625 0.9898148148148148 0.4765625 0.9842592592592593 0.4713541666666667 0.9703703703703703 0.46979166666666666 0.9574074074074074 0.4666666666666667 0.950925925925926 0.4625 0.9481481481481482 0.4505208333333333 0.9481481481481482 0.43802083333333336 0.9555555555555556 0.42552083333333335 0.9574074074074074 0.4 0.9694444444444444 0.39010416666666664 0.9777777777777777 0.378125 0.9953703703703703
3 0.5776041666666667 0.4759259259259259 0.5734375 0.4824074074074074 0.5723958333333333 0.487962962962963 0.5677083333333334 0.4925925925925926 0.5598958333333334 0.4962962962962963 0.5546875 0.5027777777777778 0.55 0.5027777777777778 0.55 0.5166666666666667 0.5526041666666667 0.5342592592592592 0.5520833333333334 0.5731481481481482 0.55625 0.6 0.565625 0.6212962962962963 0.5739583333333333 0.649074074074074 0.5734375 0.6564814814814814 0.5635416666666667 0.6638888888888889 0.5625 0.6768518518518518 0.5598958333333334 0.6861111111111111 0.5604166666666667 0.6916666666666667 0.5770833333333333 0.7055555555555556 0.5921875 0.7092592592592593 0.5973958333333333 0.7027777777777777 0.5989583333333334 0.6907407407407408 0.6015625 0.6888888888888889 0.6041666666666666 0.6805555555555556 0.6015625 0.6675925925925926 0.603125 0.6638888888888889 0.6020833333333333 0.6592592592592592 0.6046875 0.6425925925925926 0.6072916666666667 0.6351851851851852 0.6229166666666667 0.6212962962962963 0.625 0.600925925925926 0.6328125 0.5851851851851851 0.6369791666666667 0.5666666666666667 0.6348958333333333 0.5638888888888889 0.6348958333333333 0.5574074074074075 0.6317708333333333 0.5527777777777778 0.6307291666666667 0.5462962962962963 0.6270833333333333 0.5462962962962963 0.6171875 0.5277777777777778 0.6041666666666666 0.4824074074074074 0.5994791666666667 0.48055555555555557 0.596875 0.4759259259259259 0.5875 0.4759259259259259 0.5848958333333333 0.47129629629629627 0.5776041666666667 0.4759259259259259