1 0.3692708333333333 0.7814814814814814 0.36875 0.7888888888888889 0.3734375 0.8194444444444444 0.38958333333333334 0.8212962962962963 0.39375 0.8296296296296296 0.39791666666666664 0.8296296296296296 0.4010416666666667 0.8388888888888889 0.4041666666666667 0.8388888888888889 0.4041666666666667 0.8148148148148148 0.4 0.8138888888888889 0.3921875 0.8009259259259259 0.38958333333333334 0.8009259259259259 0.384375 0.7870370370370371 0.38177083333333334 0.7861111111111111 0.38229166666666664 0.7805555555555556 0.3776041666666667 0.774074074074074 0.3723958333333333 0.774074074074074 0.3703125 0.7759259259259259 0.3692708333333333 0.7814814814814814
1 0.259375 0.6916666666666667 0.25677083333333334 0.6935185185185185 0.25833333333333336 0.6944444444444444 0.259375 0.6916666666666667
1 0.23697916666666666 0.6935185185185185 0.23697916666666666 0.6962962962962963 0.24114583333333334 0.6935185185185185 0.24166666666666667 0.6962962962962963 0.24479166666666666 0.6916666666666667 0.23697916666666666 0.6935185185185185
1 0.30625 0.36203703703703705 0.30520833333333336 0.3685185185185185 0.3067708333333333 0.36944444444444446 0.309375 0.3638888888888889 0.30625 0.36203703703703705
1 0.09947916666666666 0.002777777777777778 0.0984375 0.011111111111111112 0.1015625 0.02962962962962963 0.10520833333333333 0.03888888888888889 0.1078125 0.05555555555555555 0.11458333333333333 0.08055555555555556 0.12083333333333333 0.09444444444444444 0.12083333333333333 0.10277777777777777 0.12708333333333333 0.12962962962962962 0.1359375 0.15 0.1390625 0.16203703703703703 0.1421875 0.1648148148148148 0.14947916666666666 0.1824074074074074 0.15104166666666666 0.1935185185185185 0.16041666666666668 0.2101851851851852 0.16458333333333333 0.23055555555555557 0.16927083333333334 0.23333333333333334 0.17604166666666668 0.2574074074074074 0.18072916666666666 0.26481481481481484 0.19270833333333334 0.3 0.209375 0.3351851851851852 0.2125 0.34629629629629627 0.22291666666666668 0.36203703703703705 0.22708333333333333 0.3731481481481482 0.23333333333333334 0.37962962962962965 0.24270833333333333 0.3824074074074074 0.2557291666666667 0.38055555555555554 0.27239583333333334 0.3712962962962963 0.28541666666666665 0.37777777777777777 0.3026041666666667 0.4101851851851852 0.3067708333333333 0.41388888888888886 0.3078125 0.4222222222222222 0.3125 0.42777777777777776 0.3182291666666667 0.42777777777777776 0.31927083333333334 0.4361111111111111 0.3229166666666667 0.4388888888888889 0.32447916666666665 0.44351851851851853 0.31979166666666664 0.44907407407407407 0.3182291666666667 0.45555555555555555 0.3229166666666667 0.4648148148148148 0.3265625 0.48055555555555557 0.33697916666666666 0.4981481481481482 0.3385416666666667 0.5055555555555555 0.353125 0.5259259259259259 0.3567708333333333 0.5416666666666666 0.3723958333333333 0.5666666666666667 0.37447916666666664 0.5842592592592593 0.37083333333333335 0.5962962962962963 0.3703125 0.6046296296296296 0.3734375 0.612037037037037 0.39375 0.6351851851851852 0.4010416666666667 0.6481481481481481 0.41875 0.6648148148148149 0.425 0.6759259259259259 0.43020833333333336 0.6805555555555556 0.4322916666666667 0.687037037037037 0.4484375 0.7055555555555556 0.45208333333333334 0.7138888888888889 0.48072916666666665 0.7546296296296297 0.5166666666666667 0.7944444444444444 0.51875 0.8 0.53125 0.812037037037037 0.5484375 0.837037037037037 0.5572916666666666 0.8462962962962963 0.5776041666666667 0.8888888888888888 0.5854166666666667 0.8962962962962963 0.5895833333333333 0.9046296296296297 0.5927083333333333 0.9055555555555556 0.6098958333333333 0.9324074074074075 0.6171875 0.9453703703703704 0.6213541666666667 0.9592592592592593 0.6291666666666667 0.9685185185185186 0.6401041666666667 0.9916666666666667 0.6458333333333334 0.9962962962962963 0.65625 0.9981481481481481 0.6817708333333333 0.9981481481481481 0.690625 0.9935185185185185 0.6927083333333334 0.9898148148148148 0.69375 0.9648148148148148 0.6854166666666667 0.9305555555555556 0.6765625 0.9138888888888889 0.6776041666666667 0.8962962962962963 0.6682291666666667 0.8981481481481481 0.665625 0.8944444444444445 0.6609375 0.8944444444444445 0.6557291666666667 0.9009259259259259 0.6505208333333333 0.9009259259259259 0.6421875 0.8870370370370371 0.6411458333333333 0.8731481481481481 0.63125 0.8574074074074074 0.6161458333333333 0.8212962962962963 0.6072916666666667 0.8074074074074075 0.6057291666666667 0.7981481481481482 0.59375 0.7796296296296297 0.5911458333333334 0.7685185185185185 0.5848958333333333 0.7555555555555555 0.5807291666666666 0.7518518518518519 0.5625 0.7092592592592593 0.5526041666666667 0.6962962962962963 0.55 0.6888888888888889 0.5380208333333333 0.6703703703703704 0.5364583333333334 0.6638888888888889 0.5276041666666667 0.6527777777777778 0.5208333333333334 0.6481481481481481 0.5052083333333334 0.6277777777777778 0.5 0.625 0.4947916666666667 0.6185185185185185 0.49166666666666664 0.6101851851851852 0.4708333333333333 0.5962962962962963 0.4671875 0.5898148148148148 0.4640625 0.5888888888888889 0.4510416666666667 0.5731481481481482 0.42291666666666666 0.5574074074074075 0.41041666666666665 0.5398148148148149 0.40625 0.5370370370370371 0.4036458333333333 0.5305555555555556 0.4010416666666667 0.5305555555555556 0.4 0.5259259259259259 0.39375 0.5231481481481481 0.38229166666666664 0.5046296296296297 0.3796875 0.4962962962962963 0.37604166666666666 0.4935185185185185 0.3734375 0.48055555555555557 0.3697916666666667 0.4759259259259259 0.36822916666666666 0.462037037037037 0.3567708333333333 0.44351851851851853 0.35625 0.43703703703703706 0.35 0.42777777777777776 0.34791666666666665 0.4166666666666667 0.34479166666666666 0.4148148148148148 0.340625 0.40555555555555556 0.33489583333333334 0.4027777777777778 0.33177083333333335 0.3962962962962963 0.32447916666666665 0.38981481481481484 0.31979166666666664 0.3888888888888889 0.3171875 0.3824074074074074 0.31145833333333334 0.37777777777777777 0.309375 0.37777777777777777 0.30520833333333336 0.3851851851851852 0.2921875 0.3824074074074074 0.29010416666666666 0.37962962962962965 0.28958333333333336 0.37222222222222223 0.2921875 0.3675925925925926 0.29791666666666666 0.3648148148148148 0.28958333333333336 0.36203703703703705 0.2869791666666667 0.32314814814814813 0.28020833333333334 0.30277777777777776 0.2765625 0.29907407407407405 0.275 0.2935185185185185 0.27708333333333335 0.262037037037037 0.275 0.25462962962962965 0.27447916666666666 0.23055555555555557 0.26927083333333335 0.21574074074074073 0.2703125 0.17777777777777778 0.26875 0.15 0.26666666666666666 0.14074074074074075 0.26875 0.12314814814814815 0.26875 0.046296296296296294 0.2640625 0.025925925925925925 0.25416666666666665 0.005555555555555556 0.2484375 0 0.20572916666666666 0 0.20260416666666667 0.002777777777777778 0.18020833333333333 0.004629629629629629 0.1546875 0.000925925925925926 0.12916666666666668 0.004629629629629629 0.11875 0.002777777777777778 0.11666666666666667 0 0.09947916666666666 0.002777777777777778
1 0.29296875 0.07407407407407407 0.0005208333333333333 0.001851851851851852
1 0.2791666666666667 0.03518518518518519 0.2765625 0.03981481481481482 0.2786458333333333 0.049074074074074076 0.2765625 0.06018518518518518 0.278125 0.06388888888888888 0.28125 0.06388888888888888 0.278125 0.07037037037037037 0.2796875 0.075 0.28229166666666666 0.05740740740740741 0.2869791666666667 0.05925925925925926 0.29010416666666666 0.053703703703703705 0.2916666666666667 0.05740740740740741 0.29375 0.03981481481481482 0.2916666666666667 0.037037037037037035 0.29322916666666665 0.032407407407407406 0.2890625 0.03981481481481482 0.28229166666666666 0.03888888888888889 0.2791666666666667 0.03518518518518519
1 0.2765625 0.10555555555555556 0.27708333333333335 0.11388888888888889 0.2791666666666667 0.11851851851851852 0.2838541666666667 0.11388888888888889 0.28802083333333334 0.11388888888888889 0.2890625 0.11666666666666667 0.2947916666666667 0.11666666666666667 0.2989583333333333 0.12129629629629629 0.296875 0.13055555555555556 0.2864583333333333 0.13240740740740742 0.2833333333333333 0.1388888888888889 0.28541666666666665 0.14444444444444443 0.28229166666666666 0.15 0.275 0.14907407407407408 0.2755208333333333 0.1574074074074074 0.28177083333333336 0.1638888888888889 0.2755208333333333 0.20555555555555555 0.27708333333333335 0.21666666666666667 0.28177083333333336 0.23055555555555557 0.2942708333333333 0.23425925925925925 0.3 0.26481481481481484 0.29270833333333335 0.2814814814814815 0.29322916666666665 0.2861111111111111 0.28802083333333334 0.28888888888888886 0.28854166666666664 0.29259259259259257 0.2864583333333333 0.29444444444444445 0.2859375 0.30277777777777776 0.2890625 0.31203703703703706 0.30572916666666666 0.33611111111111114 0.3140625 0.36018518518518516 0.3234375 0.37962962962962965 0.32916666666666666 0.3851851851851852 0.3328125 0.39351851851851855 0.33489583333333334 0.39351851851851855 0.3390625 0.4046296296296296 0.3421875 0.40555555555555556 0.3489583333333333 0.4148148148148148 0.35625 0.43333333333333335 0.3619791666666667 0.4398148148148148 0.36354166666666665 0.45 0.3703125 0.4648148148148148 0.3802083333333333 0.47962962962962963 0.3828125 0.49166666666666664 0.39375 0.5092592592592593 0.39479166666666665 0.5138888888888888 0.4046875 0.5222222222222223 0.4088541666666667 0.5351851851851852 0.4171875 0.5435185185185185 0.4244791666666667 0.5555555555555556 0.43072916666666666 0.5555555555555556 0.4375 0.562037037037037 0.446875 0.5638888888888889 0.46041666666666664 0.5740740740740741 0.4708333333333333 0.5888888888888889 0.509375 0.6212962962962963 0.5145833333333333 0.6305555555555555 0.5223958333333333 0.6370370370370371 0.5276041666666667 0.6462962962962963 0.5359375 0.6546296296296297 0.5661458333333333 0.7074074074074074 0.5708333333333333 0.7231481481481481 0.5828125 0.7435185185185185 0.5864583333333333 0.7546296296296297 0.59375 0.7648148148148148 0.5994791666666667 0.7833333333333333 0.6057291666666667 0.7888888888888889 0.6109375 0.7981481481481482 0.6130208333333333 0.8092592592592592 0.6229166666666667 0.8231481481481482 0.6286458333333333 0.8435185185185186 0.6385416666666667 0.8555555555555555 0.6572916666666667 0.8574074074074074 0.6630208333333333 0.8527777777777777 0.6885416666666667 0.8555555555555555 0.6932291666666667 0.8481481481481481 0.7005208333333334 0.825925925925926 0.7166666666666667 0.7962962962962963 0.7255208333333333 0.775 0.728125 0.7731481481481481 0.7385416666666667 0.7481481481481481 0.7875 0.6685185185185185 0.7942708333333334 0.6601851851851852 0.8145833333333333 0.6444444444444445 0.8375 0.6324074074074074 0.85625 0.6277777777777778 0.8796875 0.6296296296296297 0.8869791666666667 0.6212962962962963 0.8927083333333333 0.6064814814814815 0.9083333333333333 0.5805555555555556 0.9489583333333333 0.5324074074074074 0.9557291666666666 0.5148148148148148 0.9604166666666667 0.48703703703703705 0.9609375 0.47314814814814815 0.9583333333333334 0.45555555555555555 0.9520833333333333 0.44814814814814813 0.9515625 0.44166666666666665 0.94375 0.42592592592592593 0.9375 0.3962962962962963 0.9375 0.38981481481481484 0.9338541666666667 0.3824074074074074 0.9317708333333333 0.3574074074074074 0.925 0.3425925925925926 0.925 0.33240740740740743 0.9192708333333334 0.30277777777777776 0.9119791666666667 0.2935185185185185 0.9119791666666667 0.275 0.9104166666666667 0.2712962962962963 0.9052083333333333 0.26666666666666666 0.9010416666666666 0.26666666666666666 0.8916666666666667 0.25277777777777777 0.8869791666666667 0.25092592592592594 0.8833333333333333 0.2388888888888889 0.8708333333333333 0.21666666666666667 0.8671875 0.20555555555555555 0.8645833333333334 0.20462962962962963 0.8552083333333333 0.18703703703703703 0.8505208333333333 0.18425925925925926 0.846875 0.17777777777777778 0.8442708333333333 0.17777777777777778 0.8375 0.18981481481481483 0.8354166666666667 0.20462962962962963 0.8375 0.21388888888888888 0.8432291666666667 0.21944444444444444 0.8541666666666666 0.24351851851851852 0.8567708333333334 0.27870370370370373 0.8598958333333333 0.2861111111111111 0.8604166666666667 0.29259259259259257 0.8567708333333334 0.29444444444444445 0.8489583333333334 0.3055555555555556 0.8375 0.3101851851851852 0.8307291666666666 0.3101851851851852 0.8234375 0.30277777777777776 0.8130208333333333 0.30092592592592593 0.8067708333333333 0.2935185185185185 0.8041666666666667 0.2935185185185185 0.8026041666666667 0.28888888888888886 0.7942708333333334 0.2814814814814815 0.7932291666666667 0.2712962962962963 0.7911458333333333 0.26851851851851855 0.7921875 0.2601851851851852 0.7854166666666667 0.25277777777777777 0.7796875 0.2388888888888889 0.7755208333333333 0.2388888888888889 0.7661458333333333 0.21388888888888888 0.7625 0.20925925925925926 0.7619791666666667 0.1962962962962963 0.7583333333333333 0.18703703703703703 0.7583333333333333 0.1787037037037037 0.7614583333333333 0.16574074074074074 0.7640625 0.16203703703703703 0.7723958333333333 0.16018518518518518 0.76875 0.15648148148148147 0.7697916666666667 0.15092592592592594 0.7661458333333333 0.14351851851851852 0.7630208333333334 0.14166666666666666 0.759375 0.13240740740740742 0.7479166666666667 0.12777777777777777 0.7197916666666667 0.1259259259259259 0.7078125 0.12129629629629629 0.6953125 0.11018518518518519 0.6864583333333333 0.0962962962962963 0.68125 0.09351851851851851 0.6697916666666667 0.075 0.6682291666666667 0.05648148148148148 0.6692708333333334 0.04537037037037037 0.6729166666666667 0.03518518518518519 0.6723958333333333 0.03148148148148148 0.675 0.02962962962962963 0.6765625 0.021296296296296296 0.675 0.013888888888888888 0.671875 0.016666666666666666 0.6708333333333333 0.012037037037037037 0.6640625 0.005555555555555556 0.65 0.009259259259259259 0.6479166666666667 0.004629629629629629 0.6380208333333334 0.004629629629629629 0.6317708333333333 0 0.5744791666666667 0 0.5723958333333333 0.002777777777777778 0.5692708333333333 0.002777777777777778 0.56875 0 0.4953125 0 0.49270833333333336 0.002777777777777778 0.478125 0.002777777777777778 0.46822916666666664 0.007407407407407408 0.46041666666666664 0.005555555555555556 0.4510416666666667 0.013888888888888888 0.42864583333333334 0.018518518518518517 0.42604166666666665 0.023148148148148147 0.42239583333333336 0.023148148148148147 0.4171875 0.032407407407407406 0.40989583333333335 0.032407407407407406 0.4036458333333333 0.03981481481481482 0.3932291666666667 0.044444444444444446 0.38958333333333334 0.049074074074074076 0.38958333333333334 0.06851851851851852 0.4078125 0.15092592592592594 0.4140625 0.16203703703703703 0.4322916666666667 0.16018518518518518 0.44114583333333335 0.1685185185185185 0.4473958333333333 0.1814814814814815 0.4484375 0.2 0.44583333333333336 0.2101851851851852 0.4354166666666667 0.21666666666666667 0.4265625 0.25277777777777777 0.4114583333333333 0.28055555555555556 0.40729166666666666 0.2824074074074074 0.40572916666666664 0.28703703703703703 0.4015625 0.28888888888888886 0.3963541666666667 0.2962962962962963 0.36875 0.3074074074074074 0.3671875 0.3101851851851852 0.3484375 0.3101851851851852 0.34375 0.3074074074074074 0.3260416666666667 0.2777777777777778 0.325 0.24722222222222223 0.32760416666666664 0.21203703703703702 0.32447916666666665 0.18703703703703703 0.3223958333333333 0.1814814814814815 0.321875 0.1712962962962963 0.3182291666666667 0.16296296296296298 0.3177083333333333 0.15092592592592594 0.3078125 0.1259259259259259 0.3067708333333333 0.11481481481481481 0.30104166666666665 0.11203703703703703 0.3 0.08888888888888889 0.29583333333333334 0.08981481481481482 0.29375 0.08518518518518518 0.28489583333333335 0.08703703703703704 0.28229166666666666 0.08981481481481482 0.28229166666666666 0.09444444444444444 0.2786458333333333 0.09814814814814815 0.2765625 0.10555555555555556
1 0.29583333333333334 0.34629629629629627 0.2953125 0.34814814814814815 0.30104166666666665 0.34814814814814815 0.3 0.3435185185185185 0.29583333333333334 0.34629629629629627
1 0.8598958333333333 0.31666666666666665 0.8578125 0.3175925925925926 0.8598958333333333 0.31666666666666665
1 0.8622395833333333 0.21296296296296297 0.0005208333333333333 0.001851851851851852
1 0.8557291666666667 0.21203703703703702 0.8484375 0.21203703703703702 0.85 0.21481481481481482 0.8494791666666667 0.2222222222222222 0.8541666666666666 0.22407407407407406 0.8541666666666666 0.23055555555555557 0.8552083333333333 0.22592592592592592 0.8572916666666667 0.23055555555555557 0.8583333333333333 0.22407407407407406 0.8609375 0.22777777777777777 0.8645833333333334 0.22407407407407406 0.8692708333333333 0.22592592592592592 0.8677083333333333 0.2212962962962963 0.86875 0.21944444444444444 0.8645833333333334 0.2212962962962963 0.8625 0.21666666666666667 0.859375 0.21666666666666667 0.8557291666666667 0.21203703703703702
1 0.19244791666666666 0.006481481481481481 0.0005208333333333333 0.001851851851851852
1 0.18020833333333333 0.005555555555555556 0.1796875 0.007407407407407408 0.18333333333333332 0.005555555555555556 0.18541666666666667 0.009259259259259259 0.1875 0.007407407407407408 0.18020833333333333 0.005555555555555556
1 0.10625 0.002777777777777778 0.10052083333333334 0.007407407407407408 0.09895833333333333 0.004629629629629629 0.1015625 0.025925925925925925 0.1078125 0.03888888888888889 0.1078125 0.049074074074074076 0.11197916666666667 0.06851851851851852 0.11875 0.08888888888888889 0.12291666666666666 0.09351851851851851 0.12291666666666666 0.10925925925925926 0.1296875 0.13425925925925927 0.1359375 0.14444444444444443 0.13958333333333334 0.16018518518518518 0.14583333333333334 0.1685185185185185 0.15416666666666667 0.1935185185185185 0.15989583333333332 0.2 0.1640625 0.21203703703703702 0.1640625 0.21666666666666667 0.16875 0.21944444444444444 0.16927083333333334 0.23055555555555557 0.1734375 0.23981481481481481 0.17447916666666666 0.25 0.17708333333333334 0.25277777777777777 0.18072916666666666 0.262037037037037 0.18125 0.26851851851851855 0.1875 0.2796296296296296 0.18854166666666666 0.2851851851851852 0.19166666666666668 0.28888888888888886 0.19322916666666667 0.3 0.1984375 0.3074074074074074 0.209375 0.3351851851851852 0.22552083333333334 0.36666666666666664 0.23072916666666668 0.37592592592592594 0.23958333333333334 0.38055555555555554 0.2526041666666667 0.37962962962962965 0.26614583333333336 0.375 0.26927083333333335 0.3712962962962963 0.28177083333333336 0.3731481481481482 0.2911458333333333 0.3675925925925926 0.2989583333333333 0.3851851851851852 0.29583333333333334 0.38981481481481484 0.30052083333333335 0.4046296296296296 0.31197916666666664 0.40555555555555556 0.31354166666666666 0.4083333333333333 0.3140625 0.4185185185185185 0.3182291666666667 0.4166666666666667 0.3203125 0.4212962962962963 0.32447916666666665 0.4185185185185185 0.32916666666666666 0.42777777777777776 0.3260416666666667 0.4351851851851852 0.32864583333333336 0.44537037037037036 0.32395833333333335 0.45555555555555555 0.32083333333333336 0.45740740740740743 0.32447916666666665 0.462037037037037 0.32708333333333334 0.4759259259259259 0.3385416666666667 0.5018518518518519 0.34375 0.5092592592592593 0.3489583333333333 0.5120370370370371 0.35 0.5203703703703704 0.3546875 0.5259259259259259 0.3578125 0.5407407407407407 0.375 0.5685185185185185 0.375 0.5842592592592593 0.371875 0.6055555555555555 0.37552083333333336 0.6138888888888889 0.3932291666666667 0.6324074074074074 0.4 0.6462962962962963 0.40520833333333334 0.649074074074074 0.4088541666666667 0.6555555555555556 0.41822916666666665 0.6638888888888889 0.4390625 0.6962962962962963 0.4484375 0.7055555555555556 0.45208333333333334 0.7138888888888889 0.46041666666666664 0.7231481481481481 0.48125 0.7546296296296297 0.5145833333333333 0.7935185185185185 0.5166666666666667 0.7935185185185185 0.5197916666666667 0.8 0.5229166666666667 0.8009259259259259 0.55 0.8388888888888889 0.5567708333333333 0.8444444444444444 0.565625 0.8592592592592593 0.5760416666666667 0.8842592592592593 0.5979166666666667 0.9111111111111111 0.6375 0.9842592592592593 0.6453125 0.9944444444444445 0.6807291666666667 0.9962962962962963 0.6859375 0.9935185185185185 0.6916666666666667 0.9851851851851852 0.6927083333333334 0.9731481481481481 0.6859375 0.9324074074074075 0.6802083333333333 0.9194444444444444 0.6765625 0.9185185185185185 0.671875 0.9101851851851852 0.671875 0.9064814814814814 0.675 0.9046296296296297 0.6734375 0.9009259259259259 0.675 0.899074074074074 0.6697916666666667 0.8962962962962963 0.6692708333333334 0.8935185185185185 0.6640625 0.8962962962962963 0.6619791666666667 0.8935185185185185 0.65 0.8935185185185185 0.6473958333333333 0.8888888888888888 0.64375 0.8888888888888888 0.6416666666666667 0.8759259259259259 0.6421875 0.8685185185185185 0.6390625 0.8638888888888889 0.6397322916666667 0.8601851851851852 0.65625 0.8601851851851852 0.6630208333333333 0.8546296296296296 0.6885416666666667 0.8546296296296296 0.7 0.825925925925926 0.7036458333333333 0.8212962962962963 0.7072916666666667 0.8092592592592592 0.7104166666666667 0.8074074074074075 0.7203125 0.7842592592592592 0.728125 0.7712962962962963 0.73125 0.7601851851851852 0.734375 0.7574074074074074 0.7635416666666667 0.7027777777777777 0.76875 0.6981481481481482 0.7744791666666667 0.6851851851851852 0.7786458333333334 0.6824074074074075 0.7880208333333333 0.6666666666666666 0.8015625 0.6509259259259259 0.8276041666666667 0.6351851851851852 0.846875 0.6277777777777778 0.8822916666666667 0.6231481481481481 0.8869791666666667 0.6166666666666667 0.8885416666666667 0.6092592592592593 0.9125 0.5731481481481482 0.9484375 0.5296296296296297 0.9505208333333334 0.5175925925925926 0.95625 0.5027777777777778 0.9578125 0.4824074074074074 0.9546875 0.47314814814814815 0.9552083333333333 0.4666666666666667 0.95 0.4601851851851852 0.9473958333333333 0.44722222222222224 0.9479166666666666 0.44166666666666665 0.9416666666666667 0.4305555555555556 0.940625 0.41388888888888886 0.9333333333333333 0.39351851851851855 0.9296875 0.3592592592592593 0.9244791666666666 0.3527777777777778 0.9208333333333333 0.35185185185185186 0.9182291666666667 0.34629629629629627 0.9203125 0.33240740740740743 0.9182291666666667 0.3277777777777778 0.9182291666666667 0.31851851851851853 0.9145833333333333 0.3194444444444444 0.9119791666666667 0.32592592592592595 0.9078125 0.32407407407407407 0.9057291666666667 0.3175925925925926 0.9078125 0.3138888888888889 0.9052083333333333 0.30648148148148147 0.90625 0.30277777777777776 0.9 0.30462962962962964 0.8932291666666666 0.29444444444444445 0.8869791666666667 0.2935185185185185 0.8848958333333333 0.28425925925925927 0.878125 0.28055555555555556 0.8786458333333333 0.2712962962962963 0.8822916666666667 0.26851851851851855 0.8911458333333333 0.26851851851851855 0.8881942708333334 0.26851851851851855 0.8895833333333333 0.26481481481481484 0.8854166666666666 0.2638888888888889 0.8786458333333333 0.2564814814814815 0.8802083333333334 0.24351851851851852 0.8786458333333333 0.2462962962962963 0.8772567708333334 0.24351851851851852 0.8645833333333334 0.24351851851851852 0.8598958333333333 0.2462962962962963 0.8635416666666667 0.2574074074074074 0.8598958333333333 0.26481481481481484 0.8609375 0.27870370370370373 0.8640625 0.2824074074074074 0.8661458333333333 0.2898148148148148 0.8645833333333334 0.3 0.8697916666666666 0.3055555555555556 0.86875 0.3101851851851852 0.8625 0.31666666666666665 0.8635416666666667 0.32314814814814813 0.8609375 0.3296296296296296 0.8578125 0.3296296296296296 0.8567708333333334 0.32407407407407407 0.8515625 0.31666666666666665 0.8463541666666666 0.3194444444444444 0.8395833333333333 0.31666666666666665 0.8348958333333333 0.3212962962962963 0.83125 0.3212962962962963 0.83125 0.32592592592592595 0.8265625 0.33055555555555555 0.8203125 0.3277777777777778 0.81875 0.32314814814814813 0.8151041666666666 0.32037037037037036 0.8192708333333333 0.3138888888888889 0.8177083333333334 0.3101851851851852 0.8130208333333333 0.3138888888888889 0.8098958333333334 0.3101851851851852 0.8104166666666667 0.3055555555555556 0.8078125 0.30277777777777776 0.8015625 0.3055555555555556 0.7953125 0.30092592592592593 0.7932291666666667 0.28888888888888886 0.7921875 0.2916666666666667 0.7885416666666667 0.28888888888888886 0.7875 0.28055555555555556 0.7817708333333333 0.2796296296296296 0.7802083333333333 0.2759259259259259 0.7807291666666667 0.2638888888888889 0.7744791666666667 0.25555555555555554 0.7739583333333333 0.24166666666666667 0.7708333333333334 0.23703703703703705 0.76875 0.22407407407407406 0.7614583333333333 0.21203703703703702 0.7505208333333333 0.2101851851851852 0.7489583333333333 0.2074074074074074 0.7520833333333333 0.20092592592592592 0.7546875 0.20277777777777778 0.7526041666666666 0.19722222222222222 0.75625 0.18981481481481483 0.7578125 0.18055555555555555 0.7583333333333333 0.16666666666666666 0.7609375 0.15462962962962962 0.7578125 0.13703703703703704 0.7546875 0.13703703703703704 0.7520833333333333 0.13240740740740742 0.7479166666666667 0.13055555555555556 0.7208333333333333 0.12777777777777777 0.7057291666666666 0.12129629629629629 0.6947916666666667 0.11203703703703703 0.6859375 0.09814814814814815 0.6828125 0.09814814814814815 0.6703125 0.0824074074074074 0.6666666666666666 0.053703703703703705 0.6692708333333334 0.03148148148148148 0.675 0.021296296296296296 0.6713541666666667 0.018518518518518517 0.675 0.014814814814814815 0.675 0.009259259259259259 0.671875 0.005555555555555556 0.6572916666666667 0.005555555555555556 0.6546875 0.010185185185185186 0.65 0.012037037037037037 0.6479166666666667 0.005555555555555556 0.6421875 0.007407407407407408 0.63125 0 0.5739583333333333 0 0.5729166666666666 0.002777777777777778 0.5692708333333333 0.002777777777777778 0.5682291666666667 0 0.49375 0 0.49114583333333334 0.002777777777777778 0.46979166666666666 0.002777777777777778 0.46145833333333336 0.005555555555555556 0.45989583333333334 0.009259259259259259 0.44895833333333335 0.012037037037037037 0.44479166666666664 0.010185185185185186 0.4432291666666667 0.014814814814814815 0.4375 0.013888888888888888 0.43645833333333334 0.007407407407407408 0.4005208333333333 0.009259259259259259 0.39947916666666666 0.017592592592592594 0.3958333333333333 0.021296296296296296 0.3984375 0.025 0.3984375 0.02962962962962963 0.38958333333333334 0.030555555555555555 0.3885416666666667 0.03518518518518519 0.3927083333333333 0.03888888888888889 0.38958333333333334 0.05092592592592592 0.39010416666666664 0.06851851851851852 0.39895833333333336 0.10277777777777777 0.4041666666666667 0.13703703703703704 0.40625 0.1398148148148148 0.40729166666666666 0.14814814814814814 0.4140625 0.16018518518518518 0.4322916666666667 0.16203703703703703 0.43333333333333335 0.1685185185185185 0.43802083333333336 0.16944444444444445 0.4390625 0.17592592592592593 0.4427083333333333 0.1787037037037037 0.4473958333333333 0.19166666666666668 0.4473958333333333 0.20462962962962963 0.4453125 0.2101851851851852 0.43854166666666666 0.21203703703703702 0.4354166666666667 0.21666666666666667 0.43125 0.24074074074074073 0.425 0.25925925925925924 0.42135416666666664 0.262037037037037 0.4161458333333333 0.275 0.39947916666666666 0.29444444444444445 0.390625 0.30092592592592593 0.38125 0.30277777777777776 0.3796875 0.3055555555555556 0.36354166666666665 0.31203703703703706 0.3484375 0.31203703703703706 0.33697916666666666 0.3 0.3255208333333333 0.27685185185185185 0.32447916666666665 0.23148148148148148 0.32760416666666664 0.21944444444444444 0.32708333333333334 0.2101851851851852 0.325 0.2037037037037037 0.321875 0.17592592592592593 0.3182291666666667 0.1675925925925926 0.3171875 0.15092592592592594 0.3078125 0.125 0.30364583333333334 0.09814814814814815 0.2942708333333333 0.06574074074074074 0.2953125 0.05462962962962963 0.29322916666666665 0.037037037037037035 0.27708333333333335 0.03888888888888889 0.2755208333333333 0.075 0.2682291666666667 0.07592592592592592 0.26875 0.06944444444444445 0.26458333333333334 0.05648148148148148 0.26666666666666666 0.046296296296296294 0.2640625 0.027777777777777776 0.24791666666666667 0.000925925925925926 0.2125 0 0.21145833333333333 0.002777777777777778 0.20729166666666668 0.002777777777777778 0.20572916666666666 0 0.2 0.004629629629629629 0.20572916666666666 0.011111111111111112 0.20260416666666667 0.016666666666666666 0.19895833333333332 0.014814814814814815 0.19270833333333334 0.018518518518518517 0.1796875 0.019444444444444445 0.175 0.01574074074074074 0.1734375 0.005555555555555556 0.16510416666666666 0.002777777777777778 0.16302083333333334 0.002777777777777778 0.1609375 0.007407407407407408 0.14479166666666668 0.005555555555555556 0.13489583333333333 0.007407407407407408 0.13020833333333334 0.012037037037037037 0.12395833333333334 0.009259259259259259 0.12552083333333333 0.004629629629629629 0.12395833333333334 0.002777777777777778 0.10625 0.002777777777777778
3 0.6880208333333333 0.887962962962963 0.6864583333333333 0.8981481481481481 0.6875 0.9101851851851852 0.6953125 0.9388888888888889 0.6989583333333333 0.9444444444444444 0.7083333333333334 0.975925925925926 0.7130208333333333 0.9851851851851852 0.71875 0.9888888888888889 0.7494791666666667 0.9898148148148148 0.7744791666666667 0.9981481481481481 0.9854166666666667 0.9981481481481481 0.9994791666666667 0.9935185185185185 0.9994791666666667 0.6842592592592592 0.9963541666666667 0.6824074074074075 0.9994791666666667 0.6777777777777778 0.9994791666666667 0.5046296296296297 0.9932291666666667 0.5027777777777778 0.9755208333333333 0.5166666666666667 0.9322916666666666 0.562037037037037 0.9026041666666667 0.600925925925926 0.89375 0.6203703703703703 0.8890625 0.6259259259259259 0.8864583333333333 0.6370370370370371 0.8484375 0.6370370370370371 0.8375 0.6398148148148148 0.8135416666666667 0.6527777777777778 0.7875 0.6777777777777778 0.7598958333333333 0.7222222222222222 0.7427083333333333 0.7592592592592593 0.73125 0.7759259259259259 0.7286458333333333 0.7851851851851852 0.7026041666666667 0.837037037037037 0.6880208333333333 0.887962962962963
3 0.9640625 0.2111111111111111 0.9635416666666666 0.2490740740740741 0.9682291666666667 0.2712962962962963 0.9697916666666667 0.31203703703703706 0.9796875 0.35462962962962963 0.9765625 0.4074074074074074 0.9791666666666666 0.41203703703703703 0.9796875 0.4287037037037037 0.9828125 0.4425925925925926 0.9880208333333333 0.4527777777777778 0.9947916666666666 0.45555555555555555 0.9994791666666667 0.4527777777777778 0.9994791666666667 0.4351851851851852 0.9947916666666666 0.43148148148148147 0.9953125 0.42685185185185187 0.9973958333333334 0.425 0.9947916666666666 0.41388888888888886 0.9994791666666667 0.40925925925925927 0.996875 0.4083333333333333 0.9947916666666666 0.4027777777777778 0.9942708333333333 0.4 0.9973958333333334 0.39351851851851855 0.9932291666666667 0.3861111111111111 0.9953125 0.37037037037037035 0.9994791666666667 0.3685185185185185 0.9953125 0.3648148148148148 0.99375 0.35833333333333334 0.9994791666666667 0.35555555555555557 0.9953125 0.35555555555555557 0.9942708333333333 0.34444444444444444 0.9958333333333333 0.3416666666666667 0.9994791666666667 0.3416666666666667 0.9994791666666667 0.3388888888888889 0.996875 0.33796296296296297 0.99375 0.3314814814814815 0.9994791666666667 0.3296296296296296 0.9994791666666667 0.32314814814814813 0.9963541666666667 0.32037037037037036 0.9942708333333333 0.3101851851851852 0.9854166666666667 0.30648148148148147 0.9942708333333333 0.2962962962962963 0.9942708333333333 0.2574074074074074 0.9958333333333333 0.25555555555555554 0.9942708333333333 0.23333333333333334 0.9963541666666667 0.22407407407407406 0.9953125 0.21851851851851853 0.9994791666666667 0.21666666666666667 0.9994791666666667 0.18055555555555555 0.9973958333333334 0.1787037037037037 0.9994791666666667 0.17592592592592593 0.9994791666666667 0.15 0.9895833333333334 0.15092592592592594 0.9770833333333333 0.1675925925925926 0.9755208333333333 0.175 0.9697916666666667 0.18518518518518517 0.96875 0.1962962962962963 0.9640625 0.2111111111111111
3 0.6880208333333333 0.8870370370370371 0.6880208333333333 0.9111111111111111 0.6958333333333333 0.9388888888888889 0.70625 0.9648148148148148 0.7083333333333334 0.975925925925926 0.7135416666666666 0.9851851851851852 0.71875 0.9888888888888889 0.7489583333333333 0.9898148148148148 0.753125 0.9935185185185185 0.775 0.9981481481481481 0.9932291666666667 0.9962962962962963 0.9994791666666667 0.9888888888888889 0.9994791666666667 0.687037037037037 0.9958333333333333 0.687037037037037 0.9869791666666666 0.6777777777777778 0.9619791666666667 0.6712962962962963 0.9520833333333333 0.6648148148148149 0.9442708333333333 0.6638888888888889 0.9348958333333334 0.6574074074074074 0.9265625 0.6555555555555556 0.925 0.6527777777777778 0.8890625 0.6416666666666667 0.8869791666666667 0.6388888888888888 0.8432291666666667 0.6388888888888888 0.8208333333333333 0.649074074074074 0.8005208333333333 0.6638888888888889 0.7890625 0.6777777777777778 0.75625 0.7324074074074074 0.70625 0.8305555555555556 0.70625 0.8342592592592593 0.7026041666666667 0.8388888888888889 0.69375 0.8648148148148148 0.6911458333333333 0.8805555555555555 0.6880208333333333 0.8870370370370371