4 0.3690104166666667 0.7333333333333333 0.0005208333333333333 0.001851851851851852
4 0.35520833333333335 0.7277777777777777 0.3546875 0.7305555555555555 0.35520833333333335 0.7277777777777777
4 0.5260416666666666 0 0.39947916666666666 0 0.39479166666666665 0.002777777777777778 0.39166666666666666 0.010185185185185186 0.36822916666666666 0.016666666666666666 0.3578125 0.016666666666666666 0.34739583333333335 0 0.18854166666666666 0 0.1859375 0.002777777777777778 0.15052083333333333 0 0.14322916666666666 0.002777777777777778 0.13385416666666666 0.018518518518518517 0.11979166666666667 0.016666666666666666 0.11302083333333333 0.004629629629629629 0.10729166666666666 0.004629629629629629 0.10208333333333333 0 0.08697916666666666 0 0.08854166666666667 0.027777777777777776 0.09166666666666666 0.04351851851851852 0.10416666666666667 0.06851851851851852 0.10677083333333333 0.07777777777777778 0.11666666666666667 0.09166666666666666 0.12083333333333333 0.10277777777777777 0.140625 0.11666666666666667 0.1453125 0.12962962962962962 0.15625 0.14814814814814814 0.16666666666666666 0.1574074074074074 0.1765625 0.17592592592592593 0.19010416666666666 0.1935185185185185 0.20729166666666668 0.22962962962962963 0.20989583333333334 0.2324074074074074 0.22083333333333333 0.2324074074074074 0.22239583333333332 0.2351851851851852 0.21354166666666666 0.262037037037037 0.20729166666666668 0.29074074074074074 0.20520833333333333 0.30925925925925923 0.20208333333333334 0.31851851851851853 0.19895833333333332 0.37037037037037035 0.2 0.412962962962963 0.20677083333333332 0.44814814814814813 0.21927083333333333 0.4962962962962963 0.23333333333333334 0.5305555555555556 0.24166666666666667 0.5444444444444444 0.2526041666666667 0.5805555555555556 0.2760416666666667 0.6166666666666667 0.28802083333333334 0.6259259259259259 0.30364583333333334 0.6324074074074074 0.30885416666666665 0.6388888888888888 0.3182291666666667 0.6620370370370371 0.32447916666666665 0.6703703703703704 0.3260416666666667 0.6814814814814815 0.3411458333333333 0.6981481481481482 0.34479166666666666 0.7092592592592593 0.34427083333333336 0.7157407407407408 0.3489583333333333 0.725925925925926 0.35520833333333335 0.7055555555555556 0.35572916666666665 0.6814814814814815 0.35833333333333334 0.6703703703703704 0.35989583333333336 0.6694444444444444 0.36822916666666666 0.6777777777777778 0.39895833333333336 0.6777777777777778 0.4041666666666667 0.725925925925926 0.390625 0.737037037037037 0.37604166666666666 0.7407407407407407 0.37864583333333335 0.7444444444444445 0.37864583333333335 0.7481481481481481 0.39010416666666664 0.7555555555555555 0.39479166666666665 0.7638888888888888 0.3953125 0.7703703703703704 0.3984375 0.7777777777777778 0.4 0.7953703703703704 0.40520833333333334 0.8074074074074075 0.41354166666666664 0.8379629629629629 0.4161458333333333 0.8416666666666667 0.4140625 0.8435185185185186 0.415625 0.8425925925925926 0.41822916666666665 0.8527777777777777 0.4203125 0.85 0.425 0.8527777777777777 0.4265625 0.85 0.4322916666666667 0.85 0.4375 0.8546296296296296 0.45625 0.8574074074074074 0.45989583333333334 0.862037037037037 0.4630208333333333 0.8555555555555555 0.4744791666666667 0.8555555555555555 0.48072916666666665 0.8481481481481481 0.4822916666666667 0.837037037037037 0.48489583333333336 0.8342592592592593 0.48541666666666666 0.8231481481481482 0.5130208333333334 0.8064814814814815 0.5171875 0.8222222222222222 0.5208333333333334 0.850925925925926 0.5375 0.8546296296296296 0.5541666666666667 0.8546296296296296 0.5630208333333333 0.850925925925926 0.5630208333333333 0.8074074074074075 0.5729166666666666 0.7981481481481482 0.5796875 0.7796296296296297 0.5770833333333333 0.7111111111111111 0.5817708333333333 0.6583333333333333 0.5838541666666667 0.6509259259259259 0.5875 0.6462962962962963 0.6010416666666667 0.6481481481481481 0.6119791666666666 0.6416666666666667 0.6244791666666667 0.6185185185185185 0.6260416666666667 0.5537037037037037 0.6380208333333334 0.5120370370370371 0.6473958333333333 0.4935185185185185 0.6510416666666666 0.4759259259259259 0.6541666666666667 0.47129629629629627 0.6619791666666667 0.44351851851851853 0.665625 0.39351851851851855 0.665625 0.3490740740740741 0.6671875 0.337037037037037 0.6661458333333333 0.31666666666666665 0.6625 0.3037037037037037 0.659375 0.2712962962962963 0.6510416666666666 0.23425925925925925 0.6479166666666667 0.21203703703703702 0.6421875 0.1962962962962963 0.6177083333333333 0.15555555555555556 0.6140625 0.1527777777777778 0.5942708333333333 0.11666666666666667 0.59375 0.11203703703703703 0.5890625 0.10462962962962963 0.58125 0.08055555555555556 0.5744791666666667 0.06666666666666667 0.5729166666666666 0.05740740740740741 0.5609375 0.03518518518518519 0.5473958333333333 0.016666666666666666 0.5260416666666666 0
4 0.28958333333333336 0.9962962962962963 0.2890625 0.9981481481481481 0.3333333333333333 0.9981481481481481 0.3765625 0.9935185185185185 0.3796875 0.9962962962962963 0.4317708333333333 0.9981481481481481 0.44166666666666665 0.9944444444444445 0.4630208333333333 0.9935185185185185 0.46822916666666664 0.9962962962962963 0.49270833333333336 0.9944444444444445 0.5598958333333334 0.9981481481481481 0.565625 0.9935185185185185 0.56875 0.9981481481481481 0.6020833333333333 0.9981481481481481 0.6140625 0.9916666666666667 0.621875 0.9916666666666667 0.6328125 0.9981481481481481 0.6614583333333334 0.9981481481481481 0.6640625 0.9935185185185185 0.6614583333333334 0.9842592592592593 0.6520833333333333 0.9666666666666667 0.6489583333333333 0.9555555555555556 0.6333333333333333 0.9416666666666667 0.6145833333333334 0.9388888888888889 0.6098958333333333 0.9351851851851852 0.5958333333333333 0.9324074074074075 0.5885416666666666 0.9259259259259259 0.58125 0.9259259259259259 0.5760416666666667 0.9324074074074075 0.5734375 0.9416666666666667 0.5671875 0.9462962962962963 0.5625 0.9351851851851852 0.5619791666666667 0.9277777777777778 0.5588541666666667 0.9222222222222223 0.5541666666666667 0.9027777777777778 0.5411458333333333 0.8759259259259259 0.5380208333333333 0.8731481481481481 0.5369791666666667 0.8666666666666667 0.5322916666666667 0.8601851851851852 0.5192708333333333 0.8592592592592593 0.5020833333333333 0.8759259259259259 0.4895833333333333 0.8962962962962963 0.4822916666666667 0.9009259259259259 0.4734375 0.9120370370370371 0.4630208333333333 0.912962962962963 0.45260416666666664 0.9074074074074074 0.44114583333333335 0.9101851851851852 0.42552083333333335 0.9185185185185185 0.40677083333333336 0.9351851851851852 0.3963541666666667 0.937037037037037 0.35833333333333334 0.9555555555555556 0.32135416666666666 0.9805555555555555 0.30572916666666666 0.9824074074074074 0.28958333333333336 0.9962962962962963
4 0.0010416666666666667 0.9009259259259259 0 0.9981481481481481 0.0203125 0.9981481481481481 0.025 0.9935185185185185 0.026041666666666668 0.9888888888888889 0.03125 0.9888888888888889 0.0421875 0.9824074074074074 0.049479166666666664 0.9851851851851852 0.05416666666666667 0.9916666666666667 0.05572916666666667 0.9981481481481481 0.09375 0.9981481481481481 0.09375 0.9888888888888889 0.08697916666666666 0.9694444444444444 0.06822916666666666 0.9398148148148148 0.058333333333333334 0.9351851851851852 0.043229166666666666 0.9212962962962963 0.014583333333333334 0.9212962962962963 0.010416666666666666 0.9175925925925926 0.0010416666666666667 0.9009259259259259
4 0.7369791666666666 0.18055555555555555 0.7369791666666666 0.23703703703703705 0.7385416666666667 0.2601851851851852 0.7369791666666666 0.3101851851851852 0.7390625 0.36018518518518516 0.7364583333333333 0.3824074074074074 0.7307291666666667 0.4009259259259259 0.71875 0.47129629629629627 0.7135416666666666 0.5175925925925926 0.7151041666666667 0.5259259259259259 0.7375 0.5212962962962963 0.7619791666666667 0.5212962962962963 0.8 0.5101851851851852 0.8015625 0.5074074074074074 0.8104166666666667 0.5046296296296297 0.8328125 0.48518518518518516 0.846875 0.47962962962962963 0.8578125 0.46944444444444444 0.86875 0.4638888888888889 0.8739583333333333 0.45925925925925926 0.875 0.45555555555555555 0.88125 0.4527777777777778 0.8864583333333333 0.44074074074074077 0.8932291666666666 0.4537037037037037 0.9005208333333333 0.475 0.9125 0.4935185185185185 0.925 0.5074074074074074 0.9348958333333334 0.5074074074074074 0.9484375 0.48518518518518516 0.9510416666666667 0.47314814814814815 0.9489583333333333 0.4583333333333333 0.9520833333333333 0.45555555555555555 0.9557291666666666 0.44166666666666665 0.9588541666666667 0.44166666666666665 0.9666666666666667 0.45092592592592595 0.9770833333333333 0.45092592592592595 0.9786458333333333 0.44814814814814813 0.9796875 0.4166666666666667 0.978125 0.4009259259259259 0.96875 0.3685185185185185 0.9630208333333333 0.3287037037037037 0.9630208333333333 0.3148148148148148 0.9666666666666667 0.2935185185185185 0.9677083333333333 0.2712962962962963 0.9661458333333334 0.24444444444444444 0.9703125 0.21203703703703702 0.9723958333333333 0.20925925925925926 0.9760416666666667 0.18518518518518517 0.9807291666666667 0.1685185185185185 0.9807291666666667 0.15555555555555556 0.9833333333333333 0.1388888888888889 0.9791666666666666 0.07314814814814814 0.9723958333333333 0.04259259259259259 0.9760416666666667 0 0.7921875 0 0.7828125 0.005555555555555556 0.7723958333333333 0.014814814814814815 0.7682291666666666 0.022222222222222223 0.7671875 0.027777777777777776 0.7640625 0.03148148148148148 0.7604166666666666 0.05 0.7572916666666667 0.05648148148148148 0.7552083333333334 0.075 0.7515625 0.08703703703703704 0.74375 0.13518518518518519 0.7432291666666667 0.16203703703703703 0.7411458333333333 0.17407407407407408 0.7369791666666666 0.18055555555555555
3 0.39166666666666666 0.7425925925925926 0.39010416666666664 0.7555555555555555 0.39739583333333334 0.7796296296296297 0.4015625 0.8037037037037037 0.4114583333333333 0.8435185185185186 0.421875 0.8666666666666667 0.42604166666666665 0.8694444444444445 0.434375 0.8685185185185185 0.4375 0.8759259259259259 0.44427083333333334 0.8796296296296297 0.44583333333333336 0.8768518518518519 0.446875 0.8796296296296297 0.44895833333333335 0.8666666666666667 0.4557291666666667 0.8759259259259259 0.4609375 0.8759259259259259 0.48020833333333335 0.8583333333333333 0.48541666666666666 0.8416666666666667 0.4875 0.8231481481481482 0.484375 0.8166666666666667 0.47708333333333336 0.8111111111111111 0.4786458333333333 0.8027777777777778 0.47552083333333334 0.7925925925925926 0.47239583333333335 0.7685185185185185 0.46458333333333335 0.7462962962962963 0.45989583333333334 0.725925925925926 0.45416666666666666 0.7148148148148148 0.4401041666666667 0.7046296296296296 0.4296875 0.6916666666666667 0.4244791666666667 0.6898148148148148 0.421875 0.6944444444444444 0.4270833333333333 0.7157407407407408 0.43125 0.725 0.43645833333333334 0.7305555555555555 0.4375 0.737037037037037 0.446875 0.7583333333333333 0.45364583333333336 0.7870370370370371 0.453125 0.7916666666666666 0.4473958333333333 0.7842592592592592 0.4427083333333333 0.7694444444444445 0.43645833333333334 0.7574074074074074 0.4109375 0.7212962962962963 0.40520833333333334 0.7194444444444444 0.4 0.725925925925926 0.39947916666666666 0.7305555555555555 0.39479166666666665 0.7342592592592593 0.39166666666666666 0.7425925925925926
3 0.4703125 0.9092592592592592 0.46979166666666666 0.9138888888888889 0.48020833333333335 0.9305555555555556 0.4817708333333333 0.9388888888888889 0.4864583333333333 0.9490740740740741 0.4895833333333333 0.9731481481481481 0.4953125 0.9962962962962963 0.5609375 0.9981481481481481 0.5625 0.9935185185185185 0.565625 0.9462962962962963 0.5614583333333333 0.9259259259259259 0.5578125 0.9175925925925926 0.5541666666666667 0.9009259259259259 0.5385416666666667 0.8703703703703703 0.5296875 0.8574074074074074 0.51875 0.8574074074074074 0.5151041666666667 0.8601851851851852 0.49895833333333334 0.8805555555555555 0.4942708333333333 0.8916666666666667 0.48020833333333335 0.9046296296296297 0.4739583333333333 0.9055555555555556 0.4703125 0.9092592592592592
3 0.013541666666666667 0.9231481481481482 0.014583333333333334 0.9333333333333333 0.022395833333333334 0.9564814814814815 0.023958333333333335 0.9768518518518519 0.0265625 0.9842592592592593 0.04791666666666667 0.9824074074074074 0.0546875 0.9888888888888889 0.05625 0.9953703703703703 0.058854166666666666 0.9981481481481481 0.09375 0.9972222222222222 0.09479166666666666 0.9935185185185185 0.09114583333333333 0.9777777777777777 0.06770833333333333 0.9388888888888889 0.0578125 0.9342592592592592 0.043229166666666666 0.9212962962962963 0.013541666666666667 0.9231481481481482
3 0.35572916666666665 0.6907407407407408 0.35520833333333335 0.7185185185185186 0.3697916666666667 0.7435185185185185 0.3828125 0.7546296296296297 0.3890625 0.7555555555555555 0.3927083333333333 0.7620370370370371 0.41041666666666665 0.8407407407407408 0.42083333333333334 0.8638888888888889 0.425 0.8685185185185185 0.42864583333333334 0.8638888888888889 0.43645833333333334 0.8638888888888889 0.4375 0.8685185185185185 0.44114583333333335 0.8638888888888889 0.45416666666666666 0.8638888888888889 0.45729166666666665 0.8685185185185185 0.4666666666666667 0.8685185185185185 0.46822916666666664 0.8648148148148148 0.4734375 0.8638888888888889 0.47604166666666664 0.8574074074074074 0.4796875 0.8555555555555555 0.48072916666666665 0.8472222222222222 0.48541666666666666 0.8398148148148148 0.4875 0.8231481481481482 0.4864583333333333 0.8194444444444444 0.4765625 0.8111111111111111 0.4786458333333333 0.8027777777777778 0.47552083333333334 0.7925925925925926 0.47239583333333335 0.7685185185185185 0.46770833333333334 0.7509259259259259 0.4635416666666667 0.7425925925925926 0.46145833333333336 0.7305555555555555 0.45416666666666666 0.7148148148148148 0.44375 0.7074074074074074 0.42864583333333334 0.6898148148148148 0.4239583333333333 0.6888888888888889 0.4203125 0.6935185185185185 0.4125 0.6935185185185185 0.41302083333333334 0.6805555555555556 0.41041666666666665 0.6731481481481482 0.40677083333333336 0.6712962962962963 0.39739583333333334 0.6555555555555556 0.3802083333333333 0.6435185185185185 0.3692708333333333 0.6462962962962963 0.3625 0.6555555555555556 0.35833333333333334 0.6685185185185185 0.35572916666666665 0.6907407407407408
3 0.86875 0.38981481481481484 0.8682291666666667 0.4074074074074074 0.8796875 0.41944444444444445 0.8859375 0.43333333333333335 0.8875 0.44166666666666665 0.8916666666666667 0.44814814814814813 0.9 0.4740740740740741 0.9203125 0.5046296296296297 0.9265625 0.5101851851851852 0.9354166666666667 0.5092592592592593 0.946875 0.49166666666666664 0.9526041666666667 0.46944444444444444 0.9489583333333333 0.4601851851851852 0.9526041666666667 0.44351851851851853 0.9489583333333333 0.43703703703703706 0.9338541666666667 0.425 0.9135416666666667 0.3962962962962963 0.9109375 0.38981481481481484 0.8802083333333334 0.36666666666666664 0.8713541666666667 0.37962962962962965 0.86875 0.38981481481481484
3 0.9385416666666667 0.35462962962962963 0.9380208333333333 0.4111111111111111 0.9395833333333333 0.42592592592592593 0.9447916666666667 0.43425925925925923 0.9609375 0.44166666666666665 0.9666666666666667 0.4527777777777778 0.9796875 0.4527777777777778 0.9796875 0.4046296296296296 0.9682291666666667 0.36203703703703705 0.9661458333333334 0.3574074074074074 0.9567708333333333 0.3509259259259259 0.9453125 0.3490740740740741 0.9385416666666667 0.35462962962962963
3 0.51875 0.6324074074074074 0.5177083333333333 0.675 0.5041666666666667 0.7194444444444444 0.50625 0.7342592592592593 0.5078125 0.7759259259259259 0.5104166666666666 0.7861111111111111 0.5119791666666667 0.8083333333333333 0.5177083333333333 0.8453703703703703 0.5197916666666667 0.8527777777777777 0.5244791666666667 0.8546296296296296 0.5625 0.8555555555555555 0.5661458333333333 0.8481481481481481 0.5635416666666667 0.8222222222222222 0.5640625 0.8083333333333333 0.56875 0.8027777777777778 0.5744791666666667 0.8009259259259259 0.5796875 0.7870370370370371 0.5807291666666666 0.7712962962962963 0.5786458333333333 0.7379629629629629 0.5791666666666667 0.6768518518518518 0.5817708333333333 0.6564814814814814 0.5885416666666666 0.6370370370370371 0.5890625 0.6194444444444445 0.5848958333333333 0.6101851851851852 0.5703125 0.6046296296296296 0.5604166666666667 0.5842592592592593 0.5494791666666666 0.5712962962962963 0.5458333333333333 0.5731481481481482 0.5322916666666667 0.5944444444444444 0.5239583333333333 0.6212962962962963 0.51875 0.6324074074074074
3 0.5661458333333333 0.9555555555555556 0.5645833333333333 0.9731481481481481 0.56875 0.9981481481481481 0.6015625 0.9981481481481481 0.6125 0.9935185185185185 0.6260416666666667 0.9935185185185185 0.6348958333333333 0.9981481481481481 0.6619791666666667 0.9981481481481481 0.6645833333333333 0.9935185185185185 0.6635416666666667 0.9851851851851852 0.6572916666666667 0.975925925925926 0.6557291666666667 0.9685185185185186 0.6473958333333333 0.9527777777777777 0.6333333333333333 0.9416666666666667 0.6114583333333333 0.9388888888888889 0.5984375 0.9342592592592592 0.5890625 0.9259259259259259 0.58125 0.9259259259259259 0.5661458333333333 0.9555555555555556