4 0.6817708333333333 0 0.7583333333333333 0 0.7604166666666666 0.002777777777777778 0.7682291666666666 0.001851851851851852 0.7708333333333334 0.004629629629629629 0.7708333333333334 0.009259259259259259 0.7729166666666667 0.009259259259259259 0.7744791666666667 0.004629629629629629 0.7859375 0.004629629629629629 0.7963541666666667 0.010185185185185186 0.8005208333333333 0.010185185185185186 0.803125 0.004629629629629629 0.8213541666666667 0.003703703703703704 0.8276041666666667 0 0.865625 0 0.8640625 0.017592592592592594 0.8666666666666667 0.028703703703703703 0.8671875 0.05925925925925926 0.8708333333333333 0.08703703703703704 0.871875 0.11481481481481481 0.8703125 0.12685185185185185 0.8614583333333333 0.12685185185185185 0.8609375 0.12962962962962962 0.8666666666666667 0.14074074074074075 0.8598958333333333 0.14722222222222223 0.8442708333333333 0.13703703703703704 0.8348958333333333 0.12407407407407407 0.8390625 0.11296296296296296 0.8354166666666667 0.10555555555555556 0.8369791666666667 0.06018518518518518 0.8328125 0.03518518518518519 0.8338541666666667 0.021296296296296296 0.8302083333333333 0.018518518518518517 0.825 0.025925925925925925 0.8244791666666667 0.03333333333333333 0.8125 0.04259259259259259 0.8135416666666667 0.046296296296296294 0.8088541666666667 0.05 0.8114583333333333 0.05277777777777778 0.8104166666666667 0.05740740740740741 0.8015625 0.06481481481481481 0.8 0.07037037037037037 0.7916666666666666 0.075 0.7854166666666667 0.08796296296296297 0.7947916666666667 0.09722222222222222 0.8015625 0.10833333333333334 0.8109375 0.1398148148148148 0.8125 0.15462962962962962 0.8104166666666667 0.19537037037037036 0.8015625 0.20277777777777778 0.7947916666666667 0.20277777777777778 0.7703125 0.17222222222222222 0.7510416666666667 0.13796296296296295 0.7416666666666667 0.12777777777777777 0.7338541666666667 0.11388888888888889 0.7234375 0.1037037037037037 0.7046875 0.06759259259259259 0.7005208333333334 0.053703703703703705 0.6916666666666667 0.037037037037037035 0.6796875 0.02962962962962963 0.6536458333333334 0.03148148148148148 0.65 0.01574074074074074 0.6505208333333333 0.004629629629629629 0.6760416666666667 0.004629629629629629 0.6817708333333333 0.000925925925925926
4 0.17708333333333334 0 0.19583333333333333 0 0.19947916666666668 0.003703703703703704 0.21875 0.005555555555555556 0.2484375 0.004629629629629629 0.2552083333333333 0 0.2791666666666667 0.009259259259259259 0.28020833333333334 0.006481481481481481 0.2838541666666667 0.006481481481481481 0.28802083333333334 0.010185185185185186 0.296875 0.003703703703703704 0.3067708333333333 0.002777777777777778 0.30885416666666665 0 0.32760416666666664 0.002777777777777778 0.346875 0 0.359375 0.004629629629629629 0.375 0 0.3880208333333333 0 0.38958333333333334 0.002777777777777778 0.39739583333333334 0.003703703703703704 0.4036458333333333 0.010185185185185186 0.4109375 0.003703703703703704 0.421875 0.004629629629629629 0.43072916666666666 0 0.43802083333333336 0.002777777777777778 0.44114583333333335 0 0.475 0 0.48333333333333334 0.004629629629629629 0.528125 0.002777777777777778 0.5354166666666667 0.006481481481481481 0.5682291666666667 0.003703703703703704 0.5739583333333333 0 0.5817708333333333 0 0.5848958333333333 0.003703703703703704 0.5901041666666667 0 0.61875 0 0.6213541666666667 0.002777777777777778 0.640625 0 0.64375 0.011111111111111112 0.640625 0.023148148148148147 0.6296875 0.026851851851851852 0.6171875 0.041666666666666664 0.6177083333333333 0.05 0.6239583333333333 0.07037037037037037 0.621875 0.08055555555555556 0.6234375 0.09814814814814815 0.6130208333333333 0.1259259259259259 0.6088541666666667 0.1287037037037037 0.6052083333333333 0.1361111111111111 0.6036458333333333 0.14722222222222223 0.6046875 0.15833333333333333 0.6119791666666666 0.17037037037037037 0.6239583333333333 0.2 0.621875 0.23703703703703705 0.6130208333333333 0.26481481481481484 0.5932291666666667 0.28888888888888886 0.5760416666666667 0.30462962962962964 0.5661458333333333 0.325 0.5614583333333333 0.32685185185185184 0.5578125 0.31851851851851853 0.5572916666666666 0.30092592592592593 0.5432291666666667 0.2935185185185185 0.5395833333333333 0.28055555555555556 0.5364583333333334 0.24166666666666667 0.5369791666666667 0.21851851851851853 0.5322916666666667 0.20277777777777778 0.5244791666666667 0.20925925925925926 0.5213541666666667 0.21666666666666667 0.5203125 0.2361111111111111 0.521875 0.2574074074074074 0.51875 0.2722222222222222 0.5036458333333333 0.2898148148148148 0.5036458333333333 0.2962962962962963 0.5005208333333333 0.3 0.5020833333333333 0.3037037037037037 0.490625 0.30648148148148147 0.48385416666666664 0.2972222222222222 0.47760416666666666 0.2759259259259259 0.4744791666666667 0.2518518518518518 0.46822916666666664 0.23148148148148148 0.46458333333333335 0.2111111111111111 0.45989583333333334 0.2111111111111111 0.4515625 0.22407407407407406 0.45 0.23055555555555557 0.4557291666666667 0.24074074074074073 0.4640625 0.27314814814814814 0.46510416666666665 0.2861111111111111 0.471875 0.30277777777777776 0.4744791666666667 0.31666666666666665 0.4744791666666667 0.3287037037037037 0.46197916666666666 0.34444444444444444 0.44947916666666665 0.37222222222222223 0.42604166666666665 0.3814814814814815 0.41510416666666666 0.3787037037037037 0.40677083333333336 0.36574074074074076 0.390625 0.35648148148148145 0.3859375 0.35648148148148145 0.3765625 0.3648148148148148 0.3671875 0.3675925925925926 0.36770833333333336 0.3712962962962963 0.3729166666666667 0.3731481481481482 0.36354166666666665 0.3731481481481482 0.365625 0.36944444444444446 0.3645833333333333 0.3675925925925926 0.35833333333333334 0.3685185185185185 0.35572916666666665 0.3611111111111111 0.3411458333333333 0.36666666666666664 0.3380208333333333 0.3592592592592593 0.34479166666666666 0.35185185185185186 0.33645833333333336 0.34074074074074073 0.3265625 0.3398148148148148 0.3223958333333333 0.3351851851851852 0.3223958333333333 0.3277777777777778 0.31666666666666665 0.32222222222222224 0.3182291666666667 0.31574074074074077 0.3140625 0.3101851851851852 0.2838541666666667 0.325 0.2682291666666667 0.32407407407407407 0.2421875 0.30462962962962964 0.2296875 0.28888888888888886 0.20833333333333334 0.2722222222222222 0.1953125 0.25833333333333336 0.18020833333333333 0.2564814814814815 0.1734375 0.25092592592592594 0.16510416666666666 0.22314814814814815 0.15729166666666666 0.2111111111111111 0.1453125 0.19907407407407407 0.14166666666666666 0.18981481481481483 0.13854166666666667 0.17314814814814813 0.13854166666666667 0.15 0.14166666666666666 0.09814814814814815 0.14114583333333333 0.04814814814814815 0.15 0.032407407407407406 0.15520833333333334 0.02962962962962963 0.15989583333333332 0.018518518518518517 0.1671875 0.012962962962962963 0.16979166666666667 0.004629629629629629 0.17708333333333334 0.000925925925925926
4 0.4786458333333333 0.3814814814814815 0.4947916666666667 0.4222222222222222 0.5083333333333333 0.4703703703703704 0.5098958333333333 0.48055555555555557 0.5067708333333333 0.48703703703703705 0.5203125 0.49537037037037035 0.5223958333333333 0.5 0.521875 0.5083333333333333 0.5015625 0.5351851851851852 0.4895833333333333 0.5666666666666667 0.48333333333333334 0.5916666666666667 0.4765625 0.6055555555555555 0.45208333333333334 0.6398148148148148 0.43072916666666666 0.6564814814814814 0.4015625 0.6962962962962963 0.3932291666666667 0.7138888888888889 0.38177083333333334 0.7564814814814815 0.365625 0.787962962962963 0.3640625 0.7962962962962963 0.3572916666666667 0.8064814814814815 0.359375 0.8111111111111111 0.35833333333333334 0.8351851851851851 0.35052083333333334 0.8833333333333333 0.33645833333333336 0.9398148148148148 0.3234375 0.9824074074074074 0.321875 0.9935185185185185 0.20989583333333334 0.9972222222222222 0.1671875 0.9944444444444445 0.16614583333333333 0.9907407407407407 0.171875 0.975 0.1765625 0.9490740740740741 0.20989583333333334 0.8694444444444445 0.21614583333333334 0.8481481481481481 0.23072916666666668 0.8185185185185185 0.24479166666666666 0.7981481481481482 0.2765625 0.7222222222222222 0.28541666666666665 0.7101851851851851 0.29322916666666665 0.7092592592592593 0.29739583333333336 0.700925925925926 0.3067708333333333 0.6694444444444444 0.321875 0.6361111111111111 0.32864583333333336 0.6064814814814815 0.35 0.5851851851851851 0.35989583333333336 0.5398148148148149 0.35989583333333336 0.5231481481481481 0.36302083333333335 0.5083333333333333 0.37395833333333334 0.47685185185185186 0.37864583333333335 0.4537037037037037 0.38333333333333336 0.44166666666666665 0.39739583333333334 0.4222222222222222 0.4125 0.41388888888888886 0.45260416666666664 0.3814814814814815 0.4666666666666667 0.3768518518518518 0.478125 0.3814814814814815
1 0.5630208333333333 0.49074074074074076 0.5682291666666667 0.49444444444444446 0.5760416666666667 0.5074074074074074 0.5864583333333333 0.5185185185185185 0.5885416666666666 0.5259259259259259 0.5859375 0.5287037037037037 0.5682291666666667 0.5259259259259259 0.5635416666666667 0.5287037037037037 0.5692708333333333 0.5370370370370371 0.5916666666666667 0.5546296296296296 0.5994791666666667 0.5657407407407408 0.5989583333333334 0.5740740740740741 0.5953125 0.5814814814814815 0.5869791666666667 0.5824074074074074 0.58125 0.5768518518518518 0.5713541666666667 0.5583333333333333 0.5588541666666667 0.549074074074074 0.5567708333333333 0.5527777777777778 0.5588541666666667 0.562037037037037 0.5708333333333333 0.5953703703703703 0.565625 0.5990740740740741 0.5432291666666667 0.5962962962962963 0.5385416666666667 0.587037037037037 0.5260416666666666 0.5787037037037037 0.5125 0.5638888888888889 0.503125 0.5462962962962963 0.5067708333333333 0.5324074074074074 0.5270833333333333 0.5064814814814815 0.5427083333333333 0.5046296296296297 0.55 0.49444444444444446 0.5625 0.49074074074074076
0 0.8151041666666666 0.20555555555555555 0.8239583333333333 0.21666666666666667 0.8348958333333333 0.21944444444444444 0.8520833333333333 0.24722222222222223 0.8510416666666667 0.27870370370370373 0.8578125 0.3074074074074074 0.8671875 0.3138888888888889 0.8911458333333333 0.31666666666666665 0.890625 0.32222222222222224 0.8760416666666667 0.34444444444444444 0.853125 0.34814814814814815 0.8416666666666667 0.3453703703703704 0.8338541666666667 0.3388888888888889 0.828125 0.3296296296296296 0.8213541666666667 0.3277777777777778 0.8020833333333334 0.31296296296296294 0.7947916666666667 0.3037037037037037 0.7942708333333334 0.2898148148148148 0.7859375 0.2777777777777778 0.7875 0.25462962962962965 0.784375 0.24074074074074073 0.7848958333333333 0.22962962962962963 0.7963541666666667 0.22314814814814815 0.8010416666666667 0.20925925925925926 0.8046875 0.20462962962962963 0.8109375 0.20277777777777778 0.8145833333333333 0.20555555555555555
0 0.21041666666666667 0.27685185185185185 0.2203125 0.2824074074074074 0.234375 0.2962962962962963 0.24114583333333334 0.30925925925925923 0.25104166666666666 0.31666666666666665 0.24375 0.33055555555555555 0.24427083333333333 0.35833333333333334 0.24270833333333333 0.3611111111111111 0.22239583333333332 0.3592592592592593 0.21041666666666667 0.36666666666666664 0.2078125 0.362962962962963 0.20989583333333334 0.2935185185185185 0.20729166666666668 0.2796296296296296 0.20989583333333334 0.27685185185185185
0 0.6182291666666667 0.4703703703703704 0.6229166666666667 0.4740740740740741 0.6265625 0.48333333333333334 0.6286458333333333 0.5185185185185185 0.6276041666666666 0.5324074074074074 0.621875 0.5351851851851852 0.6302083333333334 0.5388888888888889 0.6265625 0.5462962962962963 0.6015625 0.5407407407407407 0.5817708333333333 0.5268518518518519 0.5708333333333333 0.5259259259259259 0.5651041666666666 0.5212962962962963 0.5609375 0.5231481481481481 0.559375 0.5296296296296297 0.59375 0.5564814814814815 0.6 0.562962962962963 0.6057291666666667 0.5768518518518518 0.6130208333333333 0.5805555555555556 0.6151041666666667 0.587037037037037 0.6192708333333333 0.5879629629629629 0.6234375 0.6055555555555555 0.6223958333333334 0.6203703703703703 0.61875 0.6259259259259259 0.6197916666666666 0.6351851851851852 0.6130208333333333 0.6277777777777778 0.6088541666666667 0.6287037037037037 0.6067708333333334 0.6333333333333333 0.6114583333333333 0.6398148148148148 0.6125 0.6481481481481481 0.6088541666666667 0.6537037037037037 0.6041666666666666 0.6555555555555556 0.6041666666666666 0.6675925925925926 0.5973958333333333 0.6777777777777778 0.5786458333333333 0.6944444444444444 0.5541666666666667 0.6953703703703704 0.5328125 0.6898148148148148 0.5296875 0.6916666666666667 0.51875 0.7166666666666667 0.5067708333333333 0.7333333333333333 0.5041666666666667 0.7472222222222222 0.49895833333333334 0.7592592592592593 0.4744791666666667 0.7722222222222223 0.4661458333333333 0.7666666666666667 0.4588541666666667 0.7546296296296297 0.4578125 0.7379629629629629 0.45989583333333334 0.7111111111111111 0.45260416666666664 0.7027777777777777 0.453125 0.6972222222222222 0.4635416666666667 0.6787037037037037 0.46875 0.6759259259259259 0.4786458333333333 0.662962962962963 0.48802083333333335 0.6407407407407407 0.5098958333333333 0.6324074074074074 0.521875 0.6240740740740741 0.5307291666666667 0.6129629629629629 0.5401041666666667 0.5953703703703703 0.5401041666666667 0.5916666666666667 0.5369791666666667 0.587037037037037 0.5067708333333333 0.5592592592592592 0.4979166666666667 0.5564814814814815 0.5026041666666666 0.55 0.5078125 0.5324074074074074 0.5291666666666667 0.5064814814814815 0.5458333333333333 0.5101851851851852 0.5494791666666666 0.5046296296296297 0.55 0.4981481481481482 0.5598958333333334 0.4925925925925926 0.56875 0.49444444444444446 0.5760416666666667 0.5092592592592593 0.5833333333333334 0.5175925925925926 0.5880208333333333 0.5185185185185185 0.5979166666666667 0.4787037037037037 0.6057291666666667 0.46944444444444444 0.6109375 0.4703703703703704 0.6119791666666666 0.48703703703703705 0.6151041666666667 0.4898148148148148 0.6161458333333333 0.4962962962962963 0.6213541666666667 0.49537037037037035 0.6140625 0.48148148148148145 0.6197916666666666 0.47314814814814815 0.61875 0.4703703703703704
3 0.7359375 0.45185185185185184 0.759375 0.45925925925925926 0.7838541666666666 0.4722222222222222 0.8098958333333334 0.47314814814814815 0.8302083333333333 0.4935185185185185 0.8541666666666666 0.5064814814814815 0.8703125 0.5046296296296297 0.8864583333333333 0.5287037037037037 0.8802083333333334 0.5787037037037037 0.8765625 0.5916666666666667 0.8661458333333333 0.612037037037037 0.8348958333333333 0.6592592592592592 0.8286458333333333 0.6601851851851852 0.8151041666666666 0.6481481481481481 0.7942708333333334 0.6425925925925926 0.78125 0.6453703703703704 0.7572916666666667 0.6592592592592592 0.7203125 0.6657407407407407 0.7 0.6805555555555556 0.6932291666666667 0.6787037037037037 0.6880208333333333 0.6685185185185185 0.684375 0.6546296296296297 0.684375 0.6462962962962963 0.6875 0.6342592592592593 0.7036458333333333 0.612037037037037 0.7067708333333333 0.5925925925925926 0.6994791666666667 0.587037037037037 0.6963541666666667 0.5712962962962963 0.6765625 0.5805555555555556 0.6677083333333333 0.575 0.6645833333333333 0.5685185185185185 0.6645833333333333 0.5601851851851852 0.6739583333333333 0.5444444444444444 0.696875 0.48333333333333334 0.7239583333333334 0.4527777777777778 0.7354166666666667 0.45185185185185184
3 0.47708333333333336 0.37777777777777777 0.4822916666666667 0.3824074074074074 0.48385416666666664 0.3925925925925926 0.4953125 0.41944444444444445 0.509375 0.47129629629629627 0.5109375 0.48333333333333334 0.5088541666666667 0.48703703703703705 0.5208333333333334 0.49444444444444446 0.5229166666666667 0.5 0.5223958333333333 0.5092592592592593 0.503125 0.5342592592592592 0.478125 0.6064814814814815 0.44947916666666665 0.6435185185185185 0.4395833333333333 0.6509259259259259 0.4359375 0.65 0.4192708333333333 0.6185185185185185 0.4041666666666667 0.6027777777777777 0.39010416666666664 0.5935185185185186 0.3729166666666667 0.587037037037037 0.3536458333333333 0.5851851851851851 0.35104166666666664 0.5796296296296296 0.35833333333333334 0.5444444444444444 0.35989583333333336 0.5194444444444445 0.37395833333333334 0.47314814814814815 0.37916666666666665 0.44907407407407407 0.3854166666666667 0.4351851851851852 0.39739583333333334 0.4212962962962963 0.4114583333333333 0.41388888888888886 0.42552083333333335 0.39814814814814814 0.43802083333333336 0.39166666666666666 0.44583333333333336 0.38333333333333336 0.46458333333333335 0.37592592592592594 0.4765625 0.37777777777777777
3 0.4739583333333333 0.3768518518518518 0.48125 0.38333333333333336 0.48072916666666665 0.3861111111111111 0.4953125 0.4212962962962963 0.509375 0.4740740740740741 0.509375 0.48333333333333334 0.5067708333333333 0.48703703703703705 0.5197916666666667 0.4935185185185185 0.5229166666666667 0.5 0.521875 0.5101851851851852 0.5015625 0.5370370370370371 0.48125 0.600925925925926 0.471875 0.6175925925925926 0.4484375 0.6453703703703704 0.4421875 0.6509259259259259 0.4348958333333333 0.6527777777777778 0.428125 0.6648148148148149 0.40572916666666664 0.6916666666666667 0.3921875 0.7194444444444444 0.38333333333333336 0.7509259259259259 0.37083333333333335 0.7731481481481481 0.36302083333333335 0.7944444444444444 0.353125 0.8046296296296296 0.3380208333333333 0.8 0.32447916666666665 0.7870370370370371 0.3020833333333333 0.7472222222222222 0.2953125 0.725925925925926 0.2947916666666667 0.7138888888888889 0.29635416666666664 0.7037037037037037 0.3015625 0.6907407407407408 0.30364583333333334 0.6759259259259259 0.31875 0.6444444444444445 0.3265625 0.6194444444444445 0.32760416666666664 0.6074074074074074 0.35 0.5851851851851851 0.3578125 0.5444444444444444 0.359375 0.5194444444444445 0.3729166666666667 0.47685185185185186 0.37916666666666665 0.44907407407407407 0.38385416666666666 0.43796296296296294 0.39739583333333334 0.4212962962962963 0.4119791666666667 0.41388888888888886 0.4296875 0.39444444444444443 0.43697916666666664 0.39166666666666666 0.44583333333333336 0.38333333333333336 0.4635416666666667 0.3768518518518518 0.4734375 0.3768518518518518
3 0.4078125 0.025925925925925925 0.4192708333333333 0.03425925925925926 0.425 0.05925925925925926 0.43645833333333334 0.04814814814814815 0.44583333333333336 0.04537037037037037 0.45416666666666666 0.049074074074074076 0.46927083333333336 0.06759259259259259 0.4703125 0.08148148148148149 0.475 0.09444444444444444 0.47708333333333336 0.11018518518518519 0.4734375 0.12685185185185185 0.4703125 0.15648148148148147 0.47239583333333335 0.18703703703703703 0.46770833333333334 0.2 0.45416666666666666 0.22037037037037038 0.43385416666666665 0.23333333333333334 0.4171875 0.22962962962962963 0.390625 0.21666666666666667 0.3692708333333333 0.21574074074074073 0.36614583333333334 0.21296296296296297 0.36354166666666665 0.20092592592592592 0.35208333333333336 0.18888888888888888 0.3494791666666667 0.1712962962962963 0.3421875 0.16111111111111112 0.34479166666666666 0.14166666666666666 0.35208333333333336 0.11944444444444445 0.35520833333333335 0.08518518518518518 0.3729166666666667 0.06944444444444445 0.378125 0.0787037037037037 0.3796875 0.05925925925925926 0.38645833333333335 0.046296296296296294 0.39739583333333334 0.04722222222222222 0.403125 0.06574074074074074 0.40572916666666664 0.06759259259259259 0.4036458333333333 0.07037037037037037 0.4036458333333333 0.08518518518518518 0.41041666666666665 0.07685185185185185 0.4114583333333333 0.07407407407407407 0.40729166666666666 0.06666666666666667 0.4046875 0.05277777777777778 0.39739583333333334 0.032407407407407406 0.39947916666666666 0.028703703703703703 0.40729166666666666 0.026851851851851852
3 0.75625 0.07037037037037037 0.7619791666666667 0.08055555555555556 0.7682291666666666 0.08611111111111111 0.7833333333333333 0.08981481481481482 0.7942708333333334 0.09722222222222222 0.8067708333333333 0.125 0.8104166666666667 0.13703703703703704 0.8119791666666667 0.15092592592592594 0.8119791666666667 0.18518518518518517 0.809375 0.19722222222222222 0.8005208333333333 0.2037037037037037 0.7942708333333334 0.20277777777777778 0.76875 0.17037037037037037 0.7520833333333333 0.1388888888888889 0.74375 0.12962962962962962 0.7296875 0.10185185185185185 0.7328125 0.08796296296296297 0.7395833333333334 0.07592592592592592 0.7494791666666667 0.06944444444444445 0.7557291666666667 0.07037037037037037
3 0.846875 0.05092592592592592 0.8651041666666667 0.058333333333333334 0.8682291666666667 0.06666666666666667 0.8713541666666667 0.10185185185185185 0.8713541666666667 0.125 0.8703125 0.12777777777777777 0.8614583333333333 0.12685185185185185 0.8671875 0.1398148148148148 0.8614583333333333 0.14722222222222223 0.8572916666666667 0.14722222222222223 0.8416666666666667 0.1361111111111111 0.8359375 0.12407407407407407 0.8375 0.11666666666666667 0.840625 0.11388888888888889 0.8359375 0.10555555555555556 0.8380208333333333 0.05555555555555555 0.840625 0.05185185185185185 0.8463541666666666 0.05092592592592592
3 0.5583333333333333 0.1398148148148148 0.5614583333333333 0.14351851851851852 0.5619791666666667 0.1574074074074074 0.5588541666666667 0.18888888888888888 0.5572916666666666 0.2462962962962963 0.5609375 0.2462962962962963 0.5635416666666667 0.24259259259259258 0.5697916666666667 0.22685185185185186 0.5692708333333333 0.19814814814814816 0.5739583333333333 0.15555555555555556 0.578125 0.14166666666666666 0.5880208333333333 0.14351851851851852 0.5989583333333334 0.15185185185185185 0.6130208333333333 0.17314814814814813 0.625 0.20092592592592592 0.6234375 0.2351851851851852 0.6166666666666667 0.2601851851851852 0.59375 0.2898148148148148 0.5765625 0.3055555555555556 0.5640625 0.3314814814814815 0.5578125 0.3277777777777778 0.5578125 0.3 0.5447916666666667 0.2962962962962963 0.5395833333333333 0.28703703703703703 0.5359375 0.25092592592592594 0.534375 0.2064814814814815 0.5348958333333333 0.18796296296296297 0.5395833333333333 0.17037037037037037 0.5505208333333333 0.14166666666666666 0.5578125 0.1398148148148148