4 0.7625 0.032407407407407406 0.7822916666666667 0.03981481481481482 0.7859375 0.03518518518518519 0.7927083333333333 0.05185185185185185 0.8020833333333334 0.062037037037037036 0.821875 0.09166666666666666 0.8421875 0.1361111111111111 0.8432291666666667 0.16111111111111112 0.8484375 0.18796296296296297 0.8494791666666667 0.20462962962962963 0.8442708333333333 0.23055555555555557 0.8354166666666667 0.25092592592592594 0.8348958333333333 0.25925925925925924 0.8322916666666667 0.26481481481481484 0.8333333333333334 0.2722222222222222 0.8375 0.27870370370370373 0.8447916666666667 0.27870370370370373 0.8520833333333333 0.2898148148148148 0.8546875 0.30462962962962964 0.8625 0.31666666666666665 0.8666666666666667 0.3351851851851852 0.8760416666666667 0.36018518518518516 0.8916666666666667 0.38796296296296295 0.9036458333333334 0.4212962962962963 0.9151041666666667 0.46944444444444444 0.921875 0.5157407407407407 0.9291666666666667 0.5453703703703704 0.9354166666666667 0.5851851851851851 0.9447916666666667 0.6231481481481481 0.95 0.6620370370370371 0.95625 0.6814814814814815 0.9614583333333333 0.7314814814814815 0.9578125 0.7435185185185185 0.934375 0.7898148148148149 0.9229166666666667 0.8175925925925925 0.9203125 0.8351851851851851 0.9229166666666667 0.8388888888888889 0.9223958333333333 0.8481481481481481 0.9286458333333333 0.8611111111111112 0.9265625 0.8759259259259259 0.9114583333333334 0.9111111111111111 0.9067708333333333 0.9148148148148149 0.9 0.9296296296296296 0.8895833333333333 0.9407407407407408 0.8765625 0.9611111111111111 0.8598958333333333 0.9944444444444445 0.7515625 0.9972222222222222 0.7401041666666667 0.9935185185185185 0.7328125 0.9564814814814815 0.7234375 0.9277777777777778 0.7161458333333334 0.9157407407407407 0.6854166666666667 0.8787037037037037 0.6713541666666667 0.8518518518518519 0.6583333333333333 0.8435185185185186 0.6109375 0.8342592592592593 0.5916666666666667 0.8203703703703704 0.5869791666666667 0.812962962962963 0.5822916666666667 0.7962962962962963 0.5796875 0.7583333333333333 0.5770833333333333 0.75 0.5765625 0.7398148148148148 0.5791666666666667 0.7342592592592593 0.5854166666666667 0.7324074074074074 0.5994791666666667 0.7453703703703703 0.621875 0.7546296296296297 0.6395833333333333 0.7685185185185185 0.6536458333333334 0.7731481481481481 0.6588541666666666 0.7731481481481481 0.6645833333333333 0.7648148148148148 0.6619791666666667 0.7333333333333333 0.6671875 0.6722222222222223 0.6666666666666666 0.6018518518518519 0.6682291666666667 0.5796296296296296 0.6822916666666666 0.5314814814814814 0.6932291666666667 0.4740740740740741 0.7197916666666667 0.3972222222222222 0.721875 0.38981481481481484 0.7197916666666667 0.37962962962962965 0.725 0.3768518518518518 0.7234375 0.37222222222222223 0.7130208333333333 0.36944444444444446 0.7109375 0.3592592592592593 0.7010416666666667 0.3472222222222222 0.6994791666666667 0.33796296296296297 0.6932291666666667 0.325 0.6864583333333333 0.2712962962962963 0.6817708333333333 0.25462962962962965 0.6838541666666667 0.24537037037037038 0.6828125 0.23055555555555557 0.6723958333333333 0.19074074074074074 0.6671875 0.16203703703703703 0.66875 0.12962962962962962 0.6791666666666667 0.09166666666666666 0.6911458333333333 0.0712962962962963 0.7036458333333333 0.05555555555555555 0.7171875 0.04351851851851852 0.734375 0.03333333333333333 0.7427083333333333 0.030555555555555555 0.7619791666666667 0.032407407407407406
4 0.9630208333333333 0.7398148148148148 0.9729166666666667 0.7314814814814815 0.9770833333333333 0.7240740740740741 0.9791666666666666 0.7157407407407408 0.9802083333333333 0.6666666666666666 0.9875 0.6425925925925926 0.9947916666666666 0.6268518518518519 0.9994791666666667 0.6240740740740741 0.9994791666666667 0.9555555555555556 0.9979166666666667 0.9564814814814815 0.9994791666666667 0.9583333333333334 0.9994791666666667 0.9944444444444445 0.9869791666666666 0.9990740740740741 0.9609375 0.9962962962962963 0.8651041666666667 0.9990740740740741 0.8640625 0.9944444444444445 0.8677083333333333 0.9833333333333333 0.8796875 0.962037037037037 0.9151041666666667 0.9138888888888889 0.9213541666666667 0.8953703703703704 0.9328125 0.8731481481481481 0.9369791666666667 0.8546296296296296 0.9317708333333333 0.8388888888888889 0.9270833333333334 0.8324074074074074 0.9276041666666667 0.8175925925925925 0.9458333333333333 0.774074074074074 0.9630208333333333 0.7407407407407407
4 0.4421875 0 0.5036458333333333 0.004629629629629629 0.5140625 0.030555555555555555 0.5213541666666667 0.0712962962962963 0.5177083333333333 0.08703703703703704 0.5041666666666667 0.12037037037037036 0.496875 0.16296296296296298 0.4869791666666667 0.1824074074074074 0.4786458333333333 0.21296296296296297 0.478125 0.22314814814814815 0.4713541666666667 0.25092592592592594 0.46458333333333335 0.26481481481481484 0.446875 0.2898148148148148 0.4390625 0.2953703703703704 0.4234375 0.29907407407407405 0.421875 0.30185185185185187 0.42239583333333336 0.3101851851851852 0.4348958333333333 0.36666666666666664 0.4421875 0.37777777777777777 0.465625 0.4 0.475 0.4148148148148148 0.48333333333333334 0.4388888888888889 0.4895833333333333 0.44907407407407407 0.4942708333333333 0.48148148148148145 0.49635416666666665 0.48518518518518516 0.51875 0.47962962962962963 0.5333333333333333 0.48333333333333334 0.5541666666666667 0.5018518518518519 0.565625 0.5259259259259259 0.5677083333333334 0.5361111111111111 0.5677083333333334 0.549074074074074 0.5604166666666667 0.5555555555555556 0.5526041666666667 0.5564814814814815 0.5359375 0.5472222222222223 0.51875 0.5462962962962963 0.5145833333333333 0.5509259259259259 0.5182291666666666 0.5675925925925925 0.5255208333333333 0.5768518518518518 0.5255208333333333 0.5981481481481481 0.5270833333333333 0.6046296296296296 0.5458333333333333 0.6444444444444445 0.5463541666666667 0.6555555555555556 0.5442708333333334 0.6638888888888889 0.5458333333333333 0.6787037037037037 0.5567708333333333 0.6981481481481482 0.5583333333333333 0.7129629629629629 0.5572916666666666 0.7175925925925926 0.553125 0.7203703703703703 0.546875 0.737037037037037 0.5302083333333333 0.7453703703703703 0.509375 0.7462962962962963 0.48489583333333336 0.737037037037037 0.46927083333333336 0.725 0.45677083333333335 0.7111111111111111 0.43645833333333334 0.6962962962962963 0.4348958333333333 0.7305555555555555 0.4328125 0.7379629629629629 0.43385416666666665 0.7444444444444445 0.43125 0.7583333333333333 0.4322916666666667 0.762962962962963 0.4244791666666667 0.7907407407407407 0.40989583333333335 0.8203703703703704 0.4088541666666667 0.8277777777777777 0.4005208333333333 0.8379629629629629 0.3927083333333333 0.8592592592592593 0.3828125 0.8759259259259259 0.35833333333333334 0.9314814814814815 0.3578125 0.937962962962963 0.3515625 0.9490740740740741 0.3380208333333333 0.9944444444444445 0.30416666666666664 0.9972222222222222 0.17291666666666666 0.9972222222222222 0.15520833333333334 0.9796296296296296 0.14583333333333334 0.962037037037037 0.13333333333333333 0.9481481481481482 0.12864583333333332 0.9398148148148148 0.12708333333333333 0.9314814814814815 0.12916666666666668 0.9074074074074074 0.15104166666666666 0.8333333333333334 0.184375 0.6712962962962963 0.1921875 0.6537037037037037 0.20208333333333334 0.5703703703703704 0.20208333333333334 0.5537037037037037 0.20677083333333332 0.5370370370370371 0.2125 0.5009259259259259 0.22135416666666666 0.41759259259259257 0.22604166666666667 0.3990740740740741 0.23489583333333333 0.33611111111111114 0.2453125 0.2935185185185185 0.27291666666666664 0.22037037037037038 0.2833333333333333 0.18703703703703703 0.28854166666666664 0.17777777777777778 0.296875 0.17592592592592593 0.32083333333333336 0.1787037037037037 0.3229166666666667 0.175 0.3229166666666667 0.16018518518518518 0.32447916666666665 0.1537037037037037 0.32916666666666666 0.14722222222222223 0.32864583333333336 0.1425925925925926 0.34010416666666665 0.13240740740740742 0.3494791666666667 0.10740740740740741 0.35 0.09537037037037037 0.34479166666666666 0.09166666666666666 0.3411458333333333 0.06666666666666667 0.3541666666666667 0.03518518518518519 0.3640625 0.026851851851851852 0.37864583333333335 0.008333333333333333 0.40208333333333335 0.002777777777777778 0.4421875 0.000925925925925926
0 0.4942708333333333 0.8277777777777777 0.4984375 0.8305555555555556 0.5125 0.850925925925926 0.525 0.8731481481481481 0.5260416666666666 0.8861111111111111 0.521875 0.8935185185185185 0.5052083333333334 0.899074074074074 0.4984375 0.9212962962962963 0.4947916666666667 0.9259259259259259 0.47708333333333336 0.9361111111111111 0.4515625 0.9388888888888889 0.44375 0.962037037037037 0.43645833333333334 0.9944444444444445 0.4078125 0.9990740740740741 0.4046875 0.9953703703703703 0.4041666666666667 0.9907407407407407 0.4197916666666667 0.9148148148148149 0.42083333333333334 0.8870370370370371 0.4234375 0.875 0.45 0.8407407407407408 0.484375 0.8268518518518518 0.49375 0.8277777777777777
0 0.5869791666666667 0.6259259259259259 0.6151041666666667 0.6453703703703704 0.61875 0.6509259259259259 0.6213541666666667 0.6685185185185185 0.6385416666666667 0.7 0.6479166666666667 0.7351851851851852 0.6484375 0.7481481481481481 0.6364583333333333 0.7583333333333333 0.5921875 0.7240740740740741 0.5848958333333333 0.7212962962962963 0.5786458333333333 0.7268518518518519 0.5729166666666666 0.7388888888888889 0.5723958333333333 0.7490740740740741 0.5760416666666667 0.7574074074074074 0.5760416666666667 0.7861111111111111 0.5791666666666667 0.8018518518518518 0.5776041666666667 0.8138888888888889 0.58125 0.8157407407407408 0.58125 0.8194444444444444 0.5713541666666667 0.8166666666666667 0.5671875 0.8092592592592592 0.553125 0.7962962962962963 0.5354166666666667 0.799074074074074 0.5296875 0.7962962962962963 0.5260416666666666 0.7888888888888889 0.5328125 0.7666666666666667 0.5453125 0.7592592592592593 0.546875 0.7555555555555555 0.5572916666666666 0.7518518518518519 0.5604166666666667 0.7453703703703703 0.559375 0.7342592592592593 0.5635416666666667 0.7287037037037037 0.5630208333333333 0.7055555555555556 0.5598958333333334 0.6990740740740741 0.5614583333333333 0.6888888888888889 0.5520833333333334 0.6851851851851852 0.5557291666666667 0.6787037037037037 0.5604166666666667 0.6796296296296296 0.5614583333333333 0.6712962962962963 0.5463541666666667 0.6675925925925926 0.5520833333333334 0.6444444444444445 0.5729166666666666 0.6277777777777778 0.5864583333333333 0.6259259259259259
0 0.5869791666666667 0.6231481481481481 0.596875 0.6296296296296297 0.603125 0.637962962962963 0.6125 0.6425925925925926 0.6192708333333333 0.6509259259259259 0.621875 0.6685185185185185 0.6385416666666667 0.6990740740740741 0.6479166666666667 0.7351851851851852 0.6484375 0.75 0.6458333333333334 0.7546296296296297 0.6369791666666667 0.7592592592592593 0.6333333333333333 0.7527777777777778 0.609375 0.737037037037037 0.6 0.725925925925926 0.5885416666666666 0.7231481481481481 0.5885416666666666 0.7185185185185186 0.5776041666666667 0.7268518518518519 0.5729166666666666 0.7398148148148148 0.5723958333333333 0.7490740740740741 0.5760416666666667 0.7583333333333333 0.5791666666666667 0.8 0.584375 0.8212962962962963 0.5895833333333333 0.8333333333333334 0.5880208333333333 0.8518518518518519 0.5822916666666667 0.8611111111111112 0.575 0.8833333333333333 0.5713541666666667 0.8870370370370371 0.5338541666666666 0.8935185185185185 0.5286458333333334 0.8870370370370371 0.5302083333333333 0.8731481481481481 0.540625 0.8611111111111112 0.5447916666666667 0.8518518518518519 0.5666666666666667 0.8472222222222222 0.5708333333333333 0.85 0.5770833333333333 0.8416666666666667 0.5760416666666667 0.8277777777777777 0.5541666666666667 0.7981481481481482 0.5359375 0.8 0.5255208333333333 0.7962962962962963 0.5151041666666667 0.8027777777777778 0.4973958333333333 0.8018518518518518 0.48385416666666664 0.7962962962962963 0.4791666666666667 0.787962962962963 0.45625 0.787962962962963 0.4505208333333333 0.7935185185185185 0.44635416666666666 0.8064814814814815 0.43072916666666666 0.8111111111111111 0.42864583333333334 0.8101851851851852 0.4276041666666667 0.8046296296296296 0.42864583333333334 0.7944444444444444 0.43802083333333336 0.7722222222222223 0.44375 0.7231481481481481 0.4479166666666667 0.7111111111111111 0.4552083333333333 0.7129629629629629 0.48333333333333334 0.7388888888888889 0.5114583333333333 0.7509259259259259 0.5328125 0.7509259259259259 0.5614583333333333 0.7314814814814815 0.5645833333333333 0.725925925925926 0.565625 0.7175925925925926 0.565625 0.7055555555555556 0.5625 0.6990740740740741 0.5645833333333333 0.6935185185185185 0.5645833333333333 0.6851851851851852 0.5614583333333333 0.6814814814814815 0.5630208333333333 0.6712962962962963 0.5463541666666667 0.6675925925925926 0.5510416666666667 0.6527777777777778 0.5510416666666667 0.6462962962962963 0.5630208333333333 0.6296296296296297 0.5713541666666667 0.6231481481481481 0.5864583333333333 0.6231481481481481
0 0.55625 0.6212962962962963 0.5921875 0.6268518518518519 0.603125 0.6388888888888888 0.6161458333333333 0.6462962962962963 0.6197916666666666 0.6537037037037037 0.6229166666666667 0.6712962962962963 0.6385416666666667 0.7 0.6432291666666666 0.7194444444444444 0.6432291666666666 0.7268518518518519 0.6473958333333333 0.7361111111111112 0.6479166666666667 0.7509259259259259 0.640625 0.7583333333333333 0.6364583333333333 0.7583333333333333 0.6338541666666667 0.7518518518518519 0.6177083333333333 0.7416666666666667 0.6020833333333333 0.7379629629629629 0.5989583333333334 0.7296296296296296 0.5916666666666667 0.7305555555555555 0.5848958333333333 0.7240740740740741 0.5786458333333333 0.725925925925926 0.5734375 0.7379629629629629 0.571875 0.7481481481481481 0.5755208333333334 0.7564814814814815 0.575 0.7657407407407407 0.5786458333333333 0.8018518518518518 0.584375 0.8203703703703704 0.5927083333333333 0.8333333333333334 0.5932291666666667 0.8425925925925926 0.5885416666666666 0.8555555555555555 0.5838541666666667 0.862037037037037 0.5765625 0.8851851851851852 0.5677083333333334 0.8898148148148148 0.5375 0.8944444444444445 0.525 0.8907407407407407 0.5213541666666667 0.8944444444444445 0.5046875 0.899074074074074 0.5 0.9175925925925926 0.4953125 0.925 0.47760416666666666 0.9351851851851852 0.4557291666666667 0.9361111111111111 0.4515625 0.9388888888888889 0.4453125 0.9555555555555556 0.4354166666666667 0.9944444444444445 0.415625 0.9962962962962963 0.40677083333333336 0.9962962962962963 0.40520833333333334 0.9944444444444445 0.40520833333333334 0.987037037037037 0.4203125 0.9148148148148149 0.421875 0.8805555555555555 0.4244791666666667 0.8722222222222222 0.44479166666666664 0.8444444444444444 0.45260416666666664 0.8379629629629629 0.4901041666666667 0.8268518518518518 0.49895833333333334 0.8305555555555556 0.5223958333333333 0.8629629629629629 0.528125 0.8648148148148148 0.5411458333333333 0.8518518518518519 0.5713541666666667 0.8435185185185186 0.5760416666666667 0.8388888888888889 0.5770833333333333 0.8342592592592593 0.5755208333333334 0.8268518518518518 0.5536458333333333 0.7972222222222223 0.5255208333333333 0.7962962962962963 0.5151041666666667 0.8018518518518518 0.4973958333333333 0.8018518518518518 0.4901041666666667 0.8 0.484375 0.7953703703703704 0.48125 0.7888888888888889 0.47604166666666664 0.7861111111111111 0.4666666666666667 0.7907407407407407 0.45260416666666664 0.7888888888888889 0.4453125 0.8074074074074075 0.4317708333333333 0.8111111111111111 0.4276041666666667 0.8046296296296296 0.42864583333333334 0.7935185185185185 0.43854166666666666 0.7722222222222223 0.44375 0.7231481481481481 0.44635416666666666 0.7129629629629629 0.44947916666666665 0.7101851851851851 0.48385416666666664 0.7398148148148148 0.5140625 0.7518518518518519 0.534375 0.7509259259259259 0.5609375 0.7314814814814815 0.5645833333333333 0.7231481481481481 0.5651041666666666 0.7166666666666667 0.5635416666666667 0.7055555555555556 0.5604166666666667 0.7018518518518518 0.5614583333333333 0.6851851851851852 0.5583333333333333 0.6824074074074075 0.5598958333333334 0.6712962962962963 0.5463541666666667 0.6675925925925926 0.55 0.6546296296296297 0.55 0.6425925925925926 0.5473958333333333 0.6361111111111111 0.5515625 0.6296296296296297 0.5489583333333333 0.6222222222222222 0.553125 0.6194444444444445 0.5557291666666667 0.6212962962962963
0 0.5869791666666667 0.6231481481481481 0.61875 0.65 0.621875 0.6685185185185185 0.6385416666666667 0.6990740740740741 0.6479166666666667 0.7361111111111112 0.646875 0.7462962962962963 0.6369791666666667 0.7518518518518519 0.6307291666666667 0.7407407407407407 0.6291666666666667 0.7333333333333333 0.625 0.7333333333333333 0.6229166666666667 0.7379629629629629 0.6177083333333333 0.7324074074074074 0.60625 0.7287037037037037 0.5947916666666667 0.7175925925925926 0.5875 0.7157407407407408 0.5760416666666667 0.7296296296296296 0.5708333333333333 0.7518518518518519 0.5609375 0.7518518518518519 0.5505208333333333 0.7611111111111111 0.5432291666666667 0.7620370370370371 0.5328125 0.774074074074074 0.5291666666666667 0.7824074074074074 0.5291666666666667 0.787962962962963 0.5338541666666666 0.7870370370370371 0.5369791666666667 0.7796296296296297 0.5411458333333333 0.7870370370370371 0.5479166666666667 0.7888888888888889 0.5546875 0.7870370370370371 0.5541666666666667 0.7824074074074074 0.5567708333333333 0.7814814814814814 0.5583333333333333 0.7824074074074074 0.5567708333333333 0.7861111111111111 0.559375 0.7888888888888889 0.5567708333333333 0.7935185185185185 0.5333333333333333 0.7972222222222223 0.5296875 0.7907407407407407 0.4984375 0.7907407407407407 0.48125 0.7833333333333333 0.44583333333333336 0.7851851851851852 0.44166666666666665 0.7925925925925926 0.4401041666666667 0.8037037037037037 0.43385416666666665 0.8055555555555556 0.42916666666666664 0.8037037037037037 0.42916666666666664 0.7972222222222223 0.440625 0.762962962962963 0.4390625 0.7574074074074074 0.4432291666666667 0.725925925925926 0.44583333333333336 0.7129629629629629 0.4479166666666667 0.7111111111111111 0.4552083333333333 0.7129629629629629 0.48333333333333334 0.7388888888888889 0.5109375 0.7509259259259259 0.5338541666666666 0.7509259259259259 0.5614583333333333 0.7314814814814815 0.5651041666666666 0.7240740740740741 0.5651041666666666 0.7157407407407408 0.5619791666666667 0.6990740740740741 0.5635416666666667 0.6907407407407408 0.5583333333333333 0.6824074074074075 0.5604166666666667 0.6712962962962963 0.546875 0.6685185185185185 0.5463541666666667 0.6657407407407407 0.5520833333333334 0.6444444444444445 0.5661458333333333 0.6287037037037037 0.5729166666666666 0.6240740740740741 0.5864583333333333 0.6231481481481481
3 0.5916666666666667 0.7194444444444444 0.5947916666666667 0.725 0.6020833333333333 0.7268518518518519 0.603125 0.7305555555555555 0.628125 0.7509259259259259 0.6364583333333333 0.7638888888888888 0.6510416666666666 0.774074074074074 0.6614583333333334 0.775 0.6661458333333333 0.7787037037037037 0.6682291666666667 0.7842592592592592 0.6677083333333333 0.7925925925925926 0.6713541666666667 0.812037037037037 0.6713541666666667 0.8425925925925926 0.6682291666666667 0.8481481481481481 0.6078125 0.8351851851851851 0.5895833333333333 0.8222222222222222 0.584375 0.812962962962963 0.5802083333333333 0.7962962962962963 0.5776041666666667 0.7583333333333333 0.5739583333333333 0.7444444444444445 0.5786458333333333 0.7296296296296296 0.5911458333333334 0.7194444444444444
3 0.696875 0.337037037037037 0.7151041666666667 0.35833333333333334 0.7307291666666667 0.36574074074074076 0.7380208333333333 0.3731481481481482 0.7348958333333333 0.37962962962962965 0.7203125 0.39351851851851855 0.7067708333333333 0.3768518518518518 0.6989583333333333 0.3638888888888889 0.6958333333333333 0.3537037037037037 0.6911458333333333 0.34814814814814815 0.6916666666666667 0.3425925925925926 0.6963541666666667 0.337037037037037
3 0.5911458333333334 0.7166666666666667 0.5942708333333333 0.7240740740740741 0.5984375 0.7231481481481481 0.6026041666666667 0.7268518518518519 0.609375 0.7388888888888889 0.6234375 0.7481481481481481 0.6333333333333333 0.7638888888888888 0.6270833333333333 0.7675925925925926 0.6177083333333333 0.7898148148148149 0.6145833333333334 0.8324074074074074 0.6057291666666667 0.8333333333333334 0.5916666666666667 0.825 0.5848958333333333 0.8138888888888889 0.5802083333333333 0.7972222222222223 0.5770833333333333 0.7787037037037037 0.5770833333333333 0.7574074074074074 0.5739583333333333 0.7481481481481481 0.5765625 0.7324074074074074 0.5796875 0.7277777777777777 0.5880208333333333 0.725 0.5911458333333334 0.7175925925925926
3 0.5229166666666667 0.4787037037037037 0.5348958333333333 0.48333333333333334 0.5484375 0.4935185185185185 0.5541666666666667 0.5 0.5635416666666667 0.5185185185185185 0.5682291666666667 0.5314814814814814 0.5692708333333333 0.55 0.5677083333333334 0.5537037037037037 0.5572916666666666 0.5601851851851852 0.5505208333333333 0.5601851851851852 0.5390625 0.55 0.515625 0.5472222222222223 0.5104166666666666 0.5370370370370371 0.5005208333333333 0.5268518518518519 0.4979166666666667 0.5120370370370371 0.496875 0.48703703703703705 0.50625 0.48055555555555557 0.5223958333333333 0.4787037037037037