4 0.7421875 0.7092592592592593 0.7473958333333334 0.712037037037037 0.76875 0.7129629629629629 0.7890625 0.7203703703703703 0.8151041666666666 0.7435185185185185 0.8369791666666667 0.7574074074074074 0.8489583333333334 0.775 0.8770833333333333 0.7722222222222223 0.890625 0.7805555555555556 0.9192708333333334 0.8351851851851851 0.953125 0.8666666666666667 0.9791666666666666 0.9092592592592592 0.9994791666666667 0.9351851851851852 0.9994791666666667 0.9944444444444445 0.9848958333333333 0.9990740740740741 0.9223958333333333 0.9953703703703703 0.8739583333333333 0.9990740740740741 0.8671875 0.9916666666666667 0.8557291666666667 0.9574074074074074 0.8385416666666666 0.9472222222222222 0.8197916666666667 0.9203703703703704 0.7984375 0.8796296296296297 0.7958333333333333 0.8657407407407407 0.7770833333333333 0.8425925925925926 0.7619791666666667 0.837037037037037 0.7427083333333333 0.8407407407407408 0.721875 0.8379629629629629 0.7177083333333333 0.8425925925925926 0.7135416666666666 0.8425925925925926 0.7072916666666667 0.8379629629629629 0.6963541666666667 0.8361111111111111 0.690625 0.8296296296296296 0.6791666666666667 0.825925925925926 0.6619791666666667 0.8138888888888889 0.659375 0.8018518518518518 0.6682291666666667 0.7814814814814814 0.6671875 0.7685185185185185 0.6713541666666667 0.7490740740740741 0.6822916666666666 0.7305555555555555 0.6953125 0.7166666666666667 0.7067708333333333 0.7092592592592593 0.7416666666666667 0.7092592592592593
4 0.925 0.21388888888888888 0.9526041666666667 0.22592592592592592 0.978125 0.24722222222222223 0.996875 0.26851851851851855 0.9973958333333334 0.2814814814814815 0.9994791666666667 0.2833333333333333 0.996875 0.29444444444444445 0.996875 0.30833333333333335 0.9994791666666667 0.3101851851851852 0.9994791666666667 0.35648148148148145 0.996875 0.35833333333333334 0.9994791666666667 0.362962962962963 0.9994791666666667 0.42592592592592593 0.9963541666666667 0.43148148148148147 0.9942708333333333 0.44722222222222224 0.9776041666666667 0.4740740740740741 0.9713541666666666 0.48148148148148145 0.9604166666666667 0.4861111111111111 0.9494791666666667 0.4962962962962963 0.9354166666666667 0.5222222222222223 0.9260416666666667 0.5287037037037037 0.9192708333333334 0.5907407407407408 0.9130208333333333 0.6129629629629629 0.9078125 0.6194444444444445 0.9067708333333333 0.6314814814814815 0.8979166666666667 0.6435185185185185 0.8932291666666666 0.6435185185185185 0.8859375 0.6370370370370371 0.8791666666666667 0.6231481481481481 0.8958333333333334 0.6157407407407407 0.8807291666666667 0.6046296296296296 0.8796875 0.5953703703703703 0.8854166666666666 0.5907407407407408 0.8890625 0.5666666666666667 0.8885416666666667 0.5564814814814815 0.8859375 0.5509259259259259 0.8770833333333333 0.5518518518518518 0.865625 0.562962962962963 0.8651041666666667 0.5731481481481482 0.8703125 0.5972222222222222 0.8692708333333333 0.6074074074074074 0.8713541666666667 0.6166666666666667 0.8708333333333333 0.6259259259259259 0.8666666666666667 0.6324074074074074 0.846875 0.6370370370370371 0.8208333333333333 0.6129629629629629 0.8161458333333333 0.5972222222222222 0.8151041666666666 0.5842592592592593 0.815625 0.537962962962963 0.8130208333333333 0.5138888888888888 0.8067708333333333 0.5 0.8 0.4962962962962963 0.79375 0.4842592592592593 0.7838541666666666 0.4777777777777778 0.7770833333333333 0.46944444444444444 0.7619791666666667 0.4601851851851852 0.7552083333333334 0.4601851851851852 0.7510416666666667 0.45185185185185184 0.7479166666666667 0.4287037037037037 0.7802083333333333 0.3592592592592593 0.7770833333333333 0.35 0.76875 0.3425925925925926 0.7682291666666666 0.33425925925925926 0.7828125 0.30833333333333335 0.7973958333333333 0.29444444444444445 0.8192708333333333 0.2861111111111111 0.8505208333333333 0.2537037037037037 0.865625 0.24166666666666667 0.9010416666666666 0.21851851851851853 0.9244791666666666 0.21388888888888888
4 0.11979166666666667 0.05648148148148148 0.16822916666666668 0.10185185185185185 0.175 0.10925925925925926 0.184375 0.1259259259259259 0.2078125 0.1398148148148148 0.22604166666666667 0.16203703703703703 0.24791666666666667 0.17685185185185184 0.2734375 0.17777777777777778 0.2875 0.17314814814814813 0.28802083333333334 0.16111111111111112 0.309375 0.13796296296296295 0.32135416666666666 0.14444444444444443 0.334375 0.16111111111111112 0.3375 0.175 0.33697916666666666 0.1824074074074074 0.340625 0.18981481481481483 0.33958333333333335 0.20277777777777778 0.3375 0.2064814814814815 0.3380208333333333 0.22407407407407406 0.34270833333333334 0.2324074074074074 0.340625 0.24074074074074073 0.34322916666666664 0.2462962962962963 0.3421875 0.25462962962962965 0.3463541666666667 0.2638888888888889 0.34479166666666666 0.2796296296296296 0.3494791666666667 0.3 0.35 0.325 0.3489583333333333 0.3287037037037037 0.3453125 0.3277777777777778 0.3416666666666667 0.3314814814814815 0.3333333333333333 0.32685185185185184 0.32760416666666664 0.33055555555555555 0.31666666666666665 0.32685185185185184 0.315625 0.3314814814814815 0.3098958333333333 0.33425925925925926 0.31354166666666666 0.3416666666666667 0.3067708333333333 0.3472222222222222 0.3026041666666667 0.3453703703703704 0.30104166666666665 0.3333333333333333 0.2942708333333333 0.3333333333333333 0.2890625 0.34074074074074073 0.2859375 0.35555555555555557 0.2755208333333333 0.36203703703703705 0.275 0.3712962962962963 0.27760416666666665 0.3907407407407407 0.2828125 0.3990740740740741 0.2859375 0.3990740740740741 0.2869791666666667 0.40555555555555556 0.3078125 0.41388888888888886 0.3020833333333333 0.4185185185185185 0.3020833333333333 0.425 0.30625 0.42777777777777776 0.32447916666666665 0.4287037037037037 0.325 0.425 0.3229166666666667 0.4212962962962963 0.3260416666666667 0.4185185185185185 0.32395833333333335 0.4148148148148148 0.3255208333333333 0.4 0.3302083333333333 0.39537037037037037 0.33125 0.3907407407407407 0.3458333333333333 0.3907407407407407 0.35833333333333334 0.39814814814814814 0.3765625 0.4009259259259259 0.38645833333333335 0.41203703703703703 0.3963541666666667 0.41388888888888886 0.4010416666666667 0.4222222222222222 0.4078125 0.42777777777777776 0.42604166666666665 0.43703703703703706 0.4276041666666667 0.44351851851851853 0.42552083333333335 0.4527777777777778 0.42864583333333334 0.4601851851851852 0.4348958333333333 0.4638888888888889 0.4401041666666667 0.48148148148148145 0.44166666666666665 0.5222222222222223 0.45364583333333336 0.5462962962962963 0.4552083333333333 0.5537037037037037 0.45364583333333336 0.5638888888888889 0.4557291666666667 0.5851851851851851 0.46041666666666664 0.5888888888888889 0.465625 0.6027777777777777 0.4666666666666667 0.6092592592592593 0.46510416666666665 0.6129629629629629 0.4703125 0.6277777777777778 0.4734375 0.6175925925925926 0.47708333333333336 0.6194444444444445 0.47708333333333336 0.6222222222222222 0.4713541666666667 0.6287037037037037 0.47239583333333335 0.6333333333333333 0.46875 0.6398148148148148 0.46770833333333334 0.6472222222222223 0.47291666666666665 0.65 0.4671875 0.6666666666666666 0.45989583333333334 0.6694444444444444 0.4546875 0.6805555555555556 0.453125 0.6962962962962963 0.45364583333333336 0.7027777777777777 0.45625 0.7064814814814815 0.4557291666666667 0.7111111111111111 0.42552083333333335 0.7277777777777777 0.41458333333333336 0.7305555555555555 0.4109375 0.7361111111111112 0.4114583333333333 0.7518518518518519 0.415625 0.7722222222222223 0.42135416666666664 0.7842592592592592 0.4588541666666667 0.7768518518518519 0.465625 0.787962962962963 0.46927083333333336 0.8268518518518518 0.47291666666666665 0.8351851851851851 0.4828125 0.8435185185185186 0.484375 0.8490740740740741 0.5005208333333333 0.8537037037037037 0.5208333333333334 0.8685185185185185 0.5197916666666667 0.8731481481481481 0.5057291666666667 0.8944444444444445 0.5026041666666666 0.9092592592592592 0.4973958333333333 0.9148148148148149 0.4942708333333333 0.9287037037037037 0.4765625 0.9314814814814815 0.46770833333333334 0.9490740740740741 0.44947916666666665 0.9592592592592593 0.43645833333333334 0.9740740740740741 0.4317708333333333 0.975 0.42135416666666664 0.9638888888888889 0.4140625 0.962037037037037 0.39010416666666664 0.9777777777777777 0.353125 0.9861111111111112 0.33697916666666666 0.9944444444444445 0.2203125 0.9944444444444445 0.19895833333333332 0.9962962962962963 0.196875 0.9990740740740741 0.18229166666666666 0.9944444444444445 0.1546875 0.9972222222222222 0.14479166666666668 0.9944444444444445 0.0515625 0.9953703703703703 0.042708333333333334 0.9990740740740741 0.036458333333333336 0.9962962962962963 0 0.9944444444444445 0 0.9351851851851852 0.0036458333333333334 0.9314814814814815 0 0.925 0 0.85 0.0020833333333333333 0.8481481481481481 0 0.8462962962962963 0 0.8212962962962963 0.0026041666666666665 0.8194444444444444 0.0036458333333333334 0.8111111111111111 0.003125 0.8037037037037037 0 0.8009259259259259 0 0.737037037037037 0.0020833333333333333 0.7361111111111112 0 0.7333333333333333 0 0.6703703703703704 0.0046875 0.6675925925925926 0.0020833333333333333 0.6620370370370371 0 0.6620370370370371 0 0.4185185185185185 0.0020833333333333333 0.4166666666666667 0.004166666666666667 0.4027777777777778 0.008854166666666666 0.3907407407407407 0.011979166666666667 0.3712962962962963 0.0359375 0.27037037037037037 0.07552083333333333 0.13518518518518519 0.10208333333333333 0.06666666666666667 0.10885416666666667 0.05555555555555555 0.11927083333333334 0.05648148148148148
4 0.3453125 0.021296296296296296 0.34791666666666665 0.027777777777777776 0.3489583333333333 0.04814814814814815 0.34739583333333335 0.08703703703703704 0.3494791666666667 0.10185185185185185 0.3494791666666667 0.14907407407407408 0.34479166666666666 0.1712962962962963 0.3453125 0.18425925925925926 0.34270833333333334 0.18611111111111112 0.3411458333333333 0.18518518518518517 0.340625 0.175 0.33697916666666666 0.1638888888888889 0.32916666666666666 0.14907407407407408 0.3182291666666667 0.1388888888888889 0.3072916666666667 0.1361111111111111 0.30572916666666666 0.12962962962962962 0.3203125 0.09351851851851851 0.33229166666666665 0.07037037037037037 0.33125 0.05925925925925926 0.3338541666666667 0.032407407407407406 0.3390625 0.023148148148148147 0.34479166666666666 0.021296296296296296
4 0.5932291666666667 0.8407407407407408 0.6088541666666667 0.8453703703703703 0.6234375 0.8546296296296296 0.6557291666666667 0.8546296296296296 0.6619791666666667 0.8583333333333333 0.665625 0.8675925925925926 0.665625 0.8777777777777778 0.6630208333333333 0.8870370370370371 0.6677083333333333 0.9046296296296297 0.6651041666666667 0.912962962962963 0.6583333333333333 0.9185185185185185 0.6494791666666667 0.9203703703703704 0.6385416666666667 0.9314814814814815 0.6364583333333333 0.9351851851851852 0.6385416666666667 0.9462962962962963 0.6375 0.9555555555555556 0.6229166666666667 0.9722222222222222 0.6088541666666667 0.9990740740740741 0.34479166666666666 0.9990740740740741 0.35572916666666665 0.9907407407407407 0.4046875 0.9777777777777777 0.41458333333333336 0.9694444444444444 0.4192708333333333 0.9694444444444444 0.43020833333333336 0.9787037037037037 0.43645833333333334 0.975925925925926 0.44895833333333335 0.962037037037037 0.46927083333333336 0.950925925925926 0.478125 0.9351851851851852 0.4942708333333333 0.9351851851851852 0.5114583333333333 0.9101851851851852 0.5192708333333333 0.8898148148148148 0.5328125 0.8657407407407407 0.546875 0.8472222222222222 0.5598958333333334 0.8407407407407408 0.5729166666666666 0.8453703703703703 0.5927083333333333 0.8407407407407408
4 0.5640625 0.8444444444444444 0.571875 0.8481481481481481 0.5744791666666667 0.8546296296296296 0.5796875 0.8574074074074074 0.5828125 0.8574074074074074 0.5864583333333333 0.8490740740740741 0.5911458333333334 0.8462962962962963 0.6005208333333333 0.8481481481481481 0.6036458333333333 0.8527777777777777 0.6114583333333333 0.8555555555555555 0.6098958333333333 0.8583333333333333 0.6114583333333333 0.8638888888888889 0.609375 0.8666666666666667 0.6052083333333333 0.862037037037037 0.6067708333333334 0.8601851851851852 0.6057291666666667 0.8574074074074074 0.596875 0.8564814814814815 0.5901041666666667 0.8574074074074074 0.5869791666666667 0.8657407407407407 0.5947916666666667 0.8731481481481481 0.5880208333333333 0.8740740740740741 0.5869791666666667 0.8768518518518519 0.5979166666666667 0.8796296296296297 0.5963541666666666 0.8824074074074074 0.596875 0.8888888888888888 0.6 0.8972222222222223 0.6098958333333333 0.9083333333333333 0.609375 0.9212962962962963 0.6229166666666667 0.9101851851851852 0.6291666666666667 0.9009259259259259 0.6276041666666666 0.8953703703703704 0.628125 0.8851851851851852 0.6260416666666667 0.8833333333333333 0.6317708333333333 0.8833333333333333 0.6369791666666667 0.8787037037037037 0.65 0.8851851851851852 0.6541666666666667 0.8842592592592593 0.6572916666666667 0.8944444444444445 0.665625 0.9009259259259259 0.6645833333333333 0.9037037037037037 0.6567708333333333 0.9064814814814814 0.6479166666666667 0.9175925925925926 0.64375 0.9166666666666666 0.6401041666666667 0.9212962962962963 0.6401041666666667 0.9259259259259259 0.6338541666666667 0.9305555555555556 0.6291666666666667 0.9287037037037037 0.625 0.9314814814814815 0.6234375 0.9361111111111111 0.6255208333333333 0.9407407407407408 0.6333333333333333 0.9416666666666667 0.6333333333333333 0.9555555555555556 0.6213541666666667 0.9675925925925926 0.6151041666666667 0.9768518518518519 0.6125 0.9851851851851852 0.6088541666666667 0.9879629629629629 0.6088541666666667 0.9944444444444445 0.6036458333333333 0.9972222222222222 0.3515625 0.9990740740740741 0.35104166666666664 0.9944444444444445 0.353125 0.9935185185185185 0.40625 0.9796296296296296 0.41458333333333336 0.9731481481481481 0.4192708333333333 0.9731481481481481 0.42864583333333334 0.9814814814814815 0.43645833333333334 0.9796296296296296 0.44427083333333334 0.9731481481481481 0.4473958333333333 0.9666666666666667 0.47239583333333335 0.95 0.4786458333333333 0.9388888888888889 0.4947916666666667 0.9416666666666667 0.49895833333333334 0.9324074074074075 0.509375 0.9231481481481482 0.5151041666666667 0.9092592592592592 0.5208333333333334 0.9046296296296297 0.5276041666666667 0.887962962962963 0.5291666666666667 0.8787037037037037 0.5328125 0.8722222222222222 0.5380208333333333 0.8694444444444445 0.5385416666666667 0.8629629629629629 0.5427083333333333 0.8555555555555555 0.5479166666666667 0.8564814814814815 0.55 0.8490740740740741 0.5635416666666667 0.8453703703703703
4 0.3619791666666667 0 0.36875 0.002777777777777778 0.3796875 0 0.475 0 0.4786458333333333 0.002777777777777778 0.5171875 0 0.5239583333333333 0.003703703703703704 0.54375 0 0.603125 0 0.6088541666666667 0.004629629629629629 0.6963541666666667 0.004629629629629629 0.7239583333333334 0 0.7416666666666667 0 0.7458333333333333 0.002777777777777778 0.7526041666666666 0.002777777777777778 0.7546875 0 0.7854166666666667 0 0.8036458333333333 0.004629629629629629 0.8239583333333333 0.002777777777777778 0.8270833333333333 0 0.846875 0 0.8489583333333334 0.003703703703703704 0.8401041666666667 0.08888888888888889 0.8270833333333333 0.1527777777777778 0.8166666666666667 0.21666666666666667 0.8104166666666667 0.22777777777777777 0.7880208333333333 0.24814814814814815 0.7765625 0.25462962962962965 0.7776041666666667 0.3037037037037037 0.7734375 0.31851851851851853 0.7640625 0.3314814814814815 0.7614583333333333 0.3453703703703704 0.7619791666666667 0.35555555555555557 0.7583333333333333 0.3592592592592593 0.7515625 0.35648148148148145 0.7494791666666667 0.35833333333333334 0.7494791666666667 0.37777777777777777 0.7453125 0.3907407407407407 0.7380208333333333 0.40370370370370373 0.7328125 0.4222222222222222 0.7015625 0.4703703703703704 0.6911458333333333 0.5009259259259259 0.7036458333333333 0.5027777777777778 0.7192708333333333 0.48703703703703705 0.7213541666666666 0.48333333333333334 0.7197916666666667 0.47685185185185186 0.7208333333333333 0.47129629629629627 0.728125 0.4527777777777778 0.7359375 0.4462962962962963 0.7411458333333333 0.4361111111111111 0.7546875 0.4824074074074074 0.7515625 0.5083333333333333 0.7447916666666666 0.5203703703703704 0.7395833333333334 0.5231481481481481 0.73125 0.5361111111111111 0.7166666666666667 0.549074074074074 0.6869791666666667 0.5509259259259259 0.6770833333333334 0.5564814814814815 0.6755208333333333 0.5537037037037037 0.6791666666666667 0.5462962962962963 0.6828125 0.5444444444444444 0.6838541666666667 0.5388888888888889 0.675 0.5305555555555556 0.6671875 0.5175925925925926 0.665625 0.5018518518518519 0.6739583333333333 0.4787037037037037 0.6864583333333333 0.4527777777777778 0.6859375 0.44537037037037036 0.6927083333333334 0.41574074074074074 0.6932291666666667 0.40370370370370373 0.6979166666666666 0.3907407407407407 0.6838541666666667 0.3925925925925926 0.6776041666666667 0.38981481481481484 0.6671875 0.38055555555555554 0.6510416666666666 0.3574074074074074 0.6484375 0.3592592592592593 0.6479166666666667 0.3675925925925926 0.6375 0.37222222222222223 0.6333333333333333 0.39351851851851855 0.6296875 0.3990740740740741 0.6229166666666667 0.3990740740740741 0.6182291666666667 0.4111111111111111 0.6098958333333333 0.4185185185185185 0.5838541666666667 0.42685185185185187 0.5848958333333333 0.43148148148148147 0.596875 0.43148148148148147 0.5869791666666667 0.43333333333333335 0.5859375 0.43796296296296294 0.5885416666666666 0.4425925925925926 0.5864583333333333 0.44351851851851853 0.56875 0.4398148148148148 0.5494791666666666 0.44351851851851853 0.54375 0.41203703703703703 0.546875 0.4027777777777778 0.5395833333333333 0.4046296296296296 0.5291666666666667 0.4009259259259259 0.5171875 0.4101851851851852 0.49947916666666664 0.4083333333333333 0.48802083333333335 0.41759259259259257 0.465625 0.4148148148148148 0.45260416666666664 0.40925925925925927 0.4427083333333333 0.39814814814814814 0.434375 0.39537037037037037 0.42864583333333334 0.387037037037037 0.409375 0.3814814814814815 0.4005208333333333 0.3731481481481482 0.384375 0.36666666666666664 0.365625 0.3333333333333333 0.359375 0.31296296296296294 0.35520833333333335 0.28703703703703703 0.35572916666666665 0.24074074074074073 0.3484375 0.19907407407407407 0.35208333333333336 0.17314814814814813 0.3541666666666667 0.1685185185185185 0.35260416666666666 0.15 0.3546875 0.11944444444444445 0.3541666666666667 0.10462962962962963 0.3515625 0.09722222222222222 0.35052083333333334 0.07222222222222222 0.35208333333333336 0.05277777777777778 0.35104166666666664 0.025 0.3484375 0.012962962962962963 0.35 0.005555555555555556 0.3619791666666667 0.000925925925925926
1 0.609375 0.5453703703703704 0.6265625 0.5611111111111111 0.6296875 0.5731481481481482 0.6307291666666667 0.5879629629629629 0.6197916666666666 0.6537037037037037 0.6145833333333334 0.6694444444444444 0.6067708333333334 0.6842592592592592 0.6098958333333333 0.7074074074074074 0.6072916666666667 0.7101851851851851 0.5989583333333334 0.7092592592592593 0.5979166666666667 0.7138888888888889 0.6005208333333333 0.7222222222222222 0.6078125 0.7268518518518519 0.6203125 0.7453703703703703 0.628125 0.75 0.6338541666666667 0.7620370370370371 0.6338541666666667 0.7694444444444445 0.6307291666666667 0.7731481481481481 0.61875 0.775 0.6119791666666666 0.7657407407407407 0.6020833333333333 0.7416666666666667 0.5989583333333334 0.7407407407407407 0.5984375 0.7481481481481481 0.6057291666666667 0.7685185185185185 0.6046875 0.7722222222222223 0.6072916666666667 0.775 0.6057291666666667 0.7777777777777778 0.5984375 0.7759259259259259 0.5848958333333333 0.7611111111111111 0.5885416666666666 0.7453703703703703 0.5776041666666667 0.7203703703703703 0.5744791666666667 0.7083333333333334 0.5692708333333333 0.6842592592592592 0.5666666666666667 0.6509259259259259 0.5677083333333334 0.6222222222222222 0.5708333333333333 0.6083333333333333 0.5739583333333333 0.6064814814814815 0.5765625 0.5990740740740741 0.5796875 0.5787037037037037 0.5911458333333334 0.5574074074074075 0.5994791666666667 0.549074074074074 0.6088541666666667 0.5453703703703704
0 0.3453125 0.021296296296296296 0.34739583333333335 0.025925925925925925 0.3484375 0.049074074074074076 0.34739583333333335 0.07592592592592592 0.3494791666666667 0.14074074074074075 0.3489583333333333 0.1537037037037037 0.34322916666666664 0.1712962962962963 0.3453125 0.18055555555555555 0.34375 0.18518518518518517 0.3411458333333333 0.18425925925925926 0.340625 0.17314814814814813 0.32916666666666666 0.15 0.31875 0.1388888888888889 0.3078125 0.13425925925925927 0.3072916666666667 0.12962962962962962 0.3203125 0.09537037037037037 0.33229166666666665 0.0712962962962963 0.33177083333333335 0.06018518518518518 0.33489583333333334 0.032407407407407406 0.3390625 0.025 0.34479166666666666 0.021296296296296296
0 0.5458333333333333 0.45925925925925926 0.5552083333333333 0.4648148148148148 0.5708333333333333 0.4824074074074074 0.5791666666666667 0.4861111111111111 0.5833333333333334 0.5 0.5901041666666667 0.5111111111111111 0.5901041666666667 0.525 0.5921875 0.5296296296296297 0.6057291666666667 0.5342592592592592 0.6098958333333333 0.5407407407407407 0.5916666666666667 0.5509259259259259 0.5885416666666666 0.5509259259259259 0.5848958333333333 0.5435185185185185 0.5807291666666666 0.5416666666666666 0.5796875 0.5462962962962963 0.5729166666666666 0.55 0.5713541666666667 0.5611111111111111 0.5671875 0.562037037037037 0.5666666666666667 0.5583333333333333 0.5692708333333333 0.5537037037037037 0.5661458333333333 0.549074074074074 0.565625 0.5425925925925926 0.5677083333333334 0.5398148148148149 0.55 0.5296296296296297 0.5390625 0.5370370370370371 0.5364583333333334 0.549074074074074 0.5328125 0.5425925925925926 0.5302083333333333 0.5509259259259259 0.5239583333333333 0.5518518518518518 0.525 0.5583333333333333 0.5317708333333333 0.562037037037037 0.5390625 0.5722222222222222 0.5526041666666667 0.575925925925926 0.5645833333333333 0.587037037037037 0.5692708333333333 0.5962962962962963 0.5703125 0.6148148148148148 0.5651041666666666 0.6231481481481481 0.5536458333333333 0.6259259259259259 0.5427083333333333 0.6361111111111111 0.5229166666666667 0.6814814814814815 0.5203125 0.6796296296296296 0.51875 0.6509259259259259 0.5166666666666667 0.6481481481481481 0.5005208333333333 0.649074074074074 0.4942708333333333 0.6462962962962963 0.4739583333333333 0.5879629629629629 0.4822916666666667 0.5842592592592593 0.48854166666666665 0.5712962962962963 0.4890625 0.562962962962963 0.4921875 0.5583333333333333 0.4921875 0.5518518518518518 0.4979166666666667 0.5398148148148149 0.5125 0.5425925925925926 0.5052083333333334 0.5324074074074074 0.5078125 0.525 0.5072916666666667 0.5185185185185185 0.5151041666666667 0.5185185185185185 0.509375 0.525 0.5114583333333333 0.5277777777777778 0.5229166666666667 0.5194444444444445 0.5197916666666667 0.5157407407407407 0.5223958333333333 0.5055555555555555 0.5317708333333333 0.5018518518518519 0.5359375 0.487962962962963 0.5333333333333333 0.4703703703703704 0.5348958333333333 0.4601851851851852 0.5380208333333333 0.4564814814814815 0.5453125 0.45925925925925926
3 0.7328125 0.7074074074074074 0.7703125 0.7129629629629629 0.7885416666666667 0.7194444444444444 0.8192708333333333 0.7462962962962963 0.8385416666666666 0.7583333333333333 0.8473958333333333 0.7722222222222223 0.8484375 0.7814814814814814 0.8453125 0.7888888888888889 0.8166666666666667 0.8212962962962963 0.79375 0.8611111111111112 0.7802083333333333 0.8453703703703703 0.76875 0.8398148148148148 0.7526041666666666 0.8379629629629629 0.734375 0.8416666666666667 0.7229166666666667 0.8379629629629629 0.7171875 0.8444444444444444 0.7125 0.8444444444444444 0.70625 0.8379629629629629 0.6979166666666666 0.8416666666666667 0.6880208333333333 0.8296296296296296 0.6677083333333333 0.8203703703703704 0.6598958333333333 0.812037037037037 0.6588541666666666 0.8027777777777778 0.6677083333333333 0.7805555555555556 0.6666666666666666 0.7703703703703704 0.6682291666666667 0.7620370370370371 0.6744791666666666 0.7407407407407407 0.6786458333333333 0.7342592592592593 0.7036458333333333 0.7101851851851851 0.7322916666666667 0.7074074074074074
3 0.8416666666666667 0.48333333333333334 0.8458333333333333 0.4888888888888889 0.8604166666666667 0.5416666666666666 0.8713541666666667 0.6194444444444445 0.8703125 0.6296296296296297 0.8671875 0.6333333333333333 0.8526041666666667 0.6388888888888888 0.8432291666666667 0.6370370370370371 0.8208333333333333 0.6129629629629629 0.815625 0.5935185185185186 0.8161458333333333 0.5453703703703704 0.8119791666666667 0.4981481481481482 0.8307291666666666 0.4824074074074074 0.8411458333333334 0.48333333333333334
3 0.8833333333333333 0.637962962962963 0.8786458333333333 0.6222222222222222 0.8802083333333334 0.6194444444444445 0.8947916666666667 0.6157407407407407 0.8854166666666666 0.6064814814814815 0.8864583333333333 0.587037037037037 0.89375 0.5611111111111111 0.9036458333333334 0.5398148148148149 0.915625 0.537962962962963 0.9203125 0.5324074074074074 0.9229166666666667 0.5361111111111111 0.9203125 0.5851851851851851 0.9098958333333333 0.6296296296296297 0.8984375 0.6472222222222223 0.890625 0.6462962962962963 0.8838541666666667 0.637962962962963
3 0.7145833333333333 0.38796296296296295 0.725 0.38796296296296295 0.7333333333333333 0.39351851851851855 0.7375 0.40370370370370373 0.7359375 0.4185185185185185 0.7119791666666667 0.4601851851851852 0.7052083333333333 0.4675925925925926 0.6911458333333333 0.5009259259259259 0.696875 0.5027777777777778 0.70625 0.49907407407407406 0.7119791666666667 0.49074074074074076 0.7145833333333333 0.4777777777777778 0.728125 0.44907407407407407 0.7375 0.4324074074074074 0.7411458333333333 0.43148148148148147 0.7546875 0.4787037037037037 0.7526041666666666 0.5101851851851852 0.7484375 0.5185185185185185 0.7192708333333333 0.55 0.7098958333333333 0.5537037037037037 0.6890625 0.5537037037037037 0.675 0.562962962962963 0.6713541666666667 0.562037037037037 0.66875 0.5564814814814815 0.6744791666666666 0.5361111111111111 0.6651041666666667 0.5157407407407407 0.6661458333333333 0.5009259259259259 0.684375 0.45092592592592595 0.6989583333333333 0.39351851851851855 0.7057291666666666 0.3888888888888889 0.7140625 0.38796296296296295
3 0.340625 0.05277777777777778 0.016666666666666666 0.06111111111111111
3 0.5953125 0.8416666666666667 0.621875 0.8546296296296296 0.6520833333333333 0.8546296296296296 0.6614583333333334 0.8583333333333333 0.6651041666666667 0.8712962962962963 0.6625 0.8833333333333333 0.6671875 0.9009259259259259 0.665625 0.9111111111111111 0.6619791666666667 0.9157407407407407 0.6510416666666666 0.9203703703703704 0.6364583333333333 0.9324074074074075 0.6348958333333333 0.937962962962963 0.6380208333333334 0.9462962962962963 0.6369791666666667 0.9546296296296296 0.6057291666666667 0.9990740740740741 0.5328125 0.9990740740740741 0.5171875 0.9694444444444444 0.4953125 0.9388888888888889 0.4979166666666667 0.9314814814814815 0.5114583333333333 0.9111111111111111 0.5177083333333333 0.8935185185185185 0.5458333333333333 0.8481481481481481 0.5572916666666666 0.8416666666666667 0.575 0.8453703703703703 0.5947916666666667 0.8416666666666667
3 0.63125 0.19537037037037036 0.7125 0.20277777777777778 0.7119791666666667 0.2111111111111111 0.7057291666666666 0.22777777777777777 0.7046875 0.25092592592592594 0.7348958333333333 0.25925925925925924 0.7416666666666667 0.26481481481481484 0.7473958333333334 0.275 0.7489583333333333 0.2898148148148148 0.7447916666666666 0.30648148148148147 0.746875 0.325 0.7442708333333333 0.34444444444444444 0.7239583333333334 0.3509259259259259 0.7083333333333334 0.38055555555555554 0.696875 0.38981481481481484 0.6869791666666667 0.39351851851851855 0.6807291666666667 0.39351851851851855 0.6723958333333333 0.387037037037037 0.65625 0.36574074074074076 0.6338541666666667 0.3277777777777778 0.6223958333333334 0.3333333333333333 0.6130208333333333 0.35 0.609375 0.3527777777777778 0.584375 0.3537037037037037 0.5776041666666667 0.3490740740740741 0.5729166666666666 0.3416666666666667 0.5703125 0.33240740740740743 0.5697916666666667 0.30462962962962964 0.5651041666666666 0.27037037037037037 0.5635416666666667 0.23148148148148148 0.5651041666666666 0.22037037037037038 0.5994791666666667 0.19907407407407407 0.6192708333333333 0.19444444444444445 0.6307291666666667 0.19537037037037036
3 0.6666666666666666 0.19814814814814816 0.7119791666666667 0.20277777777777778 0.7130208333333333 0.2064814814814815 0.7057291666666666 0.22592592592592592 0.7046875 0.25092592592592594 0.7375 0.2601851851851852 0.746875 0.27314814814814814 0.7489583333333333 0.2824074074074074 0.7484375 0.29444444444444445 0.7453125 0.3055555555555556 0.746875 0.3296296296296296 0.7432291666666667 0.3435185185185185 0.7239583333333334 0.3509259259259259 0.7052083333333333 0.38425925925925924 0.6828125 0.39444444444444443 0.6739583333333333 0.3888888888888889 0.65625 0.36574074074074076 0.6380208333333334 0.33425925925925926 0.6348958333333333 0.325 0.6380208333333334 0.3074074074074074 0.6369791666666667 0.2833333333333333 0.6348958333333333 0.27870370370370373 0.6369791666666667 0.2611111111111111 0.65 0.2361111111111111 0.6546875 0.21481481481481482 0.6541666666666667 0.19907407407407407 0.6661458333333333 0.19814814814814816