4 0.8072916666666666 0.1925925925925926 0.8125 0.20185185185185187 0.8260416666666667 0.2064814814814815 0.8255208333333334 0.20925925925925926 0.8302083333333333 0.2175925925925926 0.8567708333333334 0.24351851851851852 0.88125 0.29074074074074074 0.8890625 0.3194444444444444 0.8895833333333333 0.35648148148148145 0.8859375 0.37962962962962965 0.8942708333333333 0.39537037037037037 0.9010416666666666 0.40555555555555556 0.9145833333333333 0.41388888888888886 0.91875 0.42592592592592593 0.9359375 0.4537037037037037 0.9645833333333333 0.4861111111111111 0.9833333333333333 0.5175925925925926 0.9875 0.5351851851851852 0.9916666666666667 0.5694444444444444 0.9927083333333333 0.6194444444444445 0.9947916666666666 0.6333333333333333 0.9854166666666667 0.6574074074074074 0.9786458333333333 0.6657407407407407 0.9770833333333333 0.6787037037037037 0.965625 0.7166666666666667 0.9390625 0.7222222222222222 0.9104166666666667 0.7351851851851852 0.8973958333333333 0.7462962962962963 0.8807291666666667 0.7546296296296297 0.8645833333333334 0.7703703703703704 0.8348958333333333 0.775 0.8244791666666667 0.7796296296296297 0.8109375 0.7796296296296297 0.7791666666666667 0.725 0.7723958333333333 0.7185185185185186 0.7583333333333333 0.7129629629629629 0.7510416666666667 0.7055555555555556 0.753125 0.6925925925925925 0.7557291666666667 0.6888888888888889 0.7567708333333333 0.6722222222222223 0.76875 0.612037037037037 0.7760416666666666 0.5824074074074074 0.7822916666666667 0.5685185185185185 0.7875 0.549074074074074 0.7901041666666667 0.5148148148148148 0.7864583333333334 0.5074074074074074 0.7755208333333333 0.5027777777777778 0.7635416666666667 0.4888888888888889 0.7505208333333333 0.46296296296296297 0.746875 0.44351851851851853 0.7453125 0.4203703703703704 0.7328125 0.39444444444444443 0.725 0.3685185185185185 0.7182291666666667 0.32407407407407407 0.7182291666666667 0.30277777777777776 0.7213541666666666 0.28703703703703703 0.7307291666666667 0.2638888888888889 0.7510416666666667 0.23055555555555557 0.7729166666666667 0.2111111111111111 0.8036458333333333 0.2037037037037037 0.8072916666666666 0.1935185185185185
4 0.446875 0.11018518518518519 0.46770833333333334 0.11666666666666667 0.47760416666666666 0.12777777777777777 0.4875 0.13148148148148148 0.4901041666666667 0.14166666666666666 0.4973958333333333 0.14537037037037037 0.4953125 0.15092592592592594 0.4984375 0.16018518518518518 0.5041666666666667 0.225 0.509375 0.2564814814814815 0.5052083333333334 0.2740740740740741 0.5052083333333334 0.30185185185185187 0.5026041666666666 0.33055555555555555 0.496875 0.35648148148148145 0.4864583333333333 0.3768518518518518 0.48385416666666664 0.3888888888888889 0.503125 0.4148148148148148 0.528125 0.4685185185185185 0.5489583333333333 0.55 0.5604166666666667 0.6148148148148148 0.5703125 0.6564814814814814 0.5776041666666667 0.6611111111111111 0.5734375 0.6638888888888889 0.575 0.6685185185185185 0.5822916666666667 0.6694444444444444 0.5953125 0.6814814814814815 0.6072916666666667 0.6851851851851852 0.6098958333333333 0.6944444444444444 0.6135416666666667 0.6990740740740741 0.6182291666666667 0.6962962962962963 0.6161458333333333 0.6851851851851852 0.6177083333333333 0.6777777777777778 0.6229166666666667 0.675 0.6333333333333333 0.6805555555555556 0.6380208333333334 0.687962962962963 0.64375 0.7092592592592593 0.6473958333333333 0.7398148148148148 0.6447916666666667 0.7509259259259259 0.6401041666666667 0.7592592592592593 0.6234375 0.7453703703703703 0.5989583333333334 0.7435185185185185 0.5869791666666667 0.7361111111111112 0.5776041666666667 0.7342592592592593 0.5755208333333334 0.7398148148148148 0.5760416666666667 0.7564814814814815 0.5802083333333333 0.7898148148148149 0.58125 0.7925925925925926 0.5848958333333333 0.7898148148148149 0.5989583333333334 0.7898148148148149 0.6020833333333333 0.7962962962962963 0.6125 0.799074074074074 0.6192708333333333 0.8157407407407408 0.6192708333333333 0.8296296296296296 0.6125 0.8296296296296296 0.6067708333333334 0.8231481481481482 0.6020833333333333 0.8231481481481482 0.5994791666666667 0.8324074074074074 0.6010416666666667 0.8388888888888889 0.6067708333333334 0.85 0.6302083333333334 0.8787037037037037 0.6369791666666667 0.8796296296296297 0.64375 0.8870370370370371 0.6677083333333333 0.8972222222222223 0.6713541666666667 0.9064814814814814 0.6729166666666667 0.9194444444444444 0.6661458333333333 0.9259259259259259 0.6609375 0.937962962962963 0.6255208333333333 0.9398148148148148 0.6197916666666666 0.9351851851851852 0.615625 0.937962962962963 0.5984375 0.9333333333333333 0.5708333333333333 0.9166666666666666 0.5630208333333333 0.9564814814814815 0.559375 0.9629629629629629 0.55625 0.9824074074074074 0.5510416666666667 0.9944444444444445 0.32083333333333336 0.9972222222222222 0.30520833333333336 0.9962962962962963 0.303125 0.9888888888888889 0.32135416666666666 0.9175925925925926 0.35052083333333334 0.7712962962962963 0.34739583333333335 0.7527777777777778 0.34739583333333335 0.7194444444444444 0.3453125 0.6990740740740741 0.3328125 0.6361111111111111 0.32864583333333336 0.5935185185185186 0.31927083333333334 0.5527777777777778 0.3171875 0.5305555555555556 0.3182291666666667 0.512962962962963 0.3260416666666667 0.47685185185185186 0.3380208333333333 0.4425925925925926 0.3453125 0.42777777777777776 0.384375 0.3731481481481482 0.4046875 0.3527777777777778 0.4088541666666667 0.337037037037037 0.40989583333333335 0.3138888888888889 0.409375 0.29259259259259257 0.40572916666666664 0.27314814814814814 0.4046875 0.24259259259259258 0.40677083333333336 0.23055555555555557 0.41041666666666665 0.1648148148148148 0.41302083333333334 0.15092592592592594 0.42239583333333336 0.12685185185185185 0.4354166666666667 0.1111111111111111 0.44635416666666666 0.11018518518518519
4 0.9994791666666667 0.3416666666666667 0.9994791666666667 0.43333333333333335 0.9973958333333334 0.43333333333333335 0.9932291666666667 0.42592592592592593 0.984375 0.37407407407407406 0.9875 0.35833333333333334 0.9989583333333333 0.3416666666666667
4 0.9947916666666666 0.6472222222222223 0.9979166666666667 0.6546296296296297 0.9973958333333334 0.687037037037037 0.9994791666666667 0.6888888888888889 0.9994791666666667 0.725925925925926 0.9979166666666667 0.7268518518518519 0.9994791666666667 0.7277777777777777 0.9994791666666667 0.7333333333333333 0.9973958333333334 0.7388888888888889 0.9973958333333334 0.7444444444444445 0.9994791666666667 0.7462962962962963 0.9994791666666667 0.7944444444444444 0.9973958333333334 0.7962962962962963 0.996875 0.8092592592592592 0.996875 0.825 0.9994791666666667 0.8296296296296296 0.9994791666666667 0.8527777777777777 0.9973958333333334 0.8546296296296296 0.9994791666666667 0.8824074074074074 0.9973958333333334 0.8851851851851852 0.9973958333333334 0.9277777777777778 0.9953125 0.9296296296296296 0.9807291666666667 0.9194444444444444 0.9614583333333333 0.9111111111111111 0.95625 0.9037037037037037 0.9338541666666667 0.9074074074074074 0.91875 0.9037037037037037 0.9083333333333333 0.8972222222222223 0.9005208333333333 0.8972222222222223 0.89375 0.8861111111111111 0.8875 0.8824074074074074 0.8765625 0.8629629629629629 0.840625 0.8583333333333333 0.7739583333333333 0.8314814814814815 0.7614583333333333 0.8212962962962963 0.7479166666666667 0.799074074074074 0.7296875 0.7814814814814814 0.7182291666666667 0.775 0.7109375 0.7638888888888888 0.703125 0.7583333333333333 0.7015625 0.7527777777777778 0.7026041666666667 0.7453703703703703 0.7119791666666667 0.737037037037037 0.7291666666666666 0.7296296296296296 0.7447916666666666 0.7148148148148148 0.7630208333333334 0.7157407407407408 0.7729166666666667 0.7194444444444444 0.7796875 0.725925925925926 0.8104166666666667 0.7805555555555556 0.81875 0.7824074074074074 0.8302083333333333 0.7777777777777778 0.8625 0.7731481481481481 0.8755208333333333 0.7583333333333333 0.8979166666666667 0.7481481481481481 0.9119791666666667 0.7361111111111112 0.9401041666666666 0.7231481481481481 0.9666666666666667 0.7185185185185186 0.9734375 0.6925925925925925 0.9828125 0.6675925925925926 0.9942708333333333 0.6481481481481481
3 0.7666666666666667 0.7175925925925926 0.7817708333333333 0.7305555555555555 0.7890625 0.7453703703703703 0.7984375 0.7574074074074074 0.8088541666666667 0.7814814814814814 0.8135416666666667 0.7861111111111111 0.8057291666666667 0.8092592592592592 0.8041666666666667 0.8333333333333334 0.8015625 0.8388888888888889 0.778125 0.8333333333333334 0.7661458333333333 0.825 0.7494791666666667 0.8009259259259259 0.7291666666666666 0.7814814814814814 0.71875 0.7759259259259259 0.7104166666666667 0.7638888888888888 0.7026041666666667 0.7583333333333333 0.7015625 0.7472222222222222 0.709375 0.7361111111111112 0.728125 0.7277777777777777 0.74375 0.7148148148148148 0.7661458333333333 0.7175925925925926
3 0.7322916666666667 0.6953703703703704 0.7401041666666667 0.6990740740740741 0.7427083333333333 0.7129629629629629 0.7270833333333333 0.7296296296296296 0.7125 0.7361111111111112 0.7088541666666667 0.7342592592592593 0.7088541666666667 0.7277777777777777 0.7161458333333334 0.7046296296296296 0.7234375 0.6962962962962963 0.7317708333333334 0.6953703703703704
3 0.6302083333333334 0.6768518518518518 0.6401041666666667 0.6888888888888889 0.6473958333333333 0.7203703703703703 0.6484375 0.7518518518518519 0.6473958333333333 0.7657407407407407 0.6442708333333333 0.7712962962962963 0.6333333333333333 0.7657407407407407 0.6270833333333333 0.7527777777777778 0.6229166666666667 0.7490740740740741 0.5989583333333334 0.7444444444444445 0.5911458333333334 0.7379629629629629 0.5864583333333333 0.7287037037037037 0.5854166666666667 0.7092592592592593 0.5869791666666667 0.6981481481481482 0.5947916666666667 0.6851851851851852 0.6046875 0.6805555555555556 0.609375 0.6833333333333333 0.6114583333333333 0.6935185185185185 0.6140625 0.6972222222222222 0.6140625 0.7027777777777777 0.6171875 0.7064814814814815 0.6197916666666666 0.7157407407407408 0.6213541666666667 0.7083333333333334 0.6140625 0.6888888888888889 0.6145833333333334 0.6777777777777778 0.6171875 0.674074074074074 0.6296875 0.6768518518518518
3 0.59375 0.7851851851851852 0.6098958333333333 0.7925925925925926 0.6182291666666667 0.8083333333333333 0.6208333333333333 0.8268518518518518 0.6197916666666666 0.8351851851851851 0.6119791666666666 0.8324074074074074 0.6057291666666667 0.8231481481481482 0.6010416666666667 0.8240740740740741 0.6010416666666667 0.8351851851851851 0.6057291666666667 0.8435185185185186 0.621875 0.8638888888888889 0.6390625 0.8787037037037037 0.66875 0.8953703703703704 0.6729166666666667 0.9064814814814814 0.675 0.9231481481481482 0.6671875 0.9287037037037037 0.6619791666666667 0.9398148148148148 0.6286458333333333 0.9453703703703704 0.6057291666666667 0.9425925925925925 0.5723958333333333 0.9185185185185185 0.5583333333333333 0.9009259259259259 0.56875 0.8861111111111111 0.5723958333333333 0.8731481481481481 0.571875 0.8583333333333333 0.5666666666666667 0.8462962962962963 0.56875 0.8305555555555556 0.5671875 0.8166666666666667 0.5744791666666667 0.8101851851851852 0.5838541666666667 0.7898148148148149 0.5932291666666667 0.7851851851851852
1 0.6760416666666667 0.8527777777777777 0.709375 0.8796296296296297 0.7375 0.9351851851851852 0.7375 0.9416666666666667 0.7328125 0.9453703703703704 0.728125 0.9435185185185185 0.7119791666666667 0.9092592592592592 0.696875 0.8833333333333333 0.6854166666666667 0.8740740740740741 0.665625 0.8657407407407407 0.6588541666666666 0.8574074074074074 0.6546875 0.8444444444444444 0.6546875 0.8379629629629629 0.6604166666666667 0.8240740740740741 0.6651041666666667 0.8240740740740741 0.6755208333333333 0.8527777777777777
1 0.6578125 0.8277777777777777 0.6645833333333333 0.8240740740740741 0.6770833333333334 0.8546296296296296 0.6901041666666666 0.862037037037037 0.7098958333333333 0.8796296296296297 0.740625 0.9425925925925925 0.7588541666666667 0.9407407407407408 0.7583333333333333 0.9453703703703704 0.7458333333333333 0.9601851851851851 0.7182291666666667 0.9555555555555556 0.7166666666666667 0.9537037037037037 0.7171875 0.95 0.725 0.9472222222222222 0.7260416666666667 0.9416666666666667 0.7119791666666667 0.9101851851851852 0.6942708333333333 0.8805555555555555 0.665625 0.8657407407407407 0.6604166666666667 0.8592592592592593 0.6567708333333333 0.8527777777777777 0.6552083333333333 0.8444444444444444 0.6552083333333333 0.8361111111111111 0.6578125 0.8287037037037037
1 0.7375 0.9833333333333333 0.7442708333333333 0.9879629629629629 0.7473958333333334 0.9944444444444445 0.7473958333333334 0.9990740740740741 0.7072916666666667 0.9990740740740741 0.7088541666666667 0.9925925925925926 0.7161458333333334 0.987037037037037 0.7369791666666666 0.9833333333333333
1 0.7380208333333333 0.7472222222222222 0.7479166666666667 0.7546296296296297 0.75 0.7601851851851852 0.7479166666666667 0.7648148148148148 0.7333333333333333 0.7620370370370371 0.73125 0.7518518518518519 0.7375 0.7472222222222222
2 0.6682291666666667 0.8277777777777777 0.6729166666666667 0.8444444444444444 0.6822916666666666 0.8574074074074074 0.6796875 0.8722222222222222 0.6713541666666667 0.8694444444444445 0.6671875 0.8722222222222222 0.6697916666666667 0.8907407407407407 0.6734375 0.8962962962962963 0.678125 0.9212962962962963 0.6776041666666667 0.9268518518518518 0.6651041666666667 0.9453703703703704 0.6640625 0.9611111111111111 0.66875 0.9777777777777777 0.6885416666666667 0.9962962962962963 0.7067708333333333 0.9944444444444445 0.7119791666666667 0.9888888888888889 0.7322916666666667 0.9824074074074074 0.7390625 0.9824074074074074 0.7510416666666667 0.9962962962962963 0.7916666666666666 0.9944444444444445 0.7932291666666667 0.9842592592592593 0.7916666666666666 0.9722222222222222 0.7947916666666667 0.95 0.7864583333333334 0.9398148148148148 0.7838541666666666 0.9314814814814815 0.7776041666666667 0.9277777777777778 0.7598958333333333 0.8851851851851852 0.7541666666666667 0.8574074074074074 0.75625 0.8342592592592593 0.7598958333333333 0.8305555555555556 0.7369791666666666 0.8305555555555556 0.7322916666666667 0.825925925925926 0.7307291666666667 0.8175925925925925 0.7270833333333333 0.812962962962963 0.7270833333333333 0.8064814814814815 0.7203125 0.8064814814814815 0.7078125 0.8194444444444444 0.6921875 0.8194444444444444 0.684375 0.8268518518518518 0.6786458333333333 0.8194444444444444 0.6713541666666667 0.8185185185185185