1 0.5458333333333333 0.7398148148148148 0.54375 0.7435185185185185 0.54375 0.7481481481481481 0.5484375 0.7574074074074074 0.546875 0.7731481481481481 0.55 0.7824074074074074 0.5609375 0.7935185185185185 0.5677083333333334 0.7935185185185185 0.5697916666666667 0.7888888888888889 0.5697916666666667 0.7824074074074074 0.5630208333333333 0.7759259259259259 0.5578125 0.7657407407407407 0.5536458333333333 0.75 0.5458333333333333 0.7398148148148148
1 0.6453125 0.7888888888888889 0.6458333333333334 0.8027777777777778 0.65 0.8074074074074075 0.6541666666666667 0.8046296296296296 0.6583333333333333 0.7694444444444445 0.6671875 0.7472222222222222 0.6932291666666667 0.7212962962962963 0.7010416666666667 0.7101851851851851 0.7161458333333334 0.6981481481481482 0.71875 0.6916666666666667 0.7223958333333333 0.6888888888888889 0.73125 0.675 0.7380208333333333 0.6481481481481481 0.7375 0.6398148148148148 0.7291666666666666 0.6305555555555555 0.7234375 0.6324074074074074 0.7182291666666667 0.6481481481481481 0.7135416666666666 0.6555555555555556 0.7010416666666667 0.6657407407407407 0.6953125 0.6777777777777778 0.6942708333333333 0.6888888888888889 0.6895833333333333 0.6981481481481482 0.6765625 0.712037037037037 0.6609375 0.7351851851851852 0.6567708333333333 0.737037037037037 0.6515625 0.7527777777777778 0.6489583333333333 0.7768518518518519 0.6453125 0.7888888888888889
1 0.5786458333333333 0.7435185185185185 0.5776041666666667 0.7555555555555555 0.5817708333333333 0.7888888888888889 0.5885416666666666 0.7888888888888889 0.603125 0.7824074074074074 0.6 0.7481481481481481 0.596875 0.7351851851851852 0.5921875 0.7324074074074074 0.5848958333333333 0.7351851851851852 0.5802083333333333 0.7388888888888889 0.5786458333333333 0.7435185185185185
1 0.004166666666666667 0.33055555555555555 0.004166666666666667 0.362962962962963 0.005729166666666666 0.3685185185185185 0.0036458333333333334 0.3787037037037037 0.0046875 0.39166666666666666 0.011979166666666667 0.39166666666666666 0.013541666666666667 0.39814814814814814 0.011979166666666667 0.4009259259259259 0.005208333333333333 0.39814814814814814 0.004166666666666667 0.4009259259259259 0.0046875 0.425 0.0020833333333333333 0.4324074074074074 0.003125 0.44537037037037036 0 0.45740740740740743 0 0.5666666666666667 0.0020833333333333333 0.575925925925926 0.0015625 0.5851851851851851 0 0.587037037037037 0 0.6074074074074074 0.0015625 0.6175925925925926 0.005208333333333333 0.6259259259259259 0.019791666666666666 0.6277777777777778 0.03802083333333333 0.6370370370370371 0.034895833333333334 0.6481481481481481 0.03125 0.6481481481481481 0.0296875 0.6509259259259259 0.025 0.6731481481481482 0.020833333333333332 0.6777777777777778 0.020833333333333332 0.6814814814814815 0.026041666666666668 0.6935185185185185 0.0390625 0.6962962962962963 0.05 0.6694444444444444 0.0515625 0.6583333333333333 0.0609375 0.6416666666666667 0.06614583333333333 0.6259259259259259 0.06354166666666666 0.6185185185185185 0.0640625 0.6148148148148148 0.05625 0.6231481481481481 0.04791666666666667 0.6166666666666667 0.05 0.612037037037037 0.04791666666666667 0.6083333333333333 0.05 0.5777777777777777 0.0546875 0.5694444444444444 0.0546875 0.5666666666666667 0.05 0.562962962962963 0.05 0.5222222222222223 0.051041666666666666 0.5083333333333333 0.05416666666666667 0.5009259259259259 0.057291666666666664 0.4842592592592593 0.05677083333333333 0.47314814814814815 0.0609375 0.4638888888888889 0.06145833333333333 0.4564814814814815 0.06458333333333334 0.44814814814814813 0.07395833333333333 0.4305555555555556 0.11041666666666666 0.42777777777777776 0.10885416666666667 0.42685185185185187 0.1109375 0.42314814814814816 0.10989583333333333 0.3731481481481482 0.1078125 0.3685185185185185 0.10833333333333334 0.36203703703703705 0.10625 0.3574074074074074 0.10104166666666667 0.3537037037037037 0.09947916666666666 0.3435185185185185 0.08645833333333333 0.3435185185185185 0.07083333333333333 0.33796296296296297 0.075 0.33055555555555555 0.06927083333333334 0.32314814814814813 0.06822916666666666 0.31851851851851853 0.075 0.30277777777777776 0.06822916666666666 0.2851851851851852 0.06354166666666666 0.28055555555555556 0.05520833333333333 0.2777777777777778 0.04583333333333333 0.2777777777777778 0.043229166666666666 0.27314814814814814 0.03333333333333333 0.26666666666666666 0.0203125 0.2638888888888889 0.013541666666666667 0.26851851851851855 0.013020833333333334 0.2935185185185185 0.016145833333333335 0.2962962962962963 0.016145833333333335 0.3 0.013020833333333334 0.3111111111111111 0.015104166666666667 0.31851851851851853 0.009375 0.3277777777777778 0.005208333333333333 0.3277777777777778 0.004166666666666667 0.33055555555555555
1 0.3776041666666667 0.38055555555555554 0.375 0.387037037037037 0.37552083333333336 0.39814814814814814 0.3828125 0.4185185185185185 0.3854166666666667 0.4212962962962963 0.3953125 0.46111111111111114 0.4125 0.4740740740740741 0.4166666666666667 0.48055555555555557 0.425 0.48518518518518516 0.43697916666666664 0.4759259259259259 0.44375 0.462037037037037 0.45364583333333336 0.4546296296296296 0.4635416666666667 0.44166666666666665 0.4661458333333333 0.44166666666666665 0.475 0.42777777777777776 0.48072916666666665 0.41203703703703703 0.4796875 0.40555555555555556 0.46979166666666666 0.4027777777777778 0.46458333333333335 0.38796296296296295 0.4635416666666667 0.3611111111111111 0.4661458333333333 0.3277777777777778 0.4630208333333333 0.32407407407407407 0.44947916666666665 0.33240740740740743 0.43333333333333335 0.337037037037037 0.4140625 0.3490740740740741 0.4036458333333333 0.3592592592592593 0.3880208333333333 0.36666666666666664 0.3828125 0.3712962962962963 0.3776041666666667 0.38055555555555554
1 0.61875 0.3055555555555556 0.6182291666666667 0.37962962962962965 0.6203125 0.387037037037037 0.6244791666666667 0.39166666666666666 0.6317708333333333 0.39351851851851855 0.6484375 0.39166666666666666 0.65625 0.39814814814814814 0.6625 0.412962962962963 0.6625 0.44722222222222224 0.6645833333333333 0.45925925925925926 0.6708333333333333 0.4666666666666667 0.6791666666666667 0.4638888888888889 0.6817708333333333 0.45555555555555555 0.6859375 0.45092592592592595 0.6875 0.44351851851851853 0.6854166666666667 0.412962962962963 0.690625 0.39814814814814814 0.6947916666666667 0.37407407407407406 0.7 0.35648148148148145 0.7166666666666667 0.3277777777777778 0.7088541666666667 0.3194444444444444 0.6921875 0.31666666666666665 0.6682291666666667 0.3055555555555556 0.6348958333333333 0.30092592592592593 0.6223958333333334 0.30092592592592593 0.61875 0.3055555555555556
1 0.6739583333333333 0.7638888888888888 0.675 0.7824074074074074 0.6770833333333334 0.7888888888888889 0.6807291666666667 0.7916666666666666 0.6859375 0.7842592592592592 0.6921875 0.7648148148148148 0.6859375 0.7527777777777778 0.6807291666666667 0.7527777777777778 0.6739583333333333 0.7638888888888888
3 0.0020833333333333333 0.17314814814814813 0 0.18888888888888888 0 0.22314814814814815 0.0015625 0.22685185185185186 0.0015625 0.28888888888888886 0 0.2916666666666667 0 0.30092592592592593 0.0015625 0.3037037037037037 0.0015625 0.3638888888888889 0 0.36666666666666664 0.0015625 0.37407407407407406 0.0015625 0.38981481481481484 0 0.39166666666666666 0 0.41388888888888886 0.0015625 0.4166666666666667 0 0.4212962962962963 0 0.4398148148148148 0.0015625 0.4444444444444444 0 0.44814814814814813 0.0015625 0.46111111111111114 0 0.4666666666666667 0.0015625 0.575925925925926 0 0.5805555555555556 0.0015625 0.5833333333333334 0.0020833333333333333 0.6462962962962963 0.0015625 0.6555555555555556 0 0.6574074074074074 0.0015625 0.6620370370370371 0 0.6694444444444444 0 0.6759259259259259 0.0015625 0.6777777777777778 0.0015625 0.6972222222222222 0 0.7027777777777777 0.0020833333333333333 0.7148148148148148 0.0015625 0.7527777777777778 0 0.7546296296296297 0 0.7601851851851852 0.0015625 0.7620370370370371 0.0015625 0.8101851851851852 0 0.8148148148148148 0.0015625 0.8185185185185185 0.0020833333333333333 0.8416666666666667 0.022916666666666665 0.8435185185185186 0.059895833333333336 0.837037037037037 0.1296875 0.837037037037037 0.18072916666666666 0.8462962962962963 0.21875 0.8462962962962963 0.22291666666666668 0.8435185185185186 0.2671875 0.8462962962962963 0.28177083333333336 0.8416666666666667 0.29322916666666665 0.8416666666666667 0.2994791666666667 0.8342592592592593 0.3125 0.8009259259259259 0.3140625 0.7888888888888889 0.3104166666666667 0.774074074074074 0.2859375 0.7574074074074074 0.27239583333333334 0.7416666666666667 0.25104166666666666 0.7351851851851852 0.2390625 0.7351851851851852 0.22395833333333334 0.7268518518518519 0.22395833333333334 0.6935185185185185 0.26614583333333336 0.7055555555555556 0.29322916666666665 0.7055555555555556 0.2984375 0.7027777777777777 0.3109375 0.6888888888888889 0.321875 0.6638888888888889 0.32395833333333335 0.6509259259259259 0.3229166666666667 0.6305555555555555 0.3171875 0.6148148148148148 0.30572916666666666 0.5944444444444444 0.3015625 0.5916666666666667 0.2921875 0.5777777777777777 0.29270833333333335 0.5712962962962963 0.29739583333333336 0.5712962962962963 0.30625 0.5638888888888889 0.3177083333333333 0.5416666666666666 0.3223958333333333 0.5185185185185185 0.31927083333333334 0.4935185185185185 0.3125 0.47314814814814815 0.3 0.45092592592592595 0.275 0.42592592592592593 0.2708333333333333 0.41759259259259257 0.27395833333333336 0.4074074074074074 0.27395833333333336 0.387037037037037 0.26197916666666665 0.3527777777777778 0.2557291666666667 0.3388888888888889 0.23489583333333333 0.3074074074074074 0.2328125 0.3074074074074074 0.22395833333333334 0.2935185185185185 0.20677083333333332 0.275 0.20364583333333333 0.26851851851851855 0.18125 0.24351851851851852 0.14739583333333334 0.21851851851851853 0.14375 0.21851851851851853 0.140625 0.21388888888888888 0.12552083333333333 0.2074074074074074 0.10572916666666667 0.1935185185185185 0.09010416666666667 0.18703703703703703 0.019791666666666666 0.1712962962962963 0.005208333333333333 0.16944444444444445 0.0020833333333333333 0.17314814814814813
3 0.28541666666666665 0.4842592592592593 0.28489583333333335 0.48703703703703705 0.2921875 0.48703703703703705 0.2921875 0.4842592592592593 0.28541666666666665 0.4842592592592593
3 0.003125 0.004629629629629629 0 0.005555555555555556 0 0.014814814814814815 0.0020833333333333333 0.018518518518518517 0.0020833333333333333 0.02962962962962963 0 0.030555555555555555 0 0.044444444444444446 0.0020833333333333333 0.05277777777777778 0.0020833333333333333 0.05740740740740741 0 0.06018518518518518 0 0.0712962962962963 0.0015625 0.07314814814814814 0.0015625 0.09907407407407408 0.004166666666666667 0.11018518518518519 0 0.12314814814814815 0.0015625 0.12777777777777777 0 0.15555555555555556 0.005208333333333333 0.16666666666666666 0.030729166666666665 0.1685185185185185 0.034375 0.1712962962962963 0.07239583333333334 0.17777777777777778 0.1046875 0.18888888888888888 0.13125 0.2074074074074074 0.15260416666666668 0.21851851851851853 0.18802083333333333 0.2462962962962963 0.19375 0.25555555555555554 0.2 0.2601851851851852 0.20625 0.2712962962962963 0.21041666666666667 0.27314814814814814 0.21354166666666666 0.2796296296296296 0.22291666666666668 0.28888888888888886 0.25052083333333336 0.3277777777777778 0.2598958333333333 0.34444444444444444 0.2635416666666667 0.35648148148148145 0.2734375 0.3731481481481482 0.2755208333333333 0.38796296296296295 0.275 0.4083333333333333 0.2765625 0.4212962962962963 0.2916666666666667 0.4351851851851852 0.30572916666666666 0.4527777777777778 0.321875 0.4898148148148148 0.32447916666666665 0.5064814814814815 0.3223958333333333 0.5509259259259259 0.3260416666666667 0.5638888888888889 0.33489583333333334 0.5666666666666667 0.35 0.5777777777777777 0.38697916666666665 0.5824074074074074 0.3932291666666667 0.575925925925926 0.39947916666666666 0.575925925925926 0.39791666666666664 0.5805555555555556 0.4 0.5861111111111111 0.40625 0.5916666666666667 0.4390625 0.5935185185185186 0.43802083333333336 0.5805555555555556 0.434375 0.5796296296296296 0.43125 0.5740740740740741 0.42864583333333334 0.575925925925926 0.425 0.5703703703703704 0.425 0.5666666666666667 0.415625 0.5638888888888889 0.40520833333333334 0.5509259259259259 0.39895833333333336 0.5509259259259259 0.3984375 0.5462962962962963 0.3927083333333333 0.5398148148148149 0.39791666666666664 0.5166666666666667 0.3921875 0.49537037037037035 0.39114583333333336 0.4685185185185185 0.38697916666666665 0.4351851851851852 0.3723958333333333 0.3972222222222222 0.3578125 0.36574074074074076 0.353125 0.3490740740740741 0.3359375 0.3138888888888889 0.32760416666666664 0.2898148148148148 0.3145833333333333 0.26481481481481484 0.3 0.21481481481481482 0.2911458333333333 0.1962962962962963 0.26614583333333336 0.1712962962962963 0.2526041666666667 0.16203703703703703 0.2421875 0.14814814814814814 0.23958333333333334 0.14814814814814814 0.23125 0.13703703703703704 0.2203125 0.12962962962962962 0.18645833333333334 0.09444444444444444 0.1734375 0.08518518518518518 0.15572916666666667 0.06481481481481481 0.1453125 0.05740740740740741 0.1203125 0.027777777777777776 0.10572916666666667 0.004629629629629629 0.003125 0.004629629629629629
3 0.6911458333333333 0.41388888888888886 0.690625 0.43333333333333335 0.69375 0.45 0.7046875 0.4666666666666667 0.7119791666666667 0.47314814814814815 0.7244791666666667 0.4759259259259259 0.7364583333333333 0.4685185185185185 0.7416666666666667 0.4638888888888889 0.7541666666666667 0.44166666666666665 0.7651041666666667 0.42777777777777776 0.7692708333333333 0.42777777777777776 0.7791666666666667 0.43703703703703706 0.7817708333333333 0.44351851851851853 0.8130208333333333 0.4888888888888889 0.8203125 0.49166666666666664 0.846875 0.49166666666666664 0.8635416666666667 0.5027777777777778 0.8734375 0.5027777777777778 0.878125 0.5055555555555555 0.9072916666666667 0.5055555555555555 0.9296875 0.5 0.9489583333333333 0.4888888888888889 0.9567708333333333 0.48055555555555557 0.9609375 0.47962962962962963 0.9645833333333333 0.4740740740740741 0.971875 0.47129629629629627 0.98125 0.462037037037037 0.99375 0.4546296296296296 0.9994791666666667 0.4462962962962963 0.9994791666666667 0.425 0.9979166666666667 0.425 0.9953125 0.41759259259259257 0.9979166666666667 0.3990740740740741 0.9994791666666667 0.39814814814814814 0.9994791666666667 0.3731481481481482 0.9973958333333334 0.37222222222222223 0.9958333333333333 0.362962962962963 0.9973958333333334 0.3435185185185185 0.9973958333333334 0.23055555555555557 0.9958333333333333 0.22037037037037038 0.9973958333333334 0.2101851851851852 0.9973958333333334 0.125 0.9963541666666667 0.0962962962962963 0.99375 0.08425925925925926 0.9963541666666667 0.0712962962962963 0.9958333333333333 0.010185185185185186 0.9921875 0.005555555555555556 0.9755208333333333 0.004629629629629629 0.9161458333333333 0.005555555555555556 0.8880208333333334 0.002777777777777778 0.8583333333333333 0.005555555555555556 0.8447916666666667 0.002777777777777778 0.8401041666666667 0.007407407407407408 0.8364583333333333 0.019444444444444445 0.8322916666666667 0.023148148148148147 0.8197916666666667 0.04814814814814815 0.8125 0.05648148148148148 0.8114583333333333 0.06111111111111111 0.7807291666666667 0.10092592592592593 0.7651041666666667 0.11388888888888889 0.7510416666666667 0.12129629629629629 0.7317708333333334 0.1398148148148148 0.7302083333333333 0.14629629629629629 0.725 0.1537037037037037 0.721875 0.16666666666666666 0.7197916666666667 0.1685185185185185 0.7145833333333333 0.20092592592592592 0.7151041666666667 0.22592592592592592 0.7203125 0.24814814814814815 0.728125 0.2601851851851852 0.7302083333333333 0.26944444444444443 0.7307291666666667 0.29444444444444445 0.7291666666666666 0.3138888888888889 0.7244791666666667 0.3287037037037037 0.7119791666666667 0.3416666666666667 0.6994791666666667 0.36666666666666664 0.6911458333333333 0.41388888888888886
3 0.5567708333333333 0 0.4953125 0.000925925925925926 0.4973958333333333 0.001851851851851852 0.5015625 0.012037037037037037 0.5145833333333333 0.025925925925925925 0.5390625 0.037037037037037035 0.5473958333333333 0.032407407407407406 0.5557291666666667 0.018518518518518517 0.5567708333333333 0
3 0.3984375 0 0.39791666666666664 0.007407407407407408 0.4197916666666667 0.05555555555555555 0.45625 0.11851851851851852 0.4609375 0.11944444444444445 0.46145833333333336 0.04814814814814815 0.4588541666666667 0.002777777777777778 0.4552083333333333 0 0.3984375 0