4 0.43125 0.7305555555555555 0.421875 0.737037037037037 0.4270833333333333 0.7388888888888889 0.4296875 0.7342592592592593 0.43072916666666666 0.7388888888888889 0.43333333333333335 0.7333333333333333 0.4354166666666667 0.737037037037037 0.4375 0.7305555555555555 0.43125 0.7305555555555555
4 0.029166666666666667 0.06759259259259259 0.028645833333333332 0.08796296296296297 0.03125 0.12129629629629629 0.0375 0.15462962962962962 0.043229166666666666 0.1712962962962963 0.051041666666666666 0.18518518518518517 0.06197916666666667 0.19814814814814816 0.06822916666666666 0.21944444444444444 0.06875 0.24351851851851852 0.07135416666666666 0.25092592592592594 0.0765625 0.2601851851851852 0.0890625 0.2712962962962963 0.1046875 0.27314814814814814 0.12552083333333333 0.28055555555555556 0.13333333333333333 0.2898148148148148 0.14427083333333332 0.31203703703703706 0.15052083333333333 0.33055555555555555 0.15104166666666666 0.34814814814814815 0.14427083333333332 0.362962962962963 0.14427083333333332 0.3962962962962963 0.13385416666666666 0.4462962962962963 0.12760416666666666 0.5009259259259259 0.1265625 0.5333333333333333 0.13072916666666667 0.5657407407407408 0.1453125 0.6296296296296297 0.1578125 0.6703703703703704 0.1875 0.7388888888888889 0.20052083333333334 0.7555555555555555 0.2171875 0.7601851851851852 0.22395833333333334 0.7685185185185185 0.23125 0.7685185185185185 0.22760416666666666 0.8055555555555556 0.23229166666666667 0.8231481481481482 0.23489583333333333 0.825925925925926 0.23802083333333332 0.8425925925925926 0.24375 0.8481481481481481 0.2703125 0.8638888888888889 0.2828125 0.8638888888888889 0.2875 0.8601851851851852 0.2984375 0.8416666666666667 0.3 0.837037037037037 0.2994791666666667 0.8305555555555556 0.3026041666666667 0.8222222222222222 0.31145833333333334 0.8138888888888889 0.3125 0.8101851851851852 0.3296875 0.8166666666666667 0.3333333333333333 0.8138888888888889 0.3375 0.8055555555555556 0.3390625 0.8074074074074075 0.3458333333333333 0.7962962962962963 0.34739583333333335 0.8009259259259259 0.3484375 0.8 0.3421875 0.7861111111111111 0.34375 0.7824074074074074 0.34375 0.7722222222222223 0.3484375 0.7694444444444445 0.3489583333333333 0.7601851851851852 0.35208333333333336 0.7574074074074074 0.34791666666666665 0.7546296296296297 0.3453125 0.7490740740740741 0.34765625 0.7462962962962963 0.36666666666666664 0.7435185185185185 0.37552083333333336 0.7324074074074074 0.4088541666666667 0.7324074074074074 0.41458333333333336 0.7277777777777777 0.42291666666666666 0.7305555555555555 0.42083333333333334 0.725 0.425 0.7185185185185186 0.42864583333333334 0.7231481481481481 0.43072916666666666 0.7166666666666667 0.43333333333333335 0.7212962962962963 0.44583333333333336 0.7231481481481481 0.4484375 0.725925925925926 0.4609375 0.7231481481481481 0.46822916666666664 0.7101851851851851 0.46927083333333336 0.6851851851851852 0.4739583333333333 0.6842592592592592 0.4765625 0.6712962962962963 0.4869791666666667 0.6685185185185185 0.4890625 0.6481481481481481 0.5046875 0.6481481481481481 0.5083333333333333 0.6398148148148148 0.5161458333333333 0.6370370370370371 0.5166666666666667 0.6305555555555555 0.5255208333333333 0.6259259259259259 0.5244791666666667 0.6083333333333333 0.5276041666666667 0.6046296296296296 0.525 0.5962962962962963 0.5213541666666667 0.5972222222222222 0.525 0.5916666666666667 0.5296875 0.5888888888888889 0.53125 0.5935185185185186 0.5348958333333333 0.5962962962962963 0.5395833333333333 0.5916666666666667 0.5432291666666667 0.6 0.546875 0.5916666666666667 0.5510416666666667 0.5935185185185186 0.5630208333333333 0.5851851851851851 0.56875 0.5851851851851851 0.5739583333333333 0.5805555555555556 0.5838541666666667 0.5777777777777777 0.5984375 0.5638888888888889 0.60625 0.5509259259259259 0.6119791666666666 0.5481481481481482 0.6234375 0.5324074074074074 0.6260416666666667 0.5324074074074074 0.6302083333333334 0.524074074074074 0.6307291666666667 0.5120370370370371 0.6244791666666667 0.5046296296296297 0.6130208333333333 0.5027777777777778 0.5973958333333333 0.4935185185185185 0.5640625 0.4824074074074074 0.5447916666666667 0.4685185185185185 0.5151041666666667 0.46944444444444444 0.5135416666666667 0.4666666666666667 0.5151041666666667 0.4527777777777778 0.51875 0.44166666666666665 0.5203125 0.37777777777777777 0.49895833333333334 0.28888888888888886 0.4942708333333333 0.2796296296296296 0.49166666666666664 0.26851851851851855 0.4822916666666667 0.25 0.4713541666666667 0.21851851851851853 0.46197916666666666 0.2101851851851852 0.44583333333333336 0.20277777777777778 0.42604166666666665 0.18703703703703703 0.40520833333333334 0.16203703703703703 0.3625 0.1259259259259259 0.35572916666666665 0.12314814814814815 0.32760416666666664 0.12314814814814815 0.3182291666666667 0.1259259259259259 0.29322916666666665 0.14166666666666666 0.271875 0.16203703703703703 0.25833333333333336 0.1638888888888889 0.24947916666666667 0.11944444444444445 0.2328125 0.07777777777777778 0.23072916666666668 0.06388888888888888 0.2265625 0.05740740740740741 0.21927083333333333 0.03518518518518519 0.21875 0.012037037037037037 0.21145833333333333 0 0.14479166666666668 0 0.14166666666666666 0.002777777777777778 0.11614583333333334 0.002777777777777778 0.11197916666666667 0 0.043229166666666666 0 0.03125 0.03888888888888889 0.029166666666666667 0.06759259259259259
4 0.6151041666666667 0.11851851851851852 0.6145833333333334 0.18888888888888888 0.6171875 0.2111111111111111 0.6166666666666667 0.2388888888888889 0.6182291666666667 0.262037037037037 0.6223958333333334 0.2824074074074074 0.625 0.31666666666666665 0.6307291666666667 0.33055555555555555 0.6328125 0.3425925925925926 0.6328125 0.36666666666666664 0.6390625 0.37592592592592594 0.6541666666666667 0.38425925925925924 0.6661458333333333 0.4074074074074074 0.6682291666666667 0.4564814814814815 0.6708333333333333 0.45925925925925926 0.6765625 0.45925925925925926 0.68125 0.4527777777777778 0.6859375 0.4527777777777778 0.6942708333333333 0.44351851851851853 0.7020833333333333 0.44814814814814813 0.7109375 0.4444444444444444 0.7130208333333333 0.4527777777777778 0.7083333333333334 0.45555555555555555 0.7067708333333333 0.462037037037037 0.7234375 0.4824074074074074 0.7359375 0.4935185185185185 0.7635416666666667 0.4981481481481482 0.7671875 0.4935185185185185 0.7651041666666667 0.47962962962962963 0.76875 0.4666666666666667 0.7682291666666666 0.45925925925925926 0.7697916666666667 0.45555555555555555 0.7786458333333334 0.4601851851851852 0.7869791666666667 0.45555555555555555 0.8088541666666667 0.45925925925925926 0.8135416666666667 0.4537037037037037 0.8223958333333333 0.43703703703703706 0.8286458333333333 0.4166666666666667 0.8286458333333333 0.37222222222222223 0.8307291666666666 0.3648148148148148 0.8390625 0.3527777777777778 0.8432291666666667 0.3509259259259259 0.8510416666666667 0.3351851851851852 0.8854166666666666 0.3388888888888889 0.89375 0.33240740740740743 0.9005208333333333 0.31666666666666665 0.915625 0.30092592592592593 0.9177083333333333 0.28888888888888886 0.915625 0.25 0.9166666666666666 0.18703703703703703 0.915625 0.17407407407407408 0.9109375 0.15925925925925927 0.9119791666666667 0.11388888888888889 0.90625 0.10092592592592593 0.9041666666666667 0.08518518518518518 0.89375 0.05925925925925926 0.8911458333333333 0.021296296296296296 0.884375 0.002777777777777778 0.8692708333333333 0.002777777777777778 0.8651041666666667 0 0.8041666666666667 0 0.8 0.002777777777777778 0.7723958333333333 0.004629629629629629 0.7265625 0.002777777777777778 0.7239583333333334 0 0.7104166666666667 0.002777777777777778 0.7005208333333334 0 0.6328125 0 0.6270833333333333 0.012037037037037037 0.6208333333333333 0.04259259259259259 0.6151041666666667 0.11851851851851852
4 0.3463541666666667 0.9935185185185185 0.3453125 0.9981481481481481 0.375 0.9981481481481481 0.3963541666666667 0.9935185185185185 0.40572916666666664 0.9935185185185185 0.41302083333333334 0.9981481481481481 0.4635416666666667 0.9981481481481481 0.4713541666666667 0.9935185185185185 0.475 0.9805555555555555 0.478125 0.975925925925926 0.48802083333333335 0.9694444444444444 0.5015625 0.9666666666666667 0.5083333333333333 0.9574074074074074 0.5244791666666667 0.9462962962962963 0.5307291666666667 0.9351851851851852 0.5333333333333333 0.9166666666666666 0.5322916666666667 0.8861111111111111 0.5411458333333333 0.862037037037037 0.540625 0.8444444444444444 0.5359375 0.837037037037037 0.5270833333333333 0.8342592592592593 0.5229166666666667 0.825925925925926 0.51875 0.8231481481481482 0.48333333333333334 0.8231481481481482 0.475 0.825925925925926 0.4583333333333333 0.8527777777777777 0.44635416666666666 0.8805555555555555 0.4421875 0.8851851851851852 0.43125 0.8898148148148148 0.4239583333333333 0.912962962962963 0.41458333333333336 0.9212962962962963 0.4046875 0.9435185185185185 0.39375 0.9398148148148148 0.3875 0.9435185185185185 0.3625 0.9712962962962963 0.3609375 0.975925925925926 0.3536458333333333 0.9824074074074074 0.3463541666666667 0.9935185185185185
4 0.6083333333333333 0.7805555555555556 0.6078125 0.7888888888888889 0.6130208333333333 0.7953703703703704 0.6145833333333334 0.8055555555555556 0.628125 0.8240740740740741 0.6348958333333333 0.837037037037037 0.6427083333333333 0.8648148148148148 0.6442708333333333 0.8870370370370371 0.6515625 0.9074074074074074 0.6619791666666667 0.9185185185185185 0.6645833333333333 0.925 0.6697916666666667 0.9277777777777778 0.6739583333333333 0.9351851851851852 0.6765625 0.9453703703703704 0.69375 0.9712962962962963 0.6953125 0.987037037037037 0.7026041666666667 0.9962962962962963 0.8729166666666667 0.9981481481481481 0.8734375 0.9935185185185185 0.8708333333333333 0.9935185185185185 0.8552083333333333 0.975925925925926 0.8322916666666667 0.9601851851851851 0.8161458333333333 0.9416666666666667 0.8010416666666667 0.9342592592592592 0.7932291666666667 0.9222222222222223 0.7895833333333333 0.9120370370370371 0.7734375 0.8870370370370371 0.7619791666666667 0.8824074074074074 0.75 0.8824074074074074 0.7421875 0.8712962962962963 0.7255208333333333 0.8546296296296296 0.7119791666666667 0.8296296296296296 0.7109375 0.8166666666666667 0.70625 0.8 0.7036458333333333 0.7796296296296297 0.6932291666666667 0.75 0.675 0.7185185185185186 0.659375 0.6990740740740741 0.6473958333333333 0.6916666666666667 0.64375 0.6916666666666667 0.6375 0.6981481481481482 0.6354166666666666 0.7055555555555556 0.6286458333333333 0.7185185185185186 0.625 0.7212962962962963 0.6229166666666667 0.7305555555555555 0.6192708333333333 0.7351851851851852 0.6182291666666667 0.7509259259259259 0.6119791666666666 0.7611111111111111 0.609375 0.7712962962962963 0.6098958333333333 0.7787037037037037 0.6083333333333333 0.7805555555555556
4 0.6057291666666667 0 0.5005208333333333 0 0.5005208333333333 0.005555555555555556 0.5046875 0.014814814814814815 0.509375 0.03518518518518519 0.5104166666666666 0.04722222222222222 0.5192708333333333 0.08796296296296297 0.5229166666666667 0.09444444444444444 0.5317708333333333 0.12962962962962962 0.5369791666666667 0.13703703703703704 0.5421875 0.15092592592592594 0.55 0.1925925925925926 0.5557291666666667 0.20925925925925926 0.5588541666666667 0.23796296296296296 0.5583333333333333 0.29074074074074074 0.5630208333333333 0.32222222222222224 0.5703125 0.3351851851851852 0.5786458333333333 0.3416666666666667 0.5979166666666667 0.34629629629629627 0.6072916666666667 0.35462962962962963 0.6166666666666667 0.3574074074074074 0.6260416666666667 0.35462962962962963 0.6296875 0.34629629629629627 0.6296875 0.3416666666666667 0.6208333333333333 0.31296296296296294 0.6182291666666667 0.275 0.6145833333333334 0.25833333333333336 0.6109375 0.16296296296296298 0.6119791666666666 0.12962962962962962 0.6067708333333334 0.08148148148148149 0.609375 0.016666666666666666 0.6057291666666667 0
1 0.47708333333333336 0.7416666666666667 0.47552083333333334 0.7472222222222222 0.47708333333333336 0.7685185185185185 0.48854166666666665 0.8166666666666667 0.5005208333333333 0.8212962962962963 0.5203125 0.8212962962962963 0.5270833333333333 0.8296296296296296 0.5369791666666667 0.8342592592592593 0.5432291666666667 0.8444444444444444 0.5432291666666667 0.862037037037037 0.5369791666666667 0.8768518518518519 0.534375 0.8888888888888888 0.5354166666666667 0.9222222222222223 0.5333333333333333 0.9351851851851852 0.5354166666666667 0.9388888888888889 0.5473958333333333 0.9388888888888889 0.5552083333333333 0.9342592592592592 0.5614583333333333 0.9259259259259259 0.5677083333333334 0.9120370370370371 0.5703125 0.9009259259259259 0.5682291666666667 0.837037037037037 0.5666666666666667 0.8277777777777777 0.5479166666666667 0.7981481481481482 0.5432291666666667 0.7944444444444444 0.5395833333333333 0.7981481481481482 0.5354166666666667 0.7981481481481482 0.5291666666666667 0.7935185185185185 0.5265625 0.7861111111111111 0.5239583333333333 0.7666666666666667 0.509375 0.7435185185185185 0.49322916666666666 0.7342592592592593 0.48541666666666666 0.7351851851851852 0.47708333333333336 0.7416666666666667
3 0.7828125 0.34814814814814815 0.7729166666666667 0.39351851851851855 0.7666666666666667 0.4027777777777778 0.7645833333333333 0.4027777777777778 0.7604166666666666 0.4101851851851852 0.7604166666666666 0.41388888888888886 0.7619791666666667 0.4166666666666667 0.7765625 0.41944444444444445 0.7739583333333333 0.4462962962962963 0.7744791666666667 0.4546296296296296 0.7770833333333333 0.45925925925925926 0.7828125 0.45925925925925926 0.7890625 0.4527777777777778 0.8109375 0.45925925925925926 0.8177083333333334 0.44814814814814813 0.8286458333333333 0.4166666666666667 0.8286458333333333 0.37222222222222223 0.8322916666666667 0.3592592592592593 0.8421875 0.34814814814814815 0.8416666666666667 0.3435185185185185 0.8119791666666667 0.31851851851851853 0.8015625 0.3138888888888889 0.7828125 0.34814814814814815
3 0.40677083333333336 0.9388888888888889 0.40729166666666666 0.9462962962962963 0.42239583333333336 0.9648148148148148 0.4276041666666667 0.9768518518518519 0.44166666666666665 0.9962962962962963 0.45625 0.9981481481481481 0.46927083333333336 0.9935185185185185 0.47604166666666664 0.9796296296296296 0.4817708333333333 0.9731481481481481 0.4901041666666667 0.9685185185185186 0.5020833333333333 0.9666666666666667 0.5114583333333333 0.9555555555555556 0.5223958333333333 0.9490740740740741 0.5307291666666667 0.937037037037037 0.534375 0.9185185185185185 0.5328125 0.887962962962963 0.5375 0.8712962962962963 0.5421875 0.862037037037037 0.5421875 0.8444444444444444 0.5364583333333334 0.8351851851851851 0.5270833333333333 0.8324074074074074 0.5208333333333334 0.8231481481481482 0.48489583333333336 0.8212962962962963 0.4739583333333333 0.825925925925926 0.4484375 0.8712962962962963 0.44635416666666666 0.8805555555555555 0.44166666666666665 0.8851851851851852 0.4317708333333333 0.8888888888888888 0.4244791666666667 0.9111111111111111 0.4140625 0.9231481481481482 0.40677083333333336 0.9388888888888889
3 0.609375 0.7666666666666667 0.6083333333333333 0.7759259259259259 0.6104166666666667 0.7842592592592592 0.6171875 0.7944444444444444 0.6182291666666667 0.8055555555555556 0.6307291666666667 0.8277777777777777 0.6416666666666667 0.8574074074074074 0.64375 0.8685185185185185 0.64375 0.8824074074074074 0.65 0.9027777777777778 0.6567708333333333 0.9138888888888889 0.671875 0.9296296296296296 0.68125 0.9527777777777777 0.6869791666666667 0.9574074074074074 0.6921875 0.9666666666666667 0.6953125 0.9685185185185186 0.6989583333333333 0.9638888888888889 0.7005208333333334 0.9583333333333334 0.7234375 0.9203703703703704 0.73125 0.9009259259259259 0.7442708333333333 0.8824074074074074 0.74375 0.8759259259259259 0.7307291666666667 0.8638888888888889 0.7135416666666666 0.8342592592592593 0.7036458333333333 0.7824074074074074 0.6921875 0.7462962962962963 0.6723958333333333 0.7148148148148148 0.6541666666666667 0.6944444444444444 0.6505208333333333 0.6916666666666667 0.6427083333333333 0.6916666666666667 0.6369791666666667 0.6981481481481482 0.634375 0.7074074074074074 0.6286458333333333 0.7185185185185186 0.625 0.7212962962962963 0.61875 0.737037037037037 0.6182291666666667 0.7527777777777778 0.6135416666666667 0.7574074074074074 0.609375 0.7666666666666667
3 0.23125 0.7638888888888888 0.23020833333333332 0.7796296296296297 0.22604166666666667 0.7962962962962963 0.22604166666666667 0.8083333333333333 0.23489583333333333 0.8296296296296296 0.2375 0.8425925925925926 0.24375 0.85 0.2755208333333333 0.8666666666666667 0.2838541666666667 0.8638888888888889 0.2911458333333333 0.8564814814814815 0.296875 0.8416666666666667 0.30052083333333335 0.8212962962962963 0.2994791666666667 0.8055555555555556 0.2942708333333333 0.7907407407407407 0.29322916666666665 0.7574074074074074 0.2869791666666667 0.7509259259259259 0.2791666666666667 0.7546296296296297 0.275 0.7481481481481481 0.27395833333333336 0.725925925925926 0.271875 0.7185185185185186 0.26197916666666665 0.712037037037037 0.2515625 0.712037037037037 0.24583333333333332 0.7166666666666667 0.2390625 0.7305555555555555 0.23125 0.7638888888888888
3 0.7067708333333333 0.4546296296296296 0.7052083333333333 0.45740740740740743 0.7052083333333333 0.4638888888888889 0.7145833333333333 0.47129629629629627 0.7197916666666667 0.48055555555555557 0.7328125 0.4935185185185185 0.7484375 0.4962962962962963 0.7520833333333333 0.5009259259259259 0.7630208333333334 0.5009259259259259 0.76875 0.49444444444444446 0.76875 0.48703703703703705 0.7666666666666667 0.4842592592592593 0.7682291666666666 0.45092592592592595 0.7671875 0.44351851851851853 0.7640625 0.4398148148148148 0.7578125 0.4388888888888889 0.7510416666666667 0.4444444444444444 0.7489583333333333 0.44907407407407407 0.7442708333333333 0.45092592592592595 0.7411458333333333 0.4388888888888889 0.7359375 0.43703703703703706 0.725 0.44814814814814813 0.7067708333333333 0.4546296296296296
3 0.6947916666666667 0.37592592592592594 0.69375 0.42777777777777776 0.6953125 0.4388888888888889 0.6994791666666667 0.44814814814814813 0.7057291666666666 0.44907407407407407 0.7104166666666667 0.4462962962962963 0.7140625 0.4398148148148148 0.7171875 0.4388888888888889 0.71875 0.4324074074074074 0.7265625 0.41944444444444445 0.734375 0.4101851851851852 0.7411458333333333 0.4101851851851852 0.7432291666666667 0.4074074074074074 0.7416666666666667 0.375 0.7375 0.35555555555555557 0.7192708333333333 0.33055555555555555 0.7088541666666667 0.3296296296296296 0.7041666666666667 0.3351851851851852 0.6994791666666667 0.34814814814814815 0.6947916666666667 0.37592592592592594
3 0.38125 0.6240740740740741 0.3807291666666667 0.6722222222222223 0.3828125 0.6935185185185185 0.38645833333333335 0.7046296296296296 0.390625 0.7055555555555556 0.39375 0.7027777777777777 0.4010416666666667 0.6888888888888889 0.41041666666666665 0.6962962962962963 0.415625 0.6962962962962963 0.4192708333333333 0.7027777777777777 0.4296875 0.7083333333333334 0.43125 0.7138888888888889 0.43802083333333336 0.7231481481481481 0.44635416666666666 0.7231481481481481 0.45 0.7277777777777777 0.45625 0.7277777777777777 0.4625 0.7231481481481481 0.4671875 0.7101851851851851 0.46979166666666666 0.6731481481481482 0.4671875 0.6175925925925926 0.46770833333333334 0.5879629629629629 0.4708333333333333 0.5657407407407408 0.4739583333333333 0.5601851851851852 0.47708333333333336 0.5435185185185185 0.47708333333333336 0.5388888888888889 0.4739583333333333 0.5351851851851852 0.4734375 0.5259259259259259 0.4708333333333333 0.5212962962962963 0.47239583333333335 0.5148148148148148 0.465625 0.5092592592592593 0.45989583333333334 0.4981481481481482 0.45677083333333335 0.4981481481481482 0.453125 0.4935185185185185 0.44375 0.4935185185185185 0.4427083333333333 0.4898148148148148 0.44114583333333335 0.4935185185185185 0.43802083333333336 0.4935185185185185 0.43125 0.5055555555555555 0.43125 0.5092592592592593 0.4276041666666667 0.5148148148148148 0.425 0.524074074074074 0.4244791666666667 0.5305555555555556 0.41875 0.5416666666666666 0.415625 0.5694444444444444 0.3958333333333333 0.5962962962962963 0.3963541666666667 0.600925925925926 0.40520833333333334 0.6194444444444445 0.40520833333333334 0.6351851851851852 0.4041666666666667 0.6370370370370371 0.4010416666666667 0.6342592592592593 0.39114583333333336 0.6148148148148148 0.3875 0.612037037037037 0.3828125 0.6138888888888889 0.38125 0.6240740740740741
3 0.4473958333333333 0.8740740740740741 0.44583333333333336 0.8824074074074074 0.47552083333333334 0.8851851851851852 0.49947916666666664 0.899074074074074 0.5067708333333333 0.9166666666666666 0.50625 0.9305555555555556 0.5 0.9462962962962963 0.5015625 0.9546296296296296 0.4942708333333333 0.9666666666666667 0.4973958333333333 0.9666666666666667 0.4984375 0.9629629629629629 0.5005208333333333 0.9666666666666667 0.5046875 0.9638888888888889 0.509375 0.9555555555555556 0.5177083333333333 0.9527777777777777 0.5307291666666667 0.9388888888888889 0.5348958333333333 0.9185185185185185 0.5328125 0.8898148148148148 0.5375 0.8722222222222222 0.5421875 0.862037037037037 0.5427083333333333 0.8481481481481481 0.5401041666666667 0.8379629629629629 0.5286458333333334 0.8324074074074074 0.521875 0.8231481481481482 0.5010416666666667 0.8231481481481482 0.4875 0.8194444444444444 0.47552083333333334 0.825925925925926 0.46979166666666666 0.8324074074074074 0.4473958333333333 0.8740740740740741