4 0.46197916666666666 0.7324074074074074 0.44947916666666665 0.7342592592592593 0.459375 0.762962962962963 0.47291666666666665 0.7824074074074074 0.4786458333333333 0.7870370370370371 0.4947916666666667 0.7888888888888889 0.49947916666666664 0.7851851851851852 0.5057291666666667 0.7851851851851852 0.509375 0.7824074074074074 0.5119791666666667 0.7731481481481481 0.5151041666666667 0.7712962962962963 0.5151041666666667 0.7666666666666667 0.5114583333333333 0.7620370370370371 0.5109375 0.7574074074074074 0.5052083333333334 0.7527777777777778 0.49895833333333334 0.7527777777777778 0.49375 0.7462962962962963 0.4859375 0.7462962962962963 0.484375 0.7435185185185185 0.47708333333333336 0.7416666666666667 0.4739583333333333 0.737037037037037 0.46197916666666666 0.7324074074074074
4 0.35520833333333335 0.7055555555555556 0.3546875 0.7101851851851851 0.3578125 0.7212962962962963 0.37604166666666666 0.7527777777777778 0.3875 0.7638888888888888 0.39479166666666665 0.7666666666666667 0.41458333333333336 0.7666666666666667 0.4234375 0.7592592592592593 0.42916666666666664 0.7435185185185185 0.42864583333333334 0.7324074074074074 0.425 0.725925925925926 0.4203125 0.725 0.41302083333333334 0.7185185185185186 0.4005208333333333 0.7138888888888889 0.38958333333333334 0.7138888888888889 0.384375 0.7101851851851851 0.37447916666666664 0.7101851851851851 0.36875 0.7055555555555556 0.35520833333333335 0.7055555555555556
4 0.3203125 0.6212962962962963 0.3177083333333333 0.6231481481481481 0.3203125 0.6370370370370371 0.31979166666666664 0.6333333333333333 0.321875 0.6305555555555555 0.3203125 0.6212962962962963
4 0.13802083333333334 0.5388888888888889 0.13802083333333334 0.549074074074074 0.14114583333333333 0.5564814814814815 0.15416666666666667 0.5731481481481482 0.16041666666666668 0.5777777777777777 0.18229166666666666 0.5796296296296296 0.18489583333333334 0.5777777777777777 0.1859375 0.5731481481481482 0.1921875 0.5694444444444444 0.18854166666666666 0.562037037037037 0.1734375 0.5509259259259259 0.1640625 0.5481481481481482 0.15052083333333333 0.5388888888888889 0.13802083333333334 0.5388888888888889
4 0.8057291666666667 0.34629629629629627 0.8046875 0.34814814814814815 0.80625 0.3509259259259259 0.8057291666666667 0.34629629629629627
4 0.8510416666666667 0.22962962962962963 0.85625 0.23425925925925925 0.8557291666666667 0.24444444444444444 0.8489583333333334 0.2462962962962963 0.8484375 0.24814814814814815 0.8510416666666667 0.25092592592592594 0.8484375 0.25462962962962965 0.8520833333333333 0.2574074074074074 0.8515625 0.262037037037037 0.8567708333333334 0.27314814814814814 0.8677083333333333 0.2777777777777778 0.8682291666666667 0.28425925925925927 0.8729166666666667 0.28888888888888886 0.8848958333333333 0.28888888888888886 0.8916666666666667 0.28425925925925927 0.8958333333333334 0.2638888888888889 0.8953125 0.25462962962962965 0.89375 0.24814814814814815 0.8859375 0.24537037037037038 0.8869791666666667 0.23703703703703705 0.8854166666666666 0.23425925925925925 0.8848958333333333 0.22314814814814815 0.8796875 0.21296296296296297 0.8796875 0.20925925925925926 0.875 0.2064814814814815 0.8760416666666667 0.19814814814814816 0.8682291666666667 0.19814814814814816 0.8677083333333333 0.20092592592592592 0.8640625 0.20277777777777778 0.8645833333333334 0.20925925925925926 0.8609375 0.2101851851851852 0.8588541666666667 0.2175925925925926 0.8546875 0.21944444444444444 0.8572916666666667 0.23055555555555557 0.85625 0.2324074074074074 0.8510416666666667 0.22962962962962963
4 0.9552083333333333 0.18518518518518517 0.9515625 0.18611111111111112 0.95625 0.18888888888888888 0.9552083333333333 0.18518518518518517
4 0.9604166666666667 0.1574074074074074 0.95625 0.1574074074074074 0.9604166666666667 0.1574074074074074
4 0.5729166666666666 0 0.5765625 0.008333333333333333 0.5770833333333333 0.032407407407407406 0.5744791666666667 0.04259259259259259 0.5723958333333333 0.06574074074074074 0.5671875 0.08055555555555556 0.5671875 0.09074074074074075 0.5744791666666667 0.11481481481481481 0.5776041666666667 0.13518518518518519 0.5864583333333333 0.1574074074074074 0.5880208333333333 0.17222222222222222 0.5869791666666667 0.18518518518518517 0.5817708333333333 0.2064814814814815 0.5796875 0.22962962962962963 0.5776041666666667 0.23425925925925925 0.5760416666666667 0.2601851851851852 0.5776041666666667 0.28888888888888886 0.5822916666666667 0.30925925925925923 0.5859375 0.3138888888888889 0.5942708333333333 0.3416666666666667 0.5989583333333334 0.34814814814814815 0.6020833333333333 0.3574074074074074 0.6208333333333333 0.387037037037037 0.6229166666666667 0.387037037037037 0.6255208333333333 0.39351851851851855 0.6333333333333333 0.4027777777777778 0.6484375 0.41203703703703703 0.6479166666666667 0.4185185185185185 0.6395833333333333 0.4351851851851852 0.6359375 0.45092592592592595 0.625 0.4675925925925926 0.6114583333333333 0.5148148148148148 0.5958333333333333 0.5435185185185185 0.5895833333333333 0.5601851851851852 0.5807291666666666 0.5972222222222222 0.5802083333333333 0.6129629629629629 0.58125 0.6166666666666667 0.5848958333333333 0.6166666666666667 0.5864583333333333 0.6194444444444445 0.5854166666666667 0.6324074074074074 0.5875 0.6351851851851852 0.5880208333333333 0.6416666666666667 0.59375 0.6509259259259259 0.6015625 0.6574074074074074 0.6114583333333333 0.6601851851851852 0.6229166666666667 0.6592592592592592 0.6369791666666667 0.6527777777777778 0.6458333333333334 0.6462962962962963 0.6578125 0.6324074074074074 0.6604166666666667 0.6324074074074074 0.7036458333333333 0.5527777777777778 0.7130208333333333 0.5259259259259259 0.7177083333333333 0.5185185185185185 0.7322916666666667 0.4824074074074074 0.7442708333333333 0.4601851851851852 0.7458333333333333 0.45185185185185184 0.75 0.4444444444444444 0.75 0.4305555555555556 0.753125 0.4166666666666667 0.7604166666666666 0.4074074074074074 0.7614583333333333 0.3972222222222222 0.7651041666666667 0.39351851851851855 0.7640625 0.3861111111111111 0.7661458333333333 0.37592592592592594 0.775 0.36203703703703705 0.7791666666666667 0.36203703703703705 0.7791666666666667 0.35555555555555557 0.78125 0.3509259259259259 0.7791666666666667 0.34814814814814815 0.7791666666666667 0.34074074074074073 0.7817708333333333 0.3277777777777778 0.7890625 0.3138888888888889 0.7921875 0.31203703703703706 0.8026041666666667 0.2814814814814815 0.8119791666666667 0.275 0.815625 0.26666666666666666 0.8166666666666667 0.2574074074074074 0.825 0.24166666666666667 0.8244791666666667 0.2361111111111111 0.8286458333333333 0.22962962962962963 0.8296875 0.21944444444444444 0.8354166666666667 0.2074074074074074 0.8427083333333333 0.2 0.8453125 0.1814814814814815 0.8489583333333334 0.1712962962962963 0.8479166666666667 0.1675925925925926 0.8557291666666667 0.15925925925925927 0.8557291666666667 0.14629629629629629 0.8598958333333333 0.13518518518518519 0.86875 0.13240740740740742 0.8739583333333333 0.13425925925925927 0.875 0.1398148148148148 0.8682291666666667 0.1425925925925926 0.86875 0.16296296296296298 0.8770833333333333 0.1638888888888889 0.88125 0.16944444444444445 0.8828125 0.17777777777777778 0.8838541666666667 0.175 0.8880208333333334 0.18055555555555555 0.8973958333333333 0.17777777777777778 0.9052083333333333 0.16666666666666666 0.9114583333333334 0.1648148148148148 0.9130208333333333 0.1574074074074074 0.915625 0.15462962962962962 0.9130208333333333 0.15092592592592594 0.9145833333333333 0.14629629629629629 0.9239583333333333 0.1574074074074074 0.9244791666666666 0.16018518518518518 0.9182291666666667 0.1648148148148148 0.925 0.17592592592592593 0.925 0.18518518518518517 0.9276041666666667 0.18888888888888888 0.9322916666666666 0.18703703703703703 0.9338541666666667 0.1814814814814815 0.9359375 0.1824074074074074 0.9375 0.16666666666666666 0.9421875 0.16666666666666666 0.9442708333333333 0.15925925925925927 0.9479166666666666 0.15925925925925927 0.95 0.1638888888888889 0.9520833333333333 0.1638888888888889 0.9557291666666666 0.1574074074074074 0.9520833333333333 0.1527777777777778 0.953125 0.15092592592592594 0.9609375 0.14444444444444443 0.9625 0.1388888888888889 0.9692708333333333 0.13240740740740742 0.9744791666666667 0.13055555555555556 0.9734375 0.1259259259259259 0.9807291666666667 0.11666666666666667 0.9791666666666666 0.1111111111111111 0.98125 0.10092592592592593 0.9760416666666667 0.10185185185185185 0.9760416666666667 0.09814814814814815 0.9796875 0.09166666666666666 0.975 0.08425925925925926 0.975 0.07314814814814814 0.978125 0.06388888888888888 0.9760416666666667 0.05925925925925926 0.9807291666666667 0.05092592592592592 0.98125 0.03888888888888889 0.9864583333333333 0.03425925925925926 0.9875 0.025 0.9916666666666667 0.021296296296296296 0.9901041666666667 0.018518518518518517 0.9921875 0.016666666666666666 0.9932291666666667 0.004629629629629629 0.9911458333333333 0 0.9671875 0 0.9484375 0.004629629629629629 0.9244791666666666 0.004629629629629629 0.8994791666666667 0 0.8359375 0 0.8239583333333333 0.004629629629629629 0.8010416666666667 0.004629629629629629 0.79375 0 0.75 0 0.7328125 0.007407407407407408 0.7307291666666667 0.004629629629629629 0.7234375 0.005555555555555556 0.7203125 0 0.6932291666666667 0.005555555555555556 0.6807291666666667 0.002777777777777778 0.6786458333333333 0 0.665625 0.002777777777777778 0.6583333333333333 0 0.5729166666666666 0
4 0.019270833333333334 0.003703703703703704 0.019270833333333334 0.10925925925925926 0.024479166666666666 0.14351851851851852 0.025 0.18333333333333332 0.0296875 0.18888888888888888 0.03333333333333333 0.2212962962962963 0.0375 0.23425925925925925 0.0390625 0.2574074074074074 0.043229166666666666 0.2601851851851852 0.0453125 0.2777777777777778 0.049479166666666664 0.2851851851851852 0.059895833333333336 0.31666666666666665 0.07552083333333333 0.37592592592592594 0.0796875 0.3824074074074074 0.08541666666666667 0.4009259259259259 0.08697916666666666 0.41388888888888886 0.09375 0.42777777777777776 0.10052083333333334 0.4546296296296296 0.10625 0.4638888888888889 0.1953125 0.5092592592592593 0.20572916666666666 0.5101851851851852 0.209375 0.4981481481481482 0.20625 0.4842592592592593 0.20677083333333332 0.4759259259259259 0.19166666666666668 0.41574074074074074 0.19114583333333332 0.4046296296296296 0.178125 0.3648148148148148 0.17083333333333334 0.3527777777777778 0.16822916666666668 0.337037037037037 0.16458333333333333 0.33425925925925926 0.16510416666666666 0.32592592592592595 0.1671875 0.3212962962962963 0.16197916666666667 0.30277777777777776 0.15833333333333333 0.2962962962962963 0.15729166666666666 0.2851851851851852 0.153125 0.275 0.15364583333333334 0.2638888888888889 0.14895833333333333 0.25092592592592594 0.1484375 0.2351851851851852 0.15052083333333333 0.22870370370370371 0.1546875 0.23425925925925925 0.1578125 0.25092592592592594 0.16145833333333334 0.2537037037037037 0.16927083333333334 0.275 0.19322916666666667 0.32314814814814813 0.20052083333333334 0.34629629629629627 0.20416666666666666 0.3509259259259259 0.2109375 0.36666666666666664 0.21354166666666666 0.37777777777777777 0.21822916666666667 0.3851851851851852 0.22604166666666667 0.41203703703703703 0.234375 0.42777777777777776 0.23854166666666668 0.4425925925925926 0.24895833333333334 0.4666666666666667 0.2526041666666667 0.4824074074074074 0.2604166666666667 0.4981481481481482 0.2671875 0.5185185185185185 0.27291666666666664 0.5277777777777778 0.2755208333333333 0.5388888888888889 0.28177083333333336 0.55 0.30104166666666665 0.5638888888888889 0.3359375 0.5777777777777777 0.3692708333333333 0.5981481481481481 0.3953125 0.6074074074074074 0.4322916666666667 0.6296296296296297 0.4791666666666667 0.6509259259259259 0.4921875 0.6527777777777778 0.49947916666666664 0.6574074074074074 0.5098958333333333 0.6574074074074074 0.5109375 0.6472222222222223 0.5161458333333333 0.6388888888888888 0.51875 0.6259259259259259 0.5234375 0.6212962962962963 0.5333333333333333 0.5962962962962963 0.5359375 0.5935185185185186 0.5390625 0.562962962962963 0.5432291666666667 0.5481481481481482 0.540625 0.524074074074074 0.5432291666666667 0.5185185185185185 0.5421875 0.5074074074074074 0.54375 0.5009259259259259 0.54375 0.48055555555555557 0.5385416666666667 0.46574074074074073 0.5432291666666667 0.4601851851851852 0.54375 0.44351851851851853 0.53125 0.43796296296296294 0.5317708333333333 0.425 0.5291666666666667 0.41388888888888886 0.53125 0.4064814814814815 0.5359375 0.4 0.5296875 0.39351851851851855 0.525 0.3962962962962963 0.5229166666666667 0.39166666666666666 0.5192708333333333 0.39166666666666666 0.5161458333333333 0.37962962962962965 0.5114583333333333 0.37222222222222223 0.5104166666666666 0.3574074074074074 0.5177083333333333 0.3509259259259259 0.5364583333333334 0.3527777777777778 0.5395833333333333 0.34629629629629627 0.5380208333333333 0.3435185185185185 0.5166666666666667 0.3435185185185185 0.5151041666666667 0.3388888888888889 0.5177083333333333 0.3277777777777778 0.5145833333333333 0.31574074074074077 0.5171875 0.2351851851851852 0.509375 0.1824074074074074 0.5046875 0.17222222222222222 0.503125 0.1638888888888889 0.5052083333333334 0.16203703703703703 0.5052083333333334 0.15555555555555556 0.5 0.07407407407407407 0.5010416666666667 0.06666666666666667 0.4942708333333333 0.05740740740740741 0.49322916666666666 0.05092592592592592 0.4901041666666667 0.049074074074074076 0.4875 0.040740740740740744 0.4875 0.030555555555555555 0.4822916666666667 0.025 0.48020833333333335 0.016666666666666666 0.47552083333333334 0.013888888888888888 0.47239583333333335 0.007407407407407408 0.46927083333333336 0.007407407407407408 0.4666666666666667 0.002777777777777778 0.4588541666666667 0.002777777777777778 0.45625 0 0.45260416666666664 0.002777777777777778 0.4510416666666667 0 0.40625 0 0.403125 0.002777777777777778 0.3890625 0.002777777777777778 0.3875 0 0.3416666666666667 0 0.33177083333333335 0.004629629629629629 0.3203125 0 0.25677083333333334 0 0.2515625 0.002777777777777778 0.24427083333333333 0 0.215625 0 0.21197916666666666 0.002777777777777778 0.15 0.000925925925925926 0.14166666666666666 0.004629629629629629 0.12552083333333333 0.002777777777777778 0.1234375 0 0.03125 0 0.0296875 0.002777777777777778 0.019270833333333334 0.003703703703703704
1 0.0125 0.18796296296296297 0.011458333333333333 0.225 0.008854166666666666 0.2351851851851852 0.008854166666666666 0.24351851851851852 0.0109375 0.25092592592592594 0.023958333333333335 0.26666666666666666 0.028125 0.27685185185185185 0.03125 0.2916666666666667 0.0390625 0.2916666666666667 0.046875 0.28703703703703703 0.046875 0.27314814814814814 0.0328125 0.21851851851851853 0.024479166666666666 0.16018518518518518 0.022395833333333334 0.1574074074074074 0.014583333333333334 0.17314814814814813 0.0125 0.18796296296296297
1 0.6619791666666667 0.43425925925925923 0.6625 0.44351851851851853 0.6666666666666666 0.45092592592592595 0.675 0.45092592592592595 0.6994791666666667 0.44166666666666665 0.7166666666666667 0.425 0.7291666666666666 0.4009259259259259 0.7359375 0.3962962962962963 0.7375 0.38981481481481484 0.7307291666666667 0.3824074074074074 0.7223958333333333 0.37962962962962965 0.7005208333333334 0.3824074074074074 0.69375 0.39814814814814814 0.6817708333333333 0.4027777777777778 0.6697916666666667 0.4166666666666667 0.6619791666666667 0.43425925925925923
1 0.4036458333333333 0.0824074074074074 0.4036458333333333 0.09166666666666666 0.4171875 0.11203703703703703 0.4244791666666667 0.13333333333333333 0.42239583333333336 0.15833333333333333 0.4265625 0.18796296296296297 0.43125 0.19444444444444445 0.4401041666666667 0.1935185185185185 0.446875 0.18888888888888888 0.4505208333333333 0.17592592592592593 0.44947916666666665 0.16018518518518518 0.43333333333333335 0.125 0.425 0.0962962962962963 0.4119791666666667 0.07777777777777778 0.4078125 0.07777777777777778 0.4036458333333333 0.0824074074074074
3 0.46041666666666664 0.7305555555555555 0.44947916666666665 0.7305555555555555 0.4505208333333333 0.7407407407407407 0.45729166666666665 0.7592592592592593 0.47552083333333334 0.7851851851851852 0.48072916666666665 0.7888888888888889 0.49583333333333335 0.7888888888888889 0.5046875 0.7824074074074074 0.5114583333333333 0.7685185185185185 0.5109375 0.7574074074074074 0.5067708333333333 0.7527777777777778 0.5005208333333333 0.7527777777777778 0.4942708333333333 0.7462962962962963 0.48802083333333335 0.7462962962962963 0.4671875 0.7324074074074074 0.46041666666666664 0.7305555555555555
3 0.35520833333333335 0.7046296296296296 0.353125 0.7074074074074074 0.3515625 0.7055555555555556 0.35989583333333336 0.725925925925926 0.3765625 0.7546296296296297 0.39010416666666664 0.7666666666666667 0.4161458333333333 0.7666666666666667 0.42239583333333336 0.7601851851851852 0.42864583333333334 0.7481481481481481 0.42916666666666664 0.7324074074074074 0.42604166666666665 0.725925925925926 0.41822916666666665 0.7194444444444444 0.39791666666666664 0.712037037037037 0.37552083333333336 0.7092592592592593 0.371875 0.7055555555555556 0.35520833333333335 0.7046296296296296
3 0.3151041666666667 0.6212962962962963 0.31979166666666664 0.6370370370370371 0.3223958333333333 0.6370370370370371 0.32395833333333335 0.6305555555555555 0.3223958333333333 0.6212962962962963 0.31875 0.6212962962962963 0.31614583333333335 0.625 0.3151041666666667 0.6212962962962963
3 0.13958333333333334 0.5370370370370371 0.13802083333333334 0.5388888888888889 0.1390625 0.5518518518518518 0.14583333333333334 0.5638888888888889 0.14791666666666667 0.5638888888888889 0.15729166666666666 0.575925925925926 0.17552083333333332 0.5805555555555556 0.17864583333333334 0.5731481481481482 0.1828125 0.5731481481481482 0.18854166666666666 0.5666666666666667 0.1828125 0.5555555555555556 0.16510416666666666 0.5481481481481482 0.15364583333333334 0.5388888888888889 0.13958333333333334 0.5370370370370371
3 0.019270833333333334 0.002777777777777778 0.0203125 0.10462962962962963 0.022395833333333334 0.11944444444444445 0.021354166666666667 0.1259259259259259 0.024479166666666666 0.1425925925925926 0.0265625 0.1787037037037037 0.030208333333333334 0.19166666666666668 0.030729166666666665 0.2037037037037037 0.043229166666666666 0.25462962962962965 0.04479166666666667 0.26666666666666666 0.046875 0.26851851851851855 0.05260416666666667 0.29814814814814816 0.0625 0.32592592592592595 0.06875 0.3527777777777778 0.07552083333333333 0.37592592592592594 0.07916666666666666 0.3824074074074074 0.08697916666666666 0.412962962962963 0.09375 0.42777777777777776 0.09427083333333333 0.43425925925925923 0.10520833333333333 0.4638888888888889 0.11927083333333334 0.47314814814814815 0.12395833333333334 0.47314814814814815 0.1328125 0.47962962962962963 0.16614583333333333 0.4935185185185185 0.17552083333333332 0.5009259259259259 0.20208333333333334 0.5120370370370371 0.20677083333333332 0.5101851851851852 0.209375 0.5009259259259259 0.20520833333333333 0.46944444444444444 0.19114583333333332 0.41388888888888886 0.19114583333333332 0.40555555555555556 0.18697916666666667 0.3962962962962963 0.18645833333333334 0.3888888888888889 0.18229166666666666 0.3814814814814815 0.178125 0.3648148148148148 0.17552083333333332 0.36203703703703705 0.16979166666666667 0.3453703703703704 0.16770833333333332 0.32685185185185184 0.16822916666666668 0.31666666666666665 0.16354166666666667 0.30648148148148147 0.15625 0.2796296296296296 0.15364583333333334 0.2574074074074074 0.14947916666666666 0.2490740740740741 0.14947916666666666 0.23981481481481481 0.14739583333333334 0.23148148148148148 0.15 0.22777777777777777 0.1546875 0.2361111111111111 0.15833333333333333 0.25092592592592594 0.16197916666666667 0.25462962962962965 0.16197916666666667 0.25925925925925924 0.16614583333333333 0.26481481481481484 0.16927083333333334 0.2759259259259259 0.19114583333333332 0.3194444444444444 0.2 0.3453703703703704 0.21041666666666667 0.36666666666666664 0.2140625 0.37962962962962965 0.21822916666666667 0.3851851851851852 0.22447916666666667 0.4074074074074074 0.24947916666666667 0.46944444444444444 0.2526041666666667 0.4842592592592593 0.2604166666666667 0.4981481481481482 0.2765625 0.5416666666666666 0.28229166666666666 0.5509259259259259 0.2953125 0.562037037037037 0.32760416666666664 0.5777777777777777 0.33229166666666665 0.5777777777777777 0.36822916666666666 0.5981481481481481 0.384375 0.6027777777777777 0.45 0.6388888888888888 0.503125 0.6592592592592592 0.5088541666666667 0.6601851851851852 0.5114583333333333 0.6574074074074074 0.5114583333333333 0.6361111111111111 0.51875 0.6324074074074074 0.5192708333333333 0.6268518518518519 0.5296875 0.6092592592592593 0.5375 0.5851851851851851 0.5395833333333333 0.5564814814814815 0.5416666666666666 0.5481481481481482 0.5395833333333333 0.5361111111111111 0.540625 0.5277777777777778 0.5385416666666667 0.5222222222222223 0.5385416666666667 0.5009259259259259 0.5375 0.49166666666666664 0.534375 0.4842592592592593 0.5354166666666667 0.48055555555555557 0.5317708333333333 0.4759259259259259 0.53125 0.4685185185185185 0.5244791666666667 0.4537037037037037 0.5244791666666667 0.43703703703703706 0.5223958333333333 0.4287037037037037 0.525 0.4212962962962963 0.5234375 0.41388888888888886 0.5265625 0.4074074074074074 0.5296875 0.4074074074074074 0.5296875 0.4009259259259259 0.51875 0.39814814814814814 0.5119791666666667 0.38425925925925924 0.5104166666666666 0.37407407407407406 0.5098958333333333 0.35555555555555557 0.515625 0.35185185185185186 0.5177083333333333 0.34629629629629627 0.5166666666666667 0.3435185185185185 0.5119791666666667 0.3435185185185185 0.5109375 0.3398148148148148 0.5166666666666667 0.33425925925925926 0.5145833333333333 0.3037037037037037 0.5166666666666667 0.2916666666666667 0.5166666666666667 0.2601851851851852 0.5182291666666666 0.2462962962962963 0.5119791666666667 0.1935185185185185 0.50625 0.1675925925925926 0.5052083333333334 0.11666666666666667 0.5020833333333333 0.10277777777777777 0.5010416666666667 0.0824074074074074 0.4979166666666667 0.06481481481481481 0.48802083333333335 0.04814814814814815 0.4864583333333333 0.041666666666666664 0.4875 0.03888888888888889 0.48072916666666665 0.030555555555555555 0.48072916666666665 0.025 0.4713541666666667 0.013888888888888888 0.46875 0.007407407407407408 0.45729166666666665 0 0.3411458333333333 0 0.3375 0.002777777777777778 0.3255208333333333 0.002777777777777778 0.32395833333333335 0 0.1484375 0 0.14270833333333333 0.002777777777777778 0.1328125 0.002777777777777778 0.1296875 0 0.022916666666666665 0 0.019270833333333334 0.002777777777777778
3 0.5765625 0.03796296296296296 0.5729166666666666 0.0712962962962963 0.56875 0.08055555555555556 0.56875 0.09259259259259259 0.5723958333333333 0.10277777777777777 0.5770833333333333 0.13333333333333333 0.5864583333333333 0.1574074074074074 0.5880208333333333 0.17407407407407408 0.5869791666666667 0.18703703703703703 0.5822916666666667 0.20277777777777778 0.5765625 0.24814814814814815 0.5776041666666667 0.2916666666666667 0.5828125 0.30833333333333335 0.5921875 0.3277777777777778 0.59375 0.337037037037037 0.6015625 0.3537037037037037 0.6197916666666666 0.38425925925925924 0.6328125 0.4009259259259259 0.6484375 0.41203703703703703 0.6479166666666667 0.4185185185185185 0.6390625 0.4361111111111111 0.6369791666666667 0.44814814814814813 0.6255208333333333 0.4675925925925926 0.6119791666666666 0.5120370370370371 0.5947916666666667 0.5444444444444444 0.58125 0.5907407407407408 0.58125 0.6305555555555555 0.5885416666666666 0.6444444444444445 0.5942708333333333 0.6527777777777778 0.6052083333333333 0.6601851851851852 0.625 0.6601851851851852 0.6421875 0.6509259259259259 0.6598958333333333 0.6342592592592593 0.6833333333333333 0.5944444444444444 0.70625 0.5481481481481482 0.7208333333333333 0.5101851851851852 0.7489583333333333 0.44814814814814813 0.7536458333333333 0.4203703703703704 0.759375 0.40555555555555556 0.7609375 0.3925925925925926 0.7651041666666667 0.37962962962962965 0.7729166666666667 0.36666666666666664 0.775 0.3527777777777778 0.7786458333333334 0.34444444444444444 0.7807291666666667 0.3333333333333333 0.7942708333333334 0.3074074074074074 0.796875 0.2962962962962963 0.80625 0.28055555555555556 0.8130208333333333 0.275 0.81875 0.25092592592592594 0.8234375 0.24351851851851852 0.8328125 0.2101851851851852 0.8416666666666667 0.19814814814814816 0.8442708333333333 0.1787037037037037 0.846875 0.17407407407407408 0.846875 0.1648148148148148 0.8520833333333333 0.1574074074074074 0.8552083333333333 0.1574074074074074 0.8578125 0.13703703703703704 0.8625 0.13240740740740742 0.8651041666666667 0.13518518518518519 0.8677083333333333 0.13240740740740742 0.8729166666666667 0.14444444444444443 0.8682291666666667 0.15092592592592594 0.8682291666666667 0.1638888888888889 0.8692708333333333 0.15925925925925927 0.87109375 0.1638888888888889 0.88125 0.16944444444444445 0.88125 0.17777777777777778 0.8822916666666667 0.17314814814814813 0.8848958333333333 0.17777777777777778 0.8885416666666667 0.17777777777777778 0.8927083333333333 0.1712962962962963 0.8958333333333334 0.1712962962962963 0.8994791666666667 0.1648148148148148 0.8994791666666667 0.1574074074074074 0.9046875 0.15462962962962962 0.9072916666666667 0.14074074074074075 0.9135416666666667 0.13240740740740742 0.9145833333333333 0.12777777777777777 0.9177083333333333 0.12777777777777777 0.9208333333333333 0.11666666666666667 0.9244791666666666 0.11388888888888889 0.9265625 0.09814814814814815 0.9369791666666667 0.08518518518518518 0.94375 0.06388888888888888 0.9447916666666667 0.05462962962962963 0.9489583333333333 0.05092592592592592 0.9541666666666667 0.05092592592592592 0.9625 0.03518518518518519 0.96875 0.02962962962962963 0.96875 0.025925925925925925 0.9739583333333334 0.018518518518518517 0.9739583333333334 0.012037037037037037 0.9770833333333333 0.005555555555555556 0.9796875 0.004629629629629629 0.9770833333333333 0 0.9552083333333333 0.004629629629629629 0.91875 0.004629629629629629 0.8994791666666667 0 0.83125 0 0.825 0.002777777777777778 0.7479166666666667 0 0.7338541666666667 0.004629629629629629 0.7229166666666667 0 0.70625 0 0.7005208333333334 0.002777777777777778 0.6854166666666667 0.002777777777777778 0.6822916666666666 0 0.5838541666666667 0 0.5786458333333333 0.03425925925925926 0.5765625 0.03796296296296296