4 0.0015625 0.5648148148148148 0 0.5666666666666667 0 0.6138888888888889 0.0015625 0.6166666666666667 0.0015625 0.6222222222222222 0 0.6231481481481481 0 0.7462962962962963 0.0015625 0.7472222222222222 0 0.7509259259259259 0 0.8231481481481482 0.00625 0.8231481481481482 0.019791666666666666 0.8138888888888889 0.023958333333333335 0.8138888888888889 0.0390625 0.8981481481481481 0.03333333333333333 0.9046296296296297 0.014583333333333334 0.9120370370370371 0 0.9212962962962963 0 0.9935185185185185 0.004166666666666667 0.9962962962962963 0.0515625 0.9981481481481481 0.10364583333333334 0.9981481481481481 0.1390625 0.9944444444444445 0.21875 0.9981481481481481 0.2864583333333333 0.9944444444444445 0.3067708333333333 0.9981481481481481 0.32760416666666664 0.9944444444444445 0.4609375 0.9962962962962963 0.4791666666666667 0.9935185185185185 0.48020833333333335 0.9768518518518519 0.4828125 0.9666666666666667 0.4979166666666667 0.9435185185185185 0.5072916666666667 0.9083333333333333 0.5208333333333334 0.8759259259259259 0.5213541666666667 0.8694444444444445 0.5291666666666667 0.8481481481481481 0.5328125 0.8194444444444444 0.5385416666666667 0.799074074074074 0.5484375 0.7870370370370371 0.5552083333333333 0.7666666666666667 0.5567708333333333 0.7555555555555555 0.5734375 0.7231481481481481 0.5770833333333333 0.700925925925926 0.5802083333333333 0.6944444444444444 0.5822916666666667 0.6777777777777778 0.5901041666666667 0.6601851851851852 0.6125 0.6259259259259259 0.6182291666666667 0.6101851851851852 0.6192708333333333 0.5990740740740741 0.6223958333333334 0.5916666666666667 0.6286458333333333 0.5601851851851852 0.6197916666666666 0.5111111111111111 0.6203125 0.4925925925925926 0.6244791666666667 0.48703703703703705 0.6255208333333333 0.4777777777777778 0.6369791666666667 0.44537037037037036 0.6447916666666667 0.4305555555555556 0.64375 0.425 0.6375 0.41759259259259257 0.6322916666666667 0.4064814814814815 0.6302083333333334 0.39444444444444443 0.6182291666666667 0.3685185185185185 0.6114583333333333 0.36018518518518516 0.5953125 0.3490740740740741 0.5880208333333333 0.3490740740740741 0.58125 0.3527777777777778 0.5807291666666666 0.34814814814814815 0.5770833333333333 0.34629629629629627 0.5630208333333333 0.34629629629629627 0.5520833333333334 0.3490740740740741 0.5359375 0.3592592592592593 0.5260416666666666 0.36018518518518516 0.5119791666666667 0.3527777777777778 0.48333333333333334 0.34629629629629627 0.4473958333333333 0.34629629629629627 0.42552083333333335 0.35555555555555557 0.3890625 0.36018518518518516 0.3546875 0.3731481481481482 0.321875 0.37592592592592594 0.31614583333333335 0.38055555555555554 0.2953125 0.387037037037037 0.2755208333333333 0.4009259259259259 0.2604166666666667 0.4185185185185185 0.2578125 0.4185185185185185 0.24791666666666667 0.42962962962962964 0.24375 0.4305555555555556 0.24114583333333334 0.4351851851851852 0.23854166666666668 0.4351851851851852 0.203125 0.4666666666666667 0.1828125 0.47314814814814815 0.17395833333333333 0.48055555555555557 0.1703125 0.48055555555555557 0.1546875 0.4935185185185185 0.14010416666666667 0.5009259259259259 0.09114583333333333 0.5351851851851852 0.07552083333333333 0.5398148148148149 0.04739583333333333 0.5574074074074075 0.0015625 0.5648148148148148
4 0.23020833333333332 0.10185185185185185 0.22916666666666666 0.10925925925925926 0.23229166666666667 0.11018518518518519 0.2390625 0.10092592592592593 0.23020833333333332 0.10185185185185185
4 0.24401041666666667 0.09537037037037037 0.0005208333333333333 0.001851851851851852
4 0.1953125 0.07314814814814814 0.1953125 0.07592592592592592 0.1953125 0.07314814814814814
4 0.24791666666666667 0.041666666666666664 0.2515625 0.044444444444444446 0.2520833333333333 0.05 0.24791666666666667 0.05092592592592592 0.24583333333333332 0.05555555555555555 0.25 0.06018518518518518 0.259375 0.06018518518518518 0.2578125 0.05 0.2552083333333333 0.04722222222222222 0.2546875 0.03981481481481482 0.25104166666666666 0.04351851851851852 0.24791666666666667 0.041666666666666664
4 0.25078125 0.033796296296296297 0.0005208333333333333 0.002777777777777778
4 0.09270833333333334 0 0.09375 0.018518518518518517 0.096875 0.028703703703703703 0.1 0.05740740740740741 0.10677083333333333 0.08425925925925926 0.11458333333333333 0.10277777777777777 0.12395833333333334 0.11203703703703703 0.13958333333333334 0.11203703703703703 0.1453125 0.10740740740740741 0.15520833333333334 0.10555555555555556 0.1671875 0.09351851851851851 0.17604166666666668 0.09166666666666666 0.178125 0.08796296296296297 0.18072916666666666 0.08888888888888889 0.18177083333333333 0.09444444444444444 0.1890625 0.1 0.1953125 0.10277777777777777 0.20104166666666667 0.10092592592592593 0.20572916666666666 0.10555555555555556 0.21197916666666666 0.10555555555555556 0.21770833333333334 0.10925925925925926 0.22135416666666666 0.1 0.22395833333333334 0.10277777777777777 0.22447916666666667 0.1 0.21927083333333333 0.09814814814814815 0.21770833333333334 0.09166666666666666 0.2125 0.09166666666666666 0.2125 0.08518518518518518 0.21041666666666667 0.07962962962962963 0.20572916666666666 0.08425925925925926 0.20364583333333333 0.07962962962962963 0.19739583333333333 0.08055555555555556 0.1953125 0.07777777777777778 0.19270833333333334 0.08425925925925926 0.19166666666666668 0.08333333333333333 0.18958333333333333 0.06111111111111111 0.1921875 0.04722222222222222 0.19635416666666666 0.037037037037037035 0.2 0.03518518518518519 0.2 0.030555555555555555 0.20416666666666666 0.027777777777777776 0.20625 0.016666666666666666 0.2375 0.018518518518518517 0.24322916666666666 0.014814814814814815 0.23958333333333334 0.011111111111111112 0.23697916666666666 0.002777777777777778 0.2328125 0 0.09270833333333334 0
4 0.0036458333333333334 0 0 0.004629629629629629 0 0.04814814814814815 0.005729166666666666 0.05 0.010416666666666666 0.05 0.013020833333333334 0.046296296296296294 0.023958333333333335 0.041666666666666664 0.027083333333333334 0.037037037037037035 0.04791666666666667 0.027777777777777776 0.06302083333333333 0.014814814814814815 0.0828125 0.004629629629629629 0.07708333333333334 0 0.0036458333333333334 0
1 0.9932291666666667 0.6648148148148149 0.99375 0.6694444444444444 0.9994791666666667 0.6685185185185185 0.9932291666666667 0.6648148148148149
1 0.4578125 0.31851851851851853 0.4515625 0.33055555555555555 0.4515625 0.3351851851851852 0.46822916666666664 0.3351851851851852 0.4822916666666667 0.3416666666666667 0.5046875 0.3435185185185185 0.5244791666666667 0.3527777777777778 0.5380208333333333 0.3509259259259259 0.5536458333333333 0.3388888888888889 0.5833333333333334 0.3388888888888889 0.5994791666666667 0.3435185185185185 0.6119791666666666 0.3527777777777778 0.6229166666666667 0.36666666666666664 0.63125 0.3851851851851852 0.6375 0.4074074074074074 0.6479166666666667 0.4185185185185185 0.6541666666666667 0.42962962962962964 0.6677083333333333 0.42592592592592593 0.6838541666666667 0.41203703703703703 0.6994791666666667 0.40925925925925927 0.7098958333333333 0.4027777777777778 0.7130208333333333 0.39814814814814814 0.7166666666666667 0.39814814814814814 0.7260416666666667 0.387037037037037 0.7432291666666667 0.38055555555555554 0.7822916666666667 0.35555555555555557 0.8 0.3509259259259259 0.8067708333333333 0.34444444444444444 0.8421875 0.32592592592592595 0.8510416666666667 0.31666666666666665 0.8640625 0.3138888888888889 0.86875 0.3101851851851852 0.890625 0.3055555555555556 0.8911458333333333 0.3074074074074074 0.8875 0.31203703703703706 0.8890625 0.31666666666666665 0.8859375 0.3212962962962963 0.8880208333333334 0.31851851851851853 0.8885416666666667 0.3212962962962963 0.8973958333333333 0.32407407407407407 0.9 0.33055555555555555 0.9119791666666667 0.33240740740740743 0.9286458333333333 0.3296296296296296 0.9338541666666667 0.33425925925925926 0.940625 0.34444444444444444 0.9390625 0.34814814814814815 0.9286458333333333 0.3527777777777778 0.9239583333333333 0.36018518518518516 0.9145833333333333 0.3648148148148148 0.9036458333333334 0.37592592592592594 0.8994791666666667 0.37592592592592594 0.8869791666666667 0.38425925925925924 0.8723958333333334 0.387037037037037 0.859375 0.39814814814814814 0.8515625 0.4009259259259259 0.8484375 0.40555555555555556 0.8401041666666667 0.4074074074074074 0.8359375 0.41203703703703703 0.8265625 0.4148148148148148 0.8166666666666667 0.42314814814814816 0.8088541666666667 0.42592592592592593 0.7979166666666667 0.43703703703703706 0.7817708333333333 0.4444444444444444 0.7640625 0.45925925925925926 0.75625 0.462037037037037 0.7473958333333334 0.47129629629629627 0.7354166666666667 0.4759259259259259 0.7145833333333333 0.4898148148148148 0.7041666666666667 0.5009259259259259 0.6645833333333333 0.5231481481481481 0.6536458333333334 0.5370370370370371 0.6505208333333333 0.5370370370370371 0.64375 0.5435185185185185 0.6369791666666667 0.5546296296296296 0.6171875 0.6296296296296297 0.6036458333333333 0.6555555555555556 0.5947916666666667 0.6638888888888889 0.5885416666666666 0.6759259259259259 0.5817708333333333 0.7055555555555556 0.5791666666666667 0.725 0.5578125 0.774074074074074 0.5510416666666667 0.7981481481481482 0.5390625 0.8185185185185185 0.5359375 0.8425925925925926 0.5244791666666667 0.8824074074074074 0.5244791666666667 0.8981481481481481 0.5265625 0.9074074074074074 0.5390625 0.9324074074074075 0.5604166666666667 0.962037037037037 0.5692708333333333 0.9777777777777777 0.5729166666666666 0.9805555555555555 0.5817708333333333 0.9962962962962963 0.6302083333333334 0.9981481481481481 0.8697916666666666 0.9944444444444445 0.8880208333333334 0.9981481481481481 0.9234375 0.9944444444444445 0.9739583333333334 0.9944444444444445 0.9875 0.9935185185185185 0.9921875 0.9842592592592593 0.9953125 0.9712962962962963 0.9994791666666667 0.9685185185185186 0.9994791666666667 0.7842592592592592 0.9973958333333334 0.7824074074074074 0.9947916666666666 0.7657407407407407 0.9963541666666667 0.7574074074074074 0.9921875 0.7435185185185185 0.9927083333333333 0.7388888888888889 0.9890625 0.7342592592592593 0.9911458333333333 0.7231481481481481 0.9942708333333333 0.7231481481481481 0.9942708333333333 0.7148148148148148 0.9901041666666667 0.7055555555555556 0.9921875 0.7027777777777777 0.9916666666666667 0.6981481481481482 0.9880208333333333 0.6935185185185185 0.9875 0.6851851851851852 0.9828125 0.675 0.9822916666666667 0.6685185185185185 0.9833333333333333 0.649074074074074 0.9885416666666667 0.6574074074074074 0.9994791666666667 0.6592592592592592 0.9994791666666667 0.6527777777777778 0.9947916666666666 0.6509259259259259 0.9953125 0.6481481481481481 0.9994791666666667 0.6462962962962963 0.9994791666666667 0.625 0.9942708333333333 0.6203703703703703 0.9947916666666666 0.6166666666666667 0.9994791666666667 0.6138888888888889 0.9994791666666667 0.600925925925926 0.9880208333333333 0.6037037037037037 0.9848958333333333 0.6 0.9875 0.5879629629629629 0.9916666666666667 0.5851851851851851 0.9932291666666667 0.562037037037037 0.990625 0.5398148148148149 0.9916666666666667 0.5305555555555556 0.9901041666666667 0.5259259259259259 0.9916666666666667 0.5185185185185185 0.9875 0.5120370370370371 0.984375 0.5120370370370371 0.978125 0.4981481481481482 0.9744791666666667 0.4759259259259259 0.9682291666666667 0.4675925925925926 0.9682291666666667 0.4601851851851852 0.9645833333333333 0.45555555555555555 0.9567708333333333 0.4546296296296296 0.9598958333333333 0.44814814814814813 0.9552083333333333 0.44166666666666665 0.95625 0.4324074074074074 0.9541666666666667 0.425 0.9567708333333333 0.41388888888888886 0.9604166666666667 0.4101851851851852 0.9604166666666667 0.4027777777777778 0.9619791666666667 0.4 0.9619791666666667 0.3787037037037037 0.9645833333333333 0.37592592592592594 0.9640625 0.3675925925925926 0.96875 0.36203703703703705 0.9671875 0.35555555555555557 0.9692708333333333 0.3527777777777778 0.9692708333333333 0.3453703703703704 0.9869791666666666 0.33425925925925926 0.9880208333333333 0.32314814814814813 0.9848958333333333 0.3101851851851852 0.9744791666666667 0.30462962962962964 0.975 0.29814814814814816 0.96875 0.2861111111111111 0.9651041666666667 0.262037037037037 0.9625 0.2601851851851852 0.9598958333333333 0.25277777777777777 0.9572916666666667 0.25277777777777777 0.9541666666666667 0.24351851851851852 0.9489583333333333 0.23703703703703705 0.9432291666666667 0.2351851851851852 0.9427083333333334 0.23055555555555557 0.9317708333333333 0.21666666666666667 0.925 0.20092592592592592 0.9208333333333333 0.20092592592592592 0.9182291666666667 0.1962962962962963 0.9072916666666667 0.18888888888888888 0.90625 0.18518518518518517 0.9 0.1824074074074074 0.8796875 0.16018518518518518 0.8505208333333333 0.15462962962962962 0.8421875 0.15 0.83125 0.1527777777777778 0.8057291666666667 0.11481481481481481 0.79375 0.11018518518518519 0.7682291666666666 0.08981481481481482 0.7546875 0.08518518518518518 0.7453125 0.07592592592592592 0.7203125 0.06851851851851852 0.7171875 0.06388888888888888 0.6864583333333333 0.06388888888888888 0.6770833333333334 0.06666666666666667 0.6708333333333333 0.07592592592592592 0.659375 0.08055555555555556 0.6541666666666667 0.09166666666666666 0.6463541666666667 0.09351851851851851 0.6395833333333333 0.1037037037037037 0.6390625 0.11018518518518519 0.6302083333333334 0.11666666666666667 0.6208333333333333 0.11944444444444445 0.6161458333333333 0.125 0.609375 0.12777777777777777 0.6041666666666666 0.13518518518518519 0.5869791666666667 0.1388888888888889 0.5666666666666667 0.1712962962962963 0.55 0.19166666666666668 0.540625 0.2101851851851852 0.5203125 0.2324074074074074 0.5067708333333333 0.25555555555555554 0.49583333333333335 0.2638888888888889 0.48854166666666665 0.27314814814814814 0.4578125 0.31851851851851853
1 0.1 0.20555555555555555 0.10104166666666667 0.22314814814814815 0.09739583333333333 0.2324074074074074 0.096875 0.24351851851851852 0.09375 0.2518518518518518 0.09375 0.2759259259259259 0.09583333333333334 0.28888888888888886 0.1 0.29907407407407405 0.09947916666666666 0.3194444444444444 0.09427083333333333 0.3287037037037037 0.0921875 0.3416666666666667 0.0875 0.3509259259259259 0.08645833333333333 0.3611111111111111 0.0796875 0.36944444444444446 0.075 0.3712962962962963 0.07135416666666666 0.37777777777777777 0.0703125 0.3888888888888889 0.07395833333333333 0.4046296296296296 0.07916666666666666 0.4046296296296296 0.09166666666666666 0.38981481481481484 0.09895833333333333 0.375 0.10052083333333334 0.3675925925925926 0.1140625 0.3425925925925926 0.12291666666666666 0.3296296296296296 0.12760416666666666 0.31851851851851853 0.1296875 0.31851851851851853 0.13645833333333332 0.3074074074074074 0.1390625 0.2962962962962963 0.1578125 0.2574074074074074 0.16145833333333334 0.2462962962962963 0.16145833333333334 0.24074074074074073 0.1671875 0.23425925925925925 0.16875 0.22592592592592592 0.178125 0.2074074074074074 0.18020833333333333 0.19907407407407407 0.18541666666666667 0.19166666666666668 0.18489583333333334 0.18796296296296297 0.19114583333333332 0.18055555555555555 0.19166666666666668 0.17777777777777778 0.18958333333333333 0.17407407407407408 0.1921875 0.16296296296296298 0.19947916666666668 0.1537037037037037 0.20052083333333334 0.14629629629629629 0.20572916666666666 0.1388888888888889 0.20572916666666666 0.12685185185185185 0.209375 0.125 0.20572916666666666 0.11851851851851852 0.19739583333333333 0.11203703703703703 0.17291666666666666 0.1 0.16614583333333333 0.10092592592592593 0.15208333333333332 0.11388888888888889 0.13333333333333333 0.12129629629629629 0.12552083333333333 0.13796296296296295 0.11614583333333334 0.1685185185185185 0.11197916666666667 0.17407407407407408 0.1109375 0.18055555555555555 0.1 0.20555555555555555
1 0.26510416666666664 0 0.23958333333333334 0.000925925925925926 0.25104166666666666 0.016666666666666666 0.2557291666666667 0.021296296296296296 0.259375 0.021296296296296296 0.26510416666666664 0.005555555555555556 0.26510416666666664 0
3 0.0015625 0.5666666666666667 0 0.5685185185185185 0 0.612037037037037 0.003125 0.6157407407407407 0.0036458333333333334 0.6212962962962963 0.003125 0.6259259259259259 0 0.6277777777777778 0 0.8231481481481482 0.005208333333333333 0.8231481481481482 0.018229166666666668 0.8138888888888889 0.022916666666666665 0.8138888888888889 0.03177083333333333 0.8055555555555556 0.036458333333333336 0.8055555555555556 0.0453125 0.7981481481481482 0.049479166666666664 0.7981481481481482 0.06354166666666666 0.8870370370370371 0.05625 0.8888888888888888 0.0484375 0.8981481481481481 0.0390625 0.899074074074074 0.036458333333333336 0.9046296296296297 0.029166666666666667 0.9055555555555556 0.025 0.9101851851851852 0.013541666666666667 0.9138888888888889 0 0.9231481481481482 0 0.9935185185185185 0.0046875 0.9962962962962963 0.052083333333333336 0.9981481481481481 0.11875 0.9944444444444445 0.2296875 0.9981481481481481 0.2859375 0.9935185185185185 0.2890625 0.9962962962962963 0.3067708333333333 0.9981481481481481 0.33125 0.9935185185185185 0.35052083333333334 0.9962962962962963 0.3984375 0.9962962962962963 0.421875 0.9935185185185185 0.4583333333333333 0.9962962962962963 0.478125 0.9935185185185185 0.478125 0.9814814814814815 0.48072916666666665 0.9694444444444444 0.4979166666666667 0.9416666666666667 0.5 0.9314814814814815 0.503125 0.9259259259259259 0.50625 0.9083333333333333 0.5119791666666667 0.8925925925925926 0.5208333333333334 0.8759259259259259 0.5213541666666667 0.8685185185185185 0.525 0.862037037037037 0.53125 0.8388888888888889 0.5328125 0.8194444444444444 0.5380208333333333 0.8 0.5494791666666666 0.7842592592592592 0.5557291666666667 0.7638888888888888 0.55625 0.7555555555555555 0.5739583333333333 0.7231481481481481 0.5817708333333333 0.6787037037037037 0.5885416666666666 0.6620370370370371 0.6125 0.625 0.6125 0.6212962962962963 0.6177083333333333 0.6101851851851852 0.6197916666666666 0.5953703703703703 0.625 0.5796296296296296 0.628125 0.562037037037037 0.6255208333333333 0.5398148148148149 0.6192708333333333 0.5111111111111111 0.6182291666666667 0.49444444444444446 0.6244791666666667 0.4842592592592593 0.634375 0.45092592592592595 0.6427083333333333 0.43425925925925923 0.64375 0.425 0.6328125 0.40925925925925927 0.628125 0.3888888888888889 0.6223958333333334 0.37592592592592594 0.6109375 0.36018518518518516 0.5947916666666667 0.3490740740740741 0.5625 0.34629629629629627 0.55 0.3509259259259259 0.5395833333333333 0.3592592592592593 0.5244791666666667 0.36018518518518516 0.49895833333333334 0.3490740740740741 0.4666666666666667 0.34444444444444444 0.4479166666666667 0.34629629629629627 0.428125 0.35555555555555557 0.3921875 0.36018518518518516 0.35572916666666665 0.3731481481481482 0.3229166666666667 0.37777777777777777 0.2942708333333333 0.3888888888888889 0.27708333333333335 0.4009259259259259 0.25416666666666665 0.42592592592592593 0.2203125 0.45092592592592595 0.21614583333333334 0.45740740740740743 0.20260416666666667 0.4685185185185185 0.184375 0.4740740740740741 0.16510416666666666 0.48518518518518516 0.146875 0.5009259259259259 0.13333333333333333 0.5074074074074074 0.11510416666666666 0.5212962962962963 0.10833333333333334 0.5231481481481481 0.09114583333333333 0.5370370370370371 0.075 0.5416666666666666 0.049479166666666664 0.5574074074074075 0.024479166666666666 0.5601851851851852 0.0015625 0.5666666666666667
3 0.003125 0 0 0.002777777777777778 0 0.05555555555555555 0.0296875 0.041666666666666664 0.08333333333333333 0.005555555555555556 0.09114583333333333 0.005555555555555556 0.09427083333333333 0.03518518518518519 0.10677083333333333 0.09074074074074075 0.11927083333333334 0.11203703703703703 0.12864583333333332 0.11666666666666667 0.153125 0.11018518518518519 0.16875 0.09351851851851851 0.17395833333333333 0.09351851851851851 0.19947916666666668 0.11018518518518519 0.22291666666666668 0.11851851851851852 0.23072916666666668 0.11851851851851852 0.2552083333333333 0.1 0.2598958333333333 0.09351851851851851 0.259375 0.0824074074074074 0.26197916666666665 0.08055555555555556 0.2635416666666667 0.075 0.26197916666666665 0.05277777777777778 0.25729166666666664 0.03888888888888889 0.25416666666666665 0.019444444444444445 0.24166666666666667 0 0.003125 0