4 0.6270833333333333 0.5888888888888889 0.6239583333333333 0.6083333333333333 0.6239583333333333 0.6185185185185185 0.6192708333333333 0.6231481481481481 0.6234375 0.6259259259259259 0.6255208333333333 0.6370370370370371 0.625 0.6435185185185185 0.6286458333333333 0.6527777777777778 0.6255208333333333 0.6574074074074074 0.625 0.6620370370370371 0.6296875 0.6675925925925926 0.6296875 0.6712962962962963 0.6260416666666667 0.6777777777777778 0.6307291666666667 0.6990740740740741 0.634375 0.7074074074074074 0.6395833333333333 0.712037037037037 0.6458333333333334 0.7027777777777777 0.6489583333333333 0.7027777777777777 0.6510416666666666 0.6981481481481482 0.6494791666666667 0.6972222222222222 0.6505208333333333 0.6916666666666667 0.6614583333333334 0.6814814814814815 0.6625 0.6777777777777778 0.659375 0.6703703703703704 0.659375 0.6648148148148149 0.6625 0.6574074074074074 0.6609375 0.6546296296296297 0.6635416666666667 0.6444444444444445 0.66875 0.6416666666666667 0.6708333333333333 0.6351851851851852 0.6760416666666667 0.6333333333333333 0.68125 0.6148148148148148 0.6880208333333333 0.6055555555555555 0.6875 0.5972222222222222 0.6947916666666667 0.5796296296296296 0.6953125 0.5694444444444444 0.6994791666666667 0.562037037037037 0.696875 0.5518518518518518 0.6932291666666667 0.5509259259259259 0.6927083333333334 0.5462962962962963 0.6880208333333333 0.5462962962962963 0.684375 0.537962962962963 0.68125 0.5370370370370371 0.6791666666666667 0.5435185185185185 0.675 0.5444444444444444 0.6677083333333333 0.5601851851851852 0.6567708333333333 0.5731481481481482 0.6442708333333333 0.5805555555555556 0.6291666666666667 0.5805555555555556 0.6270833333333333 0.5888888888888889
4 0.65 0.3416666666666667 0.6494791666666667 0.34814814814814815 0.6520833333333333 0.362962962962963 0.6640625 0.4074074074074074 0.6692708333333334 0.4148148148148148 0.6760416666666667 0.43425925925925923 0.68125 0.44166666666666665 0.6947916666666667 0.4824074074074074 0.696875 0.4824074074074074 0.7 0.4666666666666667 0.6989583333333333 0.46111111111111114 0.7067708333333333 0.4425925925925926 0.7109375 0.4388888888888889 0.7119791666666667 0.41388888888888886 0.7192708333333333 0.39166666666666666 0.7239583333333334 0.387037037037037 0.7239583333333334 0.37962962962962965 0.728125 0.3685185185185185 0.7260416666666667 0.362962962962963 0.7260416666666667 0.34444444444444444 0.7291666666666666 0.3351851851851852 0.7286458333333333 0.33240740740740743 0.7265625 0.3277777777777778 0.7119791666666667 0.31666666666666665 0.6833333333333333 0.3148148148148148 0.6786458333333333 0.31851851851851853 0.6640625 0.3194444444444444 0.6546875 0.33055555555555555 0.6546875 0.33425925925925926 0.65 0.3416666666666667
4 0.725 0.26851851851851855 0.7223958333333333 0.26944444444444443 0.725 0.2712962962962963 0.725 0.26851851851851855
4 0.6583333333333333 0.275 0.6645833333333333 0.2824074074074074 0.6682291666666667 0.2824074074074074 0.6703125 0.2777777777777778 0.6692708333333334 0.27314814814814814 0.665625 0.2712962962962963 0.6682291666666667 0.26666666666666666 0.6630208333333333 0.27314814814814814 0.6583333333333333 0.275
4 0.6645833333333333 0.25277777777777777 0.6604166666666667 0.25925925925925924 0.6651041666666667 0.2574074074074074 0.6682291666666667 0.2601851851851852 0.6697916666666667 0.2574074074074074 0.6682291666666667 0.25277777777777777 0.6645833333333333 0.25277777777777777
4 0.6161458333333333 0.9027777777777778 0.6171875 0.9111111111111111 0.6145833333333334 0.9138888888888889 0.6151041666666667 0.9277777777777778 0.6166666666666667 0.9314814814814815 0.6171875 0.9462962962962963 0.6213541666666667 0.9574074074074074 0.6182291666666667 0.9694444444444444 0.6213541666666667 0.9805555555555555 0.6197916666666666 0.9842592592592593 0.6223958333333334 0.9888888888888889 0.6260416666666667 0.9888888888888889 0.628125 0.9935185185185185 0.6338541666666667 0.9935185185185185 0.6354166666666666 0.9962962962962963 0.6859375 0.9962962962962963 0.7098958333333333 0.9935185185185185 0.71875 0.9981481481481481 0.7510416666666667 0.9981481481481481 0.7578125 0.9935185185185185 0.784375 0.9981481481481481 0.7932291666666667 0.9944444444444445 0.796875 0.9962962962962963 0.8072916666666666 0.9935185185185185 0.8161458333333333 0.9981481481481481 0.8432291666666667 0.9944444444444445 0.859375 0.9981481481481481 0.8947916666666667 0.9935185185185185 0.9109375 0.9935185185185185 0.9161458333333333 0.9962962962962963 0.9619791666666667 0.9935185185185185 0.9703125 0.9981481481481481 0.9770833333333333 0.9981481481481481 0.9932291666666667 0.9935185185185185 0.9932291666666667 0.9861111111111112 0.9958333333333333 0.9824074074074074 0.9958333333333333 0.9731481481481481 0.99375 0.9629629629629629 0.9953125 0.9592592592592593 0.9932291666666667 0.9564814814814815 0.9942708333333333 0.9481481481481482 0.9921875 0.9462962962962963 0.9916666666666667 0.937962962962963 0.9927083333333333 0.9268518518518518 0.9963541666666667 0.925 0.9973958333333334 0.9212962962962963 0.9958333333333333 0.9175925925925926 0.9994791666666667 0.9148148148148149 0.9994791666666667 0.8870370370370371 0.9942708333333333 0.8824074074074074 0.9973958333333334 0.8759259259259259 0.9932291666666667 0.8722222222222222 0.9963541666666667 0.8685185185185185 0.9963541666666667 0.8648148148148148 0.9932291666666667 0.862037037037037 0.9963541666666667 0.8555555555555555 0.9963541666666667 0.8472222222222222 0.9994791666666667 0.8435185185185186 0.9994791666666667 0.8055555555555556 0.9979166666666667 0.8055555555555556 0.9895833333333334 0.7898148148148149 0.9916666666666667 0.7842592592592592 0.9932291666666667 0.7648148148148148 0.9963541666666667 0.7601851851851852 0.9994791666666667 0.7601851851851852 0.9994791666666667 0.725925925925926 0.9947916666666666 0.7231481481481481 0.9958333333333333 0.7185185185185186 0.9994791666666667 0.7166666666666667 0.9994791666666667 0.7027777777777777 0.9958333333333333 0.7 0.9973958333333334 0.6824074074074075 0.9916666666666667 0.6666666666666666 0.9942708333333333 0.65 0.9994791666666667 0.6462962962962963 0.9994791666666667 0.6166666666666667 0.9947916666666666 0.612037037037037 0.9963541666666667 0.5981481481481481 0.9994791666666667 0.5962962962962963 0.9994791666666667 0.5388888888888889 0.9963541666666667 0.5361111111111111 0.9973958333333334 0.5277777777777778 0.9953125 0.525 0.9927083333333333 0.5120370370370371 0.9942708333333333 0.5046296296296297 0.9932291666666667 0.5 0.9953125 0.4962962962962963 0.9994791666666667 0.4962962962962963 0.9994791666666667 0.4824074074074074 0.9963541666666667 0.48055555555555557 0.9994791666666667 0.4759259259259259 0.9994791666666667 0.46944444444444444 0.9973958333333334 0.4675925925925926 0.9947916666666666 0.4564814814814815 0.9963541666666667 0.4527777777777778 0.9963541666666667 0.44351851851851853 0.9979166666666667 0.44166666666666665 0.9953125 0.4388888888888889 0.9979166666666667 0.4305555555555556 0.9963541666666667 0.42777777777777776 0.9994791666666667 0.42592592592592593 0.9994791666666667 0.41203703703703703 0.9953125 0.4111111111111111 0.9994791666666667 0.4074074074074074 0.9994791666666667 0.3435185185185185 0.9958333333333333 0.34074074074074073 0.9947916666666666 0.32407407407407407 0.9921875 0.3148148148148148 0.9880208333333333 0.3101851851851852 0.9807291666666667 0.28888888888888886 0.9708333333333333 0.2712962962962963 0.9671875 0.25925925925925924 0.9666666666666667 0.25092592592592594 0.9630208333333333 0.24814814814814815 0.9604166666666667 0.23981481481481481 0.95 0.2212962962962963 0.9411458333333333 0.19444444444444445 0.9270833333333334 0.1824074074074074 0.9182291666666667 0.18888888888888888 0.9109375 0.20185185185185187 0.9052083333333333 0.20555555555555555 0.8989583333333333 0.21666666666666667 0.8838541666666667 0.23055555555555557 0.84375 0.23055555555555557 0.8244791666666667 0.25092592592592594 0.8166666666666667 0.2851851851851852 0.8104166666666667 0.2953703703703704 0.8057291666666667 0.31203703703703706 0.7979166666666667 0.32314814814814813 0.7979166666666667 0.3277777777777778 0.7927083333333333 0.3388888888888889 0.7864583333333334 0.34444444444444444 0.7796875 0.3592592592592593 0.7755208333333333 0.36203703703703705 0.7744791666666667 0.375 0.7645833333333333 0.38796296296296295 0.7619791666666667 0.40555555555555556 0.753125 0.42407407407407405 0.7489583333333333 0.42777777777777776 0.7427083333333333 0.4537037037037037 0.7421875 0.4638888888888889 0.7385416666666667 0.46944444444444444 0.7354166666666667 0.4824074074074074 0.7354166666666667 0.4962962962962963 0.7432291666666667 0.5120370370370371 0.7463541666666667 0.524074074074074 0.7463541666666667 0.5324074074074074 0.7421875 0.5462962962962963 0.7390625 0.5509259259259259 0.7385416666666667 0.5601851851851852 0.7286458333333333 0.5981481481481481 0.725 0.6064814814814815 0.725 0.612037037037037 0.7197916666666667 0.6194444444444445 0.71875 0.6259259259259259 0.7119791666666667 0.6351851851851852 0.7119791666666667 0.6398148148148148 0.7083333333333334 0.6462962962962963 0.7057291666666666 0.6601851851851852 0.6994791666666667 0.675 0.6984375 0.6851851851851852 0.6838541666666667 0.7185185185185186 0.6755208333333333 0.7462962962962963 0.675 0.7601851851851852 0.6677083333333333 0.7935185185185185 0.6520833333333333 0.8175925925925925 0.6473958333333333 0.8305555555555556 0.6473958333333333 0.8361111111111111 0.6395833333333333 0.8555555555555555 0.634375 0.8805555555555555 0.6229166666666667 0.8981481481481481 0.6161458333333333 0.9027777777777778
4 0.3255208333333333 0.027777777777777776 0.2947916666666667 0.08796296296296297 0.28541666666666665 0.12037037037037036 0.28125 0.1287037037037037 0.278125 0.15 0.275 0.1574074074074074 0.2734375 0.1712962962962963 0.26875 0.18796296296296297 0.26979166666666665 0.2074074074074074 0.2682291666666667 0.21851851851851853 0.2625 0.23333333333333334 0.259375 0.2574074074074074 0.25729166666666664 0.262037037037037 0.2546875 0.28703703703703703 0.2546875 0.3055555555555556 0.25104166666666666 0.3194444444444444 0.25052083333333336 0.3351851851851852 0.24583333333333332 0.35462962962962963 0.24479166666666666 0.3925925925925926 0.2421875 0.4101851851851852 0.24375 0.4212962962962963 0.24166666666666667 0.43703703703703706 0.2421875 0.4898148148148148 0.2390625 0.5416666666666666 0.24114583333333334 0.5740740740740741 0.2375 0.5972222222222222 0.23697916666666666 0.6231481481481481 0.23229166666666667 0.6407407407407407 0.23125 0.6666666666666666 0.22760416666666666 0.6731481481481482 0.2234375 0.6990740740740741 0.2234375 0.7212962962962963 0.22083333333333333 0.7287037037037037 0.21875 0.7870370370370371 0.215625 0.8222222222222222 0.21302083333333333 0.8324074074074074 0.21197916666666666 0.8694444444444445 0.2078125 0.8870370370370371 0.20677083333333332 0.9092592592592592 0.20208333333333334 0.9277777777777778 0.19791666666666666 0.9277777777777778 0.1953125 0.9046296296296297 0.1921875 0.8935185185185185 0.18541666666666667 0.8916666666666667 0.17864583333333334 0.8796296296296297 0.16822916666666668 0.8712962962962963 0.16354166666666667 0.862037037037037 0.15625 0.8555555555555555 0.153125 0.8462962962962963 0.14479166666666668 0.8416666666666667 0.14010416666666667 0.8305555555555556 0.13385416666666666 0.8268518518518518 0.1328125 0.8231481481481482 0.13020833333333334 0.8240740740740741 0.12395833333333334 0.8092592592592592 0.1140625 0.8074074074074075 0.11197916666666667 0.7916666666666666 0.10729166666666666 0.7888888888888889 0.10572916666666667 0.7824074074074074 0.10208333333333333 0.7787037037037037 0.0953125 0.7638888888888888 0.08125 0.7546296296296297 0.07760416666666667 0.7509259259259259 0.07760416666666667 0.7462962962962963 0.07447916666666667 0.7462962962962963 0.0703125 0.7416666666666667 0.06979166666666667 0.7388888888888889 0.07291666666666667 0.7388888888888889 0.075 0.7351851851851852 0.0671875 0.725925925925926 0.06458333333333334 0.725925925925926 0.06302083333333333 0.7185185185185186 0.0515625 0.7046296296296296 0.05 0.6981481481481482 0.046875 0.6962962962962963 0.046875 0.6916666666666667 0.044270833333333336 0.6907407407407408 0.042708333333333334 0.6824074074074075 0.0390625 0.6777777777777778 0.0359375 0.6666666666666666 0.03125 0.6611111111111111 0.022395833333333334 0.6398148148148148 0.01875 0.637962962962963 0.01875 0.6305555555555555 0.0140625 0.6212962962962963 0.011979166666666667 0.6083333333333333 0.008333333333333333 0.6046296296296296 0.005208333333333333 0.5916666666666667 0.0036458333333333334 0.5916666666666667 0 0.5935185185185186 0 0.6305555555555555 0.004166666666666667 0.6342592592592593 0.00625 0.6398148148148148 0.0046875 0.6435185185185185 0.0046875 0.6527777777777778 0 0.6574074074074074 0 0.6685185185185185 0.0020833333333333333 0.6712962962962963 0 0.6731481481481482 0 0.6777777777777778 0.0036458333333333334 0.6851851851851852 0.004166666666666667 0.6935185185185185 0 0.6981481481481482 0 0.7138888888888889 0.003125 0.7166666666666667 0 0.7185185185185186 0.0015625 0.7231481481481481 0 0.725 0 0.8305555555555556 0.0015625 0.8314814814814815 0.0015625 0.8416666666666667 0.0036458333333333334 0.8435185185185186 0.005208333333333333 0.862037037037037 0 0.8638888888888889 0 0.9416666666666667 0.005208333333333333 0.9555555555555556 0.011979166666666667 0.9574074074074074 0.0171875 0.962037037037037 0.01875 0.9666666666666667 0.026041666666666668 0.9712962962962963 0.03177083333333333 0.9805555555555555 0.05572916666666667 0.9981481481481481 0.06354166666666666 0.9953703703703703 0.06770833333333333 0.9981481481481481 0.10208333333333333 0.9981481481481481 0.11614583333333334 0.9944444444444445 0.17395833333333333 0.9981481481481481 0.19322916666666667 0.9935185185185185 0.19583333333333333 0.9888888888888889 0.19895833333333332 0.9888888888888889 0.2 0.9935185185185185 0.20677083333333332 0.9981481481481481 0.2630208333333333 0.9981481481481481 0.2786458333333333 0.9944444444444445 0.3489583333333333 0.9944444444444445 0.359375 0.9981481481481481 0.3807291666666667 0.9981481481481481 0.38958333333333334 0.9935185185185185 0.434375 0.9981481481481481 0.4744791666666667 0.9935185185185185 0.48333333333333334 0.9981481481481481 0.50625 0.9981481481481481 0.5119791666666667 0.9944444444444445 0.5651041666666666 0.9944444444444445 0.5666666666666667 0.9935185185185185 0.5671875 0.987037037037037 0.5708333333333333 0.9898148148148148 0.5697916666666667 0.9935185185185185 0.58125 0.9944444444444445 0.5854166666666667 0.9916666666666667 0.5864583333333333 0.9851851851851852 0.5848958333333333 0.9777777777777777 0.5765625 0.975 0.5760416666666667 0.9694444444444444 0.5848958333333333 0.9666666666666667 0.5890625 0.9527777777777777 0.5911458333333334 0.9527777777777777 0.5947916666666667 0.9462962962962963 0.5984375 0.9462962962962963 0.6005208333333333 0.9388888888888889 0.6036458333333333 0.9351851851851852 0.6020833333333333 0.9305555555555556 0.6041666666666666 0.9277777777777778 0.6041666666666666 0.9166666666666666 0.6057291666666667 0.9138888888888889 0.6036458333333333 0.9111111111111111 0.6036458333333333 0.9009259259259259 0.59375 0.8768518518518519 0.5932291666666667 0.8444444444444444 0.5942708333333333 0.8314814814814815 0.5989583333333334 0.8166666666666667 0.60625 0.7787037037037037 0.6098958333333333 0.7712962962962963 0.6135416666666667 0.75 0.6135416666666667 0.7194444444444444 0.6072916666666667 0.6972222222222222 0.6057291666666667 0.6731481481481482 0.6036458333333333 0.6675925925925926 0.6046875 0.6638888888888889 0.6026041666666667 0.6611111111111111 0.6036458333333333 0.6574074074074074 0.6020833333333333 0.6537037037037037 0.6020833333333333 0.65 0.6057291666666667 0.6435185185185185 0.6057291666666667 0.6314814814814815 0.6072916666666667 0.6259259259259259 0.6067708333333334 0.6092592592592593 0.6026041666666667 0.5972222222222222 0.6057291666666667 0.5805555555555556 0.6015625 0.575925925925926 0.603125 0.5712962962962963 0.6052083333333333 0.5712962962962963 0.6057291666666667 0.5666666666666667 0.6005208333333333 0.5638888888888889 0.5942708333333333 0.5546296296296296 0.5942708333333333 0.524074074074074 0.6 0.5231481481481481 0.6010416666666667 0.5101851851851852 0.5958333333333333 0.5027777777777778 0.5911458333333334 0.4898148148148148 0.5875 0.48703703703703705 0.5869791666666667 0.48055555555555557 0.5786458333333333 0.4777777777777778 0.5734375 0.47962962962962963 0.5651041666666666 0.47314814814814815 0.5510416666666667 0.44166666666666665 0.5421875 0.4101851851851852 0.5390625 0.4074074074074074 0.5354166666666667 0.3962962962962963 0.5265625 0.3851851851851852 0.5223958333333333 0.3731481481481482 0.5192708333333333 0.3712962962962963 0.50625 0.34629629629629627 0.5041666666666667 0.3416666666666667 0.5036458333333333 0.33055555555555555 0.5 0.32222222222222224 0.4984375 0.30925925925925923 0.5 0.29074074074074074 0.50625 0.27314814814814814 0.5114583333333333 0.26481481481481484 0.5208333333333334 0.25925925925925924 0.5260416666666666 0.25092592592592594 0.5291666666666667 0.25092592592592594 0.5328125 0.24166666666666667 0.5427083333333333 0.23425925925925925 0.5442708333333334 0.22777777777777777 0.5552083333333333 0.21203703703703702 0.5567708333333333 0.2074074074074074 0.5552083333333333 0.19722222222222222 0.5578125 0.18518518518518517 0.5583333333333333 0.16944444444444445 0.5625 0.15462962962962962 0.5682291666666667 0.14444444444444443 0.578125 0.1361111111111111 0.58125 0.12129629629629629 0.5859375 0.125 0.5890625 0.13518518518518519 0.5984375 0.1527777777777778 0.596875 0.1574074074074074 0.5994791666666667 0.1638888888888889 0.6005208333333333 0.175 0.6046875 0.1824074074074074 0.6052083333333333 0.19166666666666668 0.6083333333333333 0.20277777777777778 0.6104166666666667 0.20277777777777778 0.6171875 0.21666666666666667 0.621875 0.21944444444444444 0.6296875 0.23055555555555557 0.65 0.24351851851851852 0.659375 0.24444444444444444 0.6640625 0.25 0.6677083333333333 0.24814814814814815 0.6744791666666666 0.25092592592592594 0.6786458333333333 0.2601851851851852 0.68125 0.2564814814814815 0.6885416666666667 0.25925925925925924 0.6916666666666667 0.25555555555555554 0.7046875 0.2601851851851852 0.70625 0.2712962962962963 0.7130208333333333 0.2712962962962963 0.7109375 0.26481481481481484 0.7192708333333333 0.25925925925925924 0.734375 0.2574074074074074 0.7380208333333333 0.2601851851851852 0.75 0.2601851851851852 0.7557291666666667 0.25555555555555554 0.7651041666666667 0.2574074074074074 0.7666666666666667 0.25462962962962965 0.7645833333333333 0.25092592592592594 0.7697916666666667 0.24351851851851852 0.7791666666666667 0.23703703703703705 0.7895833333333333 0.21851851851851853 0.7932291666666667 0.21851851851851853 0.7979166666666667 0.2101851851851852 0.80625 0.20462962962962963 0.8088541666666667 0.1962962962962963 0.8088541666666667 0.1824074074074074 0.8145833333333333 0.17777777777777778 0.8140625 0.17407407407407408 0.8104166666666667 0.17037037037037037 0.8098958333333334 0.16574074074074074 0.8130208333333333 0.16203703703703703 0.8203125 0.16203703703703703 0.821875 0.11851851851851852 0.8192708333333333 0.09722222222222222 0.8234375 0.05555555555555555 0.8197916666666667 0.04814814814814815 0.8098958333333334 0.041666666666666664 0.775 0.03425925925925926 0.76875 0.018518518518518517 0.7645833333333333 0.013888888888888888 0.7645833333333333 0.007407407407407408 0.7619791666666667 0.002777777777777778 0.7567708333333333 0.002777777777777778 0.7557291666666667 0 0.7380208333333333 0 0.7354166666666667 0.002777777777777778 0.7041666666666667 0 0.6958333333333333 0.004629629629629629 0.6848958333333334 0.002777777777777778 0.6822916666666666 0 0.6307291666666667 0 0.628125 0.002777777777777778 0.6229166666666667 0 0.6192708333333333 0.002777777777777778 0.6109375 0.002777777777777778 0.6083333333333333 0 0.5755208333333334 0 0.5734375 0.002777777777777778 0.5635416666666667 0.002777777777777778 0.5609375 0 0.5375 0 0.5359375 0.002777777777777778 0.5291666666666667 0.002777777777777778 0.5265625 0 0.5239583333333333 0.002777777777777778 0.5098958333333333 0 0.434375 0 0.4317708333333333 0.002777777777777778 0.4083333333333333 0.002777777777777778 0.40625 0 0.35052083333333334 0 0.3458333333333333 0.002777777777777778 0.3421875 0.010185185185185186 0.33645833333333336 0.016666666666666666 0.3338541666666667 0.016666666666666666 0.32864583333333336 0.025925925925925925 0.3255208333333333 0.027777777777777776
4 0.6265625 0.5935185185185186 0.6229166666666667 0.612037037037037 0.6239583333333333 0.6212962962962963 0.6177083333333333 0.6231481481481481 0.6255208333333333 0.6324074074074074 0.625 0.6435185185185185 0.6291666666666667 0.649074074074074 0.6296875 0.6527777777777778 0.628125 0.6555555555555556 0.6244791666666667 0.6564814814814814 0.625 0.662962962962963 0.63125 0.6712962962962963 0.6286458333333333 0.6768518518518518 0.628125 0.6851851851851852 0.6317708333333333 0.6962962962962963 0.6401041666666667 0.7092592592592593 0.6442708333333333 0.7027777777777777 0.6484375 0.7027777777777777 0.6520833333333333 0.6981481481481482 0.6489583333333333 0.6944444444444444 0.6505208333333333 0.6916666666666667 0.6541666666666667 0.6916666666666667 0.6557291666666667 0.6833333333333333 0.6609375 0.6796296296296296 0.6567708333333333 0.674074074074074 0.65625 0.6638888888888889 0.6625 0.6592592592592592 0.6619791666666667 0.6518518518518519 0.6640625 0.6444444444444445 0.66875 0.6416666666666667 0.671875 0.6351851851851852 0.6755208333333333 0.6388888888888888 0.6796875 0.6305555555555555 0.6817708333333333 0.612037037037037 0.6854166666666667 0.6074074074074074 0.6885416666666667 0.6074074074074074 0.6875 0.5972222222222222 0.6973958333333333 0.5777777777777777 0.6953125 0.5694444444444444 0.6984375 0.5638888888888889 0.6984375 0.5601851851851852 0.6953125 0.5509259259259259 0.6864583333333333 0.5462962962962963 0.6817708333333333 0.5351851851851852 0.675 0.5444444444444444 0.6739583333333333 0.5509259259259259 0.6708333333333333 0.5527777777777778 0.6552083333333333 0.575925925925926 0.640625 0.5842592592592593 0.6322916666666667 0.5824074074074074 0.6265625 0.5935185185185186
4 0.6520833333333333 0.33611111111111114 0.6494791666666667 0.3490740740740741 0.6526041666666667 0.3638888888888889 0.6557291666666667 0.36944444444444446 0.6578125 0.3824074074074074 0.6661458333333333 0.4046296296296296 0.665625 0.4074074074074074 0.66875 0.4111111111111111 0.6770833333333334 0.4351851851851852 0.6854166666666667 0.45092592592592595 0.6953125 0.48703703703703705 0.6963541666666667 0.4861111111111111 0.6989583333333333 0.4740740740740741 0.7020833333333333 0.46944444444444444 0.6994791666666667 0.46296296296296297 0.7041666666666667 0.45555555555555555 0.7057291666666666 0.44537037037037036 0.7098958333333333 0.44351851851851853 0.7114583333333333 0.4388888888888889 0.7119791666666667 0.41388888888888886 0.7171875 0.4046296296296296 0.71875 0.39444444444444443 0.7234375 0.3888888888888889 0.7260416666666667 0.37222222222222223 0.7286458333333333 0.3685185185185185 0.7255208333333333 0.3592592592592593 0.728125 0.35555555555555557 0.7260416666666667 0.3527777777777778 0.7260416666666667 0.3425925925925926 0.7302083333333333 0.33425925925925926 0.725 0.32407407407407407 0.7197916666666667 0.32314814814814813 0.7166666666666667 0.3194444444444444 0.6864583333333333 0.3138888888888889 0.6765625 0.31851851851851853 0.665625 0.3194444444444444 0.6541666666666667 0.33055555555555555 0.6520833333333333 0.33611111111111114
4 0.6645833333333333 0.2777777777777778 0.6635416666666667 0.27870370370370373 0.6645833333333333 0.2777777777777778
4 0.6130208333333333 0.9046296296296297 0.6125 0.9138888888888889 0.6151041666666667 0.9351851851851852 0.6140625 0.9435185185185185 0.6192708333333333 0.9592592592592593 0.6166666666666667 0.9694444444444444 0.6182291666666667 0.975 0.6177083333333333 0.9842592592592593 0.6197916666666666 0.987037037037037 0.6192708333333333 0.9935185185185185 0.6494791666666667 0.9981481481481481 0.6666666666666666 0.9944444444444445 0.7104166666666667 0.9944444444444445 0.71875 0.9981481481481481 0.75 0.9981481481481481 0.7578125 0.9944444444444445 0.76875 0.9981481481481481 0.7895833333333333 0.9981481481481481 0.8005208333333333 0.9944444444444445 0.8072916666666666 0.9944444444444445 0.8125 0.9981481481481481 0.8619791666666666 0.9981481481481481 0.9005208333333333 0.9935185185185185 0.9302083333333333 0.9981481481481481 0.9453125 0.9935185185185185 0.9604166666666667 0.9935185185185185 0.9671875 0.9981481481481481 0.9869791666666666 0.9981481481481481 0.9932291666666667 0.9962962962962963 0.9958333333333333 0.9935185185185185 0.996875 0.9879629629629629 0.9994791666666667 0.987037037037037 0.9994791666666667 0.9638888888888889 0.9979166666666667 0.9629629629629629 0.9994791666666667 0.962037037037037 0.9994791666666667 0.950925925925926 0.9942708333333333 0.9444444444444444 0.9953125 0.9287037037037037 0.9994791666666667 0.9259259259259259 0.9994791666666667 0.8638888888888889 0.9958333333333333 0.8611111111111112 0.9994791666666667 0.8555555555555555 0.9994791666666667 0.7981481481481482 0.9958333333333333 0.7962962962962963 0.9932291666666667 0.7888888888888889 0.9942708333333333 0.7722222222222223 0.9979166666666667 0.7638888888888888 0.9994791666666667 0.7638888888888888 0.9994791666666667 0.725 0.9963541666666667 0.7231481481481481 0.9994791666666667 0.7185185185185186 0.9994791666666667 0.675 0.9963541666666667 0.6731481481481482 0.9942708333333333 0.6638888888888889 0.9958333333333333 0.6518518518518519 0.9994791666666667 0.6481481481481481 0.9994791666666667 0.6138888888888889 0.9963541666666667 0.6101851851851852 0.996875 0.6064814814814815 0.9994791666666667 0.6055555555555555 0.9994791666666667 0.5212962962962963 0.996875 0.5203703703703704 0.9947916666666666 0.512962962962963 0.9963541666666667 0.5018518518518519 0.9994791666666667 0.4981481481481482 0.9994791666666667 0.462037037037037 0.9958333333333333 0.4564814814814815 0.9973958333333334 0.44722222222222224 0.9994791666666667 0.4462962962962963 0.9994791666666667 0.4388888888888889 0.9973958333333334 0.43703703703703706 0.9973958333333334 0.43333333333333335 0.9994791666666667 0.4324074074074074 0.9994791666666667 0.3388888888888889 0.9963541666666667 0.3351851851851852 0.99375 0.31666666666666665 0.9755208333333333 0.2796296296296296 0.9671875 0.25925925925925924 0.9666666666666667 0.25277777777777777 0.9625 0.25 0.9609375 0.23703703703703705 0.9505208333333334 0.21944444444444444 0.9416666666666667 0.1935185185185185 0.9302083333333333 0.1824074074074074 0.921875 0.1824074074074074 0.9098958333333333 0.19814814814814816 0.9072916666666667 0.19814814814814816 0.9041666666666667 0.20555555555555555 0.9010416666666666 0.20555555555555555 0.8901041666666667 0.22314814814814815 0.8807291666666667 0.22777777777777777 0.8447916666666667 0.22407407407407406 0.8421875 0.23055555555555557 0.8328125 0.2351851851851852 0.8291666666666667 0.24444444444444444 0.8239583333333333 0.2490740740740741 0.8234375 0.25462962962962965 0.8208333333333333 0.2574074074074074 0.8192708333333333 0.2638888888888889 0.815625 0.28425925925925927 0.8104166666666667 0.2916666666666667 0.8052083333333333 0.31203703703703706 0.7973958333333333 0.32314814814814813 0.7932291666666667 0.3351851851851852 0.7890625 0.33425925925925926 0.7880208333333333 0.3416666666666667 0.7822916666666667 0.34814814814814815 0.78125 0.35462962962962963 0.7744791666666667 0.36203703703703705 0.7729166666666667 0.375 0.7625 0.3888888888888889 0.7604166666666666 0.4046296296296296 0.7552083333333334 0.41203703703703703 0.7520833333333333 0.42314814814814816 0.7458333333333333 0.4305555555555556 0.7442708333333333 0.4462962962962963 0.7401041666666667 0.4527777777777778 0.7395833333333334 0.462037037037037 0.7328125 0.4824074074074074 0.7333333333333333 0.4981481481481482 0.7427083333333333 0.5120370370370371 0.7453125 0.5342592592592592 0.7380208333333333 0.5509259259259259 0.7375 0.5601851851851852 0.7328125 0.5703703703703704 0.7333333333333333 0.5740740740740741 0.7270833333333333 0.5916666666666667 0.7239583333333334 0.6101851851851852 0.7119791666666667 0.6324074074074074 0.7067708333333333 0.6472222222222223 0.7046875 0.6601851851851852 0.7015625 0.6648148148148149 0.6979166666666666 0.6842592592592592 0.6932291666666667 0.6907407407407408 0.6770833333333334 0.7361111111111112 0.671875 0.7712962962962963 0.6661458333333333 0.7935185185185185 0.6526041666666667 0.8138888888888889 0.6489583333333333 0.8277777777777777 0.6458333333333334 0.8314814814814815 0.6416666666666667 0.850925925925926 0.6359375 0.862037037037037 0.6364583333333333 0.8685185185185185 0.6333333333333333 0.8731481481481481 0.6307291666666667 0.8851851851851852 0.6130208333333333 0.9046296296296297
4 0.20520833333333333 0.9259259259259259 0.20520833333333333 0.9638888888888889 0.20260416666666667 0.9805555555555555 0.20520833333333333 0.9935185185185185 0.2109375 0.9981481481481481 0.2630208333333333 0.9981481481481481 0.2760416666666667 0.9944444444444445 0.3489583333333333 0.9944444444444445 0.3729166666666667 0.9981481481481481 0.3953125 0.9944444444444445 0.44947916666666665 0.9981481481481481 0.46770833333333334 0.9962962962962963 0.4713541666666667 0.9935185185185185 0.4822916666666667 0.9981481481481481 0.50625 0.9981481481481481 0.5453125 0.9944444444444445 0.5625 0.9962962962962963 0.5729166666666666 0.9935185185185185 0.5822916666666667 0.9962962962962963 0.5895833333333333 0.9935185185185185 0.5869791666666667 0.9898148148148148 0.5854166666666667 0.975925925925926 0.5739583333333333 0.9777777777777777 0.5723958333333333 0.9694444444444444 0.5854166666666667 0.9666666666666667 0.5869791666666667 0.9564814814814815 0.5921875 0.9527777777777777 0.5942708333333333 0.9462962962962963 0.5994791666666667 0.9462962962962963 0.6010416666666667 0.9351851851851852 0.6057291666666667 0.9305555555555556 0.6046875 0.9185185185185185 0.60625 0.9138888888888889 0.6041666666666666 0.9027777777777778 0.6 0.8953703703703704 0.5989583333333334 0.8851851851851852 0.5958333333333333 0.8824074074074074 0.5942708333333333 0.875 0.59375 0.8379629629629629 0.5994791666666667 0.8166666666666667 0.6015625 0.7962962962962963 0.6057291666666667 0.7888888888888889 0.6057291666666667 0.7814814814814814 0.6119791666666666 0.7638888888888888 0.6135416666666667 0.75 0.6125 0.7268518518518519 0.6140625 0.7194444444444444 0.6057291666666667 0.6861111111111111 0.6067708333333334 0.6777777777777778 0.6036458333333333 0.6675925925925926 0.6046875 0.6638888888888889 0.6015625 0.6611111111111111 0.6052083333333333 0.6509259259259259 0.60625 0.6296296296296297 0.6083333333333333 0.6259259259259259 0.60625 0.6175925925925926 0.60625 0.6074074074074074 0.6015625 0.6018518518518519 0.6015625 0.5981481481481481 0.6057291666666667 0.5916666666666667 0.6057291666666667 0.5805555555555556 0.6010416666666667 0.5731481481481482 0.6057291666666667 0.5712962962962963 0.60625 0.5685185185185185 0.6052083333333333 0.5638888888888889 0.6020833333333333 0.5638888888888889 0.59375 0.5546296296296296 0.5927083333333333 0.537962962962963 0.59375 0.5185185185185185 0.5958333333333333 0.5166666666666667 0.5989583333333334 0.5194444444444445 0.6 0.5101851851851852 0.5947916666666667 0.5101851851851852 0.5927083333333333 0.49444444444444446 0.5875 0.49166666666666664 0.5854166666666667 0.48518518518518516 0.5807291666666666 0.48518518518518516 0.5786458333333333 0.48055555555555557 0.5677083333333334 0.47962962962962963 0.5640625 0.4740740740740741 0.55625 0.4527777777777778 0.55 0.44166666666666665 0.5489583333333333 0.4351851851851852 0.5453125 0.4305555555555556 0.5432291666666667 0.4148148148148148 0.5375 0.4064814814814815 0.5359375 0.3990740740740741 0.5260416666666666 0.387037037037037 0.5098958333333333 0.3527777777777778 0.5072916666666667 0.3509259259259259 0.5036458333333333 0.3416666666666667 0.503125 0.33240740740740743 0.4979166666666667 0.30925925925925923 0.5 0.28888888888888886 0.5052083333333334 0.2740740740740741 0.5114583333333333 0.26481481481481484 0.5177083333333333 0.2601851851851852 0.5192708333333333 0.25277777777777777 0.5223958333333333 0.25277777777777777 0.525 0.2462962962962963 0.5302083333333333 0.24537037037037038 0.5333333333333333 0.23703703703703705 0.5380208333333333 0.23425925925925925 0.5385416666666667 0.22870370370370371 0.5447916666666667 0.21851851851851853 0.5479166666666667 0.21851851851851853 0.5557291666666667 0.20925925925925926 0.5552083333333333 0.20277777777777778 0.5520833333333334 0.2 0.5520833333333334 0.19166666666666668 0.55625 0.18703703703703703 0.5552083333333333 0.18055555555555555 0.5567708333333333 0.17777777777777778 0.5572916666666666 0.1638888888888889 0.5598958333333334 0.1574074074074074 0.5598958333333334 0.15185185185185185 0.5645833333333333 0.14166666666666666 0.5723958333333333 0.13703703703703704 0.5734375 0.12962962962962962 0.5770833333333333 0.1259259259259259 0.5802083333333333 0.11481481481481481 0.5817708333333333 0.11481481481481481 0.5885416666666666 0.12962962962962962 0.5890625 0.1388888888888889 0.59375 0.14351851851851852 0.5947916666666667 0.1574074074074074 0.5984375 0.1638888888888889 0.5984375 0.1712962962962963 0.6010416666666667 0.18055555555555555 0.6046875 0.18518518518518517 0.6046875 0.1925925925925926 0.6078125 0.20185185185185187 0.6182291666666667 0.2212962962962963 0.6286458333333333 0.23055555555555557 0.6411458333333333 0.2351851851851852 0.65 0.24351851851851852 0.65625 0.24351851851851852 0.6630208333333333 0.24814814814814815 0.68125 0.24814814814814815 0.6880208333333333 0.25462962962962965 0.6921875 0.25092592592592594 0.7005208333333334 0.25092592592592594 0.7041666666666667 0.25277777777777777 0.7057291666666666 0.2574074074074074 0.71875 0.2574074074074074 0.725 0.25277777777777777 0.7322916666666667 0.25277777777777777 0.7411458333333333 0.25555555555555554 0.7432291666666667 0.25925925925925924 0.7510416666666667 0.25925925925925924 0.7552083333333334 0.25277777777777777 0.7645833333333333 0.25462962962962965 0.7619791666666667 0.2518518518518518 0.7630208333333334 0.2462962962962963 0.7666666666666667 0.2462962962962963 0.7791666666666667 0.23703703703703705 0.7890625 0.21851851851851853 0.7947916666666667 0.21666666666666667 0.7947916666666667 0.21388888888888888 0.8 0.20925925925925926 0.8026041666666667 0.20277777777777778 0.80625 0.20277777777777778 0.8088541666666667 0.19444444444444445 0.8072916666666666 0.18611111111111112 0.8083333333333333 0.18055555555555555 0.81875 0.18055555555555555 0.8161458333333333 0.17777777777777778 0.8145833333333333 0.1638888888888889 0.8177083333333334 0.1685185185185185 0.8208333333333333 0.1685185185185185 0.8223958333333333 0.16018518518518518 0.8223958333333333 0.12685185185185185 0.8239583333333333 0.11851851851851852 0.8208333333333333 0.10185185185185185 0.8234375 0.05740740740740741 0.821875 0.05277777777777778 0.8177083333333334 0.046296296296296294 0.8140625 0.046296296296296294 0.8041666666666667 0.03888888888888889 0.775 0.03518518518518519 0.7692708333333333 0.025 0.7661458333333333 0.006481481481481481 0.7630208333333334 0.002777777777777778 0.7536458333333333 0.002777777777777778 0.7510416666666667 0 0.7177083333333333 0 0.7130208333333333 0.002777777777777778 0.6317708333333333 0 0.6296875 0.002777777777777778 0.6229166666666667 0.000925925925925926 0.6161458333333333 0.004629629629629629 0.6041666666666666 0.004629629629629629 0.596875 0 0.5770833333333333 0 0.5744791666666667 0.002777777777777778 0.5432291666666667 0.000925925925925926 0.5375 0.003703703703703704 0.5375 0.013888888888888888 0.534375 0.018518518518518517 0.5255208333333333 0.016666666666666666 0.5208333333333334 0.002777777777777778 0.5109375 0.002777777777777778 0.5067708333333333 0 0.4359375 0 0.43333333333333335 0.002777777777777778 0.35572916666666665 0 0.3453125 0.005555555555555556 0.33958333333333335 0.01574074074074074 0.33177083333333335 0.021296296296296296 0.31354166666666666 0.05277777777777778 0.29375 0.09351851851851851 0.28802083333333334 0.11018518518518519 0.2786458333333333 0.15 0.2755208333333333 0.15648148148148147 0.27395833333333336 0.1712962962962963 0.2713541666666667 0.17592592592592593 0.26979166666666665 0.18703703703703703 0.2713541666666667 0.21203703703703702 0.26875 0.22314814814814815 0.2625 0.2361111111111111 0.25833333333333336 0.2601851851851852 0.2552083333333333 0.287962962962963 0.2552083333333333 0.3074074074074074 0.2515625 0.3194444444444444 0.2515625 0.33425925925925926 0.24583333333333332 0.36018518518518516 0.2453125 0.39351851851851855 0.24270833333333333 0.4101851851851852 0.24427083333333333 0.44814814814814813 0.240625 0.5231481481481481 0.2421875 0.5574074074074075 0.24114583333333334 0.5842592592592593 0.23854166666666668 0.5962962962962963 0.23697916666666666 0.6231481481481481 0.23333333333333334 0.6388888888888888 0.23177083333333334 0.6666666666666666 0.2265625 0.6814814814814815 0.2265625 0.6916666666666667 0.22447916666666667 0.6981481481481482 0.225 0.7194444444444444 0.22239583333333332 0.7351851851851852 0.22291666666666668 0.7462962962962963 0.2203125 0.7555555555555555 0.2203125 0.7824074074074074 0.21458333333333332 0.8305555555555556 0.2125 0.8759259259259259 0.20520833333333333 0.9259259259259259
3 0.7997395833333333 0.9902777777777778 0.0005208333333333333 0.002777777777777778
3 0.7994791666666666 0.9805555555555555 0.8 0.9851851851851852 0.7994791666666666 0.9805555555555555
3 0.9625 0.9638888888888889 0.9619791666666667 0.9685185185185186 0.96796875 0.9666666666666667 0.9682291666666667 0.9638888888888889 0.9708333333333333 0.9666666666666667 0.9677083333333333 0.962037037037037 0.9625 0.9638888888888889
3 0.9872395833333333 0.8097222222222222 0.0005208333333333333 0.000925925925925926
3 0.9872395833333333 0.8041666666666667 0.0005208333333333333 0.002777777777777778
3 0.6286458333333333 0.6157407407407407 0.6296875 0.6407407407407407 0.6359375 0.6527777777777778 0.6333333333333333 0.6574074074074074 0.6348958333333333 0.6611111111111111 0.6322916666666667 0.662962962962963 0.6364583333333333 0.6675925925925926 0.6333333333333333 0.6851851851851852 0.6364583333333333 0.6981481481481482 0.6380208333333334 0.700925925925926 0.6416666666666667 0.700925925925926 0.6432291666666666 0.6981481481481482 0.6411458333333333 0.6944444444444444 0.6432291666666666 0.6898148148148148 0.6489583333333333 0.6888888888888889 0.65 0.6824074074074075 0.6546875 0.6796296296296296 0.6536458333333334 0.6712962962962963 0.6505208333333333 0.6666666666666666 0.6578125 0.6574074074074074 0.6572916666666667 0.6527777777777778 0.6614583333333334 0.6462962962962963 0.6640625 0.6370370370370371 0.6682291666666667 0.6370370370370371 0.6708333333333333 0.6305555555555555 0.6734375 0.6296296296296297 0.6708333333333333 0.625 0.6734375 0.6185185185185185 0.6703125 0.6148148148148148 0.6796875 0.6055555555555555 0.6859375 0.6055555555555555 0.6848958333333334 0.600925925925926 0.6770833333333334 0.6 0.6755208333333333 0.5953703703703703 0.678125 0.5888888888888889 0.6817708333333333 0.5888888888888889 0.6838541666666667 0.5842592592592593 0.6822916666666666 0.5768518518518518 0.6838541666666667 0.5638888888888889 0.6802083333333333 0.5601851851851852 0.6697916666666667 0.5601851851851852 0.6583333333333333 0.5777777777777777 0.6463541666666667 0.5824074074074074 0.6421875 0.587037037037037 0.6364583333333333 0.587037037037037 0.634375 0.5935185185185186 0.6317708333333333 0.5944444444444444 0.634375 0.5981481481481481 0.6302083333333334 0.600925925925926 0.6286458333333333 0.6157407407407407
3 0.7098958333333333 0.4212962962962963 0.7078125 0.4212962962962963 0.7098958333333333 0.4212962962962963
3 0.6546875 0.34074074074074073 0.6526041666666667 0.34814814814814815 0.6541666666666667 0.36018518518518516 0.6598958333333333 0.375 0.6640625 0.4 0.6869791666666667 0.44907407407407407 0.6885416666666667 0.4601851851851852 0.6921875 0.4638888888888889 0.6953125 0.4759259259259259 0.6989583333333333 0.44722222222222224 0.7026041666666667 0.44351851851851853 0.7026041666666667 0.4398148148148148 0.6994791666666667 0.43425925925925923 0.7010416666666667 0.4324074074074074 0.6979166666666666 0.42777777777777776 0.7052083333333333 0.42314814814814816 0.7036458333333333 0.4064814814814815 0.70625 0.4009259259259259 0.7104166666666667 0.4 0.7119791666666667 0.3962962962962963 0.7119791666666667 0.3712962962962963 0.7140625 0.3685185185185185 0.7145833333333333 0.36018518518518516 0.7177083333333333 0.3574074074074074 0.7234375 0.3685185185185185 0.725 0.3638888888888889 0.725 0.34444444444444444 0.7229166666666667 0.34074074074074073 0.7239583333333334 0.337037037037037 0.7223958333333333 0.33055555555555555 0.7125 0.3296296296296296 0.7104166666666667 0.32592592592592595 0.7078125 0.32592592592592595 0.6921875 0.33240740740740743 0.6880208333333333 0.33055555555555555 0.6859375 0.33425925925925926 0.6833333333333333 0.33425925925925926 0.6744791666666666 0.32314814814814813 0.6723958333333333 0.3277777777777778 0.6604166666666667 0.33055555555555555 0.6604166666666667 0.33425925925925926 0.6546875 0.34074074074074073
3 0.6229166666666667 0.9046296296296297 0.6223958333333334 0.9120370370370371 0.6208333333333333 0.9138888888888889 0.6229166666666667 0.9324074074074075 0.6213541666666667 0.9416666666666667 0.625 0.9546296296296296 0.628125 0.9592592592592593 0.6265625 0.962037037037037 0.6270833333333333 0.9666666666666667 0.6317708333333333 0.9712962962962963 0.6317708333333333 0.9842592592592593 0.634375 0.9851851851851852 0.6380208333333334 0.9944444444444445 0.6473958333333333 0.9935185185185185 0.6515625 0.9962962962962963 0.6661458333333333 0.9935185185185185 0.6682291666666667 0.9888888888888889 0.6713541666666667 0.9888888888888889 0.6703125 0.9935185185185185 0.6736979166666667 0.9935185185185185 0.675 0.9907407407407407 0.6776041666666667 0.9944444444444445 0.690625 0.9935185185185185 0.6958333333333333 0.987037037037037 0.7026041666666667 0.9842592592592593 0.70625 0.9712962962962963 0.7114583333333333 0.9648148148148148 0.71875 0.9675925925925926 0.7192708333333333 0.9805555555555555 0.7161458333333334 0.9851851851851852 0.7197916666666667 0.9935185185185185 0.7234375 0.9944444444444445 0.7427083333333333 0.9962962962962963 0.7510416666666667 0.9898148148148148 0.7517359375 0.9935185185185185 0.7546875 0.9935185185185185 0.7546875 0.987037037037037 0.759375 0.9888888888888889 0.7614583333333333 0.9842592592592593 0.7635416666666667 0.9888888888888889 0.7619791666666667 0.9935185185185185 0.7918401041666667 0.9935185185185185 0.7932291666666667 0.9898148148148148 0.7946182291666666 0.9935185185185185 0.7973958333333333 0.9935185185185185 0.7932291666666667 0.987037037037037 0.7953125 0.9805555555555555 0.79375 0.975925925925926 0.7953125 0.9731481481481481 0.8010416666666667 0.9731481481481481 0.8026041666666667 0.9666666666666667 0.8052083333333333 0.9712962962962963 0.8145833333333333 0.9731481481481481 0.8135416666666667 0.9805555555555555 0.8125 0.9777777777777777 0.8083333333333333 0.9805555555555555 0.8109375 0.9888888888888889 0.8098958333333334 0.9935185185185185 0.815625 0.9935185185185185 0.815625 0.9888888888888889 0.81875 0.987037037037037 0.8255208333333334 0.987037037037037 0.8286458333333333 0.9888888888888889 0.8291666666666667 0.9935185185185185 0.83515625 0.9935185185185185 0.8375 0.9888888888888889 0.8380208333333333 0.9824074074074074 0.8401041666666667 0.9888888888888889 0.8381510416666667 0.9935185185185185 0.8411458333333334 0.9935185185185185 0.8442708333333333 0.9861111111111112 0.8505208333333333 0.9935185185185185 0.853125 0.9898148148148148 0.85390625 0.9935185185185185 0.8578125 0.9944444444444445 0.87578125 0.9935185185185185 0.8765625 0.9898148148148148 0.8786458333333333 0.9935185185185185 0.8770833333333333 0.9888888888888889 0.8770833333333333 0.9833333333333333 0.8796875 0.9805555555555555 0.878125 0.975925925925926 0.8864583333333333 0.9592592592592593 0.8916666666666667 0.962037037037037 0.89375 0.9666666666666667 0.9 0.9638888888888889 0.9041666666666667 0.9694444444444444 0.9145833333333333 0.9666666666666667 0.9223958333333333 0.9731481481481481 0.9369791666666667 0.975925925925926 0.9442708333333333 0.9805555555555555 0.95 0.9805555555555555 0.9510416666666667 0.9768518518518519 0.9536458333333333 0.9768518518518519 0.9546875 0.9805555555555555 0.96875 0.9935185185185185 0.9692708333333333 0.9898148148148148 0.971484375 0.9935185185185185 0.97421875 0.9935185185185185 0.9755208333333333 0.9898148148148148 0.976953125 0.9935185185185185 0.9796875 0.9935185185185185 0.9755208333333333 0.9861111111111112 0.9760416666666667 0.9824074074074074 0.9786458333333333 0.9814814814814815 0.9786458333333333 0.9842592592592593 0.9807291666666667 0.9842592592592593 0.98125 0.9805555555555555 0.9848958333333333 0.9805555555555555 0.98125 0.975925925925926 0.984375 0.9712962962962963 0.9875 0.9712962962962963 0.9875 0.962037037037037 0.9828125 0.962037037037037 0.9802083333333333 0.9527777777777777 0.978125 0.9564814814814815 0.9734375 0.95 0.975 0.9416666666666667 0.9786458333333333 0.9388888888888889 0.9755208333333333 0.937037037037037 0.9744791666666667 0.9305555555555556 0.9760416666666667 0.9231481481481482 0.9796875 0.9277777777777778 0.9854166666666667 0.925 0.9802083333333333 0.9212962962962963 0.9791666666666666 0.9101851851851852 0.9875 0.9101851851851852 0.9869791666666666 0.9046296296296297 0.9895833333333334 0.8962962962962963 0.9875 0.8935185185185185 0.9885416666666667 0.8851851851851852 0.9869791666666666 0.8777777777777778 0.9796875 0.8768518518518519 0.9807291666666667 0.8601851851851852 0.984375 0.8546296296296296 0.9875 0.8546296296296296 0.9875 0.8361111111111111 0.9901041666666667 0.8296296296296296 0.9932291666666667 0.8277777777777777 0.9901041666666667 0.8231481481481482 0.9927083333333333 0.8212962962962963 0.99375 0.8166666666666667 0.9911458333333333 0.8138888888888889 0.9786458333333333 0.8148148148148148 0.9776041666666667 0.8055555555555556 0.9817708333333334 0.8027777777777778 0.9828125 0.7981481481481482 0.9807291666666667 0.7962962962962963 0.9854166666666667 0.7935185185185185 0.9854166666666667 0.7833333333333333 0.9875 0.7805555555555556 0.9880208333333333 0.7712962962962963 0.9869791666666666 0.7666666666666667 0.984375 0.7657407407407407 0.9846354166666667 0.7601851851851852 0.9901041666666667 0.7574074074074074 0.9885416666666667 0.7546296296296297 0.9875 0.7407407407407407 0.9890625 0.7342592592592593 0.9875 0.7194444444444444 0.9901041666666667 0.7166666666666667 0.9885416666666667 0.7129629629629629 0.9901041666666667 0.7027777777777777 0.9875 0.6861111111111111 0.9890625 0.6777777777777778 0.9875 0.6694444444444444 0.9833333333333333 0.6685185185185185 0.9817708333333334 0.662962962962963 0.9833333333333333 0.6555555555555556 0.9875 0.6574074074074074 0.9911458333333333 0.6481481481481481 0.99375 0.6481481481481481 0.9958333333333333 0.6435185185185185 0.9921875 0.6388888888888888 0.9916666666666667 0.6324074074074074 0.9895833333333334 0.6296296296296297 0.9932291666666667 0.6259259259259259 0.9901041666666667 0.6231481481481481 0.9921875 0.6185185185185185 0.9833333333333333 0.6138888888888889 0.9822916666666667 0.6074074074074074 0.9880208333333333 0.6046296296296296 0.9895833333333334 0.5916666666666667 0.9885416666666667 0.587037037037037 0.9932291666666667 0.5842592592592593 0.9921875 0.575925925925926 0.9901041666666667 0.575925925925926 0.9895833333333334 0.5722222222222222 0.9958333333333333 0.5638888888888889 0.9932291666666667 0.5564814814814815 0.9932291666666667 0.5324074074074074 0.9890625 0.5277777777777778 0.9880208333333333 0.5111111111111111 0.9901041666666667 0.5027777777777778 0.9895833333333334 0.49722222222222223 0.9947916666666666 0.4935185185185185 0.9921875 0.4824074074074074 0.9942708333333333 0.4666666666666667 0.9942708333333333 0.4601851851851852 0.9921875 0.4564814814814815 0.99375 0.4527777777777778 0.9921875 0.4425925925925926 0.9942708333333333 0.4324074074074074 0.9932291666666667 0.42685185185185187 0.9973958333333334 0.425 0.9927083333333333 0.41203703703703703 0.9947916666666666 0.4046296296296296 0.99375 0.3990740740740741 0.9994791666666667 0.39814814814814814 0.9994791666666667 0.39351851851851855 0.9958333333333333 0.39166666666666666 0.9947916666666666 0.3888888888888889 0.9973958333333334 0.387037037037037 0.9963541666666667 0.3851851851851852 0.9953125 0.38796296296296295 0.9932291666666667 0.3824074074074074 0.9973958333333334 0.37777777777777777 0.9958333333333333 0.3712962962962963 0.9979166666666667 0.3685185185185185 0.9953125 0.36574074074074076 0.9973958333333334 0.3592592592592593 0.9932291666666667 0.35648148148148145 0.9953125 0.34814814814814815 0.9916666666666667 0.33796296296296297 0.9932291666666667 0.3296296296296296 0.9911458333333333 0.3194444444444444 0.975 0.28703703703703703 0.9739583333333334 0.28055555555555556 0.9661458333333334 0.26851851851851855 0.9666666666666667 0.26481481481481484 0.9619791666666667 0.25925925925925924 0.9614583333333333 0.25277777777777777 0.9567708333333333 0.2462962962962963 0.95625 0.24166666666666667 0.9494791666666667 0.22962962962962963 0.9432291666666667 0.20833333333333334 0.9364583333333333 0.19907407407407407 0.9354166666666667 0.1935185185185185 0.921875 0.19444444444444445 0.9145833333333333 0.20277777777777778 0.903125 0.22314814814814815 0.89375 0.22777777777777777 0.8916666666666667 0.2324074074074074 0.8822916666666667 0.2324074074074074 0.8796875 0.2351851851851852 0.853125 0.2324074074074074 0.84375 0.2351851851851852 0.8401041666666667 0.23981481481481481 0.8385416666666666 0.2462962962962963 0.8333333333333334 0.24814814814814815 0.8234375 0.2638888888888889 0.8223958333333333 0.275 0.8192708333333333 0.2824074074074074 0.8171875 0.2953703703703704 0.8 0.32314814814814813 0.7994791666666666 0.3277777777777778 0.7958333333333333 0.33055555555555555 0.7927083333333333 0.3416666666666667 0.7885416666666667 0.3435185185185185 0.7875 0.3490740740740741 0.7755208333333333 0.3712962962962963 0.7739583333333333 0.3787037037037037 0.7677083333333333 0.387037037037037 0.7583333333333333 0.4185185185185185 0.7505208333333333 0.4324074074074074 0.7489583333333333 0.4444444444444444 0.7447916666666666 0.45555555555555555 0.7453125 0.462037037037037 0.7380208333333333 0.48055555555555557 0.7380208333333333 0.4962962962962963 0.7416666666666667 0.5009259259259259 0.7453125 0.5148148148148148 0.7479166666666667 0.5342592592592592 0.7411458333333333 0.5592592592592592 0.7375 0.5657407407407408 0.7348958333333333 0.5833333333333334 0.721875 0.6231481481481481 0.7145833333333333 0.6351851851851852 0.7005208333333334 0.6842592592592592 0.68125 0.7351851851851852 0.6807291666666667 0.7416666666666667 0.6770833333333334 0.7481481481481481 0.6744791666666666 0.7824074074074074 0.665625 0.8009259259259259 0.65625 0.812962962962963 0.6541666666666667 0.8222222222222222 0.6494791666666667 0.8305555555555556 0.65 0.8351851851851851 0.64375 0.8481481481481481 0.6411458333333333 0.8657407407407407 0.6375 0.8740740740740741 0.6348958333333333 0.8925925925925926 0.625 0.899074074074074 0.6229166666666667 0.9046296296296297
3 0.8067708333333333 0.1712962962962963 0.8052083333333333 0.17314814814814813 0.8067708333333333 0.17407407407407408 0.8067708333333333 0.1712962962962963
3 0.6453125 0.11851851851851852 0.6442708333333333 0.1259259259259259 0.6484375 0.1259259259259259 0.6489583333333333 0.11851851851851852 0.6453125 0.11851851851851852
3 0.6333333333333333 0.11481481481481481 0.6328125 0.12314814814814815 0.6394098958333333 0.12314814814814815 0.6395833333333333 0.11851851851851852 0.6427083333333333 0.12314814814814815 0.6416666666666667 0.11851851851851852 0.6333333333333333 0.11481481481481481
3 0.6614583333333334 0.08055555555555556 0.6609375 0.08888888888888889 0.6630208333333333 0.08518518518518518 0.6614583333333334 0.08055555555555556
3 0.63984375 0.07916666666666666 0.0005208333333333333 0.002777777777777778
3 0.67421875 0.06759259259259259 0.0015625 0.001851851851851852
3 0.6671875 0.06481481481481481 0.6682291666666667 0.06851851851851852 0.6703125 0.06666666666666667 0.6671875 0.06481481481481481
3 0.73125 0.05277777777777778 0.7291666666666666 0.053703703703703705 0.73125 0.05277777777777778
3 0.6619791666666667 0.05 0.6572916666666667 0.05 0.6609375 0.05277777777777778 0.6619791666666667 0.05
3 0.7140625 0.024074074074074074 0.7135416666666666 0.025925925925925925 0.7161458333333334 0.027777777777777776 0.7177083333333333 0.025925925925925925 0.7166666666666667 0.021296296296296296 0.7140625 0.024074074074074074
3 0.7015625 0.018518518518518517 0.7015625 0.025925925925925925 0.7041666666666667 0.025 0.7041666666666667 0.018518518518518517 0.7015625 0.018518518518518517
3 0.7109375 0.016666666666666666 0.7072916666666667 0.016666666666666666 0.7088541666666667 0.027777777777777776 0.7119791666666667 0.027777777777777776 0.7109375 0.016666666666666666
3 0.6973958333333333 0.016666666666666666 0.69375 0.016666666666666666 0.69375 0.019444444444444445 0.6958333333333333 0.021296296296296296 0.6973958333333333 0.016666666666666666
3 0.6244791666666667 0.013888888888888888 0.6213541666666667 0.013888888888888888 0.6244791666666667 0.013888888888888888
3 0.7510416666666667 0.010185185185185186 0.7505208333333333 0.012037037037037037 0.7510416666666667 0.010185185185185186
3 0.6890625 0.007407407407407408 0.6864583333333333 0.007407407407407408 0.6880208333333333 0.012037037037037037 0.6890625 0.007407407407407408
3 0.7125 0.005555555555555556 0.7119791666666667 0.009259259259259259 0.7088541666666667 0.012037037037037037 0.7166666666666667 0.016666666666666666 0.725 0.009259259259259259 0.7394098958333333 0.007407407407407408 0.7421875 0.010185185185185186 0.7432291666666667 0.006481481481481481 0.7453125 0.010185185185185186 0.746875 0.005555555555555556 0.7489583333333333 0.009259259259259259 0.7479166666666667 0.004629629629629629 0.7361109375 0.007407407407407408 0.7322916666666667 0.005555555555555556 0.7317708333333334 0.009259259259259259 0.7296875 0.009259259259259259 0.7291666666666666 0.005555555555555556 0.728125 0.009259259259259259 0.7223958333333333 0.004629629629629629 0.7223958333333333 0.010185185185185186 0.7203125 0.010185185185185186 0.71875 0.004629629629629629 0.7125 0.005555555555555556
3 0.6223958333333334 0.004629629629629629 0.6192708333333333 0.008333333333333333 0.6208333333333333 0.010185185185185186 0.621875 0.006481481481481481 0.625 0.010185185185185186 0.625 0.005555555555555556 0.6223958333333334 0.004629629629629629
3 0.5328125 0.004629629629629629 0.5291666666666667 0.004629629629629629 0.5354166666666667 0.007407407407407408 0.5328125 0.004629629629629629
3 0.5901041666666667 0.07777777777777778 0.5932291666666667 0.08703703703703704 0.5869791666666667 0.09351851851851851 0.5869791666666667 0.11388888888888889 0.5890625 0.13055555555555556 0.5947916666666667 0.14351851851851852 0.6015625 0.14074074074074075 0.6046875 0.14351851851851852 0.6036458333333333 0.15462962962962962 0.6015625 0.1574074074074074 0.5984375 0.15555555555555556 0.5984375 0.16111111111111112 0.603125 0.17222222222222222 0.6083333333333333 0.2 0.6203125 0.21666666666666667 0.6291666666666667 0.21851851851851853 0.6317708333333333 0.22592592592592592 0.6369791666666667 0.23055555555555557 0.6375 0.23425925925925925 0.6484375 0.2388888888888889 0.659375 0.2388888888888889 0.6645833333333333 0.2462962962962963 0.6822916666666666 0.24814814814814815 0.6854166666666667 0.24444444444444444 0.690625 0.24444444444444444 0.69375 0.25092592592592594 0.70625 0.25092592592592594 0.7098958333333333 0.25462962962962965 0.7427083333333333 0.25277777777777777 0.74375 0.25555555555555554 0.7510416666666667 0.25555555555555554 0.7546875 0.25092592592592594 0.7619791666666667 0.25092592592592594 0.7625 0.2462962962962963 0.7713541666666667 0.24166666666666667 0.7807291666666667 0.23055555555555557 0.7880208333333333 0.21666666666666667 0.7932291666666667 0.21666666666666667 0.7963541666666667 0.20462962962962963 0.8010416666666667 0.20277777777777778 0.8057291666666667 0.1962962962962963 0.80625 0.19166666666666668 0.803125 0.1925925925925926 0.8005208333333333 0.18703703703703703 0.7958333333333333 0.18611111111111112 0.79375 0.18055555555555555 0.7953125 0.17592592592592593 0.7989583333333333 0.17407407407407408 0.7958333333333333 0.1712962962962963 0.7994791666666666 0.16203703703703703 0.8067708333333333 0.15925925925925927 0.8104166666666667 0.14814814814814814 0.8135416666666667 0.14814814814814814 0.8119791666666667 0.14351851851851852 0.8125 0.13796296296296295 0.815625 0.13240740740740742 0.8135416666666667 0.1259259259259259 0.8125 0.13055555555555556 0.8098958333333334 0.12962962962962962 0.8098958333333334 0.11944444444444445 0.8046875 0.1111111111111111 0.8104166666666667 0.10555555555555556 0.8104166666666667 0.09444444444444444 0.8145833333333333 0.09166666666666666 0.8145833333333333 0.08611111111111111 0.8182291666666667 0.07777777777777778 0.8177083333333334 0.07314814814814814 0.8203125 0.06851851851851852 0.8203125 0.05740740740740741 0.8161458333333333 0.05092592592592592 0.8078125 0.046296296296296294 0.8036458333333333 0.04814814814814815 0.8005208333333333 0.044444444444444446 0.7895833333333333 0.041666666666666664 0.7640625 0.03981481481481482 0.7536458333333333 0.046296296296296294 0.7411458333333333 0.04814814814814815 0.7369791666666666 0.05925925925925926 0.71875 0.05925925925925926 0.7109375 0.06666666666666667 0.7020833333333333 0.06388888888888888 0.6994791666666667 0.06851851851851852 0.6927083333333334 0.06851851851851852 0.6880208333333333 0.07314814814814814 0.6828125 0.07314814814814814 0.68125 0.07777777777777778 0.675 0.07592592592592592 0.6729166666666667 0.08055555555555556 0.675 0.08703703703703704 0.6708333333333333 0.09444444444444444 0.671875 0.10092592592592593 0.6630208333333333 0.10277777777777777 0.6546875 0.06388888888888888 0.65625 0.06018518518518518 0.653125 0.05462962962962963 0.6541666666666667 0.05277777777777778 0.6520833333333333 0.05555555555555555 0.6494791666666667 0.05462962962962963 0.6494791666666667 0.04537037037037037 0.6546875 0.046296296296296294 0.6645833333333333 0.027777777777777776 0.675 0.032407407407407406 0.6739583333333333 0.030555555555555555 0.6770833333333334 0.023148148148148147 0.6854166666666667 0.021296296296296296 0.6833333333333333 0.016666666666666666 0.6796875 0.014814814814814815 0.6786458333333333 0.011111111111111112 0.6807291666666667 0.007407407407407408 0.6776041666666667 0.002777777777777778 0.6322916666666667 0.002777777777777778 0.6307291666666667 0.004629629629629629 0.6328125 0.011111111111111112 0.63125 0.013888888888888888 0.634375 0.016666666666666666 0.63125 0.025 0.6296875 0.027777777777777776 0.6260416666666667 0.025 0.621875 0.025925925925925925 0.6203125 0.021296296296296296 0.6171875 0.021296296296296296 0.6161458333333333 0.025925925925925925 0.6140625 0.023148148148148147 0.6083333333333333 0.025925925925925925 0.6078125 0.03148148148148148 0.6036458333333333 0.03518518518518519 0.6036458333333333 0.03888888888888889 0.6010416666666667 0.041666666666666664 0.6078125 0.046296296296296294 0.6052083333333333 0.05 0.6057291666666667 0.05740740740740741 0.6036458333333333 0.06111111111111111 0.603125 0.06851851851851852 0.5973958333333333 0.06666666666666667 0.59375 0.06944444444444445 0.59375 0.07314814814814814 0.5901041666666667 0.07777777777777778
3 0.20625 0.9435185185185185 0.20572916666666666 0.987037037037037 0.20729166666666668 0.9935185185185185 0.21145833333333333 0.9981481481481481 0.22447916666666667 0.9981481481481481 0.23020833333333332 0.9935185185185185 0.25104166666666666 0.9981481481481481 0.25625 0.9944444444444445 0.2630208333333333 0.9962962962962963 0.28125 0.9916666666666667 0.3489583333333333 0.9916666666666667 0.35989583333333336 0.9962962962962963 0.3807291666666667 0.9962962962962963 0.39010416666666664 0.9916666666666667 0.42864583333333334 0.9962962962962963 0.4317708333333333 0.9935185185185185 0.434375 0.9962962962962963 0.45625 0.9962962962962963 0.46979166666666666 0.9916666666666667 0.4859375 0.9962962962962963 0.5432291666666667 0.9935185185185185 0.5526041666666667 0.975925925925926 0.5604166666666667 0.9712962962962963 0.5645833333333333 0.9601851851851851 0.5713541666666667 0.9601851851851851 0.5755208333333334 0.9555555555555556 0.5848958333333333 0.9527777777777777 0.5911458333333334 0.9435185185185185 0.5994791666666667 0.9092592592592592 0.5994791666666667 0.9009259259259259 0.5953125 0.8925925925925926 0.5916666666666667 0.8768518518518519 0.5927083333333333 0.8361111111111111 0.5994791666666667 0.8092592592592592 0.6005208333333333 0.7944444444444444 0.6041666666666666 0.7870370370370371 0.6119791666666666 0.75 0.6104166666666667 0.7296296296296296 0.6114583333333333 0.7194444444444444 0.6057291666666667 0.6972222222222222 0.6046875 0.6777777777777778 0.6010416666666667 0.6712962962962963 0.6010416666666667 0.6620370370370371 0.6036458333333333 0.6638888888888889 0.6010416666666667 0.6555555555555556 0.6005208333333333 0.6416666666666667 0.6046875 0.6370370370370371 0.6036458333333333 0.6194444444444445 0.6020833333333333 0.6157407407407407 0.6041666666666666 0.6092592592592593 0.6005208333333333 0.6046296296296296 0.5994791666666667 0.5990740740740741 0.6005208333333333 0.5805555555555556 0.5932291666666667 0.5611111111111111 0.5942708333333333 0.5166666666666667 0.5989583333333334 0.5101851851851852 0.5947916666666667 0.5101851851851852 0.5854166666666667 0.4898148148148148 0.5744791666666667 0.48703703703703705 0.571875 0.4824074074074074 0.5682291666666667 0.4824074074074074 0.5619791666666667 0.47129629629629627 0.5489583333333333 0.44166666666666665 0.5489583333333333 0.43703703703703706 0.54375 0.425 0.540625 0.4101851851851852 0.5322916666666667 0.39814814814814814 0.5223958333333333 0.37592592592592594 0.5140625 0.36574074074074076 0.5119791666666667 0.3574074074074074 0.5020833333333333 0.3416666666666667 0.503125 0.33425925925925926 0.49583333333333335 0.3101851851851852 0.49583333333333335 0.30277777777777776 0.49895833333333334 0.2962962962962963 0.5046875 0.26481481481481484 0.5098958333333333 0.2601851851851852 0.5151041666666667 0.2462962962962963 0.5213541666666667 0.24351851851851852 0.5270833333333333 0.2324074074074074 0.53125 0.2324074074074074 0.5333333333333333 0.22777777777777777 0.5359375 0.22777777777777777 0.5380208333333333 0.2175925925925926 0.5421875 0.21666666666666667 0.5453125 0.20925925925925926 0.5536458333333333 0.20925925925925926 0.5546875 0.20555555555555555 0.5505208333333333 0.20092592592592592 0.5505208333333333 0.19722222222222222 0.5510416666666667 0.19166666666666668 0.5552083333333333 0.18425925925925926 0.5541666666666667 0.17777777777777778 0.5526041666666667 0.17777777777777778 0.55 0.17037037037037037 0.55 0.1638888888888889 0.55625 0.16018518518518518 0.5572916666666666 0.1574074074074074 0.5557291666666667 0.1537037037037037 0.5578125 0.14814814814814814 0.5619791666666667 0.14166666666666666 0.56875 0.1388888888888889 0.5739583333333333 0.1259259259259259 0.5744791666666667 0.11203703703703703 0.5786458333333333 0.10092592592592593 0.5796875 0.07314814814814814 0.5833333333333334 0.06481481481481481 0.5869791666666667 0.06388888888888888 0.5890625 0.05648148148148148 0.59375 0.05 0.59375 0.046296296296296294 0.596875 0.041666666666666664 0.6 0.018518518518518517 0.6041666666666666 0.012037037037037037 0.6010416666666667 0.009259259259259259 0.6 0.002777777777777778 0.5385416666666667 0.002777777777777778 0.5364583333333334 0.006481481481481481 0.5380208333333333 0.011111111111111112 0.5364583333333334 0.018518518518518517 0.5276041666666667 0.018518518518518517 0.5244791666666667 0.01574074074074074 0.5234375 0.009259259259259259 0.51875 0.004629629629629629 0.503125 0 0.44114583333333335 0 0.4322916666666667 0.004629629629629629 0.4197916666666667 0.005555555555555556 0.4088541666666667 0.004629629629629629 0.4015625 0 0.38697916666666665 0 0.3796875 0.003703703703703704 0.37395833333333334 0.002777777777777778 0.3729166666666667 0 0.3546875 0 0.3463541666666667 0.004629629629629629 0.3411458333333333 0.013888888888888888 0.3338541666666667 0.018518518518518517 0.31875 0.044444444444444446 0.2947916666666667 0.09444444444444444 0.2921875 0.10555555555555556 0.2875 0.11388888888888889 0.28020833333333334 0.14629629629629629 0.275 0.16111111111111112 0.27447916666666666 0.1712962962962963 0.2703125 0.18796296296296297 0.2708333333333333 0.21388888888888888 0.26197916666666665 0.24074074074074073 0.25729166666666664 0.2824074074074074 0.2552083333333333 0.28888888888888886 0.2552083333333333 0.3074074074074074 0.2520833333333333 0.3194444444444444 0.2526041666666667 0.32685185185185184 0.25 0.337037037037037 0.25 0.34629629629629627 0.24583333333333332 0.3648148148148148 0.246875 0.38796296296296295 0.24375 0.40555555555555556 0.24479166666666666 0.4351851851851852 0.240625 0.5268518518518519 0.24270833333333333 0.5675925925925925 0.23958333333333334 0.587037037037037 0.240625 0.5907407407407408 0.234375 0.6472222222222223 0.23177083333333334 0.6564814814814814 0.22864583333333333 0.6898148148148148 0.225 0.700925925925926 0.22239583333333332 0.7240740740740741 0.22291666666666668 0.7398148148148148 0.22083333333333333 0.7509259259259259 0.21666666666666667 0.837037037037037 0.21458333333333332 0.8444444444444444 0.2125 0.8805555555555555 0.20989583333333334 0.8916666666666667 0.20625 0.9435185185185185