5 0.635142219291646 0.4002501412373676 0.6571112626600434 0.3752533860389323 0.6314172341038664 0.3567315867209131 0.6054687647192172 0.3490740675383537 0.587523107806619 0.3453370508419859 0.5773437647192171 0.3472222156865018 0.5635857750177408 0.35358627395527725 0.553760771236121 0.3485098163937893 0.5400769626947646 0.3465283585940826 0.5281083110195426 0.3519220861750304 0.522570573586693 0.3576330837754381 0.5260416813858838 0.38657406753835366 0.5273225109983012 0.3948323829860138 0.5302083480525505 0.3995370305013166 0.5378620738905997 0.419897335416789 0.5416666813858838 0.4393518453161315 0.5454708106554924 0.4715210533448506 0.5617325635962306 0.4490568213069957 0.5766391301367229 0.4442430454940717 0.5857233135039438 0.440565696364997 0.5939710760152274 0.43369901560398183 0.6138172830957063 0.4213389940061337 0.6289634355670022 0.407566264097448
5 0.2901282447984458 0.3508963717544848 0.30099750121053737 0.3467780933628641 0.3078160998374876 0.33666497627107794 0.3225019499442422 0.3306406824083361 0.3431297297497984 0.3220141362680527 0.35740980448495624 0.318881799885528 0.3645498418525352 0.3152548858615563 0.36885611661090884 0.3167517935194472 0.37510611661090887 0.31027031203796573 0.38843066873140175 0.30559495376268975 0.39350364917063574 0.30700421345614404 0.42219046935680066 0.2957551681702544 0.4403493733867962 0.2883729663045333 0.45588536373584154 0.28217226816549046 0.4703116389334651 0.27963561716741736 0.4934571108267914 0.2841452114155596 0.4999568663342205 0.2841452114155596 0.5178144499442422 0.2797147564824102 0.5308352832775756 0.27601105277870647 0.5372830917688985 0.2725399519099909 0.5424968922669733 0.2662918979038095 0.557849560991505 0.2644234581169036 0.5527761504627692 0.2588463667351574 0.5483686697663306 0.23786410691623333 0.5495724241374927 0.2239532048045456 0.5472852941384847 0.21624870833856863 0.5482831999442421 0.19591846018611386 0.5509266205821849 0.19187756319106555 0.5519661930758046 0.17848504615046923 0.549211287907544 0.17494404264731395 0.545238921626109 0.16852363137485993 0.545238921626109 0.16488539611619518 0.5433129113260495 0.15910702376671243 0.5413869175569901 0.1477642920420707 0.5370534150456064 0.14862035128694615 0.5368126575589739 0.14476810305395768 0.5298483619356962 0.1582935210939124 0.5209030433216041 0.1702936665103602 0.5141686166109088 0.17786290463055832 0.4448977832775755 0.20101105277870646 0.41573111661090884 0.20101105277870646 0.37041861661090886 0.2093443861120398 0.325465488780657 0.22653085373880869 0.3000868750353017 0.21047439351844072 0.2967486764080813 0.20668261462063983 0.2959394499442422 0.21027031203796573 0.28738316904428296 0.2137715891147811 0.2761477832775755 0.21860364537129906 0.26549942319551667 0.23108187448558842 0.264479418766878 0.2393248634764394 0.26049213162179463 0.25004075199455245 0.25613392219882697 0.2717568944158422 0.25687574765326965 0.2860997026179405 0.26410851559031967 0.3137961467592024 0.28101778025025315 0.34490796526192896
5 0.5604166666666667 0.25972222222222224 0.5822176437504493 0.2544545964505509 0.5880144752776125 0.2502348399204683 0.5986979166666667 0.23703703703703705 0.6041666666666666 0.2300925925925926 0.6145833333333334 0.2013888888888889 0.6236979166666666 0.18703703703703703 0.6281896601070197 0.20448636655059924 0.6454158269820014 0.2125983697556984 0.6541171860668267 0.21491165163709397 0.6598909805455688 0.22835759450659254 0.6609375 0.22916666666666666 0.6620866498122244 0.23804446052352576 0.6597283334142234 0.24382766522701474 0.6601349400748356 0.24715299862446707 0.6666406354768811 0.24773132654045907 0.67109375 0.24351851851851852 0.6733089556747693 0.24151438334561914 0.6741221689959939 0.22850217896747155 0.6897561454360406 0.23073957428837097 0.6933342594803756 0.22900461535920533 0.6930902999511088 0.2207635517590848 0.6880280743514793 0.1964054089953344 0.682854684577329 0.17650963712432052 0.676186364379441 0.15959377143272863 0.6703312351672747 0.13885380743685893 0.6651266833127388 0.13176938725931725 0.6601661021552213 0.12685366450229213 0.65546875 0.12314814814814815 0.6526032450704358 0.12902236688657073 0.6490580802381168 0.12793927930501056 0.6440104166666667 0.12037037037037036 0.6351521748826314 0.12230065409863855 0.6286464906483374 0.12099943366082379 0.6175054971837141 0.10871012925014206 0.6068751882431324 0.10950638855694582 0.6049234785057436 0.1128317294000412 0.6030530923340275 0.1128317294000412 0.59609375 0.10925925925925926 0.5846572725463717 0.11664456959217384 0.56953125 0.12129629629629629 0.56015625 0.13055555555555556 0.5424479166666667 0.1388888888888889 0.5375215776384387 0.14427371772757722 0.5378468607333784 0.14788822501054963 0.5416689566424832 0.14716532007932173 0.5441899090040783 0.1600329474422334 0.5458163300626518 0.16465950624126252 0.5460602951757944 0.16827400856047287 0.5527286209575581 0.17767171061941017 0.5512343033202528 0.19344180296096897 0.5486320385607363 0.19633340531271343 0.5479001432213088 0.21628545037128577 0.5505208333333333 0.22453703703703703 0.5489583333333333 0.2375 0.5534299725869084 0.25835825776399524 0.5582279177808318 0.26096069863962473
5 0.5564403016646897 0.3453370508419859 0.5676859201240457 0.35011275225922134 0.5819853703737695 0.34279882532910216 0.5889521965895425 0.3421642754866018 0.6028355015888345 0.34730880888365767 0.629761815997126 0.35391862292065795 0.6577826689016276 0.3706375756156033 0.6735987793386246 0.3625012447339607 0.6857985465874333 0.35419692808815034 0.6865674816448968 0.3442458725084763 0.6829216483115634 0.3294310576936615 0.6685987316448968 0.30119031695292076 0.6558124635326913 0.2913197751344233 0.6441195649782301 0.28730142806403186 0.6360466483115634 0.27387550213810596 0.6342237316448968 0.2660051317677356 0.6284483337259158 0.25827070094477467 0.6218809404077442 0.25438258116541107 0.6067759484024648 0.25632663705044584 0.5810987316448968 0.26137550213810595 0.5123487316448968 0.2845236502862541 0.504450373378816 0.28715900511976883 0.4936492813440892 0.2881877424618261 0.4685753172190523 0.28304403220552043 0.4545362316448968 0.28730142806403186 0.42967292836238563 0.2954658662903019 0.39620289831156347 0.30767179843440223 0.39236989412273476 0.30838056661169727 0.3885103494563373 0.30867225981365465 0.38760914831156346 0.31554216880477265 0.3893315293165562 0.33375848808382436 0.38982423858594983 0.34061344657738535 0.39351954457377886 0.349020869247085 0.39475131098095145 0.35485487749842903 0.3978529706636927 0.35750717673901716 0.41330075562608554 0.3489922790595854 0.42288660930709304 0.3464003307105638 0.4367102753132241 0.3468171803022716 0.45072071078441434 0.35070530809092915 0.4742928914127353 0.3423695743681179 0.5074285046744802 0.35419154256296415 0.5137769722555308 0.3522474786686353 0.5266928511926319 0.34835935087997777 0.5448289148255899 0.34343337843946276
5 0.3444933130082056 0.4188126404583957 0.3477843435463456 0.40211200818372816 0.3564693080150031 0.3763115369126463 0.36254341519614747 0.3711210094864183 0.36923360691712576 0.3645966719464018 0.37498821922695796 0.3631911561525235 0.3850017491656195 0.356515036830134 0.39232537732894907 0.355734479816125 0.39511031335896585 0.35470399156925936 0.3938338767758277 0.34934546627109264 0.3901206414842356 0.34089545925041137 0.3873205498701243 0.31402729520634826 0.3881559133433613 0.3085170581554571 0.38201213092366254 0.3102417401806628 0.3752797406974991 0.31720169978596924 0.3661005526881916 0.32111008575968825 0.3503701504878148 0.3307167787627949 0.33556051306618495 0.3373970376930557 0.3216911479474689 0.3453298309280588 0.31850890736416576 0.35053503311930256 0.309668419603696 0.3505061870845217 0.3039557637093902 0.3476317148494656 0.29455057403083246 0.35053503311930256 0.2830922406974991 0.3672016997859693 0.26902974069749913 0.38016466274893224 0.2565297406974991 0.3866461442304137 0.2631577637491642 0.3933441734443449 0.2659786581358473 0.400024419473762 0.2704450677916004 0.4062871598019733 0.2839348593335274 0.41738932264767337 0.32203679037411387 0.4354355031569821 0.33132917148616037 0.43593080423595626 0.3339149784276295 0.42674543799368003
5 0.3778553417457256 0.4918779270864019 0.40399734959623934 0.48471353641819614 0.426134968397666 0.48624810442181515 0.43262995230971907 0.4864277396431645 0.444982953986635 0.4973732410227405 0.463732953986635 0.4927436113931109 0.48792746233875206 0.4990597981863838 0.4913998171878715 0.4990597981863838 0.502795453986635 0.490891759541259 0.5194621206533017 0.490891759541259 0.5364944113296313 0.4845124419195562 0.542422501916964 0.47627244009425507 0.5389933706533017 0.43209546324496273 0.526325941189319 0.3948158350769964 0.5223454401919391 0.3658297002287628 0.522544460322062 0.35310407294743423 0.5189412873199684 0.35570657435607383 0.5068373670981414 0.3559206015693179 0.4848766664719443 0.3488626648079404 0.47462835559753863 0.3451479346684306 0.4663371206533017 0.3482991669486664 0.45057617772762365 0.35294884194434817 0.42970940034487326 0.3493643808880447 0.42359589380307167 0.3484911718985959 0.4116496206533017 0.35292879657829607 0.3999579939333343 0.35905892972552983 0.39396813234607936 0.35905892972552983 0.38457858858304994 0.3604965735749752 0.3745414799583485 0.3668222681112891 0.36887538746272835 0.36854744783817206 0.357219420040652 0.3788985735831273 0.3499308706533017 0.40153990768940717 0.3469676262794491 0.4170712159567537 0.33426701748260274 0.4321096713177781 0.33426701748260274 0.4479000308599013 0.3452742140987595 0.46820193940163346 0.35951958634074205 0.4918779270864019
5 0.2301563695639609 0.6578224204796308 0.23480847276441869 0.6581402188253382 0.24393374191238706 0.6416149797945918 0.24713541666666666 0.6333333333333333 0.25078125 0.6324074074074074 0.2591145833333333 0.6342592592592593 0.26640625 0.6416666666666667 0.29453125 0.6435185185185185 0.3005338141509158 0.6509150051696264 0.30963541666666666 0.6509259259259259 0.3198579169920536 0.6518683871140801 0.33828125 0.6453703703703704 0.35546875 0.6546296296296297 0.36541488330598393 0.6425306944571852 0.3611744032111955 0.633887815212594 0.3299479166666667 0.6222222222222222 0.32526041666666666 0.6138888888888889 0.3143229166666667 0.6111111111111112 0.3115903212190928 0.6151442099943877 0.30952510269687167 0.615831969793908 0.3077180404782533 0.6146857066096791 0.3055237491219976 0.6110176700870955 0.30126423924352086 0.6068911207348886 0.29765625 0.5990740740740741 0.2815370674536824 0.5896707267619754 0.2749541827493819 0.5759155685512289 0.26484375 0.5703703703703704 0.2581418424595872 0.572508742831357 0.25130081208721744 0.5704454728777109 0.25078451011554553 0.5651726508963604 0.2515589683908201 0.5576073214363815 0.24991344672126006 0.5575753576035669 0.23984375 0.5731481481481482 0.22786458333333334 0.5740740740740741 0.22265625 0.5787037037037037 0.2197786281040852 0.5847300251314331 0.21888398606871082 0.5942638183906331 0.21302083333333333 0.6078703703703704 0.21354166666666666 0.6421296296296296 0.22031541037668576 0.6511487730537918 0.22103110041599253 0.6549622877389383 0.2271146131813048 0.6524199402512845
5 0.31034299610041616 0.5646494154855308 0.3139647320324691 0.5466381785487326 0.3132403878302761 0.5389190751114317 0.3137836347911051 0.5213439084129895 0.31106734030260924 0.5120166520769508 0.3099808165387758 0.4969000797573101 0.3210271066552111 0.47502929441453956 0.3246488425872641 0.4666669417433851 0.32501102214890454 0.4666669417433851 0.32446776026698776 0.45798295451726917 0.3206649420146584 0.4525152532125592 0.32138928621685153 0.4438312659864433 0.323200154182878 0.4377203154478799 0.2860773683398786 0.42196048395635105 0.2752604166666667 0.41388888888888886 0.2669270833333333 0.4064814814814815 0.2565104166666667 0.3888888888888889 0.23515625 0.37222222222222223 0.228125 0.3587962962962963 0.21640625 0.31851851851851853 0.20442708333333334 0.3101851851851852 0.19244791666666666 0.31574074074074077 0.18020833333333333 0.34305555555555556 0.17239583333333333 0.3680555555555556 0.16875 0.42083333333333334 0.16354166666666667 0.4412037037037037 0.16458333333333333 0.46805555555555556 0.16901041666666666 0.475 0.18723958333333332 0.48518518518518516 0.20390625 0.5120370370370371 0.23203125 0.5314814814814814 0.2398184209845299 0.5457545409328787 0.24661458333333333 0.549074074074074 0.25262404004918765 0.5561998427269838 0.2519786652434811 0.5653699434783573 0.2523334160305612 0.5699869600480875 0.25865814443125906 0.5713624702022133 0.2642084145566823 0.5692992002485672 0.27566774993696214 0.5750854671389686 0.28221748167583105 0.5885361233492711 0.28889896615014954 0.593001612710867 0.29695435279076043 0.59617027229062 0.3013843743582877 0.6049981346154188
5 0.4125760209059829 0.571374913945597 0.3788724614219347 0.5328824177133509 0.338616456159111 0.4630693284570802 0.3304349614219347 0.44214167697261014 0.3267891280886014 0.4375120473429805 0.3244667050436645 0.4378096622040033 0.32254703253408856 0.4435520379189673 0.32220754011578295 0.45132793732414545 0.3256791232141492 0.45640854076904913 0.3258917536782611 0.46792102881580266 0.3123829593724967 0.4951858748128457 0.3125876332190185 0.5086365385116607 0.31517146576976135 0.5204080831063734 0.31527249853604006 0.5479155890726115 0.3073917512902257 0.5852410275233372 0.302946201348355 0.6048009894886568 0.3044617261427226 0.6074927287981474 0.3072907101989004 0.6089283319682391 0.3091093499421975 0.6123378580766146 0.3118373012320966 0.6123378580766146 0.31446421975571687 0.608569427479176 0.3206273683495594 0.610184468107638 0.32719465633356354 0.6123378580766146 0.3310339930276686 0.6198747266645723 0.35834272506868187 0.6298007154461948 0.36402206802813974 0.6330102485840697 0.3687978798782884 0.6373660543510883 0.37869900487282077 0.6278769520973566 0.3940577985622923 0.6116567246625392 0.41638618959169715 0.5886691128281719 0.41764452658963247 0.5817799124141724
5 0.42083333333333334 0.5800925925925926 0.45107724412905564 0.5509267112267575 0.47109375 0.5361111111111111 0.475 0.5282407407407408 0.47109375 0.5231481481481481 0.45234375 0.5148148148148148 0.43365624928459784 0.4882502596726235 0.4229356215007254 0.49023370792336407 0.41534185498911946 0.48587014301759623 0.40194110246479603 0.48785359126833683 0.39296875 0.49166666666666664 0.37109375 0.4925925925925926 0.3640625 0.5023148148148148 0.36744791666666665 0.5111111111111111 0.3841145833333333 0.5351851851851852
5 0.4421869106594393 0.965893358666124 0.45703066065943937 0.9626526179253833 0.4531783174346167 0.9624436291601861 0.41207969472533534 0.9415877831528483 0.39407461669005994 0.9193415244987783 0.3795922537858074 0.9165607278464509 0.3678498270135752 0.9019616528259967 0.3576729904909652 0.8685923221271661 0.3584558662448192 0.8324421947760081 0.3463219693440428 0.8164527071088217 0.3388850689534531 0.792816121731431 0.3329214780095874 0.7708746563473527 0.3353507922444649 0.7567537297675223 0.31640566065943937 0.7450600253327907 0.29535529554234524 0.7349835337893484 0.28098899399277266 0.7348748401476055 0.2781244106594393 0.728856321629087 0.27990845724221186 0.7190311462800734 0.28295021362486794 0.713628666051727 0.28229107732610603 0.7075600253327907 0.280728577326106 0.7010785438513092 0.26796816065943935 0.6820970623698277 0.2559889939927727 0.6709859512587166 0.2507806606594393 0.6709859512587166 0.24400982732610602 0.6811711364439018 0.23515566065943935 0.6802452105179759 0.2091139939927727 0.6904303957031611 0.19973899399277267 0.6895044697772351 0.19296816065943936 0.6793192845920499 0.18359316065943934 0.6737637290364944 0.17447857732610603 0.6621896549624203 0.172916077326106 0.6473748401476055 0.153384827326106 0.57931928459205 0.14921816065943935 0.5737637290364944 0.13984316065943936 0.5709859512587167 0.1338263423333942 0.5701374704867217 0.12499941065943936 0.5742266919994573 0.12447857732610602 0.5853378031105685 0.12881639411328302 0.5987388437179875 0.13060564869779093 0.6200309859246684 0.14420409853639035 0.6400519543875223 0.147916077326106 0.6483007660735315 0.15260357732610602 0.6797822475550129 0.16093691065943935 0.7140415068142721 0.171353577326106 0.7436711364439018 0.18619732732610603 0.767282247555013 0.208072327326106 0.791356321629087 0.22748611643468614 0.8250655574299954 0.24661399399277267 0.8385785438513093 0.29140566065943935 0.8839489142216795 0.31015566065943934 0.9098748401476056 0.3216139939927727 0.9135785438513092 0.34140566065943934 0.9422822475550129 0.358072327326106 0.9422822475550129 0.40859316065943935 0.9626526179253833
5 0.35550338874992765 0.7409058268397326 0.36347939601092943 0.7350032335703083 0.3774850585447614 0.7022825750088374 0.39924896904367374 0.6710296170653715 0.4293479804009552 0.6422439390561733 0.450185751624439 0.637309277536355 0.46222537142940034 0.6422439390561733 0.4728758013987799 0.6619826529029689 0.4728758013987799 0.6710296170653715 0.4835262313681594 0.6660949216617921 0.5020487116357547 0.666917348306548 0.512236052889859 0.6693846960083377 0.5238126221346671 0.6628051134314857 0.5295468908555957 0.675852892448511 0.5419299733376843 0.6755940412526025 0.5746388446540431 0.6780661593507258 0.595864809457796 0.6990790231445071 0.6101314387188523 0.691044683883873 0.6303135003240438 0.6935167765201298 0.6369974754694279 0.6836224518155097 0.6495243138521655 0.6762061229830065 0.6592673721433122 0.6780602051911322 0.6698312870600727 0.6610717776674697 0.6734703779695951 0.6386000236397223 0.6717941531829096 0.62614605613481 0.6664846806954237 0.6157496406952627 0.6652297076172752 0.6016328854205802 0.6568632434087923 0.5919740899185223 0.6405486278616225 0.5793433008279968 0.6505208333333333 0.5625 0.6622395833333333 0.5481481481481482 0.6794270833333333 0.5166666666666667 0.6872395833333333 0.5111111111111111 0.7046169452107366 0.5097919735589101 0.7184895833333333 0.5027777777777778 0.7309895833333333 0.4888888888888889 0.7416666666666667 0.46805555555555556 0.7489583333333333 0.4439814814814815 0.7548211131365862 0.4433346066744149 0.75625 0.43194444444444446 0.7651041666666667 0.40879629629629627 0.7640625 0.3699074074074074 0.7567708333333333 0.3384259259259259 0.74921875 0.32407407407407407 0.7408854166666666 0.32222222222222224 0.7216145833333333 0.32685185185185184 0.71640625 0.3333333333333333 0.7013020833333333 0.34074074074074073 0.6856770833333333 0.3574074074074074 0.6591145833333333 0.37592592592592594 0.6549479166666666 0.38425925925925924 0.6130642628532835 0.4249567525849714 0.5852767546377301 0.4429769102402284 0.5637945319626276 0.4530017362537448 0.550659247614658 0.46624288971630823 0.5387664889785886 0.48578935558852476 0.50234375 0.5064814814814815 0.41159913453205 0.5976765537663516 0.40200953955765445 0.6103132781287122 0.3658166474515453 0.6443774975321638 0.3450520833333333 0.6731481481481482 0.3265183999254064 0.6774709573746298 0.3130773052194271 0.705326371783691 0.3151041666666667 0.7236111111111111 0.32578125 0.7481481481481481 0.33658577689873553 0.7545170648517223 0.34730583130978115 0.746021410915624
5 0.4461214740660376 0.954996697017083 0.45777292511907314 0.9574074074074074 0.46714792511907316 0.9481481481481482 0.4766365524264353 0.9565452161173061 0.48329375845240646 0.9490740740740741 0.5002208417857398 0.9226851851851852 0.5064708417857398 0.8782407407407408 0.5184500084524065 0.8625 0.5200125084524064 0.8476851851851852 0.5348562584524065 0.8472222222222222 0.5396003771909695 0.8471762996317593 0.5434500084524065 0.8421296296296297 0.5497000084524065 0.8180555555555555 0.5497000084524065 0.8106481481481481 0.5447520917857399 0.8 0.5325125084524065 0.7875 0.5309500084524065 0.7810185185185186 0.5343354251190732 0.7759259259259259 0.5494395917857399 0.774074074074074 0.5572520917857399 0.7842592592592592 0.5655854251190732 0.7842592592592592 0.5728770917857399 0.7953703703703704 0.5902687729566708 0.80094928516163 0.6046479251190732 0.8009259259259259 0.6113280980413919 0.8152326076871959 0.6274499305425754 0.816801609405025 0.6416270917857398 0.8138888888888889 0.6450125084524065 0.8180555555555555 0.646170417520397 0.8372116920983563 0.6572642995073117 0.864655846676574 0.6629812584524065 0.8657407407407407 0.6676687584524065 0.8666666666666667 0.6791270917857398 0.8611111111111112 0.7080333417857398 0.8310185185185185 0.7038666751190732 0.8013888888888889 0.6991791751190732 0.788425925925926 0.6986583417857398 0.7652777777777777 0.6825125084524065 0.725462962962963 0.6736583417857399 0.6912037037037037 0.6632854559220166 0.6823680693414682 0.6502554994074231 0.6792300739858673 0.6400645917857398 0.6833333333333333 0.6317312584524065 0.6953703703703704 0.6109773204130486 0.6937903924109212 0.5939720661771659 0.7008508678209228 0.5758626030125844 0.682022960327777 0.55709057809629 0.678884981132291 0.5417354309617761 0.6785124095115926 0.5301105867515571 0.6800609073462069 0.522845124972592 0.6697374962978068 0.5132546656159808 0.6743830535984762 0.49089607085241604 0.6701518024311194 0.47860625845240645 0.6712962962962963 0.471114766991699 0.6764477102894256 0.471114766991699 0.6656081191190816 0.4641398939904369 0.6511553308919561 0.45777292511907314 0.6425925925925926 0.4405854251190731 0.6435185185185185 0.4275645917857398 0.649074074074074 0.41676887054812756 0.6594140533509936 0.3947520917857398 0.6787037037037037 0.3908458417857398 0.6893518518518519 0.38173125845240646 0.700925925925926 0.3676541228689189 0.7316780689162514 0.36450261765473524 0.7394948239922057 0.3428595949320839 0.7512622560753499 0.33689672113913666 0.7594994625735795 0.33468824868999897 0.7736203972334675 0.3455333417857398 0.8060185185185185 0.3492641704937574 0.8175521463705586 0.3607482163109257 0.8324575899694188 0.35964398918498014 0.8693288798566232 0.36847787898153117 0.8983552257951415 0.3801827665844393 0.9152219094212019 0.3965254590686093 0.9183598643765154 0.4041270917857398 0.9268518518518518 0.41490251018996577 0.9405770622655235 0.4217094065884523 0.943124745602851