5 0.604867177989061 0.3608413989491919 0.6133415073990008 0.3571353764205564 0.6161458333333333 0.3421296296296296 0.6125 0.3384259259259259 0.6083333333333333 0.32083333333333336 0.6020833333333333 0.3106481481481482 0.6005208333333333 0.30324074074074076 0.59375 0.2949074074074074 0.59375 0.28564814814814815 0.60390625 0.27314814814814814 0.6100072947659183 0.2726298931773476 0.6140625 0.2662037037037037 0.6177083333333333 0.2513888888888889 0.6183428475470314 0.23606025804601924 0.6263020833333334 0.2324074074074074 0.6364583333333333 0.22175925925925927 0.6380208333333334 0.2162037037037037 0.6369791666666667 0.1986111111111111 0.6348958333333333 0.19027777777777777 0.6278645833333333 0.1824074074074074 0.61640625 0.18611111111111112 0.6033854166666667 0.18518518518518517 0.5763020833333333 0.17592592592592593 0.570133759828399 0.18697710741652235 0.5651638301032116 0.19627691559269309 0.5527771272186813 0.20254419010715394 0.540625 0.21898148148148147 0.535272138228605 0.24238537927059448 0.5333333333333333 0.2625 0.5221227295591834 0.28286293152352987 0.519382232392808 0.3072339327674799 0.5259572528897692 0.32773105668460484 0.532070004314963 0.3242717826694931 0.5401642531426467 0.3226688971230485 0.54765625 0.32314814814814813 0.5473518510803369 0.33860311190080755 0.5563788134622837 0.35191410171472165 0.5637451091228738 0.3554053807669053 0.577617575028079 0.35191410171472165 0.5862510761937908 0.3593588502496255 0.597087320247326 0.3618297710327794
5 0.5028375385393032 0.2754431004589891 0.5073805077965052 0.26836819910961535 0.5121276176999143 0.26704895430201747 0.5164320323593219 0.26402100619324675 0.5183429856410473 0.2584338265281399 0.5143551675323292 0.250564713181764 0.5146518576570414 0.24660697875897028 0.5228109605846527 0.2415938444640827 0.5282998184358474 0.23183143087485053 0.5337072822173135 0.2216140712358539 0.54140625 0.21666666666666667 0.55234375 0.20092592592592592 0.5653645833333333 0.1935185185185185 0.5764313166200067 0.1730658683552751 0.5791015730144261 0.17359356829132208 0.584293729422906 0.16984569035782754 0.5923044759701586 0.15797248708944656 0.5956397141289276 0.1504661404517711 0.5979166666666667 0.13287037037037036 0.5979166666666667 0.12546296296296297 0.5908854166666667 0.11018518518518519 0.5872395833333334 0.10925925925925926 0.57734375 0.1175925925925926 0.56953125 0.11574074074074074 0.5450520833333333 0.12962962962962962 0.5443883077949909 0.12631061170709731 0.5458333333333333 0.11157407407407408 0.5432291666666667 0.09027777777777778 0.5380208333333333 0.06805555555555555 0.5330729166666667 0.06666666666666667 0.4868908076512192 0.12238135171152964 0.46736519473842014 0.12607582504006415 0.4636262408411923 0.1497204505844725 0.46591255878236204 0.18282828194450731 0.4675036721645803 0.1904100638295861 0.47318158001783456 0.19945078463731108 0.48097467924903464 0.23063778956028452 0.49665896511049296 0.2737079782056037 0.5017535791591563 0.27640705971790064
5 0.5390893224667949 0.6133313840612015 0.5461983579392073 0.6083749412756603 0.5591414058001282 0.6026832359130533 0.5711205724667948 0.5730536062834237 0.5794539058001281 0.570275828505646 0.5896719737803359 0.5604882420315591 0.5955997391334615 0.5554610136908311 0.6015893224667949 0.5401832359130533 0.6010684891334616 0.5225906433204608 0.6049747391334616 0.5165721248019423 0.6091414058001282 0.5165721248019423 0.616975828495097 0.534036717446615 0.6263289058001281 0.5406461988760163 0.6342664726582405 0.5423839545496215 0.6445580724667949 0.5332387914686089 0.6484643224667949 0.5253684210982386 0.6526309891334615 0.5059239766537941 0.6669539058001281 0.4924980507278681 0.6703393224667948 0.4855536062834237 0.6750268224667948 0.46518323591305333 0.6745059891334615 0.42629434702416447 0.6765893224667948 0.40962768035749775 0.6794539058001282 0.4017573099871274 0.6885684891334615 0.39110916183897926 0.6896101558001282 0.3855536062834237 0.6880476558001282 0.38184990257972 0.6778914058001282 0.37027582850564594 0.6388289058001282 0.3758313840612015 0.6112247391334615 0.3619424951723126 0.5679955724667949 0.3795350877649052 0.5622539560906981 0.3882716621847115 0.5615129209455834 0.4207819262748714 0.5646101558001282 0.45499805072786814 0.5625268224667949 0.469812865542683 0.5497664058001281 0.49157212480194223 0.5304955724667948 0.48972027295009035 0.5148281779360342 0.4893170828089609 0.5070580724667948 0.49342397665379406 0.4969018224667948 0.5401832359130533 0.4989851558001282 0.5605536062834237 0.5044539058001282 0.5712017544315718 0.5127872391334615 0.5786091618389793 0.5261905974741816 0.6039816621180842 0.5346622391334616 0.6128684210982385
5 0.6567708333333333 0.9597222222222223 0.6622395833333333 0.9555555555555556 0.6770833333333334 0.9328703703703703 0.6833333333333333 0.9087962962962963 0.6854166666666667 0.8856481481481482 0.6770833333333334 0.8578703703703704 0.684375 0.8300925925925926 0.678125 0.8236111111111111 0.6677083333333333 0.7828703703703703 0.66328125 0.7768518518518519 0.6549479166666666 0.775 0.6526041666666667 0.7699074074074074 0.6432291666666666 0.7375 0.63359375 0.7157407407407408 0.62421875 0.7018518518518518 0.6111979166666667 0.7027777777777777 0.6072916666666667 0.7069444444444445 0.603125 0.725462962962963 0.5901041666666667 0.7439814814814815 0.5875 0.7615740740740741 0.5791666666666667 0.7810185185185186 0.5796875 0.8162037037037037 0.5769547711974635 0.8217666691346767 0.5765625 0.8319444444444445 0.5802083333333333 0.8763888888888889 0.5859375 0.899537037037037 0.5955729166666667 0.9175925925925926 0.60390625 0.9212962962962963 0.6080729166666666 0.9194444444444444 0.6200520833333333 0.937037037037037 0.6341145833333334 0.9444444444444444 0.6434895833333333 0.9546296296296296
5 0.464743009065374 0.8799175913574935 0.4712442631186669 0.8713411714054323 0.48270259645200025 0.8704152454795064 0.48843176311866693 0.863007838072099 0.5071817631186669 0.850970801035062 0.5220475306819837 0.853370670134207 0.5292439475558086 0.8419934078478499 0.5287963464520002 0.8329152454795065 0.5131713464520002 0.814396726960988 0.5248900964520002 0.7917115417758027 0.5300984297853336 0.788933763998025 0.5446817631186669 0.7685633936276546 0.5485880131186669 0.7532856158498769 0.5595255131186668 0.7319893195535805 0.5626505131186669 0.7106930232572842 0.5709838464520002 0.6986559862202472 0.5834838464520001 0.6690263565906176 0.5800984297853335 0.6463411714054323 0.5733275964520002 0.6407856158498768 0.5582234297853336 0.6361559862202472 0.5483275964520001 0.6250448751091361 0.5337442631186669 0.6231930232572842 0.525931763118667 0.6167115417758028 0.5139525964520002 0.6176374677017287 0.49884842978533356 0.6287485788128397 0.4818407852471004 0.6326023194221162 0.47620154224256417 0.6405426422060803 0.47424341005274295 0.64674176746451 0.471737086468001 0.6523139230583064 0.4660978554145583 0.6737667189060093 0.46437482371887484 0.6778760836217113 0.46609792043644155 0.6784333013066997 0.47150467978533356 0.675507838072099 0.4750040453604406 0.7002926782698142 0.48660884645200025 0.7171745047387657 0.48504634645200023 0.7356930232572843 0.46890051311866693 0.7588411714054324 0.4621296797853336 0.7782856158498768 0.45848384645200024 0.7949522825165435 0.45587967978533356 0.8449522825165435 0.45061676500852565 0.8590592831937256 0.45223384645200027 0.8671745047387657 0.4587442631186669 0.875970801035062
5 0.25833333333333336 0.4125 0.2674479166666667 0.40925925925925927 0.2981770833333333 0.3814814814814815 0.31171875 0.35648148148148145 0.32265625 0.35833333333333334 0.33359375 0.35648148148148145 0.33541666666666664 0.35324074074074074 0.3380208333333333 0.3347222222222222 0.3338541666666667 0.32083333333333336 0.35052083333333334 0.28379629629629627 0.35833333333333334 0.27175925925925926 0.3578125 0.24212962962962964 0.3533854166666667 0.22777777777777777 0.3294270833333333 0.2111111111111111 0.32578125 0.2111111111111111 0.31796875 0.21944444444444444 0.30911458333333336 0.20185185185185187 0.29765625 0.20185185185185187 0.28203125 0.1814814814814815 0.26979166666666665 0.18101851851851852 0.26875 0.19675925925925927 0.25885416666666666 0.22916666666666666 0.25885416666666666 0.24768518518518517 0.23151041666666666 0.2796296296296296 0.22604166666666667 0.2912037037037037 0.22604166666666667 0.30787037037037035 0.234375 0.32731481481481484 0.23385416666666667 0.3365740740740741 0.23854166666666668 0.35694444444444445 0.24635416666666668 0.3763888888888889 0.25104166666666666 0.4115740740740741
5 0.4124329516803922 0.4519223609628763 0.41764413607584194 0.4431924493170526 0.4235917788648501 0.41199159382537875 0.4392167788648501 0.38976937160315656 0.44520636219818344 0.3726397419735269 0.4613521955315168 0.3652323345661195 0.4748754766121535 0.3763129909771297 0.48224640370513483 0.36474547987019174 0.4829667788648501 0.33976937160315657 0.48036261219818344 0.3277323345661195 0.47645636219818344 0.31986196419574914 0.4717688621981834 0.31986196419574914 0.4588328744779961 0.33941085257083026 0.45059479311282324 0.33844689331191874 0.45048639055884554 0.3207889354574996 0.4478105288648501 0.31986196419574914 0.4431230288648501 0.32356566789945285 0.4301021955315168 0.30597307530686024 0.4243730288648501 0.30226937160315653 0.3785396955315168 0.2893064086401936 0.3777584455315168 0.27680640864019357 0.3728105288648501 0.27356566789945286 0.36734177886485014 0.2860656678994528 0.367965010903853 0.30697003948236434 0.36904897028399997 0.3117898357769218 0.37046677886485013 0.3156952975290825 0.36915736456802395 0.3239357209683217 0.36525844553151676 0.3351397419735269 0.36525844553151676 0.34254714938093433 0.3694333487513806 0.35373451602293854 0.37832182063055847 0.36302798697528 0.38661261219818344 0.37588048271426766 0.38731867852380647 0.38354282533450945 0.3852109737893225 0.38974003991741873 0.38737091320939476 0.3987953341832425 0.39049461817335873 0.40482861593431557 0.39543162424362704 0.39961495626763244 0.39739918067333607 0.4115520869976997 0.40526752048792797 0.4208817904640882 0.40692511219818345 0.446250853084638 0.40745491624846913 0.4501329603938707 0.4086472699126401 0.45225366782170584 0.41020403624604285 0.45378826817768386
5 0.3372300183469414 0.636412905240855 0.34507433813985705 0.6248075339709641 0.3534076714731904 0.6238816080450381 0.35999073447941604 0.6205315116914553 0.36851183813985705 0.6081408673042974 0.37966360385487447 0.6156319349812562 0.3881790033257811 0.6155491207027948 0.3924701714731904 0.6099927191561493 0.39568119719997874 0.6059895957783309 0.3974180881398571 0.5974927191561493 0.4125222548065237 0.5289742006376308 0.4130430881398571 0.5150853117487418 0.4093972548065237 0.49286308952651964 0.40795188422549 0.46405660483885924 0.4083315248802 0.45375946859827526 0.4070027862092365 0.4515649976793958 0.406156629769568 0.445185272434809 0.40595877983956635 0.4383981657266983 0.40314725480652375 0.42527049693392704 0.4032063941442227 0.4207732974924131 0.39703725703857523 0.4136834757999805 0.3948543359458182 0.40169827113689044 0.39048848651926094 0.4059184099960512 0.3868106726121551 0.3992494867397809 0.38472265263177163 0.38962756885301003 0.38700048931898856 0.38287534667835277 0.3863361236040284 0.3769671522755277 0.3832990056073914 0.3725782104377688 0.37944933813985704 0.3748075339709641 0.37241808813985705 0.3863816080450382 0.3580951714731904 0.4229556821191122 0.34507433813985705 0.4312890154524456 0.3393451714731904 0.4424001265635567 0.33257433813985704 0.4451779043413345 0.32866808813985704 0.4521223487857789 0.32751931733642853 0.45929824783020134 0.32952638867671175 0.46900006739706696 0.334428702109875 0.4808332549043534 0.33648058813985704 0.48823345989689004 0.3312722548065237 0.4974927191561493 0.32948338051722303 0.5084368009363346 0.3267250724396454 0.5154623507057211 0.32765025288386634 0.5214783076929804 0.33075196035613785 0.532277941080625 0.33530411426881634 0.5416199330935813 0.33804308813985706 0.5447149413783715 0.31773058813985705 0.5724927191561493 0.31538473153696917 0.5820011054800953 0.3161680881398571 0.5910112376746678 0.3182514214731904 0.612307533970964 0.3234597548065237 0.6206408673042975 0.32392375620257907 0.6336103028853854 0.3281257238793138 0.6361014983797155
5 0.4480728107169736 0.5812178944235333 0.4522445748785939 0.5749851981453872 0.4754124390493094 0.5355173785025359 0.48478743904930943 0.49940626739142474 0.48478743904930943 0.48922108220623955 0.47819436385968417 0.4696443009851861 0.4794951283477866 0.46598125285955216 0.48253020138027225 0.46443891951617894 0.4827041057159761 0.43922108220623957 0.4764408070159915 0.4205307444140895 0.46959910360596313 0.4137044801186821 0.46968327238264274 0.4068136747988321 0.4748916057159761 0.3910729340580914 0.47472570542114906 0.3783353953677167 0.46150140429133685 0.36792463242970225 0.44556719644120335 0.3750579324165325 0.4389541057159761 0.39199885998401734 0.42377960628428524 0.414234133040705 0.4181430208155022 0.4433457144269132 0.4129400124828149 0.4527925033971651 0.41187077238264275 0.45959145257660994 0.41011255775276645 0.49384352453148916 0.41343440805069676 0.5113992983219455 0.41381404146436357 0.5294615003664589 0.41916243904930944 0.5438507118358692 0.43608952238264276 0.5720914525766099 0.4391718344443451 0.5749875541286278
5 0.6579639604752081 0.6699936362143379 0.7172441665058896 0.660628065386292 0.7189662562752633 0.6607915731364816 0.7328691665058896 0.6485910283492551 0.741202499839223 0.636553991312218 0.7547441665058897 0.624516954275181 0.759171249839223 0.6064613987196255 0.7479733331725563 0.5948873246455514 0.746671249839223 0.5879428802011069 0.7495358331725563 0.5791465839048107 0.7545812952937367 0.5927494618905413 0.7617312356564251 0.5933697953909365 0.7626031783050661 0.5738293670356903 0.768546249839223 0.5638688061270328 0.7666141198107309 0.5505669495099501 0.768358005108013 0.5440534655036164 0.7669628915482717 0.5378501541634191 0.7706295831725564 0.5305354727936995 0.7690670831725563 0.5147947320529588 0.764639999839223 0.5078502876085144 0.7542233331725563 0.5013688061270328 0.7492754165058897 0.4805354727936995 0.745889999839223 0.47359102834925504 0.738077499839223 0.46710954686777356 0.7292233331725563 0.47266510242332915 0.7188066665058896 0.4902576950159217 0.713077499839223 0.4902576950159217 0.706827499839223 0.48099843575666246 0.691202499839223 0.47081325057147727 0.681827499839223 0.4717391764974032 0.6723057838115724 0.4787103784020158 0.6702798605632091 0.4868741577121658 0.6664628067409766 0.4944562067143378 0.6606198566875541 0.4994948669690353 0.6541146084080699 0.5083956225689058 0.6491988616609866 0.5270587811781908 0.6456065801988023 0.5331116936702349 0.641825234328017 0.5368106985993283 0.6419263077502632 0.5468449603394563 0.6462780063340164 0.5549201898362768 0.6536419401742217 0.5600135383706966 0.657970047163344 0.5697972170309374 0.662296249839223 0.574053991312218 0.6596920831725563 0.5944243616825884 0.6478715332545547 0.612864842830867 0.6494650871922664 0.6274799117841822 0.6565670831725563 0.6407206579788847 0.6528292115877019 0.6533030485927857 0.6519439128502532 0.6624356338191779
5 0.45968158042927953 0.7304245293116187 0.4629711428322902 0.7304245293116187 0.4667449821827281 0.7016292236136191 0.4594533155160614 0.6812588532432488 0.46367605418340396 0.6772357273378661 0.4660257347849296 0.6727779911719814 0.4718216088215886 0.6488177210558529 0.4714324821827281 0.6432958902802858 0.4693491488493947 0.6349625569469524 0.45684914884939476 0.614592186576582 0.45138039884939474 0.5974625569469524 0.4440887321827281 0.590055149539545 0.42794289884939474 0.5882032976876932 0.39877623218272806 0.6113514458358413 0.3922658155160614 0.6219995939839894 0.38236998218272805 0.6544070013913968 0.38218077155056107 0.6620860885642353 0.3834116488493947 0.6710736680580636 0.3867970655160614 0.6789440384284339 0.39408873218272805 0.6863514458358413 0.4039845655160614 0.7039440384284339 0.4081512321827281 0.7039440384284339 0.4117970655160614 0.7104255199099154 0.4206512321827281 0.7076477421321375 0.4269012321827281 0.7002403347247302 0.4362762321827281 0.7002403347247302 0.4519012321827281 0.715055149539545 0.4571095655160614 0.727092186576582
5 0.38799396888925025 0.8593028017917272 0.3905981355559169 0.8565250240139495 0.39500353021647255 0.833094267474213 0.3984106355559169 0.8231916906806162 0.3978898022225836 0.7935620610509865 0.39424396888925023 0.7824509499398754 0.3960668855559169 0.775506505495431 0.40358224978370233 0.7720621575966572 0.4101293855559169 0.7718028017917272 0.4124731355559169 0.775043542532468 0.4129939688892502 0.7889324314213569 0.4174210522225836 0.799580579569505 0.4241918855559169 0.8042102091991347 0.43721271888925023 0.8042102091991347 0.446776896822263 0.7881232332315424 0.44858293942087807 0.7835725916461103 0.4573047927878251 0.7834995011616074 0.4609106355559169 0.775969468458394 0.46212827039303 0.76429928760948 0.46143146888925024 0.7528213203102457 0.45674396888925023 0.7407842832732088 0.45807831306001634 0.7333541479433892 0.4566685023088823 0.727642685271335 0.45220410558065555 0.717612806796708 0.43741161763008335 0.703586383132549 0.4320043855559169 0.7032842832732088 0.428012895223981 0.703586383132549 0.4247127188892502 0.7069879869769125 0.4211204964026206 0.7106908793890307 0.4126616438469098 0.713616258950165 0.40968537936142535 0.7092978404905815 0.4072882145543433 0.7073283452951459 0.4029503303298674 0.7050920323607529 0.4002055602439022 0.7012329603945994 0.3948040748606434 0.6900453952521595 0.38651912027936963 0.6809082883017378 0.37367105222258357 0.6699509499398754 0.36595946958432274 0.6583837301262818 0.36117105222258356 0.6551361351250606 0.3550346608741041 0.6587802698193389 0.3406758609705633 0.6743145108440092 0.3391708216442044 0.6911786486850108 0.3411231292223495 0.727358814159812 0.3373605309064524 0.7353893545300946 0.33300538799898194 0.7439405614490835 0.3250192015407867 0.749041274180711 0.3197515638985307 0.7549303340555102 0.3168919868819412 0.76429930292652 0.31809602293604383 0.7792896408665035 0.3241161802414792 0.7908000800216365 0.33404119434729335 0.7969057559757207 0.3445043855559169 0.8014324314213569 0.3544002188892502 0.8162472462361717 0.36377521888925024 0.8218028017917273 0.3666398022225836 0.838006505495431 0.37315021888925026 0.8523583573472828