5 0.3093743840949852 0.2747945474112197 0.32382532495662114 0.27295891084387847 0.33358041271589556 0.2788806985351453 0.3373253060452972 0.2887352637054999 0.3411941397475243 0.2928391980931314 0.3500527304195021 0.29298435654138694 0.35594573587130524 0.2898783042474981 0.36308360496345726 0.2801496530404167 0.36998354508587084 0.2776117440298738 0.3740283520934556 0.27634280243307524 0.37878691696619166 0.2886093497422265 0.3928247261807573 0.2805726378755073 0.4087985144223273 0.2831383682937404 0.4227987954375404 0.29665588099808404 0.4273850943907999 0.2897898297031238 0.43331408603819893 0.2726298576215227 0.4420760229166063 0.2560395303487317 0.4639654881325392 0.22939148573803086 0.48918595892480965 0.2120491074993208 0.49990836766933494 0.20691795436351998 0.5117892110499578 0.2082422439835064 0.5070306461772216 0.1790562903622626 0.5067927026854514 0.15833003344282856 0.518021480419502 0.11659546765249802 0.4956100411077465 0.13252797141078138 0.48276187674187276 0.13464288267776106 0.47635149359331774 0.13528054156613892 0.45706554801012556 0.12702916855460505 0.45264565442940147 0.12935408177515983 0.4467191946384224 0.12408611751651177 0.4354693970861687 0.11520657876360914 0.43428761146742806 0.1199939892316048 0.4159043818214557 0.11519673917933597 0.41151106375283536 0.11335472691175728 0.39930702255764255 0.12108503914403612 0.39224023041950207 0.11983620839323876 0.37900781378813697 0.11973596924049522 0.36918736703306726 0.1199939892316048 0.3505735637528354 0.13002139357842396 0.33286523041950206 0.1383547269117573 0.3292193970861687 0.14576213431916468 0.32505273041950206 0.14483620839323877 0.31724023041950206 0.15039176394879433 0.2854693970861687 0.17724361580064618 0.26880273041950203 0.19483620839323876 0.26776106375283537 0.20039176394879432 0.26055120595111575 0.20312776785595052 0.25077084505621594 0.21242191074420383 0.24981616766718331 0.21606999513310263 0.2544317333052118 0.22073801360329992 0.27219937751128326 0.22056597037262218 0.2918173506652496 0.23064742879896602 0.3073733484358126 0.2431440280444468 0.3149005878745913 0.25300421835153597 0.3145043944702078 0.26497733268089085
5 0.54747455936806 0.18463289342547165 0.5527089967023048 0.21043492964057336 0.5553262153694271 0.21339582348620678 0.5646054451892247 0.22989223205473588 0.576026035736668 0.24131282260217915 0.5888742001025415 0.27388268072109234 0.5938162896245599 0.2725753437064391 0.603776960209079 0.2675881686130451 0.6300359118672849 0.2616161205034681 0.6512115901740025 0.24892657545075345 0.653776960209079 0.24258816861304508 0.6616804648424922 0.24596568160512 0.672863126420197 0.2446967270998485 0.6838078880722271 0.2290462882015004 0.6904957102090791 0.2134215019463784 0.701433210209079 0.16527335379823027 0.6983082102090791 0.13749557602045248 0.6890478091170734 0.10801528835665722 0.6837248768757457 0.08194002046489693 0.6695321208438595 0.08057861753897473 0.6571598144174627 0.07677175402316035 0.6438357921121122 0.0877693532812767 0.6395274189809664 0.08058860040953217 0.6159981026527194 0.08353950493037181 0.592681063618356 0.08100159591982888 0.5766936268757458 0.08518076120563768 0.5652352935424124 0.09814372416860064 0.5589852935424123 0.11018076120563768 0.5454436268757458 0.11018076120563768 0.5292977935424124 0.09999557602045249 0.5206380842871947 0.10994526814134378 0.5104706284757958 0.14609622027384825 0.507683210209079 0.15786594639082285 0.5077226674456881 0.17956028649481567 0.5103332304242905 0.19323901839036423 0.5122610718467766 0.20493615260134243 0.5182190699134129 0.190004619738007 0.5231002542454075 0.18241166633268227 0.5284402417889879 0.17744213832046057 0.5322471198268341 0.17871106700878658 0.5417642640943383 0.17659616865027958
5 0.3807323778955688 0.43912580527461365 0.39740975769654985 0.44780346630927054 0.41022286656803536 0.44346463579194206 0.41231368509139965 0.44265450694754055 0.42059538327352364 0.4481650355190479 0.4281205424520151 0.4582889844270308 0.44459453957249645 0.460458399685695 0.46146706490387257 0.46390706683221883 0.47485039881540014 0.4538891517839146 0.4843596097525381 0.4576458388770276 0.4864727677385688 0.46328096505516203 0.5107740845779214 0.47580336364246556 0.5164091725406698 0.48269069337471354 0.5198140604674546 0.4891642832724846 0.5068999616035319 0.43134879993292086 0.4988977152659349 0.4188779295270811 0.49602420589352303 0.3955188848047937 0.4931596225601897 0.39135221813812704 0.4860530859696331 0.3881316609401481 0.45497568785793635 0.377966492417069 0.44603553511363253 0.37712396786801045 0.4432836118455981 0.3801816603880485 0.4370402601870159 0.3836777205013432 0.42388878922685636 0.3839448107307196 0.41070453278207186 0.39498362608902987 0.4020137892268564 0.39968555147146034 0.36138878922685636 0.40987073665664553 0.35998734448459224 0.39790691535999373 0.352768480982311 0.3847100275138587 0.34628983765134314 0.37883831591106426 0.33842878035161666 0.3787437472417932 0.32977564876848375 0.37816081072612645 0.31681836210654796 0.3849358625755046 0.3087846225601897 0.3959818477677567 0.3069044648741524 0.3960990693111069 0.29810753922685634 0.42144481073071965 0.2939408725601897 0.4390374033233122 0.2970286086678175 0.45109367594063937 0.2983623922931621 0.4608199578612558 0.2973454788906632 0.4680513530910198 0.3008029844591593 0.46552035758836163 0.30923526381854965 0.4587291145534431 0.3157906897328318 0.4615421708844761 0.3216127519685387 0.4585186234963684 0.33395326488350624 0.449068100741588 0.347432913655319 0.4460304360240575 0.36015312307220654 0.44569291772210967 0.3787588194670807 0.43860503338120527
5 0.39584346810964505 0.3996949577645541 0.40938513477631167 0.3932134762830726 0.42240596810964504 0.3821023651719615 0.44063513477631167 0.37932458739418373 0.4468851347763117 0.37469495776455414 0.48542680144297834 0.3821023651719615 0.4941261145856559 0.3668132881672319 0.4961900570366817 0.36192098013517077 0.514593468109645 0.3533986614682578 0.5344624068837327 0.33016615657702586 0.6015726347763116 0.3237690318386282 0.6070413847763115 0.3177505133201097 0.607562218109645 0.31219495776455414 0.5870994453154625 0.2726800812458885 0.5753077761979618 0.24220813905908262 0.5691080326413378 0.23529252756938113 0.5630298526838632 0.2301058140056695 0.5609476347763116 0.22654680961640597 0.5519675651612594 0.21043951848134884 0.5455830514429783 0.18441717998677634 0.5417562228327022 0.17823867177330577 0.5380309681096449 0.1774727355423319 0.5332467783118909 0.17953535016423366 0.5282626633271086 0.1784547881360841 0.5260518014429784 0.1811764392460356 0.5180513209985513 0.19185379487804882 0.514593468109645 0.20154680961640598 0.5125272175600395 0.20644121114076422 0.5123138327916353 0.2106140688340006 0.5008444014899133 0.2081482892879973 0.4828226347763117 0.21821347628307264 0.46557904029983493 0.23145885040656525 0.4455441627652139 0.25377346800545403 0.43504395200380414 0.2741570189088293 0.4281644962074551 0.29110755071268885 0.423698889331913 0.2986172930888084 0.40938513477631167 0.28580606887566523 0.3925203307709998 0.2838755352589858 0.37833518438874403 0.28957550037218716 0.3729914670951177 0.27903920122354214 0.36459346810964505 0.28302829109788746 0.35479943790525525 0.2931904104429096 0.34087313146573744 0.29604708868691326 0.33401710368012866 0.2848108209271655 0.3308033406556245 0.2792879096554251 0.3243758211450339 0.2750981148975531 0.30573930144297834 0.276546809616406 0.3040571197606493 0.28618202953878696 0.30466726780214864 0.3028142131885459 0.30304019394465675 0.30896088975476116 0.30181989786165814 0.31583070474053115 0.30507402074965445 0.31944639683830484 0.306294316832653 0.32595464261429746 0.30507402074965445 0.33282445760006746 0.3017723480009373 0.33756414583309985 0.3020232805421579 0.346925678849818 0.30271358847829244 0.35393228364774676 0.30414073478332365 0.364926595923543 0.31143503812014994 0.37817615174309227 0.3181625394259083 0.3830805525208916 0.32136430144297834 0.3811764392460356 0.330218468109645 0.37562088369048 0.3353026088899303 0.37660541516781665 0.34636430144297836 0.3774727355423319 0.35730180144297835 0.38858384665344303 0.366206199158593 0.4052229404374557
5 0.5212002312953679 0.4847285366231624 0.5508642870127106 0.4955714728770612 0.5625068553715084 0.4941889947420407 0.5727658199358007 0.4847285366231624 0.5945856996607863 0.4749995462831599 0.6138532868903004 0.4626896988865258 0.6216807442022905 0.4621544881301505 0.6304426567421555 0.44668990981929624 0.6391419951290377 0.45947843434827357 0.6520874052988674 0.451985483759018 0.6581085263080906 0.410774271851449 0.6560011339548626 0.3968587758523527 0.6572053581567071 0.35136586156044447 0.6749131944444444 0.31616512345679015 0.6658593234088221 0.31891213204151847 0.6590884900754888 0.32539361352299995 0.6502343234088221 0.3263195394489259 0.6429426567421554 0.3365047246341111 0.6200259900754888 0.32539361352299995 0.5351301567421555 0.3318750950044814 0.5122134900754888 0.3587269468563333 0.5059634900754888 0.362430650560037 0.5012759900754887 0.36891213204151846 0.4982037040743279 0.3867232191396722 0.4982875672244357 0.39935319219910326 0.5028532386464746 0.41899934130039057 0.5092740109706261 0.4315949058556237
5 0.6875 0.6125 0.6916666666666667 0.6087962962962963 0.6922094006638537 0.6004238727804644 0.6947916666666667 0.5884259259259259 0.6953125 0.5578703703703703 0.6885416666666667 0.5449074074074074 0.687776194928078 0.5423347273698776 0.6922979608888383 0.5395627551031527 0.6924538838530023 0.5342960238691634 0.6908854166666667 0.5296296296296297 0.68203125 0.5268518518518519 0.6669270833333333 0.5314814814814814 0.6419270833333334 0.5203703703703704 0.6104166666666667 0.5236111111111111 0.6285252773467243 0.5792897672563057 0.6388020833333333 0.6046296296296296 0.6611979166666667 0.6074074074074074 0.6752604166666667 0.6046296296296296
5 0.5656307477154379 0.7961521455562355 0.5815446137327255 0.7647984144729035 0.6278987803993921 0.7120206366951257 0.6359716970660588 0.6976687848432739 0.6349300303993921 0.6911873033617923 0.6315446137327254 0.6879465626210516 0.6195654470660588 0.6944280441025331 0.6122737803993921 0.6944280441025331 0.6028987803993922 0.6870206366951257 0.5799821137327255 0.6786873033617924 0.5648779470660588 0.6777613774358664 0.5562727749489355 0.6731413452841898 0.547150457302911 0.6716134888676742 0.5303433288558614 0.673448185150393 0.515398780399392 0.6657243403988294 0.4659196137327254 0.657391007065496 0.44404461373272536 0.6388724885469775 0.4164404470660587 0.6268354515099405 0.3997705143299911 0.6348372152573165 0.39144044706605874 0.6323910070654961 0.3799821137327254 0.6259095255840146 0.3633154470660587 0.6268354515099405 0.34456544706605874 0.6314650811395701 0.3390966970660587 0.6411873033617924 0.33595148361892063 0.6801225109521507 0.3375341970660587 0.6911873033617923 0.34118003039939204 0.7069280441025331 0.3460772387756422 0.717447609079925 0.3638897361942233 0.7251628080519406 0.37055750134086207 0.7244061822196978 0.38511974926883036 0.7228122881725044 0.4081071137327254 0.7314650811395701 0.4253716628693191 0.7504541538293398 0.4336461349927362 0.7510570297581861 0.4320654470660587 0.7462798959543849 0.4393571137327254 0.7546132292877183 0.4601904470660587 0.7629465626210516 0.47958029230168886 0.7797144967138084 0.5341487803993921 0.782391007065496 0.5473036973467094 0.7962924877944778 0.5539751600725874 0.7944405173878845 0.5567458637140639 0.794222942583927 0.5610865704017579 0.7982019237143133
5 0.6214571571800808 0.6931865974811058 0.6279512339515205 0.6883767198224666 0.6321282771958898 0.6870565678835054 0.6361196740738428 0.6903569477309085 0.6369327672730424 0.6968348430459574 0.6386731081897885 0.6942354848207974 0.6450550996569596 0.6849342890135371 0.6488364501733678 0.6857364159445443 0.6559925996569597 0.6654898445690927 0.6669300996569596 0.6590083630876111 0.6747425996569596 0.6451194741987223 0.6945342663236264 0.6321565112357593 0.701046718806051 0.6292977839031969 0.6986177417891303 0.6193326564148379 0.6911308943713335 0.6169537174847277 0.6748292715738811 0.6061788556926795 0.6633345375500367 0.6091512313594514 0.6553927213153805 0.6087796844011049 0.6420170308149068 0.607293496567719 0.6372101420412991 0.6046926678592935 0.6276071829902929 0.5798416964209445 0.6184005772750081 0.553419187607478 0.6083688093996529 0.522209243106373 0.6044300996569596 0.5173416964209445 0.5830759329902929 0.5071565112357593 0.5632842663236263 0.5062305853098334 0.5232407755060211 0.48822021691791856 0.5226712133714841 0.49362050974908384 0.5184944243848798 0.4888952535218142 0.50843216000806 0.47674459465169233 0.4902061717028773 0.4703317469146836 0.482612009909051 0.4608812344601443 0.47634682642914444 0.45716853313871814 0.4638164594693313 0.46661904559325745 0.4325550996569595 0.46178614086538894 0.42546595399828036 0.45986867955430083 0.42204858119105854 0.45109320370365724 0.4133152835403872 0.4456929108724919 0.39505509965695945 0.4497491038283519 0.3773467663236261 0.4423416964209445 0.35911759965695944 0.448823177902426 0.3346384329902928 0.45067502975427787 0.317249136848486 0.46695656389520523 0.30927526696496854 0.4639188991776747 0.2867217663236261 0.4784528075320556 0.2745452723242147 0.4884326175667195 0.2719786973748735 0.49628329058017207 0.27044291481566785 0.5006439559696181 0.26885673940952143 0.5156832558806702 0.26701428829632307 0.5189777320821172 0.25458115268649845 0.5220279575052558 0.262644211001076 0.5302525635510176 0.2722934447218 0.5349523425321923 0.276258883237166 0.5443519004945413 0.2792317340648502 0.5530814505796976 0.2899290188361133 0.5836152171819818 0.2830408755115652 0.5914078857948075 0.2821015806341264 0.6075498591937588 0.28241465981660274 0.6287013712990448 0.281475364939164 0.6537492346974131 0.2789705785993271 0.6637683800567604 0.2801478747291597 0.6807376749570915 0.28742423249627647 0.6826934324021943 0.2926164837775081 0.6749321850298183 0.30088745907289943 0.6704478102963254 0.31466378394200206 0.6604286649369779 0.31785057351821305 0.6608582700546103 0.3240567327163902 0.654862473070674 0.3315134329902928 0.6275268816061297 0.3414092663236261 0.6321565112357593 0.3457214122102459 0.6288984918878906 0.3800753849144051 0.6234339922690645 0.3914664353623393 0.6308271353499748 0.4007842663236261 0.6330824371616852 0.4164092663236261 0.6256750297542778 0.4261820066440665 0.6282556009242747 0.4428165565045418 0.6369344965036531 0.4646946057775582 0.6542922876624099 0.4887423789454192 0.6594353368946342 0.5164063586046879 0.6636140643958164 0.5308711845703186 0.6716500788211667 0.5478673550799348 0.6700428857456846 0.5567270720196699 0.6719715292077687 0.5617897500718542 0.6751859251683209 0.5804132135026038 0.6767931280533911 0.6041884990502188 0.6857364159445443 0.6117071768900838 0.6923371756393503
5 0.3895988685873274 0.8958056876906716 0.3958488685873274 0.8596945765795605 0.3994947019206607 0.8124723543573383 0.39897386858732736 0.7958056876906716 0.3916822019206607 0.7754353173203012 0.3901197019206607 0.7615464284314124 0.39819261858732735 0.7323797617647457 0.3862134519206607 0.7249723543573383 0.36381761858732736 0.7268242062091902 0.34610928525399404 0.7203427247277087 0.33829678525399404 0.7138612432462271 0.31954678525399405 0.7147871691721531 0.3069592001267127 0.7053746061399456 0.30399274586718794 0.7031595524565751 0.30131761858732736 0.7064538358388198 0.29010475240117434 0.7128858239748609 0.28497781144699397 0.7160549856927465 0.288769039810614 0.739958383338951 0.2945797749729769 0.7646611048353882 0.2953376989619811 0.797448321467865 0.294832416302645 0.8217018891160005 0.29725917327760565 0.8363346547838711 0.2973994560398886 0.849801799963036 0.297671785253994 0.854601983986968 0.30913011858732736 0.8629353173203013 0.321109285253994 0.8610834654684494 0.3409009519206607 0.8749723543573383 0.3643384519206607 0.8805279099128939 0.38465095192066073 0.8953427247277087
5 0.549385635123357 0.9151874011910407 0.5816069172953867 0.893104973287393 0.6178752184566904 0.8767614752651147 0.645479385123357 0.8721318456354851 0.6504195572544023 0.8769207639758044 0.656416885123357 0.8776874011910406 0.6621460517900236 0.8730577715614111 0.6655314684566903 0.8642614752651148 0.6637179792438879 0.8380469278842435 0.6608619423065486 0.8258294365411815 0.661885635123357 0.8142614752651147 0.6612189469237161 0.8072651964484768 0.6640749838610553 0.7980624107614952 0.6655030023297248 0.7653766595430208 0.668135635123357 0.7550022160058555 0.666573135123357 0.7494466604503 0.6637085517900236 0.7452799937836332 0.660683439997965 0.7399896597022655 0.6538127184566903 0.7425022160058554 0.6500625526372349 0.7401483332631915 0.639352419569671 0.7411003455756379 0.6283745221443156 0.7531591657788663 0.6256969875155602 0.7574432236059676 0.6193601555608389 0.7553805254201487 0.5831241869183482 0.7780701522001209 0.571343034551824 0.7858449242606181 0.565791885123357 0.7971318456354851 0.5607650452164942 0.7994737655635701 0.5560852249584443 0.7948919121839999 0.5464542778555024 0.7979062918282319 0.5445552186796362 0.7964593895990006 0.5418335517900237 0.8017614752651148 0.5308960517900236 0.7962059197095591 0.48818771845669034 0.7943540678577073 0.472041885123357 0.7878725863762258 0.461104385123357 0.7823170308206703 0.4558960517900237 0.773983697487337 0.43289476271607585 0.7521868289482482 0.4243968589841676 0.751543961526449 0.409541885123357 0.735094808598448 0.40653431071935964 0.7319516652124339 0.40022672131380405 0.7292990111255098 0.39853113690354397 0.7362923755797908 0.39150196410120647 0.7602992605433068 0.3930192282767097 0.7742621029503354 0.3985527998428044 0.7891769673541805 0.40060558183897504 0.797903746884939 0.4009625810086843 0.8158333072604944 0.39882055330567995 0.836777578134315 0.39685702791125926 0.863751260320296 0.3916804664097902 0.8912009583468703 0.3915912098080402 0.898023703568366 0.395250507134006 0.8942156543185805 0.40203360030764473 0.8994517220370355 0.423604385123357 0.9054651789688184 0.4324585517900237 0.9110207345243739 0.4635276401672705 0.9067504830991245 0.487666885123357 0.9073170308206703 0.507979385123357 0.9137985123021518
6 0.2953823401737546 0.3708334781533117 0.29880316828783643 0.35479707743865674 0.29910564698266745 0.33931342051172125 0.3044246567096858 0.32954220264282824 0.3046019570339198 0.3197709847739352 0.30105595054924084 0.31851018246827156 0.2999921486038372 0.3147277755512807 0.30318355444004824 0.3033805548003081 0.30349066828783644 0.2797970774386567 0.30637496027625927 0.2743821017700449 0.30992096676093817 0.2702844942766381 0.3128656682878364 0.26035263299421224 0.3123448349545031 0.2529452255868049 0.30948025162116977 0.24785263299421226 0.29177191828783644 0.23211189225347154 0.2740635849545031 0.22285263299421226 0.25194377155799075 0.22268920723783656 0.2487523657217797 0.218276403977593 0.21833441828783642 0.21359337373495302 0.19567816828783643 0.21313041077199005 0.19151150162116976 0.226093373734953 0.19166165049689596 0.23309082625956143 0.19359483495450308 0.23813041077199004 0.18578233495450308 0.2612785589201382 0.18386044705215532 0.2797405115691153 0.1863031682878364 0.29553781817939745 0.1845696375275381 0.3077933628701308 0.1842198349545031 0.3186859663275456 0.17678735354539135 0.33343258058767505 0.1787187268278179 0.34088942339380074 0.19489691828783642 0.34785263299421226 0.20427191828783642 0.34785263299421226 0.2193760849545031 0.3413711515127308 0.25270941828783644 0.34044522558680484 0.2702056941325342 0.3462478524311876 0.2801345122896352 0.35286706453592165 0.28395941828783644 0.3561859663275456 0.29290013563447936 0.36200786201366636
6 0.18818846658689664 0.5507517296222227 0.18894576423915782 0.5442445794250157 0.1960138756602619 0.534147277394867 0.2028295545306123 0.523825594298995 0.20583101255228595 0.5206468921141006 0.2184803803809729 0.5074455231373626 0.2260533569035844 0.5101381370120689 0.24492532514572146 0.5197245830159838 0.2504130903476881 0.5193379010839823 0.25286279599650646 0.5210879945377273 0.2630407548526126 0.5189730939961986 0.2674027372195152 0.5177981564221986 0.2688567394095214 0.5055787238998513 0.27032356763936854 0.4893613203883778 0.2737517006172131 0.479567469750003 0.2760527343060352 0.4643613203883778 0.27553190097270186 0.4393613203883778 0.2807402343060352 0.42825020927726665 0.2823027343060352 0.41621317224022963 0.2875110676393685 0.4069539129809704 0.2895944009727019 0.3838057648328222 0.2936093369314151 0.3805944887554089 0.2948027343060352 0.3717687277957852 0.29185061787979716 0.36356191760336076 0.28040258039801186 0.35457529077783234 0.27073759510523604 0.3484440299609867 0.2537167639787772 0.3434008303574904 0.24784257769007734 0.34294553841538394 0.2380299741342614 0.3432098590352549 0.233421023979257 0.34506003884492 0.22539253016086214 0.34373847607645996 0.21617462985085328 0.34532435139861206 0.20620027708407956 0.3500200424622244 0.1984822082880943 0.3519321733070913 0.1937245913960895 0.3498176648113762 0.17800953635243516 0.34308562016191635 0.17570462131584083 0.3342600040222709 0.16824023430603524 0.3412131722402296 0.1668396051041435 0.3500200328430662 0.16824023430603524 0.3717687277957852 0.1614694009727019 0.4069539129809704 0.1599069009727019 0.42176872779578517 0.16094856763936857 0.4402872463143037 0.15782356763936856 0.4551020611291185 0.15886523430603522 0.499546505573563 0.16251106763936857 0.5180650240920815 0.1731881509727019 0.5407502092772667 0.1810006509727019 0.5490835426106001
5 0.2712626256477355 0.89084843117331 0.28671875 0.8731481481481481 0.29739583333333336 0.8532407407407407 0.2942708333333333 0.8245370370370371 0.29467753273518305 0.7927905532879842 0.2934165689677185 0.7617514451657793 0.28895469717515154 0.7448523751881344 0.28439582816970266 0.7179518148155568 0.278125 0.6976851851851852 0.2796875 0.6791666666666667 0.2784656020797794 0.6670156132250363 0.2786458333333333 0.6578703703703703 0.28014788680889785 0.6547009322529568 0.28177083333333336 0.638425925925926 0.28177083333333336 0.5912037037037037 0.28816342119712174 0.5823961940678257 0.28648113646800333 0.5764147802033623 0.27447916666666666 0.5439814814814815 0.2714396398382498 0.536304127892792 0.26588541666666665 0.5324074074074074 0.26302827659134814 0.5319060240942671 0.2565104166666667 0.525 0.25075758197233866 0.5202950442397205 0.24818469439093346 0.5218783596744314 0.24452327744816452 0.5209987399884809 0.22526041666666666 0.5111111111111111 0.21588541666666666 0.5111111111111111 0.20553414090827768 0.5229339086663446 0.20078125 0.5277777777777778 0.1893051516626219 0.5459799390694752 0.18940410887729134 0.5612853216050138 0.18541666666666667 0.5763888888888888 0.18541666666666667 0.6300925925925925 0.18229166666666666 0.6912037037037037 0.19010416666666666 0.7736111111111111 0.2 0.799537037037037 0.2109375 0.8152777777777778 0.22083333333333333 0.836574074074074 0.22604166666666667 0.8550925925925926 0.23151041666666666 0.8638888888888889 0.23493920018171288 0.8663544543554473 0.24557291666666667 0.8611111111111112 0.2596354166666667 0.8666666666666667 0.26458333333333334 0.8717592592592592 0.26640625 0.8833333333333333
5 0.7174479166666666 0.5086805555555556 0.7368923611111111 0.49174382716049386 0.7460069444444444 0.46165123456790125 0.7803819444444444 0.41350308641975314 0.7975694444444444 0.352391975308642 0.804861111111111 0.33665123456790125 0.806423611111111 0.3209104938271605 0.8137152777777777 0.29313271604938274 0.8152777777777778 0.27554012345679013 0.8147569444444444 0.22554012345679017 0.8095486111111111 0.2060956790123457 0.7858506944444444 0.164891975308642 0.7825520833333334 0.16300154909675504 0.7660590277777778 0.1537808641975309 0.7535590277777777 0.13711419753086423 0.7368923611111111 0.12600308641975314 0.7285590277777777 0.12692901234567905 0.7246527777777777 0.13294753086419756 0.720486111111111 0.1486882716049383 0.7194444444444444 0.1625771604938272 0.7053819444444444 0.1912808641975309 0.6960069444444444 0.24591049382716054 0.6887152777777777 0.2672067901234568 0.6835069444444444 0.3051697530864198 0.6773003472222222 0.313464512059718 0.6590711805555555 0.35281635802469136 0.657986111111111 0.3829475308641976 0.6571180555555556 0.3967978395061728 0.6589080007572364 0.40809089596780546 0.6517361111111111 0.4681327160493827 0.6505827720602649 0.4746928102322906 0.654225064246604 0.4811679963413376 0.6577256944444444 0.48433641975308644 0.6717881944444444 0.4852623456790124 0.680414868905143 0.4916516498137949 0.6868322408525024 0.490726623226788 0.6920355154044152 0.4956600795377765 0.6982794448667107 0.4953517561618218 0.7056423611111111 0.5000771604938272 0.7134548611111111 0.5000771604938272