5 0.5555996505427551 0.3251008259048732 0.5575635360702972 0.32150036910437935 0.5594046787523678 0.3110263129574883 0.5611754174572997 0.30925523563955987 0.5695230790500639 0.3046059423043455 0.5799254174572998 0.29629227267659686 0.5887795841239664 0.3009219023062265 0.5997170841239664 0.3009219023062265 0.608571250790633 0.29536634675067097 0.6182066674572997 0.2680515319358561 0.6215332251282759 0.2628573334554509 0.6309670841239664 0.2536996800840043 0.6411233341239664 0.23379227267659689 0.6494566674572997 0.19675523563955985 0.651540000790633 0.15416264304696725 0.6511887932249698 0.1501895832131563 0.6468525007906331 0.12823671712104132 0.6351337507906331 0.10832930971363391 0.631920200756052 0.10643382114832194 0.6195087507906331 0.10277375415807836 0.6080504174572997 0.09073671712104132 0.6039957952639874 0.08984142207786484 0.6026409723560165 0.09586285722440172 0.5997170841239664 0.09907005045437466 0.5919045841239664 0.09999597638030058 0.5666441674572997 0.11712560600993022 0.5666441674572997 0.13657005045437465 0.5718525007906331 0.16342190230622652 0.5713316674572997 0.16897745786178206 0.5629983341239664 0.18194042082474504 0.5603941674572998 0.1911996800840043 0.5594371751796147 0.20036820943429667 0.5611683377842441 0.21000250158520856 0.5632758400855321 0.21401679168289978 0.5638779836001857 0.23114442943304903 0.5482975201585216 0.2608501802395111 0.5399427788927017 0.27971734369865997 0.5348733341239664 0.2986070874914117 0.5349861607631861 0.31201180917295473 0.5354403842519951 0.3163723546655218 0.5367586237628983 0.31964558832836737 0.5381657251848496 0.32154040858263827 0.5403795377043039 0.32313694037733115 0.545902965750516 0.32117305484978903 0.5491556511555076 0.317354388546235 0.5496466225373932 0.3241188831411022 0.5511809081057853 0.3267373971778249
5 0.496579063661175 0.3381709130383944 0.49833998229034226 0.3366801882729618 0.4998493411153428 0.3341459561717263 0.5001854202611109 0.32594167145925906 0.5059145869277776 0.275941671459259 0.5093247501696294 0.19178174107290918 0.5064354202611109 0.1564972270148146 0.49515354786823546 0.10874837618764209 0.4861812481862877 0.11620199546547433 0.4639601321515574 0.11828901468641098 0.4476087448807181 0.11635106794201756 0.4264875035944442 0.10696018997777756 0.41180339942098293 0.09771700837410954 0.39888333692777755 0.0939972270148146 0.38794583692777757 0.11066389368148127 0.38117500359444423 0.1115898196074072 0.3783104202611109 0.13149722701481462 0.38794583692777757 0.13658981960740718 0.3921125035944442 0.15603426405185164 0.39364200935952076 0.15908804168391924 0.39914155594458933 0.16092373842845348 0.4035857791515355 0.1622653907173429 0.40794614909042587 0.15779321642104494 0.40853312196681496 0.16539591272475138 0.41060208692777755 0.1666824121999998 0.4069562535944442 0.18057130108888866 0.40652064353348094 0.1885021465889573 0.4069562535944442 0.19723796775555535 0.411971105957094 0.22189438133464845 0.42310208692777757 0.25927500479259236 0.42412982982515407 0.27228087840627174 0.4179246879890407 0.29449267741121804 0.4173729202611109 0.3037194492370368 0.41675074223626246 0.31238137459640974 0.41951790008209683 0.32326366538406803 0.4189309272057077 0.33027007178160145 0.41767312818487395 0.3362329799419939 0.41943404681404123 0.339065347897654 0.42505221577376545 0.3389162845197726 0.42752917026111087 0.33473796775555537 0.4349469014043246 0.32907749196925534 0.437714059250159 0.3244562451964142 0.4413197497765492 0.32669233234456313 0.4512982886751639 0.3286302745396255 0.46211536025433453 0.3299719268285149 0.4710876599362822 0.3347422460778994 0.4775443615765623 0.33727647817913486
5 0.548057209768358 0.4944882534565413 0.5630724757894091 0.4904261525039864 0.574252320598561 0.4823019505988767 0.5902468430992458 0.454592619101092 0.5933478219514192 0.4518361934547155 0.5962881645067887 0.4514166267497924 0.5961223819770483 0.45575322822792785 0.5979992902296797 0.45517291923717124 0.5983257090562242 0.4586547200536468 0.6039564338141183 0.4596702541464629 0.607710250319381 0.4566236784320467 0.6103216009317377 0.44661349223000213 0.6114640668246437 0.4312355386239017 0.6106110811734554 0.4250277378609035 0.6072256645067887 0.4162314415646072 0.599933997840122 0.40882403415719976 0.5949799160841422 0.40990951305032747 0.5910798311734554 0.4134536637868294 0.584308997840122 0.4116018119349775 0.576496497840122 0.3893795897127553 0.5752315770781948 0.38988915392825424 0.5629548311734554 0.38289810823127385 0.5551423311734554 0.3745647748979405 0.5501944145067887 0.36391662674979236 0.5464964978401221 0.3371110740199385 0.546340247840122 0.3288703304534961 0.544621497840122 0.3223888489720146 0.5417048311734554 0.3237777378609035 0.5392569145067887 0.3236851452683109 0.5367048311734555 0.3214629230460887 0.5342048311734555 0.31479625637942205 0.5347158877364202 0.29688087329112123 0.5361937107586249 0.2915012847235189 0.5333788097639492 0.29187660485614236 0.5291006645067887 0.29771292304608865 0.5216006645067888 0.3096110711942368 0.516721007400834 0.33287466555846673 0.5074860843523699 0.3491481110569755 0.5071735843523698 0.36525922216808665 0.5137360811734554 0.380583293416459 0.5137360811734554 0.3884073674905331 0.5111319145067887 0.3884999629088274 0.5106110811734553 0.3924814415646072 0.5120695391225737 0.4033811320920971 0.5117431153152731 0.42340149564150903 0.5123959529683623 0.43790899018881313 0.5136200235679044 0.4479191719635191 0.5157417459404442 0.45169111842069565 0.5175370544671954 0.46895504746905364 0.5231677792250895 0.4869443516875109 0.5246366639445401 0.4881049608143468 0.5292881322228005 0.4876697357122874 0.540712786171105 0.494198112243179
5 0.35052083333333334 0.8847222222222222 0.35651041666666666 0.8814814814814815 0.3763020833333333 0.8555555555555555 0.39505208333333336 0.8527777777777777 0.4005208333333333 0.8439814814814814 0.39739583333333334 0.8115740740740741 0.39010416666666664 0.7810185185185186 0.39869791666666665 0.7620370370370371 0.4158854166666667 0.7472222222222222 0.41875 0.7402777777777778 0.4203125 0.7310185185185185 0.4166666666666667 0.7180555555555556 0.42239583333333336 0.6995370370370371 0.42239583333333336 0.6893518518518519 0.41953125 0.6805555555555556 0.40859375 0.6787037037037037 0.40234375 0.6907407407407408 0.39401041666666664 0.6972222222222222 0.38567708333333334 0.7092592592592593 0.36484375 0.6981481481481482 0.3580729166666667 0.7037037037037037 0.34609375 0.7037037037037037 0.3377604166666667 0.7111111111111111 0.33229166666666665 0.7226851851851852 0.32916666666666666 0.7476851851851852 0.32083333333333336 0.7819444444444444 0.32708333333333334 0.7986111111111112 0.32916666666666666 0.8375 0.3385416666666667 0.8625 0.3411458333333333 0.8763888888888889 0.3455729166666667 0.8842592592592593
5 0.7014092128885241 0.5666038386396786 0.7052370698195685 0.5666038386396786 0.7128927836816572 0.5679000441613021 0.7154446883023536 0.5636873762160257 0.7182291666666667 0.5550925925925926 0.7223958333333333 0.5282407407407408 0.726928259095487 0.5160518232963616 0.7334902995487059 0.5111910525902734 0.73671875 0.5027777777777778 0.7466145833333333 0.4962962962962963 0.7546346521201895 0.48332263387536784 0.7580729166666667 0.47962962962962963 0.7611979166666667 0.4787037037037037 0.7646599917014965 0.49401632942876184 0.7726802633665419 0.49401632942876184 0.7785132104646901 0.4778137604084679 0.7819764873419356 0.45804662620370934 0.7807291666666667 0.449537037037037 0.7671875 0.39675925925925926 0.74609375 0.36018518518518516 0.7361979166666667 0.3537037037037037 0.7294270833333333 0.3388888888888889 0.7205729166666667 0.34074074074074073 0.7143229166666667 0.34814814814814815 0.7085180900461779 0.34365649386506586 0.6992218660707844 0.3417121855826306 0.696669961450088 0.34916536238733414 0.68671875 0.35648148148148145 0.6649534437182839 0.4078186622407981 0.6588541666666666 0.45694444444444443 0.65675089315176 0.48980366148348536 0.6547458141100775 0.5047100249821558 0.6594850766739347 0.5163758845660307 0.6702395207357336 0.5251252718369894 0.6777129556963442 0.538735419924773 0.6808116970214754 0.5523455779018199 0.68245220713478 0.5549379889450671 0.6848218328539981 0.5542898861842553 0.6888319686865209 0.560446862411967 0.6910193155042605 0.5617430679335904 0.6908370366027822 0.5562341944666905
5 0.21614583333333334 0.7375 0.25078125 0.7055555555555556 0.28151041666666665 0.6925925925925925 0.28501539876546017 0.6914399544076358 0.29921875 0.6731481481481482 0.3341145833333333 0.6564814814814814 0.33905727957033965 0.6526153560164732 0.34869791666666666 0.6296296296296297 0.36484375 0.6324074074074074 0.3841145833333333 0.6259259259259259 0.39114583333333336 0.6069444444444444 0.3927083333333333 0.5782407407407407 0.3802083333333333 0.538425925925926 0.37395833333333334 0.5032407407407408 0.35703125 0.4740740740740741 0.34036458333333336 0.4583333333333333 0.3299479166666667 0.4527777777777778 0.30390625 0.45740740740740743 0.29593483118307157 0.45191186170777436 0.29112287159614864 0.45158284964337525 0.2877604166666667 0.46574074074074073 0.2835347992913539 0.4696790553970498 0.2772422515264022 0.47000807750240675 0.275206427249506 0.4805367848738293 0.2737258277753997 0.4877752711916822 0.27409597764392635 0.4973169122470339 0.27631687685508577 0.5058714970272724 0.28229166666666666 0.5115740740740741 0.29635416666666664 0.5365740740740741 0.29739583333333336 0.5550925925925926 0.29453125 0.562962962962963 0.28779152277940945 0.5667405764773508 0.2794270833333333 0.575 0.25859375 0.5824074074074074 0.24818548684706626 0.5920752785898362 0.24189293908211457 0.5947074654736496 0.23098958333333333 0.5953703703703703 0.20390625 0.6138888888888889 0.20026041666666666 0.6148148148148148 0.18880208333333334 0.6074074074074074 0.17838541666666666 0.612037037037037 0.17582118755012152 0.6226743343880327 0.17323014976651308 0.6299128207058857 0.17489582417488264 0.6348481522862399 0.18463541666666666 0.6398148148148148 0.19322916666666667 0.6597222222222222 0.1948839170753175 0.6654472080844366 0.19340330630513367 0.6730147165076465 0.19636450525334626 0.6917689765129927 0.20208333333333334 0.7319444444444444 0.20654362663782697 0.7384901355555956
5 0.4327808055763247 0.5374667243303128 0.43975126995313757 0.5333408007985199 0.44700917479173935 0.5226267507986793 0.4538782632997017 0.5091477846698474 0.4593216919286531 0.4889869414117264 0.46107136541653027 0.47861850241223697 0.4740967124929495 0.46110736692862636 0.4748703945564536 0.44687446409796716 0.47241184963733396 0.42355058950983004 0.468329270255132 0.4092651895100425 0.465218739610017 0.38461135754231085 0.46437630422696496 0.369173905639671 0.46405229061809883 0.3630680491881489 0.46236741985199487 0.35707739757533474 0.4547206986827537 0.35696219625239944 0.44492247788978695 0.3538189085424116 0.43087329707020516 0.337031755640149 0.42834599092104925 0.3351884782208216 0.4254946711630271 0.3394510572530162 0.4199864398123026 0.34083351531751177 0.417436766310349 0.33818520445733363 0.4162766445564536 0.34085594557944865 0.40696109273588327 0.34117912983363574 0.4035162278897869 0.348726315949819 0.3983423307400437 0.36410489273652064 0.39672226665095717 0.37424292205859416 0.398147922574724 0.3768926298331046 0.39934956122312026 0.3839115011350042 0.3923183112231203 0.3890040937275968 0.3897235687442041 0.39544061238085954 0.3828544802362418 0.4068458878971753 0.3800679671552371 0.4182511669292638 0.37954954142580705 0.4271219430255496 0.3823360584620559 0.4300020604774761 0.38207684757496296 0.43818160754151425 0.37792947733672055 0.4402552946382576 0.37572618084118653 0.4456699185417592 0.37605019445005267 0.45304302821906894 0.37909592237339446 0.4589184785089478 0.382076847574963 0.4666371991866087 0.3843449428370261 0.46629158467048476 0.3855113918289443 0.4651395397991778 0.38635382721199624 0.46041613789637864 0.3901771877966168 0.46456351208986535 0.3900475863083146 0.474125517218399 0.3949725892078358 0.4851851782185909 0.39749989535699176 0.49463197499264394 0.40339694303835566 0.4994705852499238 0.4116916914253291 0.5155992556374935 0.4166815010018678 0.5210138830567678 0.425494671163027 0.5331103981526493
5 0.31483665292131074 0.45449873520423567 0.31552315324999713 0.4515567752739268 0.32053491604333273 0.4500072211044917 0.32205038879362335 0.4448941336672674 0.32554667883666827 0.44419648163395764 0.3303405388998588 0.4500072211044917 0.33366016308913765 0.45086548728464615 0.33753242803794775 0.4430253459068084 0.33845663879362337 0.42869042996356366 0.34334082546116296 0.4229469350611263 0.3447066387936234 0.38887561514874885 0.3400191387936234 0.3601719114450451 0.33481080546029 0.34628302255615623 0.3310786531232643 0.34014739465165766 0.3178484145481631 0.3382351635883916 0.3139774721269567 0.3286904299635636 0.3186649721269567 0.29998672625985995 0.3056441387936234 0.27591265218578587 0.30668580546029006 0.26480154107467474 0.30277955546029006 0.2569311707043044 0.29861288879362335 0.2541533929265266 0.27934205546029006 0.26526450403763774 0.26944622212695674 0.286560800333934 0.24939413879362338 0.3064682077413414 0.24027955546029003 0.3356348744080081 0.22361288879362337 0.34119042996356364 0.21553997212695672 0.349060800333934 0.21505218351512437 0.3564697290811877 0.2220011486287083 0.389304595252247 0.2316306021441622 0.41165635242094684 0.24252575195114068 0.4201787584890837 0.2499344314763444 0.42172828901455944 0.2741337221269567 0.43378302255615625 0.306153335853761 0.447682925316278 0.3059089309559985 0.4562197418481513
5 0.4713541666666667 0.7828703703703703 0.4981770833333333 0.774074074074074 0.5010416666666667 0.7643518518518518 0.5026041666666666 0.7300925925925926 0.5005208333333333 0.7189814814814814 0.5015625 0.6976851851851852 0.496875 0.6800925925925926 0.4908854166666667 0.6722222222222223 0.4825520833333333 0.6722222222222223 0.4747395833333333 0.6611111111111111 0.4674479166666667 0.6592592592592592 0.4471354166666667 0.6962962962962963 0.4296875 0.7125 0.4276041666666667 0.7180555555555556 0.428125 0.7319444444444444 0.4234375 0.7430555555555556 0.42239583333333336 0.7652777777777777 0.4283854166666667 0.7703703703703704 0.43984375 0.7564814814814815 0.46119791666666665 0.7787037037037037
5 0.24862499010369632 0.303972374028852 0.2642281419928809 0.28863190855764137 0.26836533222974907 0.28421889794263555 0.2781829030042133 0.2634563984964448 0.29770549540776725 0.2528550392276058 0.29951769275186646 0.2537858247662166 0.3070697760851998 0.24684138032177214 0.3143884380071678 0.24439919314412706 0.32020972010568205 0.23960334014155707 0.3226234224392124 0.23783644693008388 0.32716686212585766 0.23998196011544415 0.33483391659707157 0.2341764538491752 0.35255495824865896 0.21576525040457123 0.35718953403300535 0.21020375946335557 0.36378274763580243 0.20559987639967695 0.37109326138604454 0.191459475179999 0.3857156094185331 0.16998952846992024 0.39212663885236715 0.1610748938607783 0.3923965445134722 0.15886162229662892 0.39177202192794713 0.15708216997101113 0.39078798592674063 0.15389484490601904 0.3890101053835109 0.14471383215367953 0.3870629028837832 0.13748942867642874 0.3774962123416425 0.13237214288004276 0.3807133295151057 0.11130096607139467 0.3879095126662735 0.11009690341833825 0.3983228129909045 0.09354097418981984 0.40551899614207226 0.09519657124650852 0.3899413761442503 0.08405894462592821 0.3785710523262193 0.07663044403523031 0.3596200874471905 0.06377851696803129 0.3409239427518665 0.05147100995140171 0.32165310941853315 0.044989528469920236 0.295198012844204 0.0270034220965831 0.2826682148480268 0.02490199167692311 0.2765215214914116 0.03688016013969133 0.27087185941853315 0.06582286180325357 0.2691927717200627 0.07827840257569814 0.2703510260851998 0.08619323217362394 0.26611942504175506 0.1016043158264431 0.2656466024758616 0.11232162732002861 0.26824712658827565 0.12093750518742091 0.27399685941853313 0.1343413803217721 0.27009060941853313 0.1366561951365869 0.2620761277514356 0.13233744509040643 0.25915310941853315 0.13387841735880912 0.25524685941853315 0.14174878772917948 0.2544297421400941 0.14912951574360667 0.24743435941853315 0.16952656550695727 0.24438448130365845 0.18804444614558255 0.23987777263466695 0.2043644201472925 0.23857751779315967 0.2400887917925776 0.24170519275186647 0.26026730624769806 0.24046880084203381 0.2932550625352665 0.23881392186140663 0.30439266075409066 0.2448342686925609 0.30638850580346866
5 0.537356825407908 0.8402510290748078 0.5403103006195447 0.835618143415509 0.5474333517168827 0.8377801755744416 0.5660471921104464 0.818774538047773 0.5738407999748852 0.8207929093057531 0.5773154642193592 0.8285144042558443 0.5821799941616229 0.8278966673166778 0.5858283916183207 0.8133802922508752 0.5837435930716363 0.8099828616186494 0.5875657237405576 0.8072031302230702 0.5899979887116894 0.7963930448334466 0.5883163520335575 0.7875336377542077 0.5850576087771131 0.7710893528625878 0.5884958809783343 0.7396592330002586 0.5913076087771131 0.7238671306403656 0.5976518571619509 0.7211478040277179 0.6035491792651382 0.7253554741498298 0.6110197073907574 0.7191782838451349 0.6157867754437798 0.7016449084181433 0.6157867754437798 0.6775708343440693 0.6075259491246746 0.6557194969669788 0.6121937016888713 0.637208048514301 0.6138094621918625 0.6250798709116019 0.5965159421104465 0.6007189824922174 0.5879221921104464 0.5780337973070322 0.5754221921104464 0.5641449084181434 0.5624013587771131 0.5632189824922175 0.5400055254437798 0.5752560195292544 0.5165680254437798 0.5798856491588841 0.5121409421104465 0.5859041676774026 0.509053675086516 0.5923229761842863 0.5104245214208135 0.6069455155812551 0.5168284421104464 0.6220152787885137 0.515966187288509 0.6435913193642795 0.5173492754437797 0.6488671306403656 0.5048492754437798 0.6701634269366619 0.5001617754437798 0.6868300936033285 0.5028605743198029 0.6997639411589541 0.5010465840531545 0.7213402971528077 0.5046949815098521 0.7299883503834985 0.5029576493876152 0.7537704967678985 0.5017415169020493 0.767051435657888 0.5000041847798122 0.7738463534761196 0.49218619022974575 0.7778615021962518 0.47046954400369995 0.7858918561902962 0.45743955308692225 0.7787880793281114 0.45813448063390017 0.8016436674319117 0.4643888762739535 0.8186308959980804 0.46838474015509857 0.8217194864376127 0.4718594097014895 0.8350004441788624 0.4767239343418363 0.8387067527063015 0.48263086355744206 0.8365447205473687 0.48732166028748203 0.8442662154974598 0.49670325374756186 0.8377801755744416 0.5104281775132342 0.8380890157671349 0.5212555254437797 0.83081157508481 0.5267591100660959 0.8390155928989947 0.5342296275878814 0.8417953242945739