5 0.5092441325104937 0.4269270537535334 0.523843454093642 0.4027323346111691 0.527802592150089 0.3987731965547221 0.5314321655508079 0.37759296751340776 0.5309113322174746 0.3535188934393337 0.5366404988841412 0.32666704158748183 0.5418488322174746 0.25259296751340776 0.5512238322174745 0.22203741195785223 0.5551263394859158 0.1980153975184982 0.5494009155508078 0.1910188934393337 0.5332550822174745 0.18824111566155594 0.5171092488841412 0.17805593047637075 0.4999217488841412 0.17805593047637075 0.4806509155508079 0.17250037492081519 0.45356758221747456 0.17805593047637075 0.44341133221747453 0.19518556010600036 0.4350779988841412 0.23037074529118556 0.43559883221747453 0.26277815269859295 0.4298696655508079 0.31185222677266705 0.4303904988841412 0.33777815269859296 0.4283071655508079 0.3507411156615559 0.4314321655508079 0.3970374119578522 0.4428904988841412 0.4840744489948893 0.4531098373892673 0.4771161549656127 0.4673330161413967 0.4427999141668242 0.4774924295357749 0.44099379623004586 0.4886677842695909 0.4476162470376816 0.4941499186702895 0.4590400624336034 0.496376933827041 0.4643189131755327 0.4998411947293452 0.46167948780456813 0.5020682098860967 0.4480424567212507 0.5028105482716805 0.4418837975223332
5 0.580851223392198 0.47478003821828957 0.5894101389157131 0.48754276075745107 0.5919530244096107 0.5008798218817998 0.5982731875037743 0.5010417650081757 0.6148696910762774 0.4934724144743924 0.6286884408019998 0.4973758964373914 0.6348745940151982 0.491877093581215 0.6396092744096108 0.4837501922521702 0.6437759410762774 0.4541205626225405 0.6437759410762774 0.4402316737336517 0.6411717744096107 0.4300464885484665 0.6239842744096108 0.39763908114105906 0.637005107742944 0.3772687107706887 0.6489842744096107 0.3374538959558739 0.6586196910762774 0.3295835255855035 0.6646092744096107 0.3152316737336517 0.666692607742944 0.28652797002994795 0.6661717744096107 0.2670835255855035 0.6614842744096108 0.2457872292892072 0.6367446910762774 0.21384278484476277 0.6310155244096107 0.21291685891883685 0.6169530244096108 0.22032426632624424 0.5987238577429441 0.20921315521513315 0.5883071910762774 0.2119909329929109 0.5859634410762774 0.2170835255855035 0.5854426077429441 0.23189834040031831 0.5776301077429441 0.2448613033632813 0.5734634410762774 0.2578242663262443 0.5599217744096108 0.2680094515114294 0.5469009410762774 0.3207872292892072 0.5375259410762774 0.33189834040031835 0.533880107742944 0.3448613033632813 0.531514284078008 0.35486525574815375 0.5330608223813076 0.3800681091643848 0.5305739069671137 0.390247697542106 0.5327515147206476 0.39525396272676916 0.5414121292191254 0.40009290924020435 0.5520523127458268 0.4044919515251455 0.558733358216081 0.41636936569448635 0.5636822807866397 0.4238477375788863 0.5805086175265396 0.43924437215136847 0.5818495926314421 0.45987105757891145
5 0.5210552955481339 0.5711362748748462 0.5426797484489045 0.566456200044148 0.5580729166666667 0.5712962962962963 0.56640625 0.5638888888888889 0.5776549505318901 0.566456200044148 0.5817708333333333 0.5578703703703703 0.5869791666666667 0.538425925925926 0.5869791666666667 0.48842592592592593 0.5796875 0.47453703703703703 0.5802083333333333 0.45046296296296295 0.5802874926241578 0.44510854550533085 0.578125 0.4393518518518518 0.5601673494903973 0.42271104452984665 0.5503893360048314 0.40465932732572507 0.5357223157764825 0.39931067037635576 0.5299479166666666 0.3990740740740741 0.52421875 0.4046296296296296 0.5052083333333334 0.44027777777777777 0.5010416666666667 0.46435185185185185 0.4903645833333333 0.4685185185185185 0.4864583333333333 0.4736111111111111 0.49166666666666664 0.5439814814814815 0.49661458333333336 0.5564814814814815 0.5037557332275174 0.5634475805101278 0.5116533595043206 0.5704676927561749
5 0.5572916594981833 0.7034495315781175 0.5690104094981833 0.6918754575040434 0.5768229094981833 0.6687273093558953 0.5951111961584573 0.6922671476397131 0.6018229094981833 0.6965050871336731 0.6124935638378438 0.6999926571300774 0.6194230212235452 0.6983222667112111 0.6251779943065853 0.7018718320143355 0.6299479094981832 0.7011347167633027 0.6403645761648499 0.698356938985525 0.6507812428315166 0.6872458278744138 0.6572916594981832 0.6747458278744138 0.6624999928315166 0.6553013834299694 0.6614583261648499 0.6377087908373767 0.6528645761648499 0.6205791612077471 0.637979873205593 0.6219024880847189 0.6273437428315166 0.6252087908373768 0.6226562428315165 0.6150236056521916 0.61536457616485 0.6076161982447842 0.6044270761648499 0.6039124945410805 0.58411457616485 0.5863199019484879 0.5695312428315166 0.5835421241707102 0.5580729094981832 0.572431013059599 0.5434895761648499 0.5687273093558953 0.5195312428315166 0.5742828649114509 0.5101562428315166 0.572431013059599 0.49529399509657474 0.5573048412201284 0.49059301559769536 0.5452703630840473 0.4855318107201621 0.47365646306571324 0.4868237362846062 0.46948052525045836 0.49416576277131713 0.4647062177841715 0.49021694963291557 0.4516688664700837 0.4855318107201621 0.44734801468610114 0.4770755237410011 0.4421280844520512 0.4675622008894449 0.44421605654567115 0.46403874798146116 0.45319434292022237 0.45992804575366353 0.4623814137601652 0.4537032789495588 0.4784587988810393 0.44418995609800266 0.4849315123712613 0.44935768702971224 0.5045584500512894 0.45052082616484995 0.5062273093558953 0.4369791594981833 0.5367828649114509 0.4336195973740514 0.5538345914607216 0.42833442518055925 0.5926708787740388 0.42833442518055925 0.6001875783110708 0.43044849692534953 0.6066603045452632 0.4349115372754622 0.6093746555229989 0.4486979094981833 0.6066902723188583 0.45624999283151657 0.622893976022562 0.45981061166036413 0.641320628555385 0.46133743408534045 0.6450789783239009 0.4650957910223398 0.644452586695815 0.46779709774997735 0.6486285308830549 0.47005207616484995 0.647431013059599 0.47630207616484993 0.646505087133673 0.4945312428315166 0.6687273093558953 0.5190104094981832 0.684468050096636 0.5282830393370319 0.7047949802014332 0.532158837535814 0.7054213718295191 0.5424479094981832 0.7002087908373767 0.5509506007153607 0.7039597913639852
5 0.3428628874551419 0.4941180030917773 0.3504149707884752 0.49087726235103657 0.3582274707884752 0.47513652161029585 0.3702066374551419 0.4695809660547402 0.37671705412180856 0.459858743832518 0.3913003874551419 0.42559948457325875 0.4011962207884752 0.38393281790659206 0.3944253874551419 0.3293031882769624 0.3860920541218086 0.3015254104991847 0.39025872078847523 0.25152541049918464 0.39077955412180854 0.19596985494362912 0.38843580412180856 0.18995133642511058 0.36734205412180854 0.16634022531399947 0.3616128874551419 0.15245133642511058 0.36109205412180856 0.1385624475362217 0.3577066374551419 0.13254392901770318 0.34937330412180856 0.13346985494362912 0.3373941374551419 0.1510624475362217 0.32775872078847523 0.1737476327214069 0.32515455412180855 0.1894883734621476 0.3272378874551419 0.23300689198066615 0.3353688872314437 0.276851191259235 0.3414100550751065 0.2990794025723112 0.34465569163308624 0.33067712994951215 0.34376373707603664 0.3545596760791236 0.3448102457548948 0.3716167995485793 0.34465569163308624 0.3859044694757705 0.34233737980595785 0.394147355972227 0.3390917432479782 0.3949716446218726 0.3371337207884752 0.4107846697584439 0.3235920541218086 0.4607846697584439 0.3209878874551419 0.4839328179065921 0.3217691374551419 0.4880994845732588 0.3295816374551419 0.4945809660547403
5 0.3416666666666666 0.7849575286584043 0.3464664773114024 0.7802309300460704 0.3495461657861673 0.7700630253563951 0.3528458463945956 0.7618504869531959 0.35944520761145216 0.7473807764332735 0.36076507985482337 0.7223520999009891 0.36648452624276573 0.7180502821361333 0.37286392217882847 0.7149216960777717 0.3761421215134581 0.7168306590323583 0.37830443293618665 0.7171711885952499 0.3891423330873065 0.7090555972183437 0.39703237516075035 0.7105123646931827 0.39999999999999997 0.6979204916213673 0.39988615683306483 0.6878406547409067 0.39850252389296337 0.6778601401937351 0.39826764136939763 0.660112377397965 0.39605138771089227 0.6528025575419346 0.38487850598209283 0.6156385781758441 0.36718749999999994 0.5951427138435894 0.3622109589407306 0.5507026396922766 0.3593921966143436 0.5377572127118326 0.3504661159141181 0.5335812701175888 0.3471354166666666 0.5344945656954413 0.3414225867836264 0.5367132266650226 0.33411458333333327 0.5437538249547006 0.3330837482347315 0.5521642201578107 0.33284885854268254 0.5634392694633588 0.3283854166666666 0.5659760471769227 0.32039931776598995 0.5676152136505987 0.3143630931918437 0.5772163020552162 0.3080263741976928 0.5923282606320531 0.30648082354637224 0.6129354768731943 0.31729961207297136 0.6500284661072484 0.3193006773889337 0.6623861661271577 0.31382221283957024 0.6649147132132911 0.3154664836948127 0.6722226155409611 0.3154938283951511 0.6797285443658678 0.31216280829678167 0.7025697254607542 0.3066904419927985 0.7089144979871116 0.30630550613405494 0.7089709307606583 0.2955077804150937 0.7034156951309353 0.29088331627492303 0.7078289763573744 0.284812443395354 0.7277626732312532 0.28333333333333327 0.7405130842139598 0.2861979166666666 0.7465316027324783 0.2986979166666666 0.7576427138435895 0.30859374999999994 0.7613464175472932 0.3278645833333333 0.7826427138435894 0.33528773378353194 0.7863300772395891
5 0.4197916666666667 0.9550834981454068 0.44609375 0.9435094240713328 0.45416666666666666 0.9337872018491106 0.46041666666666664 0.9171205351824439 0.459375 0.8976760907379995 0.46510416666666665 0.8671205351824439 0.4640625 0.8578612759231846 0.45755208333333336 0.8490649796268883 0.4518229166666667 0.8453612759231847 0.44192708333333336 0.8472131277750364 0.43125 0.8217501648120735 0.42916666666666664 0.8060094240713328 0.4440104166666667 0.7990649796268883 0.44166666666666665 0.8087872018491106 0.44557291666666665 0.815731646293555 0.4513020833333333 0.8194353499972586 0.45598958333333334 0.8166575722194809 0.46432291666666664 0.8249909055528143 0.47545785972715515 0.829830581136382 0.4822951962055324 0.8195453570321564 0.49166666666666664 0.8004538685157772 0.49491797124253656 0.7821445421076998 0.4942708333333333 0.7661946092565179 0.4890625 0.7106390537009624 0.490625 0.6921205351824439 0.4861979166666667 0.6823983129602217 0.4783854166666667 0.6786946092565179 0.4627604166666667 0.6629538685157772 0.4549479166666667 0.6666575722194809 0.4505208333333333 0.6754538685157772 0.4505208333333333 0.7115649796268884 0.4440104166666667 0.7240649796268883 0.4153645833333333 0.727768683330592 0.40703125 0.715731646293555 0.39609375 0.7111020166639254 0.38828125 0.7111020166639254 0.37786458333333334 0.7185094240713328 0.37265625 0.715731646293555 0.36380208333333336 0.7212872018491105 0.3619791666666667 0.7245279425898513 0.3609375 0.7467501648120735 0.3519659315656814 0.7641998194595588 0.3421875 0.8004538685157772 0.34479166666666666 0.816194609256518 0.34322916666666664 0.8365649796268884 0.3489583333333333 0.8569353499972587 0.34791666666666665 0.8708242388861476 0.3611979166666667 0.8768427574046661 0.3625 0.8930464611083698 0.37161458333333336 0.9018427574046661 0.37838541666666664 0.9203612759231846 0.39505208333333336 0.9370279425898512 0.40546875 0.9425834981454069 0.41640625 0.9555464611083698
5 0.3180723826820141 0.4611894994767397 0.32209078984903666 0.4614642791301503 0.32760416666666664 0.44212962962962965 0.33177083333333335 0.4263888888888889 0.33229166666666665 0.4041666666666667 0.33831897263893534 0.3889268611911379 0.340173622100638 0.39442212724053993 0.3434192586586178 0.3875530467750618 0.3438531168430925 0.37722926398695145 0.34087900472136246 0.358927035545536 0.3424804497099863 0.34184495566688156 0.3416666666666667 0.32546296296296295 0.34010416666666665 0.300462962962963 0.3353824443245727 0.2798459965546972 0.33151041666666664 0.26944444444444443 0.32765474766737973 0.26995453275894943 0.32100891099637674 0.26418451430770434 0.3059895833333333 0.25833333333333336 0.30234375 0.2601851851851852 0.29453125 0.25277777777777777 0.28671875 0.2518518518518518 0.289175223337856 0.2478935163342824 0.28848888977130294 0.22999800408045395 0.2839133186974569 0.22877785551769295 0.27361831519916074 0.2206435317659527 0.26950031379984224 0.21901666701560468 0.27018664736639536 0.232031585018389 0.26640625 0.2601851851851852 0.2630208333333333 0.2652777777777778 0.25625 0.2949074074074074 0.25625 0.30694444444444446 0.26614583333333336 0.3421296296296296 0.26614583333333336 0.35324074074074074 0.26927083333333335 0.3597222222222222 0.2713541666666667 0.3763888888888889 0.2713541666666667 0.3837962962962963 0.2625 0.4115740740740741 0.2630208333333333 0.4300925925925926 0.2669270833333333 0.4398148148148148 0.26954238843412665 0.4441542007173963 0.27541544506285187 0.4430551491845354 0.28098958333333335 0.43703703703703706 0.29244791666666664 0.43703703703703706 0.3028645833333333 0.45092592592592595 0.31015625 0.45
5 0.2390952264378406 0.3782111087457445 0.2594963705165704 0.3694186964828576 0.2667604142415726 0.3576038925046033 0.26458333333333334 0.3560185185185185 0.26510416666666664 0.3421296296296296 0.25625 0.30972222222222223 0.2550143009841221 0.3015522643286993 0.25625 0.29212962962962963 0.2591872622729532 0.277373138990858 0.2677083333333333 0.2439814814814815 0.2682291666666667 0.23194444444444445 0.265625 0.2125 0.2596354166666667 0.19907407407407407 0.23567708333333334 0.21851851851851853 0.23151041666666666 0.2101851851851852 0.22734375 0.2101851851851852 0.21977596121177073 0.22599247144451498 0.20572916666666666 0.2449074074074074 0.2015625 0.25787037037037036 0.2015625 0.27824074074074073 0.2078125 0.3023148148148148 0.21666666666666667 0.3143518518518518 0.2234375 0.33101851851851855 0.22552083333333334 0.35324074074074074 0.22564901784049596 0.36309915016890765 0.22240338128251622 0.36364867593533806 0.22255793540432478 0.36996822224928805 0.23046875 0.3768518518518518
5 0.28494452491028377 0.7235245483076435 0.29067369157695044 0.704080103863199 0.2962802515070073 0.7005079707571926 0.30663537766818083 0.707102296724553 0.31158110956605467 0.7005079875273879 0.314981300245843 0.6766035999174687 0.3129720966623316 0.6634149815231383 0.3174541756280148 0.6612168784574166 0.31729961207297125 0.6546225692602514 0.31219932605328893 0.6348396416687558 0.30493528232828665 0.6106605163309146 0.30707994157695045 0.5934319557150508 0.29588202491028376 0.5716726964557916 0.2885903582436171 0.5651912149743101 0.2734861915769505 0.5651912149743101 0.2531736915769504 0.5568578816409767 0.24744452491028376 0.5577838075669027 0.24223619157695042 0.5679689927520879 0.22817369157695042 0.5642652890483841 0.20838202491028376 0.5874134371965323 0.20187160824361708 0.5999134371965323 0.19510077491028374 0.6221356594187546 0.19510077491028374 0.6313949186780138 0.19968392537665805 0.6428077652819972 0.2089028582436171 0.6605615853446805 0.2200850694553878 0.6738559710853166 0.23650702491028375 0.6864875112706064 0.24435006657933153 0.70984990878651 0.2557778582436171 0.7263023260854212 0.2635903582436171 0.7318578816409768 0.2721698085048721 0.7337542796262336
5 0.5734375 0.9680555555555556 0.5807291666666666 0.9486111111111111 0.5903645833333333 0.8962962962962963 0.59453125 0.8972222222222223 0.6002604166666666 0.9074074074074074 0.6088541666666667 0.9152777777777777 0.6088541666666667 0.9300925925925926 0.6106770833333334 0.9333333333333333 0.6200520833333333 0.9361111111111111 0.6416666666666667 0.8865740740740741 0.6489583333333333 0.8634259259259259 0.6588541666666666 0.8439814814814814 0.6598958333333333 0.8300925925925926 0.6585384806696918 0.811672561283369 0.6598958333333333 0.7902777777777777 0.6551303836195194 0.7738022419105444 0.65078125 0.7731481481481481 0.6444800072076227 0.7715300321094266 0.6393229166666666 0.7564814814814815 0.62421875 0.7435185185185185 0.6091145833333333 0.7240740740740741 0.59609375 0.7231481481481481 0.5856770833333333 0.7138888888888889 0.57265625 0.7185185185185186 0.5337164435484153 0.7472930235502626 0.5138020833333333 0.774074074074074 0.5083333333333333 0.7912037037037037 0.5098958333333333 0.8069444444444445 0.5161458333333333 0.8273148148148148 0.5161458333333333 0.8513888888888889 0.5125 0.8634259259259259 0.5135416666666667 0.888425925925926 0.5205729166666667 0.9037037037037037 0.525 0.9069444444444444 0.53046875 0.925 0.5440104166666667 0.937037037037037 0.5533854166666666 0.9527777777777777