5 0.6571066138372432 0.32738845620871565 0.6629623604229489 0.3102196364826033 0.6650170162681278 0.3051055098285976 0.6669689364994161 0.2963384409394679 0.6662342160949879 0.268786141494303 0.6599842160949879 0.2530454007535623 0.6655306802294227 0.2421424869461971 0.6655306802294227 0.23100101375613807 0.6612862994283212 0.21739725260541412 0.6399321327616545 0.20536021556837708 0.6206612994283212 0.17943428964245117 0.6144112994283212 0.17850836371652523 0.5989109844438758 0.1882664753843326 0.5936716303792762 0.20196501190139446 0.5946196327616545 0.2127676229757845 0.5842029660949879 0.21184169704985858 0.5776925494283212 0.22063799334615486 0.566822483019025 0.24503689509907361 0.5662342160949879 0.25211947482763636 0.5802967160949879 0.27248984519800673 0.5766508827616545 0.2873046600128215 0.5920154660949879 0.3155454007535623 0.5937383885310995 0.31809577115502125 0.5985668213023748 0.3107898741433865 0.6138904660949879 0.3025824377905993 0.6180571327616545 0.2951750303831919 0.6306016296184932 0.2959731479700941 0.6404529660949879 0.2914713266794882 0.6407721450141792 0.3040096183790897 0.6510453960237561 0.3197172787690938 0.6512508672515376 0.32629257730059436
5 0.49836675353704063 0.33218044076468145 0.501155264913964 0.32705994140284267 0.5015644246189822 0.3209377127204306 0.5005208333333333 0.29305554301416886 0.5138020833333333 0.2814814689400948 0.5225325039560997 0.2900600325081287 0.5283882575958849 0.2900600325081287 0.5388020833333333 0.28888887634750215 0.541024357184154 0.2929823950751986 0.5441063268437634 0.2949915126774475 0.5520833333333334 0.3050925800512059 0.5523648574185122 0.32218635394141054 0.5570506191655457 0.3302424159065732 0.5647555503686488 0.3271374193962031 0.5709195037960267 0.3322515335088221 0.5734878165484208 0.3293291897538322 0.5769807145554343 0.3293291897538322 0.5789326347867225 0.32658948621283584 0.5830324345416967 0.3250998310710895 0.5855075165615045 0.3211100665894564 0.5913632631472101 0.31599592739406407 0.5871512299511203 0.30923798864856994 0.575850651018954 0.28713767621175207 0.5793435631341265 0.27343913969469025 0.5739583333333333 0.26527776523639107 0.5674479166666667 0.25648146894009477 0.55078125 0.2546296170882429 0.5424479166666667 0.24814813560676144 0.50546875 0.23518517264379848 0.5002604166666667 0.23055554301416883 0.4940104166666667 0.21759258005120588 0.489625135801061 0.21313918752741173 0.48119741008234534 0.2118905605958875 0.47109375 0.22407406153268736 0.46387373737199766 0.2389442584278917 0.4561483274880453 0.24810087021519173 0.4566866611776235 0.2836190886735784 0.4597686308372329 0.29804821740008103 0.4720673846034774 0.31760804090303263 0.48671875 0.3259259133845392 0.49365578377640396 0.3318087750874746
5 0.29630535961782756 0.6276955396390171 0.30078125 0.6231481481481481 0.31197916666666664 0.6069444444444444 0.3177083333333333 0.5856481481481481 0.32526041666666666 0.5768518518518518 0.3302083333333333 0.5643518518518519 0.33125 0.5467592592592593 0.32526041666666666 0.5333333333333333 0.31666666666666665 0.5254629629629629 0.3104166666666667 0.500462962962963 0.30494791666666665 0.49166666666666664 0.28046875 0.46574074074074073 0.27109375 0.44814814814814813 0.2638020833333333 0.4462962962962963 0.2526041666666667 0.46064814814814814 0.25112340527257104 0.46745448326960054 0.24583333333333332 0.47453703703703703 0.24583333333333332 0.48194444444444445 0.24192708333333332 0.4898148148148148 0.23515625 0.49537037037037035 0.22708333333333333 0.5087962962962963 0.22135416666666666 0.5319444444444444 0.2211581439841499 0.5357130127364615 0.22607430660365993 0.5427886082167993 0.2321610224054608 0.5556911150881279 0.25078125 0.5935185185185186 0.2569759782886915 0.5989770201877698 0.26796875 0.5833333333333334 0.2752604166666667 0.5824074074074074 0.28155683961007516 0.5931500659284119 0.28541666666666665 0.5976851851851852 0.28802083333333334 0.6152777777777778 0.29068688116355423 0.6264469269969487
5 0.2583183390859555 0.3255121571305739 0.2723695112285137 0.3101851851851851 0.2941361894651082 0.3192689796045856 0.29905236815922936 0.31635551676436235 0.29867159456184705 0.30879629629629624 0.29841117789518035 0.2925925925925925 0.31091117789518036 0.2907407407407407 0.31707832455511814 0.2893018189323583 0.34945284456184705 0.2648148148148148 0.35231742789518034 0.24861111111111106 0.3481507612285137 0.2282407407407407 0.34216117789518036 0.21851851851851847 0.3286195112285137 0.21666666666666662 0.30934867789518034 0.1944444444444444 0.2973695112285137 0.19166666666666662 0.28695284456184705 0.1953703703703703 0.25361951122851367 0.22222222222222218 0.2497132612285137 0.2393518518518518 0.2458070112285137 0.24444444444444438 0.23122367789518036 0.237037037037037 0.22132784456184704 0.237037037037037 0.20960438973746492 0.24601201837363926 0.20047434818398588 0.24143370533526134 0.19555818556447582 0.24476337715265928 0.19554659456184703 0.25231481481481477 0.19789919548139062 0.26307664359562666 0.20187897985351258 0.2659901207253056 0.2028153741755118 0.2834709692139234 0.20843385262978523 0.2876330875645823 0.21507784456184703 0.2842592592592592 0.25153617789518035 0.3231481481481481
5 0.5739583333333333 0.9745370370370371 0.5776041666666667 0.9680555555555556 0.5776041666666667 0.9236111111111112 0.5817708333333333 0.8893518518518518 0.60078125 0.8805555555555555 0.6088541666666667 0.8726851851851852 0.6125 0.8569444444444444 0.6067708333333334 0.8393518518518519 0.59296875 0.8231481481481482 0.5700520833333333 0.8212962962962963 0.5533854166666666 0.8027777777777778 0.5455729166666666 0.7898148148148149 0.5346354166666667 0.7824074074074074 0.5294270833333333 0.7842592592592592 0.5200520833333333 0.8046296296296296 0.5044270833333333 0.8083333333333333 0.5008018137444338 0.8175445611933307 0.5026041666666666 0.8375 0.5043738057286611 0.8534652936935787 0.5094581112654897 0.858200179013796 0.5135739491535748 0.8521739653639202 0.5140625 0.8625 0.5161458333333333 0.8736111111111111 0.5072916666666667 0.8939814814814815 0.5015625 0.9143518518518519 0.4963538563232287 0.9186837427515536 0.49167178826556585 0.9265917276073294 0.4926082147367873 0.9365807716384348 0.49765625 0.9416666666666667 0.51015625 0.9462962962962963 0.5153645833333333 0.9425925925925925 0.5247395833333334 0.9259259259259259 0.5377604166666666 0.9203703703703704 0.5421875 0.9384259259259259 0.5427083333333333 0.9560185185185185 0.5466145833333333 0.9648148148148148 0.5559431120874552 0.9653808441632644
5 0.37118168718779593 0.9102584111238894 0.37469325028700157 0.9098421878572588 0.3775024814768327 0.9031828156435515 0.384375 0.8907875090159848 0.3899099754930592 0.8719670423292558 0.396230769782096 0.8798750557639431 0.40598958333333335 0.8801393608678367 0.41027699002969614 0.8906965177493978 0.4158854166666667 0.8912504719789478 0.4264507148131279 0.895439684763092 0.4402509465748402 0.895439684763092 0.4431562663993625 0.9014659131911041 0.4475142378239752 0.9018963411895206 0.4515625 0.8954171386456145 0.4609375 0.8676393608678367 0.4609375 0.8481949164233923 0.4583333333333333 0.8398615830900589 0.44375 0.8176393608678367 0.44114583333333335 0.8065282497567255 0.4401041666666667 0.7870838053122812 0.4421875 0.7713430645715403 0.4395833333333333 0.7583801016085774 0.42552083333333335 0.7278245460530218 0.4158854166666667 0.714398620127096 0.40651041666666665 0.7162504719789478 0.39061850901616657 0.736724139388011 0.39166666666666666 0.7528245460530218 0.3875 0.7602319534604293 0.3859375 0.7750467682752441 0.3776041666666667 0.7991208423493181 0.3606770833333333 0.8079171386456144 0.35713548301480685 0.8136975568935001 0.35104166666666664 0.8417134349419108 0.3492849341469337 0.8574559908489997 0.3489583333333333 0.8722689904974663 0.3533854166666667 0.876435657164133 0.3564331671800435 0.879042609230682 0.35900831988263876 0.8707184153977315 0.36369038794030184 0.8719670423292558 0.3651041666666667 0.8787504719789477 0.36666666666666664 0.8991208423493181
5 0.3035625643034747 0.905567789580704 0.3119902900221904 0.8959949402373177 0.32369791666666664 0.8856949164233923 0.3255208333333333 0.8796763979048737 0.328125 0.838935657164133 0.33270573528910385 0.8193059080136355 0.3380208333333333 0.7731949164233922 0.3377416884512538 0.7438909254384176 0.3359375 0.7250467682752441 0.33177083333333335 0.7083801016085775 0.31588541666666664 0.6745838053122811 0.29185740219662276 0.6668919788719756 0.26640625 0.6625467682752441 0.2604166666666667 0.6694912127196885 0.25833333333333336 0.6852319534604293 0.2526041666666667 0.6963430645715404 0.25444369800726 0.7126146267496948 0.25 0.7268986201270959 0.2484375 0.7620838053122811 0.25104166666666666 0.7750467682752441 0.25755208333333335 0.7893986201270959 0.26370452660751753 0.7964923669656545 0.2721354166666667 0.800509731238207 0.2794270833333333 0.8116208423493182 0.2890625 0.8176393608678367 0.29010416666666666 0.8222689904974663 0.278125 0.8370838053122811 0.27708333333333335 0.8583801016085774 0.28229166666666666 0.87597269420117 0.28828125 0.8866208423493182 0.2981770833333333 0.901435657164133
5 0.734375 0.8939814814814815 0.7408854166666666 0.8870370370370371 0.7463541666666667 0.874537037037037 0.7526041666666666 0.8458333333333333 0.7494791666666667 0.8115740740740741 0.740625 0.7754629629629629 0.740625 0.7597222222222222 0.7408924417141358 0.7436289294183567 0.7455744936971876 0.7265642756174578 0.7458333333333333 0.7171296296296297 0.74140625 0.7166666666666667 0.73359375 0.725 0.72578125 0.7277777777777777 0.7229166666666667 0.7245370370370371 0.7197916666666667 0.7087962962962963 0.71484375 0.6990740740740741 0.7065104166666667 0.6907407407407408 0.6903645833333333 0.6907407407407408 0.6848958333333334 0.6986111111111111 0.68125 0.711574074074074 0.675 0.7486111111111111 0.6627604166666666 0.7555555555555555 0.64765625 0.7759259259259259 0.6356770833333333 0.7805555555555556 0.6334389227258997 0.7777581798623314 0.6303955808996106 0.7802554480148356 0.6380208333333334 0.7967592592592593 0.6509966899980946 0.8567236572467326 0.6561469793286739 0.8658802976129442 0.66484375 0.8712962962962963 0.6655110993693888 0.8812800869262325 0.66953125 0.8861111111111111 0.71484375 0.8870370370370371 0.7294213420199085 0.8950150260413663
5 0.6409382437740023 0.6869516559862363 0.6507705850876336 0.6794598658181795 0.6577941836211776 0.6666666666666667 0.6702941836211775 0.6601851851851853 0.6736796002878442 0.6550925925925927 0.6762837669545109 0.6430555555555557 0.6838358502878442 0.6351851851851853 0.6872212669545109 0.626388888888889 0.6965962669545109 0.5902777777777779 0.6965962669545109 0.5726851851851853 0.7083600334491166 0.5604236410836198 0.7085941440855749 0.5504345827630587 0.7029756495566902 0.5421103603511966 0.7007629336211776 0.5273148148148149 0.7007629336211776 0.5189814814814816 0.705971266954511 0.5023148148148149 0.7075337669545109 0.48842592592592604 0.7070129336211776 0.46805555555555567 0.6848775169545109 0.4629629629629631 0.6697733502878442 0.42962962962962975 0.655190016954511 0.4129629629629631 0.6492004336211775 0.41898148148148157 0.6432108502878442 0.4407407407407408 0.6291483502878442 0.4462962962962964 0.6208053237992125 0.45285415831588577 0.6229122552288914 0.4649242615223205 0.6210754336211776 0.4949074074074075 0.619634818840755 0.5086263613096815 0.6252421002878442 0.5467592592592594 0.6189325030059917 0.6178606799861144 0.621741750270434 0.6607303903980375 0.6280625445594707 0.6786274192849187 0.6364902702781864 0.6865354327196058
5 0.4243807788508446 0.6052732585867026 0.4299992412305069 0.6002787222816941 0.4317708333333333 0.5921296296296297 0.4328125 0.5662037037037037 0.440625 0.5439814814814815 0.4390625 0.5310185185185186 0.4296875 0.5087962962962963 0.432340283296644 0.48540460160833754 0.43802083333333336 0.4587962962962963 0.42916666666666664 0.41805555555555557 0.43385416666666665 0.38842592592592595 0.4427083333333333 0.3541666666666667 0.44375 0.33287037037037037 0.4505208333333333 0.3013888888888889 0.45 0.2875 0.4471354166666667 0.2824074074074074 0.4356770833333333 0.287962962962963 0.42526041666666664 0.2861111111111111 0.39921875 0.26944444444444443 0.38776041666666666 0.2574074074074074 0.37265625 0.25462962962962965 0.36223958333333334 0.26481481481481484 0.3567708333333333 0.2773148148148148 0.35833333333333334 0.300462962962963 0.3671875 0.3421296296296296 0.37545313469531316 0.3632677474816646 0.38229166666666664 0.3912037037037037 0.384375 0.4708333333333333 0.38645833333333335 0.4828703703703704 0.40520833333333334 0.5458333333333333 0.4114583333333333 0.5791666666666667 0.4178258739253497 0.5890410370296089 0.4168894635287393 0.5940355733346172 0.41735765265243335 0.5990300810607142
5 0.5677483435624334 0.6389389611448261 0.5812977901750055 0.6268391646200536 0.5866511180838121 0.625605736409218 0.5922352901750055 0.622209534990424 0.5977040401750054 0.6078576831385721 0.5971832068416721 0.5411910164719055 0.6044748735083388 0.522672497953387 0.6060373735083389 0.5106354609163499 0.5940582068416721 0.4476724979533869 0.5682769568416721 0.42591323869412767 0.5505686235083388 0.42035768313857214 0.5333811235083388 0.41850583128672025 0.49900612350833884 0.42869101647190544 0.4849436235083388 0.4194317572126462 0.47817279017500547 0.41850583128672025 0.4719227901750055 0.42220953499042396 0.4662281848977694 0.4343196887967505 0.46420204501469264 0.4447805961062173 0.4639478657264339 0.4608234294582318 0.46561179237666345 0.4690226525718156 0.46792760187472243 0.4758070097943454 0.4717370095093454 0.48134484519381904 0.47225066641656066 0.4857283796383839 0.4759490356513556 0.49431279890748014 0.4818186235083388 0.497209534990424 0.4826266530400282 0.5003401579849202 0.482318460306515 0.505636918582226 0.48334578822910435 0.5100204592974842 0.4885851352396246 0.5096551600574172 0.4883290401750055 0.5143391646200536 0.4885287270478175 0.525752272818239 0.48827694250611126 0.5286504697131715 0.4868386932901973 0.5321207654636086 0.48923104288258096 0.539071002956198 0.49297668446902243 0.5440655249717506 0.49874570684167213 0.546746572027461 0.49845959116757477 0.5562017508801871 0.5039540401750054 0.571746572027461 0.5007020943529749 0.5861027888504127 0.5031829095031185 0.611815487046165 0.5177561235083388 0.6286910164719055 0.5258867959272624 0.6340984585090562 0.5372222444922798 0.636464260851481 0.5558313791632405 0.635833964634456