5 0.3890625 0.8578703703703704 0.4046875 0.8458333333333333 0.4125 0.8069444444444445 0.4119791666666667 0.7958333333333333 0.403125 0.7828703703703703 0.4015625 0.774537037037037 0.4041666666666667 0.7615740740740741 0.403125 0.7449074074074075 0.4109375 0.7245370370370371 0.41302083333333334 0.711574074074074 0.4140625 0.6949074074074074 0.4129842908119504 0.6861900583468467 0.4109375 0.6837962962962963 0.4119791666666667 0.6754629629629629 0.415625 0.6625 0.4236979166666667 0.6555555555555556 0.4296875 0.638425925925926 0.43333333333333335 0.6023148148148149 0.4317708333333333 0.5847222222222223 0.4290373195385758 0.5723491642253371 0.42291666666666666 0.5513888888888889 0.41936435075580325 0.5394048564539529 0.4122395833333333 0.5342592592592592 0.39765625 0.5268518518518519 0.3919918831250429 0.5293717468492113 0.36015625 0.5370370370370371 0.35078125 0.5435185185185185 0.34322916666666664 0.5541666666666667 0.3413631231669284 0.5608518715422601 0.3333366088036157 0.5667086317828369 0.3339540233226996 0.5765919269069758 0.3375 0.5893518518518519 0.31954746471743684 0.5899943731327955 0.31790101029797696 0.6084380938787042 0.3260416666666667 0.6180555555555556 0.3226345844185646 0.6260083885640522 0.32325201463955117 0.6362577399304882 0.3088454560342884 0.6905077212869778 0.30364583333333334 0.7097222222222223 0.30364583333333334 0.7217592592592592 0.3098958333333333 0.7643518518518518 0.3216145833333333 0.8074074074074075 0.34140625 0.8222222222222222 0.3690104166666667 0.8564814814814815
5 0.5180600910852152 0.3516858836381776 0.52890625 0.3398148148148148 0.5729892131330264 0.33215552913228913 0.59921875 0.31203703703703706 0.60546875 0.31203703703703706 0.6196004966993122 0.32155333668623537 0.6304293807601664 0.3218323417506052 0.6455729166666667 0.32314814814814813 0.65390625 0.32314814814814813 0.6669270833333333 0.3148148148148148 0.6744791666666666 0.30416666666666664 0.6828125 0.2652777777777778 0.6859375 0.2162037037037037 0.6817708333333333 0.19305555555555556 0.6705729166666666 0.1712962962962963 0.65234375 0.1685185185185185 0.6388020833333333 0.1685185185185185 0.62265625 0.17592592592592593 0.6143229166666667 0.17592592592592593 0.5966145833333333 0.1638888888888889 0.5919270833333333 0.1638888888888889 0.5768229166666666 0.1685185185185185 0.5580729166666667 0.1814814814814815 0.5486979166666667 0.1814814814814815 0.54140625 0.18611111111111112 0.5205729166666667 0.18333333333333332 0.5075520833333333 0.17592592592592593 0.5028645833333333 0.17777777777777778 0.5005208333333333 0.18101851851851852 0.5 0.1884259259259259 0.5020833333333333 0.22175925925925927 0.500959980187567 0.23497295874870563 0.4999405256084308 0.26397077235768696 0.5020833333333333 0.2810185185185185 0.5047201710239111 0.3087191122397818 0.5098958333333333 0.33564814814814814 0.5143229166666666 0.3490740740740741
5 0.19679010932262697 0.5847273527792978 0.20798802598929364 0.5805606861126311 0.23324543962018054 0.5564854566762306 0.247212392596536 0.5433405160597157 0.2523029366022122 0.5422500039683029 0.23636314028573013 0.5274277634140364 0.2340051551838443 0.5246772606341092 0.23532728588607157 0.5172157038780085 0.23095733116553088 0.509024275260927 0.2174352610941084 0.48490541714926416 0.2143636226213798 0.4674835259694617 0.2194433293185689 0.4494223466016782 0.22723221292092552 0.4145040664906302 0.24800193430729944 0.4102552409911308 0.2535609426559603 0.38380142685337193 0.2486363697130919 0.3587639290376278 0.24446381405427373 0.3452182051554338 0.24373813920211992 0.32747975721446543 0.2455435190703117 0.31388915905227766 0.24303967625178372 0.30365122397207434 0.24264964353301505 0.2903902751560769 0.23953429630584452 0.2827302216714126 0.23116510932262696 0.2717643898163349 0.23303460952867247 0.26523393080343083 0.23220677598929365 0.25602364907559416 0.22726478732222724 0.2181514181861403 0.21970677598929364 0.21435698240892748 0.21397760932262697 0.1819495750015201 0.20798802598929364 0.17222735277929785 0.20017552598929364 0.16759772314966823 0.19366510932262698 0.17454216759411267 0.19402709800022236 0.19324246513893129 0.1926234426559603 0.19583846389040896 0.18455052598929364 0.2055606861126312 0.16944635932262697 0.20463476018670526 0.16111302598929364 0.18981994537189045 0.15382135932262697 0.1916717972237423 0.14679010932262698 0.2069495750015201 0.14314427598929363 0.23380142685337194 0.14314427598929363 0.2532458712978164 0.14931057734026715 0.28033163371736436 0.14639720022143266 0.29414318614602947 0.1457484426559603 0.3032458712978164 0.1519984426559603 0.3365792046311497 0.15512344265596031 0.3791717972237423 0.15512344265596031 0.4217643898163349 0.15251927598929363 0.4375051305570756 0.15460260932262698 0.47546809352003855 0.16085260932262696 0.5106532787052237 0.16710260932262697 0.5273199453718904 0.17647760932262696 0.5402829083348534 0.1816859426559603 0.568986612038557 0.1887171926559603 0.5814866120385571
5 0.30575990820201776 0.5380533271538276 0.3007497527704734 0.5226098954292279 0.3027689161953056 0.5216315604772735 0.3038129707225316 0.5083402508870691 0.3081516054506167 0.5040189226506693 0.31321906016475676 0.4998825762173182 0.3169075448768822 0.492041884384 0.3158912870994755 0.4771367703153679 0.31995267072626826 0.4709916736890627 0.3189789194371401 0.45872100654033887 0.3184580861038067 0.44298026579959815 0.3185681522738323 0.4244405531290164 0.3226247527704734 0.4142765620958944 0.3273122527704734 0.39946174728107964 0.3273122527704734 0.38649878431811663 0.3330159982383386 0.38363023638762417 0.3381601459810655 0.3715004646247394 0.34288373613195394 0.3537226597836967 0.34726059228753436 0.34800595454905375 0.34658860930918606 0.3409488053458953 0.3518427163189236 0.3212945531983586 0.3566395697637782 0.29258562142003325 0.35896198323408623 0.2881392913572213 0.3599445427792165 0.2838517587966527 0.3604901074533925 0.277315737499912 0.36116641943714006 0.2679802657995981 0.3616872527704734 0.2531654509847833 0.36064558610380676 0.24298026579959814 0.3566858876779518 0.23851237856414115 0.3351212824486959 0.2154096916080012 0.3275726694371401 0.20640619172552405 0.3057406849311072 0.1829319889582183 0.2875967415273553 0.17066840943643546 0.2740252504782567 0.1677731580126278 0.27002058610380675 0.16890619172552407 0.2694997527704734 0.22816545098478333 0.26220808610380675 0.25872100654033886 0.2564789194371401 0.27075804357737593 0.2528330861038067 0.2994617472810796 0.24679115273235527 0.3235570710936858 0.24453110676946382 0.32489635759021407 0.24490778109661235 0.3441486009778079 0.2488628615316724 0.3577088767551566 0.2541363021117524 0.3844946066857219 0.24858035578631094 0.4122848014886833 0.24424860102410234 0.41496337959071233 0.23163001681221923 0.41663748260240013 0.2288747527704734 0.4179802657995981 0.21854057819621217 0.4573183099344461 0.21524468358125626 0.46886965596700236 0.2179372527704734 0.48372100654033895 0.23560961426038662 0.5145135702106849 0.2366209458993437 0.518423256338548 0.23539675433611087 0.5247848671970574 0.245675252125729 0.5345768815617805 0.2528840079713031 0.541009822362755 0.25114079386403054 0.5352222950620605 0.25110434953165817 0.5176873474866069 0.25392950585141594 0.5068003445482934 0.263582082863224 0.4862825128876354 0.2789160070798619 0.48706178059353555 0.28309971916402693 0.490989035485908 0.2871961928639365 0.4988948398864232 0.29097059603884484 0.5111182492925651
5 0.504203352961537 0.35281576452106456 0.509714879469125 0.35784051036509046 0.5122893939723709 0.35746154305826683 0.5139671440574772 0.3513037853266753 0.5090164395359037 0.3359634051910675 0.5042647317702684 0.30792241794910863 0.49947329524832795 0.2629757982823003 0.5012926031091812 0.22053441957481282 0.4992576214061962 0.18966299344360152 0.5004271906080912 0.18069831450687066 0.49832152572071226 0.1800845465112368 0.48720833750469833 0.18280730071815401 0.46498819238737893 0.1689734354001257 0.45405069238737894 0.1689734354001257 0.41186319238737895 0.17638084280753308 0.3873840257207123 0.1847141761408664 0.36552684776140415 0.17669854733453902 0.3560447285933178 0.18031077402170487 0.343853432520064 0.1748924293977607 0.32793701820220483 0.17007610571329423 0.30741680920216635 0.18205926067629705 0.3238732321750742 0.2013821591371764 0.3531589479125208 0.2319260677416457 0.36214037662994475 0.24171878387216858 0.36325877820194236 0.25203697756541255 0.3628176708562366 0.2796472605445138 0.3618017088474193 0.2838615541031117 0.3584115652534872 0.29179753559634874 0.3553292609571237 0.30767016059635865 0.3530961710818275 0.32418510082965996 0.35717569238737895 0.3337882502149405 0.36512711872255477 0.3321729626844194 0.3785298590540456 0.33934380577049605 0.4290506923873789 0.340269731696422 0.4410298590540456 0.33749195391864417 0.4456963792656029 0.34151006912088405 0.4550923590540456 0.3448993613260516
5 0.24510746127785377 0.3231555979216016 0.2467727349001237 0.31982505067706174 0.25249711297667654 0.29743638327101457 0.25634805822817575 0.26838659878916865 0.2616561178991611 0.2593201090679213 0.2635416666666667 0.2513888888888889 0.2683172123882408 0.22860506225716506 0.26914984919937573 0.18826843451773811 0.26901041666666664 0.18518518518518517 0.25755208333333335 0.18703703703703703 0.25442708333333336 0.19166666666666668 0.24781353091404237 0.19437443779939445 0.24036458333333333 0.2 0.23229166666666667 0.2162037037037037 0.23020833333333332 0.23194444444444445 0.23355462552335618 0.2635758196181929 0.23261790911082933 0.2711620548262852 0.240111640411044 0.28207884857227694 0.24323402845280012 0.29040521668362645 0.24344219400809855 0.29965674810070775 0.2439625856625432 0.30483758807663247 0.24594009808898873 0.3131639561879821
5 0.6688587550435019 0.6027124666598573 0.6847441717101685 0.5855828370302276 0.6954212550435019 0.5675272814746721 0.7021920883768352 0.543453207400598 0.7183379217101685 0.5128976518450424 0.7225045883768353 0.48604579999319064 0.7175566717101686 0.4698420962894869 0.7097441717101686 0.47447172591911657 0.7014108383768353 0.4726198740672647 0.6909941717101685 0.45965691110430174 0.6821400050435019 0.4550272814746721 0.6753691717101685 0.44113839258578325 0.6529733383768352 0.4244717259191165 0.6430775050435019 0.4226198740672647 0.6316191717101686 0.4152124666598573 0.6232858383768353 0.41706431851170916 0.6008900050435019 0.406879133326524 0.5852650050435019 0.3948420962894869 0.5295358383768353 0.37076802221541283 0.5128691717101685 0.35965691110430176 0.505577505043502 0.3578050592524499 0.5021546938995197 0.3624534306257315 0.49359833837683526 0.3615087629561536 0.47536917171016857 0.35595320740059805 0.4702092582910884 0.3506849348524637 0.45888179734250106 0.34705905005577675 0.44411917171016857 0.34206431851170915 0.4416161837638982 0.3400576812113975 0.43829181471020795 0.3556102849713518 0.4402274085577643 0.3716803422606143 0.4434777873597551 0.3963016421326172 0.4462247320937782 0.41317516798107085 0.454490309321856 0.45464229266650846 0.4557606315436144 0.4975509543792371 0.45398218043315264 0.5086168723998882 0.4528945343584697 0.5174457582493229 0.45453583837683526 0.5133606148080054 0.4618275050435019 0.5133606148080054 0.47538477467769863 0.5168907859620763 0.47874965915931444 0.5123468837599515 0.5182350071047239 0.44047571498446153 0.5490664200258298 0.4336128240513515 0.5568362278563842 0.4250948054781301 0.5713398691400854 0.4204904819375267 0.5865301385784344 0.4369564811565086 0.5912823917128889 0.4534114384605943 0.5915413694995262 0.45916685166841226 0.5868794848011937 0.4844906697828111 0.5774262186073528 0.5091238383122718 0.5725376806229595 0.5211355429097764 0.5704461402241185 0.5412137833096126 0.5691191717101686 0.5531754296228203 0.5784458136099142 0.56192749775671 0.5842233383768353 0.5522495036968943 0.5923230000397356 0.5575307601085374 0.6045358383768352 0.5522495036968943 0.6187034259287704 0.5670570250129112 0.6472441717101686 0.568916170363561 0.6587025050435019 0.5994717259191166 0.6633577926680221 0.6054063478330822
5 0.5539206210502327 0.8507583530504184 0.5752747877168993 0.8109435382356035 0.5799622877168993 0.7868694641615294 0.595066454383566 0.7683509456430109 0.5955872877168993 0.754462056754122 0.587253954383566 0.7257583530504184 0.5851706210502327 0.704462056754122 0.5981914543835659 0.6757583530504183 0.5976706210502326 0.6433509456430109 0.5919414543835659 0.6313139086059739 0.5843893710502326 0.604925019717085 0.5609518710502326 0.5808509456430109 0.5573060377168992 0.5817768715689369 0.5524775651031726 0.5865980812270111 0.5492331210502326 0.5942768715689368 0.546628954383566 0.6007583530504184 0.5474102043835659 0.6086287234207887 0.5390768710502326 0.6123324271244924 0.5377747877168992 0.5933509456430109 0.529441454383566 0.5739065011985665 0.5299622877168993 0.5627953900874554 0.5336081210502326 0.5563139086059739 0.5330872877168994 0.5489065011985664 0.5213685377168994 0.5401102049022701 0.514597704383566 0.5289990937911591 0.49741020438356603 0.5262213160133813 0.48438937105023266 0.5336287234207887 0.468503954383566 0.5563139086059739 0.46225395438356603 0.5766842789763442 0.460691454383566 0.5850176123096775 0.46225395438356603 0.6146472419393072 0.45272657971025954 0.6418015650318433 0.45704562105023266 0.6776102049022702 0.4625143710502327 0.6891842789763443 0.47188937105023265 0.7002953900874553 0.47970187105023265 0.7002953900874553 0.48699353771689935 0.7132583530504183 0.49480603771689935 0.7123324271244924 0.499753954383566 0.7266842789763442 0.5057435377168994 0.7336287234207887 0.5104310377168993 0.7336287234207887 0.5140768710502327 0.728999093791159 0.5304831210502327 0.7331657604578257 0.5362122877168993 0.754462056754122 0.5346497877168993 0.7831657604578257 0.5372539543835659 0.8026102049022702 0.5414206210502326 0.8137213160133813 0.5435039543835659 0.8387213160133813 0.5484518710502326 0.8493694641615294
5 0.2519804348990732 0.7934077386525802 0.2582583769037206 0.7844126025720505 0.26847921250891765 0.780097561277579 0.2741437935703873 0.765431121090569 0.28244705022023187 0.7527194994909293 0.28995010074354705 0.7453154194623179 0.3030500435703873 0.7362644544239023 0.3048581207929079 0.733333517192656 0.30300583076999826 0.724268927769421 0.3026166808195531 0.7112736106959522 0.3226747248337732 0.6322580149060205 0.3198495685140153 0.6167649599758629 0.3168521269037206 0.6089496396090875 0.31737296023705397 0.5663570470164949 0.316947054054544 0.5573902273507894 0.3057904766748435 0.5400276296789411 0.2902896269037206 0.5126533433127912 0.2882062935703873 0.5043200099794579 0.28275107279599426 0.49119572979187204 0.27903221958039104 0.488301970083966 0.2635757176159964 0.48706178059353555 0.2543521269037206 0.5089496396090876 0.25172186523312134 0.5178597052750947 0.251747960237054 0.5339496396090876 0.25592654209790344 0.5483113114686771 0.25331046023705395 0.5728385284979765 0.24314304956479177 0.5965929340198571 0.22661975123604866 0.5964945085424044 0.2191981693823939 0.6067329576201186 0.21649011577410704 0.6014094490980934 0.21294587690372063 0.602931121090569 0.21331674952065988 0.5965115599409394 0.21061060393792097 0.589794784937304 0.20731459721243267 0.588538610721335 0.19695572663023728 0.5872824045587162 0.18235914851109267 0.6040316496781677 0.18143546023705395 0.6098755655350134 0.18872712690372062 0.6524681581276061 0.19810212690372062 0.6728385284979764 0.19966462690372064 0.6839496396090875 0.19667468558837017 0.7073914639618005 0.19810212690372062 0.7237644544239024 0.19966462690372064 0.7589496396090876 0.2022687935703873 0.7700607507201986 0.20930004357038728 0.7770051951646431 0.21763337690372062 0.7686718618313098 0.22039517937479866 0.7665537972399172 0.22195709052500182 0.775813788000013 0.22492504357038728 0.7816348247942727 0.2372140470211093 0.7846761518823588
5 0.34198053768601233 0.5546290550593863 0.3502278365387942 0.5421170654810787 0.35926841115270824 0.5359606056107645 0.36852978595799424 0.5326661832117968 0.38911058396551257 0.5282736060495553 0.39590222218494914 0.5246131274082904 0.404668443333055 0.5095076800002473 0.4322726099997217 0.511359531852099 0.44060594333305503 0.5150632355558028 0.44264754828705194 0.5208261531848472 0.4455889254577646 0.5296754246728033 0.4528455266663884 0.5173780503706176 0.4555443558817153 0.4974962556256897 0.4539605374051778 0.45687005470370873 0.44264754828705194 0.3921094892717714 0.437443573292714 0.3587235891100122 0.44061122405559044 0.3426340168618342 0.44038495046342674 0.33861160845556615 0.4244601099997217 0.34191508740765464 0.4010226099997217 0.35765582814839536 0.3932101099997217 0.35765582814839536 0.3786267766663884 0.3650632355558028 0.3666476099997217 0.3724706429632102 0.35206427666638834 0.387285457778025 0.33331427666638835 0.39561879111135834 0.32799719765802204 0.3926142615634057 0.3281633186816889 0.4003591985994603 0.3230322869093055 0.4165832450631306 0.31986713543876816 0.42490866848683595 0.3201211998831198 0.44771800971307574 0.3212644898827024 0.4605906082268943 0.3220266832157574 0.46691398995298067 0.3203752643274715 0.4743665469872968 0.31821571655048225 0.48249662299042884 0.3183427487726581 0.49446586747378535 0.31681836210654796 0.510274321789001 0.3182157165504822 0.5195335593164846 0.3254565532145052 0.5315028175837194 0.3230429409931642 0.5398587148646194 0.3254565532145052 0.5545379938716053 0.3356004934440622 0.5630481531415721 0.3405398881062471 0.560485815299963
5 0.4243037297160855 0.6583704122950627 0.41627723105467557 0.6645932287779366 0.41317466237276 0.6770622894776851 0.41634282783192944 0.7003140884510499 0.40933728569505684 0.7359139983473935 0.41551725083608265 0.732268231638478 0.4218471687333532 0.7234540163033853 0.42885271087022586 0.719894011733463 0.43425788407406596 0.7110885957001387 0.44558035774582644 0.705533285263989 0.45698543418257676 0.6838197815392871 0.4520224425090946 0.6456715085144468 0.45260809334835517 0.6380329732208719 0.4604166917719915 0.615117287870718 0.4590501781116234 0.589076732122164 0.46178320543235957 0.5672026790680799 0.4682285531681716 0.5537785375213596 0.47930560256449845 0.5381288430099929 0.48234395725455953 0.5314005868540731 0.49690815910024244 0.5228513784875651 0.5027001125511847 0.5214717228586258 0.5167018681908726 0.5266816784454863 0.522326790242628 0.5379956933263319 0.5343240598310224 0.5468665891121727 0.5342804207235972 0.5550941175136692 0.5330585530127858 0.5589159683807697 0.5305706733329514 0.5631548032019854 0.5304570488464422 0.5741465055500652 0.5332753415808337 0.5735681388200289 0.542426023900997 0.5654668857037568 0.5557145167584377 0.5633990738589829 0.5684303380213513 0.5532752425853571 0.5697253059931102 0.5408435500564704 0.5721894932520563 0.5188152499720854 0.5771066234321371 0.5076923559281374 0.5869242573750623 0.4805129480090084 0.591090924041729 0.4582907257867862 0.5907591829326418 0.45399212223320484 0.585955774071942 0.43849548137709216 0.5720805073750623 0.4217166517127121 0.5575526070585755 0.4257352718488101 0.5496846740417289 0.43467961467567506 0.5309990285365157 0.4394594406360036 0.517797090325573 0.4420806523846639 0.49760134070839546 0.48004998504604546 0.47676800737506214 0.5161610961571566 0.4688789482070313 0.529446481232663 0.4668721740417288 0.5411610961571566 0.4451090852965988 0.5641318634670118 0.4444763407083955 0.5994944294904899 0.4345941287198446 0.6027311411369213 0.43068378965993837 0.6389698782890821