2 0.5395833333333333 0.6106481481481482 0.547988680710552 0.6079754035046376 0.5593065830083886 0.6019692070060566 0.5667392181824605 0.5851519081323528 0.567077065704477 0.5809475834139268 0.5716145833333334 0.5712962962962963 0.580400388499784 0.5702778149396884 0.5854897556543691 0.5626287399979282 0.5883614595915083 0.5587247425173624 0.5920777926439765 0.5590250330964202 0.5944427149878029 0.5566225618287481 0.5971354166666667 0.5518518518518518 0.6005208333333333 0.5430555555555555 0.6015625 0.5226851851851851 0.6044270833333333 0.5157407407407407 0.60859375 0.5138888888888888 0.6172512068172307 0.5325170721058178 0.6272139246233908 0.5416071347351996 0.6322816374536363 0.5425080614605766 0.6361979166666667 0.5388888888888889 0.6434895833333333 0.5324074074074074 0.6489583333333333 0.5226851851851851 0.6546875 0.5023148148148148 0.66171875 0.4962962962962963 0.6729166666666667 0.47453703703703703 0.6755208333333333 0.45787037037037037 0.6744791666666666 0.42453703703703705 0.6771338178219071 0.4037666821818995 0.6904410265310481 0.3901182309532156 0.6880208333333333 0.38101851851851853 0.6768229166666667 0.36944444444444446 0.6608297530640196 0.37013073425806226 0.63828125 0.37407407407407406 0.61015625 0.362962962962963 0.5841145833333333 0.375 0.5716145833333334 0.3768518518518518 0.5653645833333333 0.38333333333333336 0.5627427047226743 0.3923929867085855 0.5635416666666667 0.41435185185185186 0.5619749793410608 0.4287888427678201 0.5645833333333333 0.45416666666666666 0.5619791666666667 0.4708333333333333 0.5497395833333333 0.4888888888888889 0.53203125 0.487962962962963 0.5117355594800548 0.4902337047707567 0.50703125 0.4935185185185185 0.5028601249568235 0.5029454277770028 0.5020414280266139 0.5157805502783249 0.4979166666666667 0.5375 0.4984375 0.5523148148148148 0.5008128728919338 0.5675481246939518 0.503223884043383 0.569535844892485 0.5071091408568594 0.573740169610911 0.51328125 0.5768518518518518 0.5235887102603872 0.5984845863777903 0.534080957142438 0.6121330376064742
2 0.6494956728449963 0.9578938020664669 0.6548697505162907 0.9597135955636249 0.660243828187585 0.9565289569435985 0.6654006489823642 0.9435345476958654 0.6758542442803922 0.9365112284748621 0.6807652323156975 0.9069604736217913 0.6828485656490308 0.8838123254736432 0.6750360656490308 0.8578863995477173 0.6750360656490308 0.8458493625106802 0.6799487796489974 0.8373324828797589 0.6802443989823641 0.8291826958440136 0.6745152323156974 0.8189975106588284 0.6676651735431818 0.7827386779650232 0.6607131489823641 0.7768678810291988 0.6534214823156975 0.774090103251421 0.6484735656490308 0.7652938069551247 0.6406610656490308 0.7467752884366062 0.6390985656490308 0.7347382513995692 0.6354207075154161 0.721775595810235 0.6221134675674492 0.7026677640900775 0.6070148683957176 0.6990281770957618 0.6060256489823641 0.7139049180662358 0.5901402323156975 0.7430715847329025 0.5859735656490308 0.7606641773254951 0.5806563125797346 0.7690902267363393 0.5781610656490308 0.7801086217699396 0.5781610656490308 0.8143678810291988 0.5760777323156975 0.8291826958440136 0.5807652323156974 0.8847382513995692 0.5940464823156975 0.9166826958440136 0.6018966991849611 0.9210429837490204 0.6060256489823641 0.9176086217699395 0.6185256489823642 0.9352012143625321
2 0.259903410768079 0.41377055105259436 0.2684895833333333 0.40753529436962665 0.28459196037452045 0.39541621501722396 0.29609374999999993 0.3834612202955526 0.31171874999999993 0.3566093684437007 0.3218492948874541 0.35950555755671665 0.3330729166666666 0.3556834425177748 0.3354166666666666 0.35151677585110813 0.33749999999999997 0.34225751659184883 0.3354166666666666 0.3144797388140711 0.35937499999999994 0.26633159066592293 0.3572916666666666 0.23762788696221923 0.35078124999999993 0.22235010918444145 0.32942708333333326 0.21123899807333033 0.3174479166666666 0.2167945536288859 0.31015624999999997 0.202905664739997 0.29817708333333326 0.20105381288814514 0.28255208333333326 0.18253529436962662 0.27031249999999996 0.1829982573325896 0.26770833333333327 0.19966492399925626 0.25989583333333327 0.2255908499251822 0.2588541666666666 0.24596122029555256 0.23359374999999993 0.27697973881407106 0.22708333333333328 0.2913315906659229 0.22708333333333328 0.30799825733258956 0.2338541666666666 0.3265167758511081 0.23489583333333328 0.340405664739997 0.2395833333333333 0.3579982573325896 0.2463541666666666 0.37466492399925627 0.2510416666666666 0.4079982573325896 0.2522723686600638 0.4161645948832948
2 0.6744791666666666 0.6671296296296296 0.71796875 0.6611111111111111 0.7330729166666666 0.649074074074074 0.7423904440202265 0.6357903530695262 0.7513020833333334 0.6287037037037037 0.7552083333333334 0.6208333333333333 0.7590244939551849 0.6080385022378689 0.7494791666666667 0.5930555555555556 0.7489583333333333 0.5856481481481481 0.75234375 0.5851851851851851 0.7559895833333333 0.5907407407407408 0.7619791666666667 0.5884259259259259 0.7636308462448658 0.575737167663317 0.7677083333333333 0.5652777777777778 0.7677253816134709 0.5516249038259754 0.7672135646923953 0.537521504223002 0.7695167408372358 0.5311522269829495 0.7692708333333333 0.5226851851851851 0.7622395833333333 0.5092592592592593 0.753125 0.5013888888888889 0.7494791666666667 0.4828703703703704 0.7434895833333334 0.4722222222222222 0.7330729166666666 0.4703703703703704 0.71796875 0.49166666666666664 0.7106770833333333 0.49074074074074076 0.70234375 0.4777777777777778 0.6950520833333333 0.47314814814814815 0.68671875 0.4703703703703704 0.6768229166666667 0.47314814814814815 0.671875 0.47824074074074074 0.6611857572144372 0.49956258466010034 0.6549174214287331 0.5103749899260628 0.6495118610764713 0.5247898175320945 0.6427549106361439 0.5353006293281595 0.6415625105683239 0.5429808847144756 0.6448893205553156 0.5507150209613191 0.6556374758979042 0.5643634721900029 0.6625 0.5791666666666667 0.6583333333333333 0.5986111111111111 0.650007489766072 0.6116780892321847 0.648727947463383 0.6194122115951056 0.6538461166741395 0.6357903530695262 0.6546138420557529 0.6457992173038944 0.6515429405292991 0.6599026169068679 0.6533342997530638 0.6662718941469203 0.6579406520427447 0.6694565327669467 0.6666415553204436 0.6653619973983413 0.6694565327669467 0.6699115089090812
2 0.3848958333333333 0.8587962962962963 0.3890625 0.8569444444444444 0.39739583333333334 0.8236111111111111 0.39791666666666664 0.8013888888888889 0.39427083333333335 0.7810185185185186 0.3971354166666667 0.7759259259259259 0.40859375 0.774074074074074 0.41692708333333334 0.799074074074074 0.4236979166666667 0.8055555555555556 0.4315104166666667 0.8064814814814815 0.43723958333333335 0.8037037037037037 0.44609375 0.7851851851851852 0.45546875 0.7814814814814814 0.46145833333333336 0.774537037037037 0.46145833333333336 0.7532407407407408 0.45677083333333335 0.7421296296296296 0.45625 0.7319444444444444 0.4625 0.7236111111111111 0.4661458333333333 0.7050925925925926 0.46145833333333336 0.6828703703703703 0.46979166666666666 0.6708333333333333 0.4708333333333333 0.6421296296296296 0.45208333333333334 0.5995370370370371 0.4466145833333333 0.5925925925925926 0.42682291666666666 0.5907407407407408 0.39869791666666665 0.612037037037037 0.39010416666666664 0.6282407407407408 0.38046875 0.6712962962962963 0.36171875 0.6555555555555556 0.34453125 0.6685185185185185 0.34010416666666665 0.6856481481481481 0.340625 0.7226851851851852 0.3385416666666667 0.7319444444444444 0.33359375 0.7425925925925926 0.3216145833333333 0.7518518518518519 0.3177083333333333 0.7625 0.3171875 0.774537037037037 0.32421875 0.7888888888888889 0.34140625 0.8 0.36223958333333334 0.8212962962962963 0.36614583333333334 0.8375 0.37265625 0.8518518518518519
2 0.6098958333333333 0.36064814814814816 0.6149480306723902 0.3496278256414533 0.6145833333333334 0.3421296296296296 0.6083333333333333 0.32083333333333336 0.59375 0.2865740740740741 0.6008730653428098 0.27956577600087584 0.60390625 0.2722222222222222 0.6116212206853985 0.2731964987608233 0.6161458333333333 0.25787037037037036 0.6171875 0.2375 0.618018932198844 0.2363456804433767 0.6233930098701383 0.23725557719195564 0.6287670875414325 0.23043135157761366 0.6305584467651975 0.22679176458329792 0.6356766159759538 0.22679176458329792 0.6369791666666667 0.21805555555555556 0.6364583333333333 0.1986111111111111 0.6315104166666666 0.18703703703703703 0.62734375 0.18425925925925926 0.6049479166666667 0.18611111111111112 0.5844949238683891 0.17811230241824783 0.5778645833333333 0.17685185185185184 0.56953125 0.19444444444444445 0.5549479166666667 0.19814814814814816 0.5401041666666667 0.21898148148148147 0.5333333333333333 0.25972222222222224 0.5217973510366224 0.2845702081180599 0.5208333333333334 0.30787037037037035 0.5235887102603871 0.32460569282337787 0.5274273371684545 0.327790303675559 0.5304982386949084 0.32324081993266435 0.5384314009715808 0.3250606134298222 0.5466145833333333 0.32222222222222224 0.5479000140114804 0.3359793744127693 0.5522504578406233 0.34780805991214053 0.5632545216437497 0.3559971306493509 0.5757940362101032 0.35099267076432167 0.5893571846186078 0.36100153499868987 0.5988257976585073 0.36236638012155825
2 0.46703294048152816 0.8796426816886791 0.47109375 0.8703703703703703 0.4825520833333333 0.8694444444444445 0.49083242731154575 0.8596249809877878 0.49492696268015096 0.863719516356393 0.4979978642066048 0.8573502113484953 0.5075520833333333 0.850925925925926 0.5235887102603872 0.8541656004963142 0.5292186963922193 0.8405171492676303 0.5289627879316815 0.8318731023882853 0.5205729166666667 0.8268518518518518 0.5113051041545716 0.8154949609138646 0.5151041666666667 0.8087962962962963 0.52265625 0.7916666666666666 0.5299479166666666 0.787962962962963 0.5403645833333334 0.775 0.5463645632482534 0.761811052747708 0.5484118309325561 0.7545318787590765 0.559375 0.7319444444444444 0.5630208333333333 0.7097222222222223 0.571875 0.6958333333333333 0.5802083333333333 0.6754629629629629 0.5822916666666667 0.6625 0.58125 0.6532407407407408 0.57734375 0.6444444444444445 0.5596354166666667 0.637962962962963 0.54921875 0.6268518518518519 0.5346354166666667 0.6240740740740741 0.5252604166666667 0.6175925925925926 0.5169270833333334 0.6175925925925926 0.49713541666666666 0.6305555555555555 0.48203125 0.6351851851851852 0.47291666666666665 0.6467592592592593 0.4708333333333333 0.6587962962962963 0.47239583333333335 0.6847222222222222 0.4739583333333333 0.6930555555555555 0.4752220268381514 0.703122712464367 0.48541666666666666 0.7152777777777778 0.4859375 0.725462962962963 0.484375 0.7393518518518518 0.46979166666666666 0.7569444444444444 0.46145833333333336 0.7800925925925926 0.4583333333333333 0.7967592592592593 0.4578125 0.8245370370370371 0.45372571615297425 0.8482512438627061 0.4503988905465696 0.8614447467171006 0.4514225400081338 0.8655392820857057 0.45551705975732604 0.8732734322164717 0.46370614611394934 0.881462502953682
2 0.49825377266714266 0.2786558792522968 0.5031160490367742 0.2786558792522968 0.5074664772465043 0.27046680851508653 0.5151437310626391 0.2691019633922181 0.5205178087339334 0.2627326861521656 0.5177028312874301 0.24908423492348164 0.5320336894581355 0.2254269194604295 0.5394550348137322 0.2176927970975086 0.5491795563141696 0.2026795007459563 0.5542977255249261 0.1967651718801933 0.5611979166666666 0.1935185185185185 0.5681167823939686 0.19267063651158806 0.5731770833333333 0.18425925925925926 0.5786458333333333 0.1726851851851852 0.5926839946055996 0.16082425031132558 0.5963541666666666 0.14675925925925926 0.5985698891979695 0.13216250273108934 0.5963541666666666 0.12175925925925926 0.59375 0.11342592592592593 0.5893229166666667 0.11203703703703703 0.57734375 0.12129629629629629 0.56640625 0.11851851851851852 0.54765625 0.1287037037037037 0.5458333333333333 0.12546296296296297 0.5458333333333333 0.10787037037037037 0.5416666666666666 0.08287037037037037 0.5372395833333333 0.07314814814814814 0.534080957142438 0.0702895238277222 0.5299479166666666 0.0712962962962963 0.51640625 0.08425925925925926 0.5123287536161357 0.08894240717359031 0.49244791666666665 0.11574074074074074 0.48463541666666665 0.12222222222222222 0.4705729166666667 0.1259259259259259 0.4666666666666667 0.13287037037037036 0.462938405112923 0.1449010572111944 0.46575339817883915 0.1890310495172724 0.47368656045551166 0.20495424261740366 0.4798283635084194 0.22679176458329794 0.4864583333333333 0.2439814814814815 0.48929699216773176 0.25545351216353424 0.4954387952206395 0.27228660201224436
2 0.4471777818596375 0.5806200379807503 0.4513020833333333 0.575925925925926 0.4613399703499637 0.5604307545983148 0.47628030112599773 0.5361714703241468 0.47900190284671773 0.5249667319077664 0.48365209749981714 0.5072260621096379 0.48541666666666666 0.4976851851851852 0.48489583333333336 0.48564814814814816 0.48020833333333335 0.47453703703703703 0.47910950873876906 0.4718354286965681 0.48020833333333335 0.4671296296296296 0.48325128084443053 0.4651848412294128 0.4821532311549198 0.45697443628837586 0.483012684329884 0.44933485251091626 0.4828125 0.4356481481481482 0.4817816197746797 0.4324069458555762 0.47870869208338257 0.42955669408393826 0.4764373977028586 0.4176806450354467 0.4705587534238552 0.411742620511201 0.46997008607023083 0.4087817893994099 0.4706955521026154 0.40631960165313497 0.475 0.3912037037037037 0.47603658104747193 0.38205249788997214 0.47369791666666666 0.37592592592592594 0.4648918238435387 0.36715909178380957 0.45829667809458796 0.3661038684639775 0.4471354166666667 0.3712962962962963 0.4390625 0.3912037037037037 0.4239583333333333 0.41435185185185186 0.4197916666666667 0.43657407407407406 0.419521432637963 0.4480833450967152 0.4136427883589596 0.45425887610480065 0.41041666666666665 0.475462962962963 0.4104362551158669 0.4974876946413097 0.4141131881369201 0.5101968699380112 0.41458333333333336 0.5291666666666667 0.417980727424259 0.5389726354997758 0.42125830481130483 0.5454669327972155 0.4285806499154843 0.5575623049010338 0.435687704405222 0.5725443246277762 0.43942865985549684 0.5744444924755348
2 0.41109353623801453 0.4664429447054943 0.41311406559900415 0.45387076201489224 0.4182495777248529 0.4477343395111459 0.4185768553415058 0.43661629334457147 0.42384422334175986 0.41222007012689477 0.4389004125493899 0.3914918591714553 0.44723374588272324 0.37019556287515903 0.45817124588272323 0.3655659332455294 0.46546291254938993 0.3664918591714553 0.47275457921605657 0.3738992665788627 0.4746351259043518 0.37539909596652 0.47848374588272324 0.37019556287515903 0.48291082921605655 0.3567696369492331 0.4834316625493899 0.34195482213441825 0.4808274958827232 0.3289918591714553 0.4769212458827232 0.320195562875159 0.47327541254938993 0.3192696369492331 0.4618170792160566 0.33686222954182565 0.4493645173778514 0.335892607383441 0.44897120651516453 0.3313476071732427 0.45083945561869754 0.32540415233605446 0.4508795792160566 0.320195562875159 0.44775457921605655 0.3192696369492331 0.4430714475502403 0.3250545400129824 0.4310879125493899 0.3063066739862701 0.42431707921605655 0.3016770443566405 0.3966600575716088 0.2949876481692678 0.37900457921605657 0.28964000731960343 0.3771816625493899 0.28732519250478866 0.37770249588272325 0.2789918591714553 0.3727545792160566 0.27482519250478865 0.36780666254938993 0.2854733406529368 0.36784959726707706 0.30512648289153005 0.37041082921605656 0.31788074806034416 0.3677512680510206 0.3301239547067628 0.3651947084335536 0.3379902919912766 0.3665713234598826 0.3490031641895959 0.378075841738484 0.3626381488160865 0.38613883145357164 0.37172814390178166 0.392038584416957 0.37382583384431867 0.3914486091206184 0.3790700587006612 0.38863999588272324 0.38362148880108493 0.3869254711835621 0.3876356206313193 0.3854505329427157 0.3975996478583701 0.39095696304033634 0.40686444510457526 0.3929235473614648 0.40721406009499816 0.39697332921605655 0.3975103776899738 0.3985283126766809 0.4016202202482328 0.39626674070738316 0.40756367508542096 0.3969550452197781 0.41071020999922647 0.39931494640513227 0.4126330924465521 0.40206816445471205 0.4173528948172604 0.4058274958827232 0.41880667398627014 0.4069846252575332 0.41997500724543163 0.40659130839330754 0.43098787944375094 0.4084316625493899 0.4475103776899738 0.40991489411077064 0.4592588403108645
2 0.332027672436554 0.637434599206104 0.33607987896514663 0.6363090000218872 0.345957132378591 0.6273040828846226 0.3486163929129799 0.6268538514551711 0.35241533653353535 0.6284296958092317 0.35613052230461123 0.6235983933179919 0.3624192214009983 0.6176238254733769 0.3664714279295909 0.6106450116004086 0.36863052230461124 0.6097095044291031 0.38217218897127786 0.6143391340587327 0.38863193238283156 0.6155977222090807 0.3924308760033871 0.6140218503742358 0.39909927230461123 0.5962835785031771 0.4024347685998206 0.5748505205978409 0.40433424041009836 0.5678717204652649 0.40639093897127787 0.5518391340587327 0.41368260563794457 0.5305428377624365 0.4131617723046112 0.5101724673920661 0.40743260563794453 0.49257987479947346 0.40889297275476505 0.48435124145927344 0.4084742723046112 0.4675798747994735 0.40889297275476505 0.4584621441932653 0.40648696739944257 0.44292868583366046 0.4057271786753315 0.42109179509624495 0.401928235054776 0.41861544666210504 0.3985091857962759 0.413887872378747 0.3964830825319796 0.41276225945413797 0.3933173039104873 0.4084849303406236 0.39024510563794457 0.40924654146614015 0.38495962021629454 0.3979041688492986 0.38571940894040563 0.3877736525278171 0.39053140419310933 0.37944411688571017 0.39103793000918335 0.37516679464239183 0.38609930330246117 0.37336580709282124 0.3834400427680723 0.3699889683189941 0.3749557353488316 0.3830460782444591 0.3714100546363131 0.3913756207567621 0.36343227303314646 0.4093854206803108 0.35665135563794453 0.42545024516984387 0.34519302230461124 0.43193172665132534 0.32878677230461123 0.45276505998465866 0.32683578282179476 0.45778677643849985 0.32878677230461123 0.4675798747994735 0.3350367723046112 0.4796169118365105 0.33607843897127787 0.48887617109576975 0.33000156917225776 0.49920933206411283 0.32898851754010955 0.5102403387252815 0.3267091513677763 0.5154181581784832 0.32774510563794457 0.5203576525772513 0.33555760563794457 0.5453576525772512 0.33321385563794453 0.5523020970216957 0.3290471889712779 0.5541539488735475 0.31837010563794454 0.5722095044291031 0.31524510563794456 0.5888761710957697 0.31784494958648 0.6059174373170507 0.31784494958648 0.6142469729591576 0.3192378955806837 0.6182991794877503 0.3225303133851652 0.6185243020726721 0.32303683920123927 0.6261784837004056 0.32341673356329476 0.6327070249227461 0.32430315374142443 0.6354084959418077 0.3274689400918874 0.6358587411116513