5 0.546875 0.49398148148148147 0.5596354166666667 0.49166666666666664 0.5706504510322787 0.4866950881559362 0.5766540344256469 0.47840905700960434 0.5924479166666666 0.4527777777777778 0.5961817978047234 0.45220035658133 0.5966235988151195 0.4572223819653541 0.5979490164077361 0.4569085065911635 0.5985675421907193 0.4595764569702707 0.6045760825286769 0.46020420771865195 0.60703125 0.4564814814814815 0.6106729816125711 0.44027304710248033 0.6111147899036813 0.4360357133867619 0.6104166666666667 0.42453703703703705 0.60703125 0.41574074074074074 0.5997395833333333 0.4074074074074074 0.5979490164077361 0.40768571429713857 0.5872395833333334 0.41388888888888886 0.5842607240847976 0.40988661908834656 0.5758664393608441 0.38964158309798436 0.5575520833333333 0.38055555555555554 0.5520833333333334 0.37083333333333335 0.5479166666666667 0.350462962962963 0.5482094747763373 0.345653586065893 0.5469724232103712 0.33686503679460744 0.5454087525820377 0.329212356012464 0.5453380158766221 0.3237546524600414 0.541670767401333 0.32530745104490794 0.5361923868197078 0.32122704531779755 0.5346018929892818 0.30945667029321405 0.5351765125496558 0.2991153482996945 0.5366786549148593 0.29173924144509567 0.5348230775659102 0.29221005773921066 0.5265625 0.29953703703703705 0.5223958333333333 0.30972222222222223 0.5177083333333333 0.3347222222222222 0.5114583333333333 0.3421296296296296 0.5081706870041534 0.3509864693511916 0.5074637951945199 0.3642703922887429 0.5097611808345793 0.37133261730349304 0.5145833333333333 0.3763888888888889 0.5151041666666667 0.38287037037037036 0.5144443108606345 0.38765420141798557 0.5122352839665115 0.3873403195781368 0.5109982324005454 0.3929901021762002 0.5125 0.40324074074074073 0.5113516746650052 0.41276432833810556 0.5104166666666666 0.4263888888888889 0.5153403789257045 0.4491996679423845 0.5177083333333333 0.46805555555555556 0.5232889982961084 0.4874797798242417 0.5267350767561976 0.48936304500070155 0.5325668923215683 0.4888922287065866 0.54140625 0.49444444444444446
5 0.4381508374496723 0.5360180438518224 0.4439839996487006 0.5294774036652998 0.4529872544732989 0.5139151955545463 0.4549380693818727 0.5080813839120603 0.46222973604853934 0.47845175428243064 0.47062023339965914 0.4681942206256799 0.47472973604853935 0.45808138391206027 0.475771402715206 0.4478961987268751 0.4736880693818727 0.41826656909724547 0.47150132321589944 0.4170665684219098 0.466396402715206 0.3978961987268751 0.46490730578139583 0.36397254916324884 0.462490152715206 0.3548406431713195 0.4510318193818727 0.3566924950231714 0.44217765271520604 0.35021101354168993 0.4361219127293159 0.3404703281723477 0.42989031858529664 0.33483645242962995 0.4281843483543186 0.3351002933005645 0.4222998479552062 0.3402447752084217 0.41951007767405063 0.34137247119895053 0.4173543372979975 0.33753831171406246 0.41353181938187267 0.34002582835650474 0.40519848604853936 0.3428036061342825 0.40181306938187267 0.34974805057872693 0.397646402715206 0.36734064317131954 0.39711744391519505 0.37512820757716525 0.400771402715206 0.38308138391206026 0.3909376181192885 0.3904490164126477 0.3823146759644285 0.4078155363875199 0.3806661788618097 0.4254075921190429 0.38410473604853934 0.43215545798613436 0.37749598096291653 0.44367626372415564 0.37660831974642067 0.451344599901207 0.38130882308037056 0.4617566331325587 0.38563273242976737 0.46504795102922963 0.39009431938187267 0.46132212465280104 0.39151251344080656 0.47574442385780635 0.39972973604853934 0.49419249502317136 0.41608625813844025 0.5204558357410688 0.4296734962351922 0.5370036028586433
5 0.58125 0.6717592592592593 0.59765625 0.6712962962962963 0.6049479166666667 0.6666666666666666 0.6145833333333334 0.6347222222222222 0.6140625 0.6263888888888889 0.6044270833333333 0.6166666666666667 0.5825520833333333 0.5712962962962963 0.5721354166666667 0.5648148148148148 0.56484375 0.5648148148148148 0.54140625 0.5777777777777777 0.5283854166666667 0.5787037037037037 0.5130208333333334 0.586574074074074 0.5100047797195147 0.5912485638655773 0.5109375 0.600462962962963 0.5171875 0.6208333333333333 0.5177083333333333 0.6458333333333334 0.5200520833333333 0.6546296296296297 0.5356770833333333 0.6527777777777778 0.5575520833333333 0.6694444444444444
5 0.4921463122436941 0.8452353734425175 0.49702012709297577 0.8411132689047993 0.5139624577100195 0.8402888513937642 0.5194055460396083 0.8343708956059102 0.5224187692056704 0.8339677738335202 0.5257150327512754 0.8383586533758131 0.5340733976452807 0.8431677012569182 0.5490930460396083 0.836222747457762 0.5678430460396082 0.8204820067170213 0.5793101765026213 0.8294361695174587 0.5824263793729416 0.8269634881985027 0.589978462706275 0.7950190437540583 0.5886103351382768 0.7881852711566758 0.5852909627062749 0.7820560807910953 0.5852909627062749 0.7644634881985027 0.5904992960396083 0.7292783030133175 0.595447212706275 0.7232597844947991 0.6025016934014507 0.725607249128178 0.6123742960396082 0.7172412659762806 0.6165409627062749 0.699648673383688 0.6160201293729416 0.6792783030133176 0.6139367960396083 0.6727968215318361 0.6072106330093602 0.6618350182868219 0.6048561826056329 0.668316791208452 0.5980282143540958 0.6727076664436387 0.5885157639406722 0.6731278534900534 0.5702686278100796 0.672291490969791 0.5568481518675601 0.6710369514965038 0.5438985679458088 0.6614188471200807 0.5358933744924081 0.6541007202924009 0.5201184287459338 0.6561916222859506 0.5187057526836293 0.6536825519535887 0.5105513793729416 0.6640005252355398 0.5050826293729416 0.6737227474577621 0.5010408200413882 0.6886808762421313 0.5034040684167681 0.6974407273644342 0.5018327378380519 0.7118415723248858 0.5023764351830262 0.7280398471089844 0.5043719298363629 0.7285980150446435 0.5054153835727351 0.7305564531598451 0.5050633223343973 0.737193871161613 0.5037433996764645 0.7389800251128371 0.503844042636079 0.751990272979344 0.5024784627062749 0.7524264511614658 0.5013919760636701 0.7676153462445355 0.5003951293729416 0.773722747457762 0.49887783470819635 0.7764344658564099 0.49579801517301997 0.7776624472727762 0.48973937274249635 0.7803966895522181 0.4747884904573949 0.7860420999535856 0.4701867960396083 0.7950190437540583 0.4649172206799037 0.806992623446375 0.46321516893168163 0.8140901520886104 0.46384020489899386 0.8183765576575031 0.46631239528311225 0.8231856055386083 0.4701867960396083 0.8227968215318361 0.4707076293729416 0.8311301548651694 0.4727871920940448 0.838030943363374 0.4780847443028861 0.8420036373384295 0.4817341695889819 0.838449120316399 0.4865930460396083 0.8445560807910953
5 0.46273596607970985 0.8137524225500745 0.4643840833023417 0.8076375609065548 0.46973925597777727 0.794758083340256 0.47351046801098795 0.7868320361047952 0.4751666417625682 0.7846111569481414 0.4939540626779831 0.776967954718415 0.4991138314407949 0.7745640513207022 0.5009520018443593 0.7669455373630268 0.5018736089835195 0.7519296251620174 0.5033192356018439 0.750813280092302 0.5034449499201756 0.7417708877871257 0.5033192356018439 0.7383102162313284 0.504953438876636 0.7355193535570397 0.5050162804988917 0.7310539778773765 0.504073480080074 0.7293794602728032 0.502125027262243 0.7288212877379454 0.50116652400178 0.7140781417076566 0.502739599620468 0.6977731974028389 0.500149688656186 0.6885732613652281 0.4940104166666667 0.6759259259259259 0.4910849711808577 0.6737279235404623 0.4825520833333333 0.6731481481481482 0.47630208333333335 0.662962962962963 0.46871751774340115 0.6584644066091184 0.46328125 0.6666666666666666 0.45649042031661036 0.6765064576794984 0.44557291666666665 0.7 0.43072916666666666 0.7134259259259259 0.42597629762494627 0.7242950326562115 0.428125 0.7337962962962963 0.4216281313644194 0.7464909933287042 0.4216281313644194 0.7615454239370887 0.4192736615604647 0.7682362810281248 0.42109375 0.774074074074074 0.42551300751095616 0.7770180401127108 0.428050071176039 0.776912801210181 0.4360489189904099 0.7634952725863854 0.43984375 0.7601851851851852 0.4466145833333333 0.7685185185185185 0.45755208333333336 0.775 0.4582624676321275 0.8022525003495078 0.46108782945685056 0.8106160738668562
5 0.3269838094009909 0.6600024773528292 0.33804465695380687 0.6554715062816335 0.34540325895791213 0.6339836172904717 0.3478807400963663 0.6265223260736519 0.3585446235367093 0.6318791464949879 0.3661600848766858 0.6323758320881152 0.3735925105409797 0.6275929510819634 0.3806564395078149 0.6287037037037037 0.3841043508621523 0.6286056374007415 0.3864741185165117 0.6224835512892557 0.3902918561744816 0.6078703703703704 0.3923751895078149 0.5921296296296297 0.3920753616979887 0.5707051919300206 0.37935435617448154 0.538425925925926 0.3785893140717029 0.5149193524779275 0.3736251895078149 0.5023148148148148 0.3572189395078149 0.4740740740740741 0.34853364936357417 0.46446271165103875 0.33898977284114823 0.4583333333333333 0.3304373402589373 0.4550882759137009 0.32232310617448157 0.4564814814814815 0.30669810617448157 0.462037037037037 0.2931564395078149 0.4537037037037037 0.2904733695948965 0.45491074987534325 0.2860570102405992 0.4648591407917505 0.2837814395078149 0.4703703703703704 0.27722429153200456 0.4698333323089828 0.2759316942207301 0.47193781098640925 0.27377738016116304 0.494512995147949 0.2774291522670176 0.5067636083757425 0.2861251895078149 0.5208333333333334 0.2893856418941693 0.5279315292956062 0.2961717511517575 0.531375205196424 0.2989908502188843 0.550662168088929 0.2984385189794061 0.5576525478855364 0.29586708817586144 0.563097662645895 0.2952207895202242 0.5726634167762561 0.29909856370297905 0.5785941923766613 0.31060435617448157 0.5819444444444445 0.31116277568975986 0.5979170190304064 0.31277851345331864 0.6078654099468136 0.3135192954943752 0.620208921569143 0.31588904539766605 0.6246091736711912 0.3185819535043097 0.633600988386368 0.3203054047519633 0.6410622796031877 0.31945852284114823 0.6486111111111111 0.31633352284114824 0.6560185185185186 0.31868966698840445 0.6596198642126109
5 0.2068007612990078 0.7407466495555264 0.21468595989828956 0.7399228266248173 0.22875563098476107 0.7289385510512363 0.2453643287910742 0.7124870531370388 0.254851997142302 0.7035628748247077 0.26657623929171453 0.7017716076485306 0.2760536626371389 0.696146981185904 0.27814421144852514 0.6949201498692524 0.28302937527624666 0.6935347178351937 0.2944834090753107 0.6815739087775451 0.3009548552081473 0.6735132064847481 0.30936962294835785 0.6692844213734269 0.3140341063096825 0.6665228893454361 0.3179001633745739 0.663014983181892 0.3252120571470656 0.6607758976742131 0.31805974471074694 0.6599667401642736 0.31595424368936015 0.6558369923856395 0.3190638992635766 0.6485226488538204 0.31990434690323166 0.6410855845102966 0.3157719942785225 0.6255368608645231 0.3129985163751534 0.6200884219224364 0.31207402604905476 0.6071282842981857 0.31068728709737026 0.5983477680350716 0.310098974442119 0.582524899266581 0.3045100007546957 0.580733632090404 0.2989210236047359 0.579240908418618 0.2947362128213256 0.5730674168777226 0.2953922271188388 0.5644315951218427 0.2874909412454855 0.5651877774435612 0.28234349545774085 0.571746312396298 0.27154603937125255 0.5781358326213125 0.2601047805574918 0.5819803245466851 0.25317682879107417 0.5893389049888906 0.24387054664842728 0.59461225163841 0.23583072731923396 0.5935138116362549 0.22557266212440752 0.6023018679518536 0.22067877482146595 0.6001043781117488 0.2027438148003093 0.6138347225787252 0.1956316688921178 0.6124616881320275 0.18944720914454496 0.6061457330712539 0.18020753724786218 0.610857611262143 0.17598764841901096 0.6185613803793101 0.17386845677037785 0.6273340246225146 0.1741776727509672 0.6341991968560029 0.1757238036123815 0.6355722199892487 0.1848458916132545 0.6435358265681661 0.1894842332390299 0.6520486333496204 0.19489565303512932 0.6644059433698991 0.19381337162383278 0.6690742582259808 0.19350414290362658 0.677587065007435 0.1961325424367205 0.6869236947195982 0.19721482384801703 0.7044985537388508 0.2006162888118181 0.7174050526482147 0.1999978441110225 0.7259178820565726 0.20092550479240748 0.7333322658060495
5 0.5568396378298366 0.32489476835991726 0.5627604166666667 0.30648148148148147 0.5658645378544946 0.3072394462401511 0.5799479166666667 0.29444444444444445 0.5925203317436643 0.302346466728614 0.6032455777502982 0.2974680239698501 0.6079542381101405 0.2963064886124178 0.61875 0.2652777777777778 0.63359375 0.2490740740740741 0.6416666666666667 0.2310185185185185 0.6494791666666667 0.19768518518518519 0.6520833333333333 0.15787037037037038 0.646875 0.12546296296296297 0.6341145833333334 0.10555555555555556 0.6205729166666667 0.10185185185185185 0.6065104166666667 0.08888888888888889 0.5997395833333333 0.0962962962962963 0.59140625 0.0962962962962963 0.5744744666396479 0.11003534946682658 0.5661458333333333 0.11435185185185186 0.564272401525029 0.11909532381918593 0.5670191092910349 0.14604294315454122 0.5681962743809955 0.15487059942904757 0.5712045672043914 0.15812289460155676 0.571875 0.16527777777777777 0.5635416666666667 0.18009259259259258 0.5604166666666667 0.19212962962962962 0.5594329486364918 0.20109969325580043 0.5632260289637634 0.21062428701504715 0.5645833333333333 0.2310185185185185 0.5411458333333333 0.2791666666666667 0.5359375 0.29953703703703705 0.5353971435448519 0.3108691127099008 0.5368278851866839 0.32071322958825665 0.5412749389346655 0.3244301465603415 0.5450520833333333 0.32222222222222224 0.54921875 0.31666666666666665 0.5512154189918944 0.32628861461713754
5 0.7145833333333333 0.5652777777777778 0.721875 0.5439814814814815 0.7223958333333333 0.5291666666666667 0.72890625 0.5138888888888888 0.7372936542936749 0.5038057982124866 0.7487792729244376 0.49473928150503893 0.76015625 0.4787037037037037 0.7635416666666667 0.4810185185185185 0.7653904731229003 0.49647554807231215 0.77265625 0.49074074074074076 0.7776041666666667 0.4810185185185185 0.7828125 0.46064814814814814 0.7822916666666667 0.45231481481481484 0.7677083333333333 0.3958333333333333 0.7455729166666667 0.3574074074074074 0.7346354166666667 0.3509259259259259 0.7294270833333333 0.33611111111111114 0.7205729166666667 0.3398148148148148 0.7138020833333333 0.35 0.7075520833333333 0.3416666666666667 0.70234375 0.3398148148148148 0.69453125 0.3509259259259259 0.6859375 0.3560185185185185 0.6666666666666666 0.4060185185185185 0.6583333333333333 0.4652777777777778 0.6560644046821335 0.5115864196272006 0.6763020833333333 0.5324074074074074 0.6822916666666666 0.5513888888888889 0.6861979166666666 0.5555555555555556 0.68984375 0.5583333333333333 0.69453125 0.5564814814814815 0.70234375 0.5657407407407408
5 0.49595684356989894 0.33608746259248695 0.500644343569899 0.3296059811110055 0.5050510539205086 0.2898941079509129 0.5087747806424522 0.285478822790485 0.5063735102365656 0.27497635148137584 0.5094985102365656 0.18886524037026475 0.5068943435698989 0.15645783296285734 0.49543601023656564 0.11108746259248697 0.48426020298571565 0.11868708068167451 0.4662621352549418 0.11979089670829624 0.4514255935698989 0.11618005518507957 0.4180922602365656 0.10229116629619067 0.3884047602365656 0.08377264777767215 0.38189434356989893 0.09905042555544993 0.37824851023656564 0.12868005518507958 0.3790634232397709 0.1334531484377845 0.3930922602365656 0.15506894407396846 0.39683052901775456 0.15926414006018927 0.404233319690389 0.16388238713366543 0.40819642690323227 0.15969857370359808 0.4110610102365656 0.16664301814804253 0.40741517690323226 0.18145783296285733 0.4065767843394025 0.19034771153934854 0.40741517690323226 0.19719857370359808 0.41158184356989896 0.21849486999989437 0.4235610102365656 0.25738375888878323 0.4235610102365656 0.2703467218517462 0.41767373569412186 0.2982365213749509 0.4166937010993967 0.31043800795246096 0.41829738789322035 0.32089642156472575 0.42007925908755817 0.32850254110499116 0.4178519200946359 0.33436559372481306 0.41803010449515005 0.33769326913467873 0.4195527041630216 0.3404728460619951 0.4244119803546618 0.33769484765649915 0.4285089269032323 0.3328467218517462 0.43237416625010955 0.33115658661524605 0.43892559356989896 0.32358746259248694 0.4424417412170378 0.32723485552241394 0.4583894965631201 0.3294533098255254 0.46497932748507254 0.33167192051224903 0.4742192135892699 0.33676751983180586
5 0.30856924352154086 0.45672135581267875 0.3187054078010148 0.4527151032218426 0.3216145833333333 0.4444444444444444 0.3301555275231504 0.44770730658652547 0.3340973508884828 0.44770730658652547 0.3371006694312041 0.4437010794666601 0.3375 0.42824074074074076 0.34270833333333334 0.41805555555555557 0.34427083333333336 0.38472222222222224 0.33958333333333335 0.3587962962962963 0.334375 0.3449074074074074 0.31302083333333336 0.32916666666666666 0.31302083333333336 0.32083333333333336 0.3182291666666667 0.29953703703703705 0.31532669592177964 0.2919951249258587 0.3046875 0.2773148148148148 0.30706759857106436 0.27096238160462394 0.30763071005716147 0.2649530281893405 0.30442708333333335 0.2601851851851852 0.29453125 0.25555555555555554 0.27838541666666666 0.26481481481481484 0.26901041666666664 0.2861111111111111 0.246875 0.30972222222222223 0.24305961916456834 0.3231801058364799 0.24036458333333333 0.3351851851851852 0.22369791666666666 0.3398148148148148 0.2140625 0.3486111111111111 0.2234375 0.39305555555555555 0.2269168321205359 0.40163558008870515 0.23151041666666666 0.40925925925925927 0.24643833104380358 0.42133294408611743 0.2717787345820465 0.4330178029018574 0.30519053164230564 0.4467057625420446 0.3053782354710047 0.4547182422527461
5 0.24415025689020153 0.30627866081660454 0.2520627880312399 0.30356072944253154 0.26728031595871676 0.28548232157988584 0.27671230743699504 0.26328230891352744 0.29261635625038096 0.2544359232956267 0.3010488577568801 0.2537316504303522 0.3075977255631971 0.24907257234967758 0.31059150512354683 0.24641020755990967 0.31526926784234466 0.24474624384821977 0.31975990863207143 0.23942155235379084 0.32876661474730623 0.2400581803934358 0.34225234198060545 0.2301955684116173 0.35182291666666665 0.2175925925925926 0.3574229274404999 0.21081058469929187 0.3647285540361041 0.2053041811926781 0.37108200028954913 0.19383813452799828 0.3904557571463708 0.16292159373812864 0.39446569783393437 0.15798401592562408 0.37883721245961605 0.1338448202560165 0.37780902294200813 0.12909013326511104 0.3816386218748567 0.09792480819461302 0.38791058420783575 0.08384361013933864 0.361522435651109 0.06494058934712567 0.3385078373644641 0.04929934061326949 0.32466167113714167 0.04796816456590333 0.31276041666666665 0.03888888888888889 0.3066990508766389 0.03565484325542688 0.30182291666666666 0.03518518518518519 0.29244791666666664 0.024074074074074074 0.2825520833333333 0.025925925925925925 0.2765625 0.038425925925925926 0.2741700904044448 0.05766065918312846 0.26979166666666665 0.06712962962962964 0.26979166666666665 0.08657407407407407 0.26614583333333336 0.10231481481481482 0.26666666666666666 0.11435185185185186 0.2755208333333333 0.1337962962962963 0.2721354166666667 0.13703703703703704 0.26328125 0.13148148148148148 0.2578125 0.13472222222222222 0.246875 0.1699074074074074 0.24474896794374387 0.19143701886144218 0.240625 0.2023148148148148 0.23854166666666668 0.2300925925925926 0.240625 0.2569444444444444 0.24233303301090103 0.2639583753312629 0.24121037281346933 0.2865882919662735 0.2390625 0.29953703703703705 0.24005630062184705 0.30534924928670437