5 0.2975571113938126 0.6297658887439813 0.31145833333333334 0.6069444444444444 0.3171875 0.5856481481481481 0.3296875 0.5652777777777778 0.3302083333333333 0.5439814814814815 0.32578125 0.5351851851851852 0.31614583333333335 0.5254629629629629 0.3104166666666667 0.5013888888888889 0.30494791666666665 0.4925925925925926 0.2799479166666667 0.46574074074074073 0.27109375 0.44907407407407407 0.2674479166666667 0.4462962962962963 0.26276041666666666 0.44814814814814813 0.24635416666666668 0.47453703703703703 0.24401041666666667 0.487962962962963 0.23619791666666667 0.49444444444444446 0.22708333333333333 0.5097222222222222 0.22135416666666666 0.5319444444444444 0.2513020833333333 0.5935185185185186 0.2593481768485562 0.5994331394687837 0.2669270833333333 0.5833333333333334 0.2747395833333333 0.5805555555555556 0.28541666666666665 0.5958333333333333 0.2864583333333333 0.6078703703703704 0.28858382305221586 0.6210259609104686
5 0.2586589819970305 0.3257189204726178 0.2747395833333333 0.30833333333333335 0.28702621622134394 0.31646484808878866 0.2980257594298826 0.3169789502773558 0.2994730809275669 0.3097813501904191 0.2955729166666667 0.2898148148148148 0.30754947889864875 0.2929614052634648 0.31536458333333334 0.28703703703703703 0.35038983269612706 0.2662274136699864 0.35104166666666664 0.2439814814814815 0.3484375 0.2310185185185185 0.34088541666666666 0.21851851851851853 0.3263020833333333 0.21574074074074073 0.32265625 0.2074074074074074 0.30859375 0.19537037037037036 0.29661458333333335 0.1925925925925926 0.2877604166666667 0.19537037037037036 0.25338541666666664 0.22314814814814815 0.24947916666666667 0.2412037037037037 0.24348958333333334 0.24722222222222223 0.22890625 0.23703703703703705 0.19583333333333333 0.2439814814814815 0.1953125 0.2513888888888889 0.20260416666666667 0.26435185185185184 0.2034820249755974 0.28637180786745764 0.21796875 0.28425925925925927 0.22403381374590986 0.29511175688184504 0.2513020833333333 0.3212962962962963
5 0.5739583333333333 0.9745370370370371 0.5776041666666667 0.9671296296296297 0.5776041666666667 0.9208333333333333 0.5817708333333333 0.8902777777777777 0.5841145833333333 0.8861111111111111 0.59296875 0.8851851851851852 0.6088541666666667 0.8726851851851852 0.6125 0.8560185185185185 0.6067708333333334 0.8402777777777778 0.59296875 0.8231481481481482 0.56953125 0.8212962962962963 0.55234375 0.8018518518518518 0.54609375 0.7907407407407407 0.5346354166666667 0.7833333333333333 0.5294270833333333 0.7842592592592592 0.5205729166666667 0.8046296296296296 0.50390625 0.8092592592592592 0.5007641423810988 0.8351003758517311 0.50625 0.8532407407407407 0.5140625 0.8625 0.5161458333333333 0.875462962962963 0.5072916666666667 0.8939814814814815 0.5015625 0.9143518518518519 0.4942708333333333 0.924537037037037 0.49375 0.9375 0.4986979166666667 0.9425925925925925 0.51015625 0.9462962962962963 0.5138020833333333 0.9444444444444444 0.5247395833333334 0.9259259259259259 0.5372395833333333 0.9194444444444444 0.5421875 0.9393518518518519 0.5427083333333333 0.9569444444444445 0.5466145833333333 0.9648148148148148 0.55703125 0.9657407407407408
5 0.3729166666666667 0.9097222222222222 0.38385416666666666 0.8921296296296296 0.3880208333333333 0.8773148148148148 0.39088541666666665 0.875 0.40598958333333335 0.8805555555555555 0.41119791666666666 0.8888888888888888 0.41796875 0.8925925925925926 0.44817708333333334 0.9 0.45989583333333334 0.8726851851851852 0.45989583333333334 0.8458333333333333 0.44375 0.8189814814814815 0.440625 0.8060185185185185 0.440625 0.7625 0.42916666666666664 0.7356481481481482 0.41692708333333334 0.7157407407407408 0.4075520833333333 0.7157407407407408 0.3937025217522824 0.729172954138063 0.39114583333333336 0.7393518518518518 0.39166666666666666 0.7541666666666667 0.3875 0.7606481481481482 0.3859375 0.7754629629629629 0.37864583333333335 0.7976851851851852 0.3606770833333333 0.8083333333333333 0.35572916666666665 0.8208333333333333 0.35104166666666664 0.8421296296296297 0.3484375 0.8717592592592592 0.3533854166666667 0.8768518518518519 0.36276041666666664 0.875 0.365625 0.8828703703703704 0.36666666666666664 0.899537037037037
5 0.30364583333333334 0.9041666666666667 0.32265625 0.8870370370370371 0.3255208333333333 0.8782407407407408 0.328125 0.8384259259259259 0.3380208333333333 0.7708333333333334 0.33541666666666664 0.7245370370370371 0.3307291666666667 0.7069444444444445 0.31588541666666664 0.6759259259259259 0.2669270833333333 0.662962962962963 0.2609375 0.6689814814814815 0.25833333333333336 0.6856481481481481 0.2526041666666667 0.6967592592592593 0.2546875 0.711574074074074 0.24947916666666667 0.7310185185185185 0.24895833333333334 0.7652777777777777 0.25807291666666665 0.7907407407407407 0.2716145833333333 0.8 0.28151041666666665 0.8138888888888889 0.28958333333333336 0.8180555555555555 0.28932291666666665 0.825 0.278125 0.8375 0.2765625 0.8578703703703704 0.28177083333333336 0.875462962962963 0.2903645833333333 0.8907407407407407 0.2986979166666667 0.9027777777777778
5 0.732644100825911 0.8951059636620549 0.746875 0.8726851851851852 0.7526041666666666 0.8458333333333333 0.7494791666666667 0.8134259259259259 0.7421875 0.7856481481481481 0.7401041666666667 0.7680555555555556 0.7463541666666667 0.7180555555555556 0.74140625 0.7166666666666667 0.7252604166666666 0.7287037037037037 0.7223958333333333 0.7245370370370371 0.71875 0.7060185185185185 0.7075520833333333 0.6916666666666667 0.6903645833333333 0.6907407407407408 0.6838541666666667 0.7013888888888888 0.67421875 0.75 0.6611979166666667 0.7574074074074074 0.64765625 0.7759259259259259 0.6400163120544607 0.7814866264750195 0.6353849166531583 0.7768595796926677 0.6307535212518559 0.7804583797361361 0.6359638261714963 0.797424154395469 0.6426214525888212 0.8138758480471094 0.652463152909764 0.8586038186770549 0.6580729166666667 0.8666666666666667 0.6643229166666667 0.8703703703703703 0.6690104166666667 0.8861111111111111 0.7141185430716209 0.8889365891331271
5 0.4280305495158913 0.6039493449112936 0.4317708333333333 0.5884259259259259 0.43333333333333335 0.5615740740740741 0.44021141693504107 0.5494767920316639 0.440625 0.5412037037037037 0.4401041666666667 0.5347222222222222 0.42916666666666664 0.5097222222222222 0.4375 0.4587962962962963 0.42864583333333334 0.41805555555555557 0.43385416666666665 0.38657407407407407 0.44166666666666665 0.35694444444444445 0.44375 0.3300925925925926 0.4484375 0.3143518518518518 0.44947916666666665 0.2875 0.44557291666666665 0.2833333333333333 0.4361979166666667 0.28888888888888886 0.42734375 0.287962962962963 0.39817708333333335 0.26944444444444443 0.38671875 0.2574074074074074 0.37213541666666666 0.25555555555555554 0.35989583333333336 0.26990740740740743 0.3567708333333333 0.27824074074074073 0.3567708333333333 0.2865740740740741 0.3640625 0.32916666666666666 0.3703125 0.34953703703703703 0.3776041666666667 0.36435185185185187 0.3828125 0.3912037037037037 0.3848958333333333 0.4726851851851852 0.3921875 0.5041666666666667 0.40625 0.5476851851851852 0.4114583333333333 0.5782407407407407 0.4161458333333333 0.5847222222222223 0.4166666666666667 0.5930555555555556 0.4184598743732426 0.5989270472706226 0.4206350286294225 0.6031766874088016
5 0.6508232653206455 0.6793421563271888 0.6580729166666667 0.6666666666666666 0.6716145833333333 0.6592592592592592 0.675 0.6532407407407408 0.6770833333333334 0.6421296296296296 0.6859375 0.6300925925925925 0.6963541666666667 0.5930555555555556 0.6963541666666667 0.5717592592592593 0.7078125 0.5578703703703703 0.7005208333333334 0.5273148148148148 0.7005208333333334 0.5171296296296296 0.7046875 0.5087962962962963 0.7083333333333334 0.4847222222222222 0.7078125 0.46805555555555556 0.6846354166666667 0.462037037037037 0.66953125 0.4287037037037037 0.6564433587452638 0.41041376219179704 0.6484375 0.41898148148148145 0.64296875 0.4398148148148148 0.6278645833333333 0.44722222222222224 0.6239583333333333 0.4532407407407407 0.6203125 0.4949074074074074 0.6203125 0.5106481481481482 0.625 0.5504629629629629 0.6197916666666666 0.6078703703703704 0.6203141552276948 0.6561583681357915 0.6237932669814631 0.6708934890118777 0.6296809776020588 0.6832520671909535 0.6398506956673861 0.687898066445374
5 0.5692708333333333 0.6365740740740741 0.5809895833333333 0.6259259259259259 0.5924479166666666 0.6212962962962963 0.5973958333333333 0.6060185185185185 0.5963541666666666 0.5439814814814815 0.6052083333333333 0.5180555555555556 0.6057291666666667 0.5097222222222222 0.59375 0.44675925925925924 0.5877604166666667 0.4388888888888889 0.5674479166666667 0.425 0.5502604166666667 0.4203703703703704 0.53203125 0.4185185185185185 0.5044270833333333 0.425 0.4986979166666667 0.42962962962962964 0.48359375 0.4185185185185185 0.47578125 0.4185185185185185 0.47161458333333334 0.4222222222222222 0.465625 0.4393518518518518 0.46458333333333335 0.4615740740740741 0.4739583333333333 0.4875 0.48203125 0.4962962962962963 0.48854166666666665 0.5125 0.4890625 0.5356481481481481 0.49895833333333334 0.5458333333333333 0.5041666666666667 0.5717592592592593 0.5015625 0.5847222222222223 0.5026041666666666 0.6078703703703704 0.5169270833333334 0.6268518518518519 0.5252604166666667 0.6324074074074074
5 0.4984375 0.3300925925925926 0.5015625 0.32175925925925924 0.49895833333333334 0.29398148148148145 0.51328125 0.2814814814814815 0.5216145833333333 0.28703703703703703 0.53984375 0.28888888888888886 0.5520833333333334 0.30324074074074076 0.553125 0.31805555555555554 0.5539401798439815 0.32268814983444893 0.5583826452077695 0.32959215616803145 0.5637968862860968 0.32712643381551304 0.5710158896425074 0.33205785820371353 0.5790678338065397 0.3266333035667947 0.5826773354847449 0.32540043731132645 0.5844820863238475 0.32219500942731255 0.5869791666666667 0.31342592592592594 0.5755208333333334 0.2865740740740741 0.5762912958139171 0.26745621090838845 0.5708770547355898 0.2573467970076283 0.5640745446609513 0.25710022172485103 0.5486979166666667 0.25462962962962965 0.54140625 0.2462962962962963 0.5028645833333333 0.2324074074074074 0.49192708333333335 0.21203703703703702 0.4825520833333333 0.2111111111111111 0.4705729166666667 0.22407407407407406 0.45729166666666665 0.24583333333333332 0.4559795973234602 0.2603874502790064 0.45729166666666665 0.28564814814814815 0.45989583333333334 0.2949074074074074 0.47369791666666666 0.31851851851851853 0.4848555764321606 0.3262219536713817
5 0.653415043370247 0.3265989098315304 0.6567468981125784 0.3253660537344803 0.6635416666666667 0.3048460122306063 0.665625 0.2937349011194952 0.6651041666666667 0.2724386048231989 0.659375 0.2511423085269026 0.663271761251343 0.243011285752526 0.6645833333333333 0.23910527148986557 0.6640625 0.22706823445282853 0.6575520833333334 0.21549416037875446 0.6393229166666666 0.20623490111949522 0.6278645833333333 0.18771638260097667 0.61953125 0.1812349011194952 0.6122395833333333 0.18030897519356928 0.59921875 0.1886423085269026 0.5958333333333333 0.19466082704542112 0.5924479166666666 0.21179045667505075 0.5861979166666667 0.21086453074912484 0.5815104166666667 0.21456823445282855 0.5744225569264061 0.22649101608373787 0.5660181189679908 0.24329223953294044 0.5633804044433054 0.2556208005034417 0.5708130666871813 0.25533984164381823 0.577476753293883 0.2666821116416285 0.5762273192044893 0.2846818126902441 0.5806697616903163 0.2960240826880544 0.5881664119826007 0.31328405788833813 0.5937194879678456 0.31673606105512936 0.5992725639530904 0.3088457840656922 0.6138020833333333 0.30067934556393966 0.61796875 0.29512379000838407 0.6356770833333333 0.2923460122306063 0.6499443651599788 0.3187086328420932