5 0.4505959827601541 0.37455855366873086 0.45374160292324517 0.36691326642353256 0.4651651464726319 0.3725002075686573 0.47609202607779805 0.36661921178874735 0.48205212982460177 0.35867986990876377 0.4901645258460553 0.3548572202289274 0.4972835666958364 0.33339159532383544 0.5025814245671145 0.3233939194582525 0.5026041666666666 0.3143518518518518 0.5005208333333333 0.3060185185185185 0.48802083333333335 0.28935185185185186 0.4778645833333333 0.26481481481481484 0.46796875 0.2574074074074074 0.4513020833333333 0.25277777777777777 0.4356770833333333 0.2574074074074074 0.43203125 0.26296296296296295 0.4255966306699621 0.2634077612917234 0.4232787973888544 0.26811256276144113 0.421875 0.2791666666666667 0.41880871275794374 0.3304511095483547 0.416987570704288 0.33897853646896015 0.4179809258759605 0.3451535868836554 0.4207954231012888 0.34956433371858786 0.4234375 0.350462962962963 0.4254310623802729 0.3707359039888946 0.4280800049575276 0.3763228572484936 0.434040122345947 0.3792633551384486 0.4388413162730046 0.3801454948138557
5 0.698857767314196 0.7876196604150943 0.7012198284641676 0.7809565513745672 0.7104166666666667 0.7625 0.7203125 0.7337962962962963 0.7260416666666667 0.6902777777777778 0.7250365746888805 0.6734569556425177 0.7260416666666667 0.6421296296296296 0.71796875 0.6277777777777778 0.703125 0.6152777777777778 0.6984375 0.5699074074074074 0.68203125 0.5481481481481482 0.6669270833333333 0.5148148148148148 0.6591145833333333 0.5092592592592593 0.6486979166666667 0.5111111111111111 0.6432291666666666 0.5171296296296296 0.6353596798592568 0.5392859482336179 0.6276041666666666 0.5569444444444445 0.6244791666666667 0.5773148148148148 0.6224377573304946 0.5864212834342422 0.6277176708467588 0.6009814008063376 0.6286902997509437 0.6192432567199452 0.6307291666666667 0.6208333333333333 0.6296629057576205 0.6633294113451227 0.6367491350025515 0.6760742779341048 0.6377217524579825 0.6855397714245146 0.642168002047273 0.6923618766812717 0.6443911325662955 0.6997653334301014 0.6489763356840434 0.7007524467626755 0.6518941880503362 0.703220265678952 0.6542562606490617 0.7143254508021968 0.6575909507032183 0.7200014363430525 0.6598140812222406 0.7316001832161328 0.662037211741263 0.7533169917127864 0.6660666236426899 0.7740466665426707 0.67109375 0.7768518518518519 0.6893229166666667 0.7777777777777778 0.6967735674261227 0.782437226456977
5 0.5224332593212581 0.9348247549151857 0.5372395833333333 0.9185185185185185 0.5416666666666666 0.9087962962962963 0.55 0.874537037037037 0.5588541666666667 0.8578703703703704 0.5640625 0.836574074074074 0.5848958333333333 0.7949074074074074 0.5854166666666667 0.7782407407407408 0.5817708333333333 0.7671296296296296 0.5674479166666667 0.7462962962962963 0.5580729166666667 0.725925925925926 0.5486979166666667 0.7212962962962963 0.54140625 0.7129629629629629 0.5174479166666667 0.7037037037037037 0.50703125 0.7166666666666667 0.4944728152766925 0.7219355143742902 0.49134957731544826 0.7269544112646784 0.48854166666666665 0.7393518518518518 0.4861979166666667 0.7703703703703704 0.46380208333333334 0.7796296296296297 0.45234375 0.7796296296296297 0.4485266686849683 0.7824124946390459 0.4459983314418719 0.8016956436984763 0.4489728472872352 0.8217712530255342 0.45598958333333334 0.8342592592592593 0.46328125 0.8407407407407408 0.46781171307881336 0.8542645507986331 0.47265625 0.8611111111111112 0.4856770833333333 0.8675925925925926 0.4935804580721587 0.8893905040860597 0.5098958333333333 0.9254629629629629 0.5163355055146505 0.9332398343799302
5 0.7260416666666667 0.4439814814814815 0.7294270833333333 0.4425925925925926 0.7302083333333333 0.4375 0.7244791666666667 0.40879629629629627 0.721875 0.3236111111111111 0.7114583333333333 0.2865740740740741 0.68984375 0.24722222222222223 0.67109375 0.22592592592592592 0.6346354166666667 0.2037037037037037 0.6265625 0.1912037037037037 0.6236979166666666 0.1814814814814815 0.6153645833333333 0.17222222222222222 0.5877604166666667 0.17222222222222222 0.5731770833333333 0.1824074074074074 0.5697916666666667 0.1884259259259259 0.5661458333333333 0.2023148148148148 0.5682291666666667 0.2199074074074074 0.5661458333333333 0.300462962962963 0.5703125 0.32546296296296295 0.5703125 0.3560185185185185 0.57421875 0.3648148148148148 0.5856770833333333 0.37222222222222223 0.59609375 0.3851851851851852 0.6049479166666667 0.38425925925925924 0.61171875 0.3888888888888889 0.6268229166666667 0.38425925925925924 0.6377604166666667 0.3638888888888889 0.6434895833333333 0.3648148148148148 0.6518229166666667 0.3712962962962963 0.6627604166666666 0.38796296296296295 0.6677083333333333 0.39861111111111114 0.6697916666666667 0.4134259259259259 0.6747395833333333 0.4222222222222222 0.68515625 0.42962962962962964 0.6903645833333333 0.4398148148148148 0.7106770833333333 0.4351851851851852
5 0.46303795895840455 0.657456455161597 0.47954898106427174 0.6531798317345804 0.4878044921172053 0.650939706840487 0.4999584491801287 0.652161599248206 0.5042008665505986 0.6515506530443466 0.5086134545917357 0.6532258464968348 0.5104480157527275 0.6513930246653437 0.512397224586193 0.6518003109478583 0.5126265482741993 0.6485419535673907 0.5143464523150311 0.6456908656893504 0.5183595459974947 0.6389704910070705 0.5160663469081765 0.628991725384148 0.512397224586193 0.626955243631312 0.5110804543708668 0.6189669533890149 0.5078699794248959 0.6058022674278503 0.5047741615990851 0.6019329806236106 0.4985825259474633 0.5559084896535004 0.49789456433113066 0.5412458227110901 0.49686263135431796 0.5333035388410038 0.48539663590772714 0.5330998956997463 0.4705729166666668 0.5267595369013598 0.46380208333333345 0.5295373146791376 0.45520833333333344 0.5448150924569154 0.45065468765516115 0.5739019677986908 0.44893478361432937 0.611911712686358 0.4466415845250113 0.6423864935466285 0.4475588603816641 0.6513470099030891 0.4545531147697785 0.657456455161597
5 0.3697824985953984 0.4971170000622717 0.37459528987866914 0.4956432118525698 0.3768229166666667 0.4824074074074074 0.3835570542539372 0.4817894788152555 0.38828125 0.4740740740740741 0.3961699280777474 0.4649881572148007 0.40260416666666665 0.4375 0.4005208333333333 0.4217592592592593 0.3963541666666667 0.4060185185185185 0.37135416666666665 0.36527777777777776 0.3651041666666667 0.33101851851851855 0.35572916666666665 0.3060185185185185 0.33098958333333334 0.2777777777777778 0.31966299444319785 0.24737025144975225 0.31700765330526764 0.23381129548435753 0.31219486202199687 0.23646413126305255 0.2986979166666667 0.25462962962962965 0.29010416666666666 0.27361111111111114 0.2791666666666667 0.33194444444444443 0.2796875 0.3560185185185185 0.28434577838047304 0.371424387685744 0.29477596675818724 0.383186379245564 0.3033854166666667 0.387037037037037 0.3110007178762473 0.38700901681092603 0.31646414403721473 0.38877332039068874 0.31894753196639597 0.39494835869090955 0.31907844135498653 0.3979587019634365 0.32096438890659534 0.401447914579437 0.32237885442646913 0.4045184205315088 0.33133711015277817 0.4087054756707095 0.3351875845154701 0.40717021981965185 0.3415526599302334 0.4177774227222674 0.34163123918970767 0.4274975624504913 0.3480749003388348 0.43894217868096436 0.3547304064135082 0.4498603930940723 0.3653016164077644 0.48385279688132254
5 0.3015625 0.6087962962962963 0.3143111662376304 0.6043739359667157 0.3238777661619924 0.5943949144427559 0.33932291666666664 0.5814814814814815 0.3463541666666667 0.5689814814814815 0.35415164306650826 0.5407415600053858 0.3634395340510312 0.5247193939125167 0.36717489435157985 0.5188660360573124 0.3695978159243898 0.5192246571380167 0.37080928502926747 0.5165350433561903 0.37121313024682084 0.5120523537198127 0.37555419182591726 0.5136661190340116 0.3776742544409805 0.5107972020990755 0.37848191160219613 0.5039835123743334 0.3779771300356727 0.5005766712055835 0.37626087936427166 0.49806636057686654 0.3743427227210396 0.4977077542706475 0.3694968629384742 0.49878360273827516 0.36515578472243226 0.48551483698225223 0.360682817031375 0.4721029737593061 0.3554331286682019 0.4548894536815835 0.3525054255288687 0.44879300242462855 0.34957772238953555 0.4432344606270021 0.3445299399981935 0.43462769874133017 0.3380647720697741 0.4234975821572229 0.33558861337294776 0.4165126506155315 0.33041781668327486 0.4149604388693069 0.3273590285278157 0.40797550732761556 0.3223338847021563 0.40564719503735847 0.3184739877920437 0.3986622634956671 0.3182300333570268 0.3958687884458438 0.31588541666666664 0.38981481481481484 0.3111979166666667 0.38796296296296295 0.3048153458951838 0.3885797617977647 0.3045968665991634 0.39246027517608667 0.29973958333333334 0.40370370370370373 0.28619791666666666 0.4212962962962963 0.27057291666666666 0.4203703703703704 0.26067708333333334 0.42592592592592593 0.25833333333333336 0.43287037037037035 0.25833333333333336 0.44305555555555554 0.25 0.46064814814814814 0.24977452224798757 0.4726809369564277 0.2557291666666667 0.475462962962963 0.25833333333333336 0.48564814814814816 0.2604166666666667 0.5023148148148148 0.2703125 0.5421296296296296 0.2743256774846211 0.5676575229582328 0.27281134942199675 0.5746505158360845 0.27447916666666666 0.5837962962962963 0.2763447871137688 0.5936571154619794 0.2793734515574903 0.5999328735656653 0.2791666666666667 0.6069444444444444 0.2842446789458895 0.6124650363015098 0.2929001830527866 0.616510586468907
5 0.3619791666666667 0.749537037037037 0.36632280247111537 0.747993383820992 0.3692708333333333 0.7421296296296296 0.37077382190799457 0.739192947553645 0.37395833333333334 0.7023148148148148 0.37899544871755086 0.6888806377797478 0.38385416666666666 0.6699074074074074 0.3927083333333333 0.649537037037037 0.39594000931774187 0.638388997295298 0.3953125 0.6199074074074075 0.39350778174786677 0.6130967944894365 0.38723958333333336 0.6018518518518519 0.37213541666666666 0.5777777777777777 0.3647228981798328 0.5735281377925712 0.3497395833333333 0.5722222222222222 0.3412422032597854 0.581342730315299 0.3311924717747937 0.5897734675501617 0.3254326839736238 0.5938704525240213 0.31467321598893844 0.6053327368980318 0.3131327989597105 0.6060527210012053 0.30185101104286727 0.6099607109068982 0.29260852890848665 0.6177365368481783 0.2865279399428122 0.6145686020482274 0.2849875295939132 0.6141366163323108 0.28004198862259705 0.6092407208712403 0.2783220340493055 0.6057993412770727 0.27556550323514 0.6086792776897667 0.2749979825781253 0.6153031278794724 0.2744304619211106 0.6305667902735025 0.2760416666666667 0.6347222222222222 0.2761330238921547 0.6441024831076864 0.27394401373500404 0.6436704973917698 0.27126855539174677 0.6465504338044639 0.2713496345429837 0.6599421333775036 0.27447916666666666 0.6689814814814815 0.27447916666666666 0.6754629629629629 0.2757276548572852 0.6878262771750443 0.27710592026436787 0.6935861500004324 0.27880848223541205 0.7062578714027832 0.2809974923925627 0.7079858261314184 0.28229268032295757 0.7126006504342358 0.2872395833333333 0.7138888888888889 0.28902185573622596 0.7130326420826368 0.2886164867013564 0.7190805073627974 0.2892650798292793 0.7255603583588747 0.29242698635864317 0.7287282872263412 0.294778148137939 0.7261363492009042 0.297940047986974 0.7275763174072511 0.30215237767935055 0.7343365561413214 0.30742221521462815 0.7373604858151594 0.3174754487794056 0.7506081861945709 0.32206931247560794 0.7497497478870381 0.32790667734822904 0.7416859294909853 0.33046875 0.7416666666666667 0.33439262866844427 0.7432698909584764 0.3469591689543339 0.7451418508132245 0.35149981190256024 0.7482163154183857
5 0.3239583333333333 0.9136502821861366 0.35286458333333326 0.88448361551947 0.3690104166666666 0.8909650970009514 0.4059895833333333 0.8872613932972477 0.41184633676309773 0.896748995485492 0.4229624697237978 0.8918131485176282 0.42890624999999993 0.8928169488528033 0.43802083333333325 0.8858725044083589 0.4364583333333333 0.8664280599639144 0.42187499999999994 0.809020652556507 0.4119791666666666 0.7756873192231737 0.39973958333333326 0.7502243562602107 0.39085331410035684 0.7407776518702169 0.36536458333333327 0.7520762081120625 0.3514580871047318 0.7492618587009422 0.34633521854977467 0.7464278215694778 0.3365933717383483 0.7447870593490302 0.3354166666666666 0.7497613932972477 0.33333333333333326 0.7599465784824329 0.3354166666666666 0.7905021340379884 0.33359374999999997 0.8011502821861366 0.30987627813633883 0.7976381586295904 0.2966145833333333 0.8122613932972477 0.28638081481447614 0.8119970239856742 0.276022602375738 0.8077342273119856 0.2750120382103145 0.8119970239856742 0.27812499999999996 0.8192058377416922 0.2885416666666666 0.8349465784824329 0.29374999999999996 0.8636502821861366 0.31302083333333325 0.9062428747787292 0.3174479166666666 0.9141132451490995
5 0.5544774269304121 0.6930684299960806 0.5572916666666666 0.6837962962962963 0.5614583333333333 0.6532407407407408 0.5598958333333334 0.5976851851851852 0.5609375 0.5828703703703704 0.565625 0.5652777777777778 0.5651041666666666 0.5578703703703703 0.5592931393493685 0.5370152224363716 0.551266942536755 0.5249999834506569 0.5450520833333333 0.5055555555555555 0.53359375 0.4935185185185185 0.5231770833333333 0.487962962962963 0.513314509890532 0.48597199768657173 0.503683075604933 0.4881396792459069 0.4996699819224694 0.49241628799034715 0.4979166666666667 0.5023148148148148 0.4977207636413176 0.5300911962227906 0.4996699819224694 0.5561581475570122 0.5028804663161266 0.5810032232636022 0.5054029701980786 0.6003497831354564 0.5087281211595819 0.604626406562473 0.5129705290823656 0.6243078240646603 0.5165249848365029 0.6271588951626133 0.5192768218541474 0.6393777940696727 0.5150344044836774 0.6454872393281806 0.518703526805661 0.6495601860537651 0.52421875 0.65 0.5332653306303763 0.6739255216555275 0.5395716328498443 0.6847188598434795 0.5455729166666666 0.6861111111111111 0.5480564675907842 0.689810072615613 0.5493177242556033 0.695919517874121
5 0.6869791666666667 0.9523148148148148 0.69609375 0.9462962962962963 0.7076684025708276 0.9189004936318749 0.7276041666666667 0.9013888888888889 0.7291666666666666 0.8939814814814815 0.7276041666666667 0.8708333333333333 0.7296875 0.8569444444444444 0.6969917559161168 0.7850296337186113 0.6933791817025539 0.7815746913026632 0.688793978584806 0.7793536481777558 0.6733710299288608 0.7791068723863867 0.6655900902854135 0.7758987057618075 0.6635059018460944 0.7754051440119718 0.65546875 0.7768518518518519 0.63984375 0.7907407407407407 0.628125 0.8162037037037037 0.6260416666666667 0.8263888888888888 0.6214054213081431 0.8298561360520915 0.6177083333333333 0.8412037037037037 0.6112624090659703 0.8582360434221746 0.6078391900272131 0.8736931373492456 0.6082560277150768 0.892942116762525 0.618537993485707 0.9134250056339427 0.62421875 0.9166666666666666 0.6292367854954468 0.9114507484675018 0.63203125 0.9111111111111111 0.63984375 0.9277777777777778 0.6471354166666666 0.9342592592592592 0.6544270833333333 0.9324074074074075 0.6627604166666666 0.9185185185185185 0.6721354166666667 0.9212962962962963 0.6764645560200383 0.9449478156983203 0.6791045242269244 0.9508705973647402 0.6825520833333333 0.9527777777777777