5 0.54576409641137 0.3055900619825819 0.551728707335532 0.2950479150507731 0.5604969165282022 0.27945997953432306 0.5851668060002112 0.2518508395094242 0.5911113576802134 0.2521150418063132 0.5944514095001856 0.22653414057765714 0.5875269311925105 0.204054674767234 0.5822224297447034 0.1879974693899893 0.5790974297447034 0.17966413605665593 0.5775349297447033 0.15281228420480408 0.5733682630780367 0.13799746938998927 0.5689411797447034 0.12920117309369297 0.5645140964113701 0.10744191383443372 0.5594669401502259 0.09543938617619036 0.549396206786966 0.08249378401087741 0.5408161797447034 0.08105302494554484 0.53326409641137 0.09077524716776705 0.5296182630780366 0.10373821013073002 0.51529534641137 0.12920117309369297 0.47206617974470333 0.17827524716776705 0.46170352403416776 0.19569895177709143 0.4624861252394999 0.20838956570259343 0.46815992974470333 0.21577524716776705 0.4674022857680617 0.2350977547675666 0.47417623193861336 0.26025333929329186 0.49600339182150194 0.2862117700505662 0.5089491648018643 0.28754983349166285 0.51842034641137 0.27734932124184114 0.5176800195672671 0.29102879843851404 0.5223465158180916 0.30066285521440966 0.5292137133121909 0.3066728161138884 0.5364965367076882 0.3078883977963314
5 0.23689278093593302 0.3593378721752375 0.25121815559430066 0.3481570919540725 0.2672905271622253 0.34629362858387835 0.28091710305677015 0.33635515727617615 0.2889532888407325 0.34505130071428597 0.290625 0.3282407407407407 0.2921875 0.26157407407407407 0.2984375 0.19490740740740742 0.2916666666666667 0.16342592592592592 0.2825520833333333 0.14537037037037037 0.2747395833333333 0.15185185185185185 0.26223958333333336 0.14166666666666666 0.25885416666666666 0.1449074074074074 0.25703125 0.15648148148148147 0.25078125 0.16018518518518518 0.22786458333333334 0.16018518518518518 0.22005208333333334 0.1638888888888889 0.19609375 0.1814814814814815 0.1921875 0.19583333333333333 0.1921875 0.20601851851851852 0.19356725757891874 0.21336655588723175 0.2015625 0.22916666666666666 0.2 0.24861111111111112 0.20208333333333334 0.26157407407407407 0.20208333333333334 0.2967592592592593 0.19947916666666668 0.30972222222222223 0.2 0.3347222222222222 0.20390625 0.34074074074074073 0.21380208333333334 0.3435185185185185 0.22421875 0.3527777777777778
5 0.6724716472584624 0.329898487956899 0.6903645833333336 0.3225395848849995 0.7174479166666669 0.29939143673685137 0.7268229166666669 0.28735439969981436 0.7347739049949115 0.28832397913308583 0.7436997298855201 0.28102464757435014 0.756909950723621 0.27562947262199794 0.7651041666666669 0.2674469922924069 0.7734375000000002 0.24152106636648102 0.7796875000000002 0.1489284737738884 0.7761897324873359 0.12583429579115965 0.7716145833333335 0.11235439969981431 0.7648437500000003 0.10402106636648098 0.757088489012998 0.09346330903045523 0.7517329940786327 0.0940980295134397 0.7454848948636419 0.09727166098378161 0.7117187500000003 0.10216921451462913 0.6919270833333335 0.11235439969981431 0.6767560432059546 0.12107386069207159 0.6710937500000003 0.13087291821833283 0.6589043934247372 0.15027123051014388 0.6541666666666669 0.17948402932944393 0.6323054461465056 0.19977979621824726 0.6251647753382363 0.21247430272933523 0.6314128527616625 0.21945628131043363 0.6333333333333335 0.2239284737738884 0.6267714238185459 0.23373760113540762 0.6315913692594746 0.25214463557648525 0.6419453370283629 0.2778510112614383 0.6458333333333336 0.27855810340351805 0.6446230844955455 0.29054552745766615 0.6510496675210014 0.3133956294924846 0.6546199974772449 0.3260901360035726 0.6626532398787928 0.3333894772474482
5 0.23316339504378844 0.6205864209185759 0.24713541666666666 0.6083333333333333 0.2629879091982245 0.5837277190496908 0.2721354166666667 0.5638888888888889 0.2924798079531687 0.5555416316846136 0.2954733465485954 0.5510082069804283 0.29946473134249757 0.5476574148077697 0.30511919313385916 0.547854532260051 0.30545180853335097 0.5423355684159 0.3025691417377549 0.5358310894925038 0.30364583333333334 0.524537037037037 0.3072916666666667 0.4986111111111111 0.30520833333333336 0.4726851851851852 0.2994791666666667 0.46435185185185185 0.2953125 0.45046296296296295 0.2755208333333333 0.41064814814814815 0.2591145833333333 0.3851851851851852 0.24817708333333333 0.37592592592592594 0.23723958333333334 0.37222222222222223 0.22942708333333334 0.375 0.21796875 0.387037037037037 0.18723958333333332 0.3861111111111111 0.18098958333333334 0.3907407407407407 0.159375 0.42083333333333334 0.14895833333333333 0.4449074074074074 0.14490944237861694 0.46625287555435646 0.14895833333333333 0.48194444444444445 0.15755208333333334 0.4981481481481482 0.1745122129333918 0.5206539720045794 0.18098958333333334 0.5175925925925926 0.18333333333333332 0.5217592592592593 0.190625 0.5439814814814815 0.19214083587353759 0.5502197913079241 0.1878168356801435 0.5651997973587474 0.18881468187861908 0.57643480640825 0.2 0.5902777777777778 0.20364583333333333 0.6032407407407407 0.20555631688596468 0.6071832522279412 0.21575652247038146 0.6213748426062603 0.22518062545598394 0.6235430022473923
5 0.6348958333333333 0.36342592592592593 0.63125 0.3476851851851852 0.6385416666666667 0.29583333333333334 0.6416666666666667 0.28564814814814815 0.6395833333333333 0.27361111111111114 0.6325520833333333 0.26666666666666666 0.6236979166666666 0.26666666666666666 0.59921875 0.25277777777777777 0.58515625 0.25277777777777777 0.5611979166666666 0.2796296296296296 0.5375 0.32175925925925924 0.5369888879674755 0.3345548586950248 0.539682338039118 0.3486678993326305 0.5455729166666666 0.35648148148148145 0.5564100805893193 0.3559764422170875 0.5721354166666667 0.34629629629629627 0.5921337341711048 0.3403512815675587 0.6096354166666667 0.33240740740740743 0.6193517559477034 0.33077457020171847 0.6238880929104698 0.3395952254070976 0.6227540086697783 0.3494239554930916 0.6240298534405563 0.35572442349693384 0.62734375 0.3592592592592593
5 0.3666530420398518 0.5525850503557971 0.37109375 0.5431869596615637 0.3824752088829381 0.5214085112549455 0.3848958333333333 0.4862425152171193 0.39401041666666664 0.47929807077267483 0.4005291086029369 0.469698576254455 0.4036458333333333 0.4566128855874897 0.4042067548421959 0.44859854530597904 0.40270226319886265 0.4432492416852386 0.4036458333333333 0.43994621892082303 0.4162426879888618 0.41382808084048817 0.42135416666666664 0.3732795522541563 0.4265625 0.36309436706897114 0.4322916666666667 0.33902029299489705 0.43020833333333336 0.30290918188378596 0.43333333333333335 0.24827955225415635 0.43697916666666664 0.22420547818008227 0.43697916666666664 0.19457584855045265 0.42994791666666665 0.17744621892082302 0.4158854166666667 0.1691128855874897 0.4080729166666667 0.1700388115134156 0.39869791666666665 0.17652029299489708 0.37057291666666664 0.21540918188378597 0.3575520833333333 0.2265202929948971 0.34765625 0.24596473743934152 0.3216145833333333 0.26818695966156375 0.31427159792148507 0.2774208385116082 0.31377010070704064 0.2845532433392621 0.3174477367433127 0.2901997214251663 0.3182291666666667 0.29457584855045266 0.3177083333333333 0.30846473743934155 0.3140625 0.3214277004023045 0.315625 0.37790918188378597 0.3139372562422018 0.3921336737537193 0.31354166666666666 0.414946218920823 0.30885416666666665 0.4362425152171193 0.3104166666666667 0.4723536263282304 0.3077521341337076 0.484557752978734 0.30825363134815204 0.4973366540309354 0.3063387829319959 0.5123755442838933 0.30534093673352036 0.5175002852538417 0.30357298047701725 0.535078953841282 0.3042322187352141 0.5370137220240304 0.30733662913047144 0.5378021437117148 0.3127671062781518 0.5413198080654792 0.314432424319631 0.5425326738378211 0.31631724491675145 0.5395760925090047 0.32707180950032133 0.5445037280570322 0.3424479166666667 0.5487425152171193
5 0.7250242896217653 0.712499987132175 0.731534706288432 0.712037024169212 0.7414305396217653 0.7009259130581009 0.7513365130079533 0.7027843162119956 0.757315956288432 0.6958333204655083 0.7591956989971737 0.678143059831004 0.7606246212897179 0.6631550542098009 0.7539086045321343 0.6557880760170853 0.7501933612194286 0.647913030362803 0.7411910408847955 0.6402920184393041 0.7406492896217653 0.6217592463914342 0.7333576229550987 0.6069444315766194 0.7328367896217653 0.5930555426877305 0.7380451229550986 0.5652777649099527 0.737784706288432 0.549074061206249 0.7127847062884319 0.5388888760210638 0.7023680396217653 0.5157407278729157 0.6898680396217653 0.5138888760210638 0.6853194972206437 0.5168316272167445 0.683097206288432 0.5212962834284712 0.662784706288432 0.5194444315766193 0.6513263729550987 0.5277777649099528 0.647159706288432 0.5268518389840268 0.6429930396217653 0.5166666537988416 0.6383055396217653 0.5157407278729157 0.6185138729550986 0.5333333204655083 0.6062742896217653 0.5560185056506934 0.5978683853984932 0.583896537957906 0.5989826229550986 0.6236110982432861 0.6010377786424304 0.6408069741425363 0.61052496868222 0.6623112651321468 0.6219095967299673 0.6728525873985794 0.6476805396217653 0.6749999871321749 0.6815347062884319 0.6916666537988416 0.6924705726509017 0.6924594596819695 0.7001789145582308 0.6878212650169141 0.7052782792046176 0.6994167323778152 0.711222206288432 0.7009259130581009 0.7117548823302807 0.7081190245584449 0.7150414437222897 0.7129456654433274
5 0.4513590971104435 0.6146732582609429 0.4551287518388397 0.6146732582609429 0.4603397128967235 0.6067890534144592 0.4669270833333333 0.5888888888888889 0.4739583333333333 0.5810185185185185 0.48125 0.5587962962962963 0.4788553170025918 0.5519937340900338 0.47708333333333336 0.5439814814814815 0.4786458333333333 0.538425925925926 0.49105120144980446 0.5305092491158143 0.49637304784167413 0.5247931858649224 0.49583333333333335 0.5162037037037037 0.48723958333333334 0.49722222222222223 0.47890625 0.48703703703703705 0.4705729166666667 0.4777777777777778 0.46015625 0.475 0.45598958333333334 0.46944444444444444 0.4505208333333333 0.4587962962962963 0.44479166666666664 0.43194444444444446 0.43984375 0.4222222222222222 0.43411458333333336 0.4166666666666667 0.42734375 0.41574074074074074 0.4158854166666667 0.4305555555555556 0.40572916666666664 0.45046296296296295 0.396875 0.49212962962962964 0.3953688381959817 0.5029144840316805 0.3953688381959817 0.5109958063304455 0.4025755051849718 0.5431239901035844 0.40878432597548636 0.5650026919368263 0.41044740297294563 0.5675650624218005 0.4116669927710825 0.570521643750617 0.41987150595854816 0.5987077190853339 0.4231770833333333 0.6111111111111112 0.42574771134957085 0.611125360666363 0.4309895833333333 0.6064814814814815 0.4440104166666667 0.6074074074074074
5 0.5013911156892025 0.7709619489554306 0.5070042394919486 0.7626075321327387 0.5120952122432765 0.7651602847705928 0.5139227409232403 0.7505400553308821 0.5167945717060406 0.7496117726307736 0.5230603843230596 0.7619113307308478 0.5271070549715511 0.7591265251232838 0.5293261969400785 0.7514683097024829 0.5329812543000062 0.7479873026930279 0.5387976518981659 0.7355705584241965 0.5444685774312076 0.7335991403872808 0.5559385618650394 0.7257239592123957 0.5581670808080703 0.7185431835080743 0.557913982940013 0.700877681580531 0.5562455685648325 0.6749224102760484 0.5437455685648325 0.6175150028686409 0.5442664018981659 0.5989964843501224 0.5421830685648324 0.5869594473130854 0.5338497352314991 0.5601075954612336 0.5221309852314991 0.5411261139797521 0.5075476518981659 0.5411261139797521 0.48463098523149917 0.5624224102760483 0.48011346034390895 0.5695276766749698 0.47593625193256295 0.5808989662391895 0.46758183510987106 0.5908778529996269 0.46249086235854314 0.6045698139034832 0.4553112854015423 0.6177976405394121 0.4480011706816869 0.6161731847659202 0.4249768871938401 0.6553406702245173 0.42343627857613536 0.6583534201449747 0.42243488297462733 0.6623247626247785 0.42228082211285684 0.666980828404121 0.42635357069898205 0.6690187968814314 0.4243606437467582 0.6732802016840118 0.4234330685648325 0.6777001880538261 0.4277499827057085 0.6787579212136285 0.42916223523149916 0.6878853732390113 0.43645390189816585 0.6980705584241965 0.4385011563507912 0.7035207219237792 0.44035964959645013 0.7240788694313169 0.44634812783246297 0.7444534620503945 0.4504048434243034 0.739349169710335 0.4544015985636524 0.7530805530113234 0.4600106448643065 0.7535569139081558 0.46079387144143386 0.7463628469195359 0.45988010710145194 0.740793235704408 0.46813379865657806 0.7426179243690944 0.48279524537233326 0.7457383462696157 0.4945268185648325 0.7577927806464188 0.49747498280356556 0.7716581503573217
5 0.3343217045642959 0.8193064609359871 0.3456782799182926 0.7957396431363267 0.3633866132516259 0.7975914949881786 0.3738032799182926 0.7920359394326231 0.3816157799182926 0.7966655690622527 0.40088661325162595 0.793887791284475 0.4111193289387106 0.8029651228027612 0.4157153257642065 0.8008565651193795 0.4222407799182926 0.7790729764696601 0.4347407799182926 0.767035939432623 0.4417720299182926 0.7526840875807712 0.4455440122401978 0.7444905555690288 0.44385536325162595 0.7378692727659564 0.43976672992380517 0.7244968876442646 0.43807206044432995 0.7040923740381057 0.4362233301030844 0.6994363124379316 0.42929059132341324 0.6882069874022173 0.4275188914130528 0.6799904122869606 0.42297409599082403 0.6782101534398352 0.4234362785761354 0.6742388026016948 0.42567016107180716 0.669719683989761 0.421664578665775 0.6671177713923614 0.42212676125108645 0.6604075607894125 0.42428361331587294 0.6545190122950746 0.4230220299182926 0.64157297646966 0.4230220299182926 0.6128692727659564 0.4102616132516259 0.567961865358549 0.39307411325162595 0.5633322357289193 0.3581782799182926 0.5698137172104009 0.34984494658495924 0.567961865358549 0.3371386058444385 0.571550917051629 0.3304669975493638 0.5813030003590235 0.3292720299182926 0.6202766801733638 0.3308345299182926 0.6350914949881786 0.3214595299182926 0.6508322357289194 0.3181615957429519 0.660901056928434 0.318754618542455 0.6682810007767604 0.3245845299182926 0.6776840875807711 0.3233506153679509 0.6835680439812771 0.318754618542455 0.6862037491290135 0.3165116132516259 0.6975914949881786 0.30453244658495926 0.7068507542474378 0.3001053632516259 0.7165729764696601 0.29888805161934395 0.7299563130156728 0.3021886965849593 0.742498902395586 0.3245845299182926 0.7850914949881787 0.32305410849267324 0.816407178034319 0.32557448479964246 0.8222057116636186
5 0.545919801362922 0.5386900143285129 0.5623640228529503 0.5366738645672835 0.5716145833333334 0.524074074074074 0.5783854166666667 0.5064814814814815 0.5904326078100675 0.5074397007204564 0.6028645833333334 0.4962962962962963 0.6153824611052828 0.4845059894954696 0.6244551350308157 0.4771974619930145 0.6404740749305847 0.46207632340179117 0.6447916666666667 0.4375 0.6489797067357715 0.425533616670507 0.6552083333333333 0.4115740740740741 0.6582206247521858 0.4001405428613172 0.65625 0.3921296296296296 0.6441598487128323 0.38218638911307135 0.6395833333333333 0.37083333333333335 0.6331025446708414 0.36504911614262037 0.6238880929104699 0.3587486481387781 0.6219034454892596 0.35320423629539693 0.6230375297299511 0.34110733772801977 0.6185401310044247 0.3322395065355605 0.609144997781479 0.33405081356371646 0.5877391577384249 0.3438795436497104 0.5751224705607307 0.3463997308512473 0.552866067337158 0.3592526855790855 0.5459046308505991 0.3583622459245537 0.5426328384791058 0.35513084605147377 0.5373010138963494 0.3553462743532541 0.5328174465724512 0.357931392608143 0.5221354166666666 0.35555555555555557 0.5059895833333333 0.3398148148148148 0.49937245788607487 0.33940470000248524 0.4888300158001519 0.33164934195066864 0.45703125 0.337037037037037 0.4418675722794671 0.34589570110194096 0.43733124396907674 0.39151108175875793 0.44583333333333336 0.41898148148148145 0.4459331824850171 0.4264370699174355 0.4473958333333333 0.4393518518518518 0.4515073472660799 0.45595052209156467 0.45651041666666664 0.4675925925925926 0.46398862927585066 0.47469264135542766 0.47283458642840676 0.47641605462107023 0.4764699112856216 0.48115544110158737 0.4828923185333677 0.4891262340294841 0.4899206132573164 0.4986050004162184 0.4906476782287593 0.5014055535471875 0.4970700854765055 0.5149774264398229 0.49767597295270793 0.5218710795023932 0.5038169239272461 0.5215527413580621 0.5134290473339722 0.5298418658559902 0.5234867794389332 0.5317807057798382
5 0.7869791666666667 0.6708333333333333 0.7927083333333333 0.6652777777777777 0.801548982963019 0.6378554103418476 0.8130208333333333 0.6171296296296296 0.8110361585265053 0.6062314435425493 0.8049880748761394 0.6009607824093329 0.7966145833333333 0.575925925925926 0.7565104166666666 0.5194444444444445 0.7482270084263863 0.5035389956559353 0.7424479166666667 0.487962962962963 0.7328854305737393 0.4812113614626566 0.7247395833333333 0.487962962962963 0.7181802860120655 0.4940717746277046 0.7143229166666667 0.5018518518518519 0.7049479166666667 0.49537037037037035 0.7009847540649471 0.5008182208782216 0.7000360350609681 0.5046130968941374 0.7006289844384549 0.5113595431446544 0.7034023489354048 0.5154032532153018 0.7130791364681972 0.5367589222531888 0.731818121694263 0.5459350801785539 0.7367988964651525 0.5476216981750957 0.7385502208935937 0.5496118742284138 0.7385416666666667 0.5643518518518519 0.7338341495777183 0.59358185682283 0.7337155597022208 0.6049664848705775 0.7413053117340525 0.6207784682702266 0.7420168509870367 0.6393311954591484 0.7504367321473498 0.6456559888190081 0.7536386587857788 0.653667393741497 0.7611979166666667 0.6620370370370371 0.7659720203138084 0.6612571457733286 0.7681066380727609 0.6580947490933987 0.77265625 0.6564814814814814 0.7818630491541526 0.6705335093677893 0.7844720408913979 0.6732742531570618